200 3
0 0.039025348235717 -0.030546870824497564 0.009605981853495281
1 0.02818542968720382 0.01203297313984557 0.047554198389909964
2 0.03702086809726687 0.037638869110101836 -0.021290349373108402
3 0.03858908468399841 0.029060030412816764 -0.011703626260943375
4 0.038368789426613696 -0.03951079638172303 0.006935998226489073
5 0.03836914763282399 -0.0382737832533367 -0.002238173825950709
6 0.03988401207323631 -0.031992152504503685 0.010546588338055555
7 0.03792521588972782 0.02890558269986754 -0.023183479607691824
8 0.03679169804940405 0.03563005860261466 -0.028932749413044793
9 0.03585854555626506 0.033077264149310955 -0.018508738495237376
10 0.03792469296242128 -0.032942544987910494 0.006536706367435046
11 0.028185529185971687 0.011401015335602793 0.047858682447772576
12 0.03770098344225529 0.022068312825134852 -0.013367092040790297
13 0.03945735109046917 -0.028021162756084152 0.0006890525051458908
14 0.03880793920797703 -0.03444812243969053 0.003559066647986798
15 0.038147384849530036 -0.039924531721634356 0.006895279354891265
16 0.03514283803820147 -0.04424901332069936 -0.0024627273572157397
17 0.03814807417825579 0.030044482215875613 -0.02720868967857746
18 0.03724905719723287 0.024313560619390228 -0.01864428358782571
19 0.04051604111213427 -0.03739209203518288 0.014786298271164044
20 0.03792546122132244 0.027727104245466285 -0.030761823944156674
21 0.03836829318825533 -0.031871337222328426 0.020143510424934556
22 0.03747462731482062 -0.024773385832175143 0.019918476850187855
23 0.03902540713034599 -0.03606865552469358 0.0072716914701141016
24 0.03924232386228073 0.028366851039899197 -0.019191997270696804
25 0.035382741402738144 0.026369483906024054 -0.011388964005108282
26 0.0379249554072924 -0.037730702009874925 0.0039038999229882975
27 0.03702100290489662 0.0280648517623644 -0.022858129715272478
28 0.036094318318981876 0.030751664713337845 -0.024839349866655366
29 0.03858890892188476 -0.025905157063307163 0.0057384851968051735
30 0.03609376926423515 0.031437429751285204 -0.01241530284022637
31 0.03655992816126375 -0.032301529951294226 0.01022127089456875
32 0.034164847792167476 -0.03576037095283486 0.003974635080340025
33 0.030215464822581244 0.013106939118846394 0.057985767654208105
34 0.02757871895099018 0.011665272391604376 0.025051681203907963
35 0.04030697393538751 0.023082372126321138 -0.014568076137601324
36 0.037020740656975915 -0.03201343025574689 0.00015571870158598947
37 0.03562163797212377 -0.03339934162619891 -0.0021064439741480655
38 0.03724919903437209 0.03220912315884713 -0.025176303263488114
39 0.037020792588119994 0.03001753213441762 -0.017564224532966632
40 0.0385891969666889 -0.03469917344731342 0.00035950393082993587
41 0.03967144100405818 0.03052777733731883 -0.012452619784053674
42 0.03609387585892012 -0.03331240467268973 0.00016722756746757482
43 0.029072982991512158 0.0015197095779470246 0.048553426691762845
44 0.03967095941993296 -0.026474481550662284 0.01281790195539382
45 0.03988414560877627 0.03455960148240073 -0.009265338967379065
46 0.03814742281371305 -0.03169456168879104 0.005778777438774456
47 0.03902583967317792 0.029685487464822424 -0.020035129708170115
48 0.03858919464605272 0.03280656957659843 -0.018185871210301133
49 0.038147511888332895 -0.03975413481123216 0.004317349893229047
50 0.02848482114220359 0.010663096603078032 0.03476813544487901
51 0.0392421304792205 0.031575494225982964 -0.016419250022941402
52 0.028780130692774054 0.015471216710690234 0.04990117006210238
53 0.03441236120122963 0.0284086708455461 -0.022828893088053068
54 0.03836933354076119 0.02645779042582692 -0.023052418279399727
55 0.029073466749960815 0.010097254835041624 0.03503889262550327
56 0.03792495005807041 -0.035100063416849785 0.0024233551415328287
57 0.03724870745693025 -0.037337412061811584 0.006389055362488515
58 0.03724856421976675 -0.032993418504376516 0.010842966854193628
59 0.036093573566414884 -0.03033364378313895 0.008943895647410405
60 0.037474985171609514 -0.032989510761171445 0.017858101551750216
61 0.03656065854998813 -0.03859154264882151 -0.004929817902836762
62 0.038589062310689835 0.02347061124656255 -0.008355943007327182
63 0.03967160580915873 -0.03387564200132934 -0.0012472066191760354
64 0.03792493551396853 -0.03464112730995536 0.001364424603490493
65 0.037701390830547535 0.02515732857180279 -0.029077307129312037
66 0.03747530463659939 -0.030036682129094282 0.006525745093000543
67 0.038147744160980455 0.027814986543235724 -0.016724880020756706
68 0.03988439474490876 -0.030981449717518875 0.001392597039215652
69 0.027882478049020897 0.017614545572175556 0.06963803847202414
70 0.03656054408435038 0.030560132667447445 -0.023553001913987574
71 0.041139222269986245 -0.03723182003470468 -0.004268699863787819
72 0.0385886855718649 -0.024532854043245043 0.012027407922193598
73 0.03585858372147919 0.03331218626551049 -0.01999110821943289
74 0.03490115893921089 0.027904277418764025 -0.02475776710066908
75 0.037248798043255885 0.028585576808676044 -0.012432631716585749
76 0.036791185152640765 0.02899193062141466 -0.012236684830428547
77 0.03792464913792264 -0.033156216387754754 0.009259939909237866
78 0.03656049139462052 -0.039722252488822496 -0.005373762057945643
79 0.03880797740630341 -0.03275181453091031 0.0031255578429594372
80 0.03792482626704133 0.029552985232817075 -0.013853030343793355
81 0.037475090481463594 0.025329087278653663 -0.0007362105646312812
82 0.03924162221506614 -0.03232806681704057 0.012647055045325822
83 0.03585833530028932 -0.031568257987432416 0.0031599951891123942
84 0.037248844009752494 -0.03463062000166927 0.0010634870298921485
85 0.0381473039428559 -0.03891950001673463 0.009354210419771643
86 0.03945771586111624 0.03345195530886642 -0.02390251011794445
87 0.038147713249690386 0.020190956995270563 -0.01436674867319918
88 0.037924824129337766 0.026711469183523563 -0.011929282440785978
89 0.03679100014544629 0.030363973918367856 -0.00804399516568251
90 0.038147461918813005 -0.03638867493134444 0.007065590224741738
91 0.03724830791129904 0.030594339089835956 -0.0011907992983795051
92 0.03858931099837455 0.03552127109616739 -0.020811250399067498
93 0.03655992499672587 0.0265096139692218 -0.005639968060432516
94 0.037700883586380664 0.03054380649578635 -0.013231599986061283
95 0.037925206173063886 0.03277595771628066 -0.024263448675938614
96 0.038147385803228 0.02227183401932114 -0.006002456005427279
97 0.03792564222657436 0.027984170017677806 -0.035996044104968164
98 0.0407247729374576 -0.030583492951256418 0.006917569898663832
99 0.03945731204754683 -0.033499383322301915 0.0030166638732418423
100 0.038807951811596804 -0.03332282723836075 0.005079491451536142
101 0.03770091744758972 0.03496782415873238 -0.016354915071490686
102 0.038146917540204085 -0.027838028549189597 0.018630356917887354
103 0.039457067197338415 0.031258314093112124 -0.005133328130442961
104 0.029650033105947847 0.013435161999359808 0.0435139240959179
105 0.038588909331448894 -0.0337092465285298 0.0063098708517940515
106 0.03341306329673102 0.0348767649295749 -0.02124298308747636
107 0.03679109827313324 0.02918273421139119 -0.013001483086853829
108 0.038368797477566934 -0.031817758460342724 0.007415754380486929
109 0.03702090229839396 -0.03617900851198895 -0.0015521090179933812
110 0.038588794849996444 -0.03606412047724779 0.009884982826498183
111 0.036094053770880416 -0.0359811070806228 -0.00015884433008254837
112 0.03238171603751798 -0.0014754171250838082 0.02495223299778928
113 0.03792530929459485 0.020133504477131914 -0.022664069876985132
114 0.036790843733689356 0.03361044609291418 -0.007886768970038436
115 0.03858924197313396 0.027291813955630028 -0.01673671331184701
116 0.03724899091592524 0.03330208657230548 -0.01902214784341218
117 0.036791387528135884 -0.0376627829626094 -0.003554330996564845
118 0.03747626394610635 0.025440361707894214 -0.03356468098065762
119 0.0383690889999276 0.021705993708410396 -0.015203099667596172
120 0.0383687707207369 0.02177877332145014 -0.00852546927546424
121 0.038369671317645015 0.035846954196271145 -0.035897571079040146
122 0.03632746960975504 -0.034926127244010556 0.008774130376077207
123 0.036093725975509555 -0.03687190234597556 0.006882129476242926
124 0.040516096756299705 -0.03317290724475187 0.011170752855903583
125 0.037021006518963305 0.03253612081570091 -0.02136261600341912
126 0.03814799296269106 0.030537184937159425 -0.02484303393566177
127 0.0360940153917508 0.028033710714752847 -0.014400375970001471
128 0.03724834213608638 -0.03811512940103491 0.013863244293143106
129 0.03609395650982935 0.030338401564332516 -0.014460831993843909
130 0.034657338019787674 0.031148700132627126 -0.018601134558413977
131 0.03858877702496567 -0.0322614398079103 0.010125551251968958
132 0.038588884855845496 -0.037336375758218764 0.008614232999716866
133 0.037475270957796715 -0.03211394200014819 0.008857559506697648
134 0.027578647283118846 0.00956224183119468 0.026755072881095326
135 0.037924195704130075 -0.03212113176231012 0.019460902080263454
136 0.039242416845795464 0.025512757920390434 -0.022023403248482835
137 0.03770076931135023 0.035954802627279805 -0.01421076289154964
138 0.037701019880930775 -0.030508141465034336 -0.0012662713966890787
139 0.03049476827492843 0.012097265800506737 0.048620782836335585
140 0.028780289642418164 0.0063376166296697884 0.0463892214095544
141 0.037020605116977474 -0.0362407506974636 0.0066206402361877375
142 0.038589294538771635 0.02983053563585071 -0.020144483528294836
143 0.03632726697297899 -0.03530615350984508 0.015635881442816562
144 0.037248563595034014 -0.036267797649593564 0.009282640918569215
145 0.03655978545507791 -0.032155321987609745 0.011177021091011404
146 0.03945778305668514 0.0331964154176606 -0.0257036119095533
147 0.039671575835238254 0.028044623139046973 -0.017840488433137684
148 0.03836873252334155 -0.03713745740874641 0.008117418763498793
149 0.03770043301405115 -0.036946807180409325 0.015644755620661158
150 0.029650558320548817 0.00876320213902971 0.032471664216536286
151 0.04009580645796211 -0.030471204561619687 0.012520308674861438
152 0.0394573368446329 -0.03542503882269497 0.0019831177891850393
153 0.03924197849002714 0.031618400873016865 -0.011961042261703976
154 0.028185860603446626 0.01775608191590003 0.035080779040654854
155 0.03792455801500989 -0.0285412819342246 0.008492483686609707
156 0.03747586076133782 0.027083695354041426 -0.02177332744826431
157 0.03656065676632386 0.03299195649956145 -0.026756639994754486
158 0.037924505085398644 -0.029086762527872862 0.01190542010737284
159 0.03988444124389441 0.025492143118447948 -0.014195028733608528
160 0.03880787474103216 -0.03189723114820547 0.005603931894029068
161 0.036791142164624854 0.029430341072037708 -0.011612769339131114
162 0.03858902408993236 0.029838095547031387 -0.010976326508047694
163 0.037020912110544146 0.020983416876810528 -0.018983920184668896
164 0.037248806993199435 -0.037143288767105945 0.005062898086782378
165 0.04009655951206828 0.0272610924097872 -0.0231057631867627
166 0.037924397634374336 -0.0337339280224912 0.01625758322257961
167 0.03836858953697516 -0.028851164005786627 0.0110035588943672
168 0.037248690315859936 -0.029550689642439423 0.004567150439915486
169 0.037701144197657355 0.02412235162494912 -0.019658353548991148
170 0.03747593758653044 0.025101068005582844 -0.023587663951568496
171 0.03609386941096102 -0.032835630200759705 0.002339263395732831
172 0.04154885421292982 0.028309733295965294 -0.017532626486432747
173 0.0372483165529066 -0.022151952362294298 0.010916294181482168
174 0.038807754584357736 0.02122968517150692 -0.005650674239133037
175 0.03609374511555936 -0.03565729425376464 0.00579543578627479
176 0.03924222456971592 0.028975737534924335 -0.016201521816293266
177 0.0365602507080395 -0.034194336779982765 0.0005501736970889737
178 0.024999936988573754 0.012939412684886234 0.06025012340610487
179 0.037248164581947005 -0.0336287634216107 0.018737750651371277
180 0.03880776832346162 -0.035525837236769074 0.00602382714404175
181 0.03924192805213542 -0.03243475939573505 0.006145159950119544
182 0.02907290555859088 0.0029171357921679427 0.053081867994950856
183 0.03858904006541883 0.02882395847254566 -0.012406845870347039
184 0.0377006082642646 -0.035918781995672514 0.009762657669839336
185 0.03770053067564817 0.03299934863020178 -0.007439067833090617
186 0.03792505120814339 0.031984061729734344 -0.02107002696963952
187 0.03770104316588809 0.02929487000298629 -0.01819714521020918
188 0.035621858752109534 0.029532276383298153 -0.025207762688474328
189 0.0374754071508532 -0.041402686542727336 0.004916675495682477
190 0.03724873110845232 -0.030063722545378313 0.003834436535323825
191 0.03814796429005031 0.02561914607284943 -0.02022593714105089
192 0.02631977558676215 0.01389904302559039 0.07375847206676031
193 0.03858899576045094 0.025114688631270327 -0.01034026328620484
194 0.038368890093938006 -0.04018307748757023 0.005614590212264282
195 0.03770054042198422 -0.030498389370908312 0.011709398259565719
196 0.03814791333960511 0.028041622926048296 -0.024509037382091967
197 0.03747582628225638 0.02616203886240895 -0.021665479308587622
198 0.03945723465584791 0.025110760161093957 -0.01011968163916237
199 0.03792508253122801 0.030180307519862976 -0.020236164269749796
0 0.04544377300556505 0.003958601407420075 -0.014283625452172303
1 0.02993379600546926 0.009119500335054233 0.06022036927615068
2 0.04673012396830884 -0.008087060463652913 -0.007119299651233281
3 0.04780552057947804 -0.005618701655181216 -0.01154321747843817
4 0.046548677798755815 -0.005799696717759527 -0.012765247483613702
5 0.047628253283948825 -0.004312703534384602 -0.018150460024982478
6 0.047982458849267884 0.004393893008371143 -0.015560436288699658
7 0.04744956381135946 -0.001122803597888214 -0.006271137554136675
8 0.044502384427440755 -0.0027055062075104744 -0.02175753762549017
9 0.04636651534810317 -0.011324822078058568 -0.015144698320489527
10 0.04798244307656215 -0.0055591474107711475 -0.014808500037265526
11 0.030495097836533133 0.00477718344173552 0.045451126159070834
12 0.04903034441820142 0.0005717151705225304 -0.019325479023345308
13 0.04673013912991672 0.0012683439901813552 -0.008311243132114331
14 0.04727112946295592 -0.0009204691655908593 -0.016827536077714672
15 0.047627992200995846 -0.006245996377171813 -0.011626743186385017
16 0.04636619065718452 -0.0032138128309986825 -0.007804968835559362
17 0.048683479338975884 -0.002404301140418816 -0.01604563495953981
18 0.04581502108231366 -0.004740045066265136 -0.011907636335837574
19 0.04654834743021036 -0.00026462720825930116 -0.0026605325170096796
20 0.04599981859918387 -0.0012139555542037745 -0.021233964029207488
21 0.047449529496243543 0.0007483615681026623 -0.006774222408340524
22 0.04850915546654634 -0.004749472746586806 -0.014546258677189415
23 0.04636671643917669 -0.007517498631566811 -0.019682046198010457
24 0.04762802761290257 -0.005735151230133326 -0.013453473508018284
25 0.04727090202688915 -0.0005156173166727201 -0.011341437116675769
26 0.04654870052150565 -0.006585757223592321 -0.013472655105296253
27 0.046548605366495424 -0.004726705770851415 -0.011488505797314879
28 0.045999646452976266 -0.004768519079731778 -0.014499344605440818
29 0.045815390100580056 -0.005573347661019153 -0.021865913749365067
30 0.045999696002494726 -0.0026198260694026733 -0.01816237918484636
31 0.04431136478001335 0.0001228037995045858 -0.015635081663610884
32 0.047449705868048246 -0.004518777573133695 -0.0084206224073713
33 0.02907286560991451 0.0011328046501283137 0.05055566975173806
34 0.028184927204395742 0.018016471427546817 0.06073138806235571
35 0.04618311149025722 -0.00039714236206722333 -0.006827401625654508
36 0.04709120286094861 -0.004541281158787629 -0.007092574635228673
37 0.04562964078543679 0.001566294730678012 -0.009660345846749166
38 0.046548568899787264 -0.005201224105680712 -0.009160119841498079
39 0.04581508565693851 -0.008816876713522418 -0.012354039004558382
40 0.0481583719040545 -0.0033337113039977515 -0.006707650116338826
41 0.04762808029853977 -0.008440161092358634 -0.013436369571456934
42 0.045069532077143974 -0.004913484090767443 -0.014781759781377307
43 0.029649266018102 0.015828613399701447 0.06288353647559848
44 0.04654852769809478 -0.010521479959365466 -0.0070188933321049946
45 0.04562994856193442 -0.007354245588891828 -0.01735215281538988
46 0.047982659381372736 -0.007884859904464152 -0.01805073252867154
47 0.047628036533654744 -0.006307601092789884 -0.013846272084381484
48 0.04727133067717118 -0.0014140176612678225 -0.022885853887988934
49 0.046730555976087884 -0.005740783807784352 -0.019038172727519356
50 0.03185312776573717 0.012780391506645018 0.051583349941345856
51 0.045443565027770264 -0.00022813131727906239 -0.009800198697034482
52 0.029362623344028952 0.005919779679637142 0.05503993568451172
53 0.04673026714120762 -0.0030748714406828386 -0.011851443534706112
54 0.04691111072187377 -0.0018377819269306949 -0.010851646759790676
55 0.0323803231810059 0.003922733559123322 0.060012534652570976
56 0.04654884722126534 -0.0018872751933240689 -0.016847534247467627
57 0.047091317463098026 -0.00906389602620752 -0.007555313780837009
58 0.045815247174590595 -0.007294904408706859 -0.0179347525080419
59 0.047982243008991836 -0.0019558262469117457 -0.00983986375314073
60 0.04431150870411384 -0.005280269230551066 -0.019177363754417594
61 0.04798275289580802 -0.005827969450315735 -0.022880942128368047
62 0.04780524452645896 -0.006865387843720318 -0.003606959516171313
63 0.04691122771860487 -0.0008012765199240737 -0.01208300248921744
64 0.04815860068561468 -0.00041172363193493566 -0.013181919131218852
65 0.04654849562839888 -0.0005397712756972642 -0.008830088645961392
66 0.04727130406143531 -0.002970048650710391 -0.020138925080700733
67 0.04636592639517176 -0.004375106870984446 0.001201420800780538
68 0.046183061152952155 0.005305984483252584 -0.007652251304653108
69 0.027883803726921924 0.0034831910544304507 0.037932955351477685
70 0.04599971850667519 -0.0012737279761621762 -0.017449045825055888
71 0.04833442288974395 -0.003219553348828291 -0.019954558944608992
72 0.04727120535275792 -0.00781558581996358 -0.01872590444522675
73 0.0472711436164144 -0.004743426214762854 -0.01736378386478579
74 0.047982901137509804 -0.009016922325422993 -0.025352086025788624
75 0.04599967833121981 -0.002643625179705373 -0.01650130899919992
76 0.04727100337473864 -0.0028359763638712157 -0.011813575773333255
77 0.04709154575050951 -0.010278604104717924 -0.012604117278859881
78 0.04780528438030623 -0.0011488446594557897 -0.007975176084641728
79 0.04903012940560212 -0.0016348533074095329 -0.011721681705268536
80 0.04654864572105227 -0.007909173071008012 -0.0090233867349221
81 0.045629725561649244 -0.008781245994861762 -0.00970596049660696
82 0.04673041935000288 -0.010795962575194704 -0.013688062559168645
83 0.046730386937189186 -0.002334791057802788 -0.012974087524921086
84 0.04798264510482713 -0.006749536239324231 -0.018930156091258803
85 0.04691134348968709 -0.0028404876647258044 -0.015520338725086385
86 0.046548538510878604 0.00042396990126623347 -0.010334647134378667
87 0.04562989508897658 -0.0036878889405586837 -0.01643656790572782
88 0.046730311717253004 -0.008087227504780156 -0.011579590122692444
89 0.04744998629943189 -0.007470961938526433 -0.015806802476439143
90 0.04691122301905111 -0.003470185737574408 -0.011730643022321904
91 0.0467304414063001 -0.0048775198357409845 -0.01387606962839002
92 0.04618359076196467 -0.006448991760437137 -0.017665986404578136
93 0.04780552578777641 -0.005148768373703747 -0.013945594523319999
94 0.0474497841882749 -0.0011124134160228514 -0.012391269864135778
95 0.045814654556856134 -0.0003591579834141988 -0.003922664600204943
96 0.04850898915432398 -0.007254865756836297 -0.008232401348454104
97 0.04780565265746665 -0.003546522091376229 -0.0164584542611467
98 0.04654872854997656 -0.004906889294562648 -0.011875840210636292
99 0.04850907089544871 -0.004543987356891027 -0.011623312034868667
100 0.04850909590816234 -0.004005472150432366 -0.013026369407780283
101 0.04562999550414705 -0.006536103422528816 -0.01914407432506084
102 0.0470914883949047 -0.010171015270149105 -0.012674771327785302
103 0.04937454779122591 -0.006858972452065551 -0.013715983358354436
104 0.02788314170932683 0.012642032058011607 0.052358274294286494
105 0.04971622584700064 -0.0058412491934959265 -0.008203911091698738
106 0.0479821486227459 -0.00048058912737983516 -0.009533462709459211
107 0.04762769008229104 -0.0050551781513601835 -0.003473952400350235
108 0.04709171905174806 -0.0027245104365893114 -0.018931308677222456
109 0.04488136615974883 -0.005373280826105334 -0.01911799683343569
110 0.0450693071829454 -0.0004281577294127319 -0.008315320001528433
111 0.04727119903637654 -0.00571929468920833 -0.01634606269437276
112 0.031045013393682753 0.014166416895301735 0.05633741090743782
113 0.04798214150047236 -0.001727835160995066 -0.0071552509601087826
114 0.049030180118731656 -0.005503692332623061 -0.014161835282232568
115 0.04798244452213857 -0.005680489613929331 -0.013047826316580665
116 0.04833429307695924 0.0027963582931057676 -0.015495722972065737
117 0.046911054001987966 0.002471876006049861 -0.009450026545254496
118 0.04506962912032596 0.0016632151366293407 -0.019602689024297272
119 0.04780571314586691 -0.0009881929120900933 -0.01791308371033961
120 0.04868361532528672 -0.008229234750378341 -0.017039983186566868
121 0.04709148690191453 0.005438135064340942 -0.015227615691772674
122 0.047628147875910104 -0.007761124390454334 -0.016145345506353184
123 0.0465487221692231 -0.0007670959857828673 -0.013377631203954769
124 0.046730504399343654 -0.006918565128248466 -0.017222178251169604
125 0.04727123699316771 -0.000768430397724869 -0.019337402199685237
126 0.045999473333389926 -0.008698134902626721 -0.01002967784887486
127 0.04654878589787978 -0.007691110599162406 -0.013742524341853154
128 0.04636635428989839 -0.0013866046773214973 -0.01316984327166335
129 0.04544374849243289 -0.005614240944737509 -0.012054661152388901
130 0.04469195321773238 -0.004524595356812184 -0.01408172547641655
131 0.04636617159309525 -0.004231142289932649 -0.006918317207884788
132 0.04709167243519333 -0.006020963684877081 -0.019661162006482734
133 0.0469110274253866 -5.7513954758676365e-05 -0.007679197047191264
134 0.03131678629962941 0.006560432051097554 0.0539244848394829
135 0.046729978947532204 -0.0012264306356007577 -0.003990667637722458
136 0.04885677854275439 0.0009014976271644584 -0.0064545693617668294
137 0.045443629946461665 0.00711700527239461 -0.012456655287198125
138 0.04654849097689719 -0.003460870928986003 -0.007047928441573546
139 0.03289963256156097 0.01646408493524386 0.05076470467372704
140 0.030770512692579438 0.015504496554690527 0.06823425586441265
141 0.045629710671187346 -0.00819676982347337 -0.010633114306626808
142 0.04599952667066282 -0.000838467928147256 -0.012409239501303897
143 0.045629857479827514 -0.006201520567792054 -0.013421493736420334
144 0.04833401146000313 -0.0021642500242470314 -0.009119543274255848
145 0.048683429434797455 -0.0045318208552781805 -0.01125132272367796
146 0.048334008881663885 0.00046386842154591356 -0.01003575092501672
147 0.04654861653826452 -0.008016267534016344 -0.010203015026982305
148 0.04691123671575426 -0.005326638632525208 -0.012214295271801753
149 0.0463664921666752 -0.0020608376008357837 -0.016259629455616778
150 0.026640456747371602 0.0116103134975359 0.05119454436909968
151 0.04798236029346793 0.001941157538079384 -0.013431043111712742
152 0.04411944109886143 -0.004581518787511284 -0.007623010332037192
153 0.04469201456358442 -0.0053084904844645855 -0.014083293935964662
154 0.029650042772018072 0.006553770701338714 0.04451217773879164
155 0.047982447990185126 -0.002887429786824494 -0.01498295097359701
156 0.04937418410658083 -0.005251114193737744 -0.004416742825669619
157 0.046183453270942885 -0.00324735313956191 -0.017419092555412834
158 0.04815855634482475 -0.0028033977506231856 -0.009827881495626882
159 0.047805549694314754 -0.0104005593249809 -0.009688139194137297
160 0.04581502967430786 -0.004475692110126337 -0.01245200313450326
161 0.04636660453203997 -0.005017392098829424 -0.017950921720124528
162 0.046366642618159655 -0.0007188507287396334 -0.018923845780871074
163 0.045999451733515516 0.0022894733197983187 -0.011811759302694255
164 0.04744986949690218 -0.008329192376108631 -0.011915184146872152
165 0.04673030456888601 -0.0024104728533926216 -0.014450817048243506
166 0.04654860739799782 -0.0040296281452286125 -0.01051722342081853
167 0.048333952408065484 -0.006549758867817165 -0.006543371343118419
168 0.04599943260877724 -0.003209240241913106 -0.008655894302397221
169 0.047805402509844726 -0.0035967202967551216 -0.008424765082742437
170 0.046366626089202 -0.0058481603718524506 -0.01761889168397559
171 0.04636647988419546 0.0010674901501870162 -0.018341931905062038
172 0.04636623530210694 -0.0037849816126677934 -0.009388179078529776
173 0.045069240136956214 -0.004148709175020829 -0.008279129154436267
174 0.04744988392290558 -0.00482864837032725 -0.013192945944957579
175 0.04833427063988834 -7.555177173642789e-06 -0.017407058296596674
176 0.046183398622389675 -0.007362832897483415 -0.01291133355479961
177 0.0458152890107864 0.0006554280871306248 -0.019804032704116497
178 0.029072720837722867 0.017408645391630305 0.05164923330456487
179 0.048857029516958826 -0.008086073052100788 -0.009638307292156607
180 0.047449875123625605 -0.0071188320855569585 -0.012557171746310691
181 0.04618307652726954 0.001967142484100793 -0.00800661585016107
182 0.028483636334552392 0.013017280238099843 0.06500918553964968
183 0.04850875263922933 -0.006884050750995291 -0.0027977717836978866
184 0.045815196966867096 -0.005711339463083015 -0.016707793642592762
185 0.04709183441006983 -0.0036391728246448034 -0.024458041389598496
186 0.04600001883640499 -0.005052553498694141 -0.025872934569478527
187 0.04654879259503771 -0.0029634934574810897 -0.015647327996363664
188 0.04727096462361955 -0.010105649368924226 -0.011083142291948482
189 0.04920243488298043 -0.0036628333027859026 -0.008332547842357577
190 0.04654851461013662 -0.011922266869698479 -0.007377861945025664
191 0.046183110582954864 -0.00021175576868126853 -0.009013354544372857
192 0.02848357457403847 0.019397322786460447 0.06552447845470645
193 0.047449447947792864 -0.004268304776523233 -0.0039065168268547605
194 0.0467303993823976 -0.009135440771596962 -0.013177344165247802
195 0.047628174382681215 -0.0049458517860650935 -0.01603857904388349
196 0.047449353873753514 -0.0002688979837894375 -5.1824236496582264e-05
197 0.045069550467984706 -0.0002859848868712734 -0.01732841309529443
198 0.04833415350925055 -0.005746395421412731 -0.011098699560983341
199 0.04744970060678051 -0.009954374499915217 -0.008596331267494694
0 0.037925011693319736 -0.030894507745050988 -0.0006835550498467525
1 0.03880719637002066 0.03605441144152717 0.004764284362413891
2 0.04009597010615979 0.02810993028018831 -0.008837214362239327
3 0.0400946102032921 0.032874618332233346 0.02734376910035572
4 0.0383687257116679 -0.028667194920548093 0.0070059006993519425
5 0.03814747354384135 -0.029756731187709204 0.0018970155818461242
6 0.038807745779412164 -0.030721218762756297 0.007662825148093385
7 0.03880681753252981 0.034033083075859234 0.015126380949607447
8 0.04009520979009966 0.040620715465261276 0.009271459883172788
9 0.03880677121733553 0.03406510005988035 0.015736663706010838
10 0.037248513869411685 -0.03670678784870932 0.012502540067033054
11 0.040305423266213676 0.042985965978439525 0.019800045019302177
12 0.04113766879541653 0.035213083079495736 0.01689883612672459
13 0.036093862316406364 -0.029912964989767445 -0.001539180667258144
14 0.038147237281163114 -0.033827478721008115 0.01433437420115676
15 0.035621637967888024 -0.03690305193417167 -0.0033761598991518967
16 0.03836895809010399 -0.035389558322972976 0.003152766064990924
17 0.04030575943994647 0.034751747658158576 0.011956978113561988
18 0.03988315579658618 0.0351749120409551 0.016937407184181488
19 0.037701070592624945 -0.0358589512805442 -0.0015657663358795925
20 0.04072333589833949 0.04116461069209602 0.027061905514096003
21 0.03902531508148464 -0.03225679106152491 0.010340714482017593
22 0.038588844737232515 -0.03378522075689263 0.007004390208145041
23 0.038147445060062665 -0.036608184968457635 0.006026877535220401
24 0.04113745359641044 0.03334593219058512 0.024408345299740973
25 0.04175083074978379 0.03520582364098786 0.01714385974309032
26 0.0381471161331511 -0.025393409145582996 0.011718518035728338
27 0.03792365680555403 0.031269335584241324 0.020013352590059718
28 0.04051546330814887 0.03779509910699871 0.013054430282685468
29 0.04030605568550513 -0.03164120146434099 0.024219209159740122
30 0.04093109572391273 0.038751925380508506 0.018035654921998524
31 0.038589300708025714 -0.035960588577611814 -0.0005310347565636898
32 0.03814736070311411 -0.036796106757385906 0.00892001705142699
33 0.04175099058172401 0.03099560360337883 0.01310428593402487
34 0.04175114567087241 0.034193973839812215 0.00830855411985624
35 0.04030557496856769 0.0357933569114146 0.018425460895185788
36 0.040306005960257976 -0.029140353347200613 0.023211781181037106
37 0.039671189997030086 -0.031434780457369034 0.009199918913025962
38 0.039024462000748425 0.033556801543433185 0.01632668364799527
39 0.041547531595338326 0.033956057815312364 0.014585040292388584
40 0.038807487390054886 -0.03659881741920476 0.017165809199850036
41 0.037923906907416226 0.026948048482853423 0.011885194531487791
42 0.03814732657837205 -0.03946453539296536 0.010594404486877155
43 0.04030609850019367 0.030319153122376364 0.005828512798696293
44 0.03747543808564316 -0.03440319620097512 0.0054780144340046116
45 0.04175106332627769 0.03657932302174791 0.009688764667158338
46 0.03945673592504473 -0.03459242060595933 0.01890400991663909
47 0.04030592128109197 0.033220093613446675 0.009580843280543115
48 0.04113762628058804 0.027558507933849456 0.020812457678942655
49 0.03902551483738507 -0.04256072183513893 0.007322702589549729
50 0.04154740033703173 0.03248389292707427 0.018586459535982477
51 0.0381460793892541 0.04185391315560092 0.021321703788742537
52 0.042951161701607204 0.03435694727234755 0.00792300794323168
53 0.040305811826249316 0.02950242953236628 0.016106492675205177
54 0.040723561295339564 0.03442913059417214 0.02402461893607588
55 0.03945665398989537 0.03564582302751004 0.003591023948144056
56 0.039456827732748646 -0.02709466176277936 0.014120478062475253
57 0.03792468572733588 -0.034769582755404066 0.006092031948590823
58 0.03988383645385897 -0.02578892323795826 0.014819667025252713
59 0.04113868227267906 -0.028068200772320112 0.007458964723269426
60 0.036791080063200546 -0.03657427874331286 0.005908913406112324
61 0.0394570408670399 -0.028873002825676636 0.011619774105629428
62 0.04195311432918401 0.02759756933766193 0.02169886676880592
63 0.03632812758801458 -0.02422009101186396 -0.007458211110213578
64 0.036790983918984416 -0.03991902419020074 0.00904030940783401
65 0.03814614800709163 0.03499697255573999 0.02021425523841484
66 0.03770056309111294 -0.035152152165070234 0.011675634210473025
67 0.03880674074991515 0.03974025247477376 0.015409172511729657
68 0.03858880666185857 -0.028849579179215833 0.009534033479553243
69 0.04030588290246046 0.03836189350593207 0.012110782891268924
70 0.03858862800523062 0.03641808478835407 -0.003215083743319952
71 0.035383019922475306 -0.04032731356957989 -0.00026019171755857967
72 0.03902561604314474 -0.03486457991159854 0.004244064117296216
73 0.03836747988773337 0.03850460791217813 0.021919391694425534
74 0.04235514268364186 0.02979219339759809 0.01590339171625215
75 0.03792367591133748 0.0324559199929811 0.01834419268326184
76 0.039882943469940445 0.03530065058509836 0.021950614615574
77 0.03967126004853044 -0.029107408642840074 0.005909357562430374
78 0.038368568097232915 -0.031161123771360533 0.013018037068394819
79 0.04113861734747289 -0.04001561455492088 0.011523070935222325
80 0.04030613932092186 0.028670815626369653 0.007978128925234007
81 0.04295055708472252 0.0342291723845938 0.023387972644362525
82 0.03679089721655695 -0.031780391536966 0.009137089163032549
83 0.037020593900143756 -0.03490349402710902 0.004325714528646522
84 0.0379249386987883 -0.03604806658660346 0.0008609988675833052
85 0.03702062780592589 -0.03352678777784635 0.00468171128436207
86 0.04051526111269238 0.03063845583328231 0.019305514290411677
87 0.03945620770803856 0.036556135915657456 0.012236209318331595
88 0.03747433187222333 0.041100340785465636 0.013857820177331904
89 0.039883713781956064 0.0317942772495306 0.0033441613413677062
90 0.03836859146304595 -0.030070588052121112 0.011080292806389856
91 0.04072446116230007 0.02593435971176389 0.0017499000562014027
92 0.041137890864817346 0.038880457749761045 0.009305740169427283
93 0.04009537227550608 0.031197183501108644 0.00722928280606645
94 0.041343267987539976 0.03598798742134333 0.011539189599551239
95 0.04051564888988601 0.03555025522309983 0.00673063219401543
96 0.03880747676745066 0.03697479360141048 -0.001866466380330999
97 0.04030562643543669 0.033037011207906926 0.016598865085419457
98 0.03585860328644476 -0.02499652406220781 -0.0021098229359148724
99 0.03792468161297685 -0.029675424845419674 0.0048534801991502695
100 0.03967106900958869 -0.02832732189081204 0.010009362944476392
101 0.03945620648391603 0.03558543280548558 0.01501530727344455
102 0.03632796180491881 -0.03699641070578634 -0.002235899461231998
103 0.04009484620721756 0.03312801643533176 0.01924420881835003
104 0.04195377125033071 0.02995846002158098 0.002354183954660113
105 0.037020610112015885 -0.03240589317746054 0.002868892990305749
106 0.0419531578489662 0.03299884930281997 0.01647333207558128
107 0.03836807126222848 0.03125469800886679 0.009988248280510141
108 0.0381475960534289 -0.03445245382583517 0.0002548939272178875
109 0.03792506927703538 -0.036556995286897556 -0.0019352329552935843
110 0.03836899031103314 -0.033465183579448776 0.0019846863926465995
111 0.03747541466500224 -0.038658062938756 0.005442990456607716
112 0.03967035795224224 0.035795726593532175 0.013802183565308677
113 0.03945625114895841 0.03441174659073585 0.013922999055689039
114 0.03967030880666368 0.031135437952331865 0.013496199874727373
115 0.040515250869457925 0.03235293371945876 0.0167972405078068
116 0.04051483681620763 0.038285126572354576 0.026366452427118766
117 0.03814723079047402 -0.02597349720725794 0.01024708540760967
118 0.03902482271172981 0.03606669988532395 0.004286081696954311
119 0.03924063962095815 0.03858946935555716 0.021084656627713753
120 0.04093124816391493 0.03027211103611124 0.017369844937224474
121 0.03924033757966626 0.0373172036143919 0.02885593267038122
122 0.036327774809683536 -0.02819539321527703 0.0006170403022553358
123 0.038147405611543436 -0.023972179325643075 0.0052845461105007156
124 0.04093235409116725 -0.03170835547182153 0.0052463520160031495
125 0.040305477278433255 0.035849517659360654 0.020737623635535378
126 0.03924097393134533 0.03769790162162863 0.014693872385601662
127 0.041547874867410246 0.03377768092110593 0.005403450943514313
128 0.03814736961273653 -0.03766060958832475 0.006793402408289855
129 0.04295120145869634 0.031062021211678625 0.008719476505567989
130 0.03858737160803514 0.0335736788506519 0.03153470609084584
131 0.041139109535724236 -0.035222385353178225 -0.0035789350232037715
132 0.039025462621284396 -0.0348046156104654 0.0062700612618514645
133 0.037924582702550516 -0.03570202395389113 0.0111528082538332
134 0.040094821088050125 0.038649161165340916 0.01896097323040598
135 0.039671111129272484 -0.03344208888949933 0.011011007616899762
136 0.04009513899312656 0.03327402109566761 0.01491116882303879
137 0.03814609716402041 0.03059118774111248 0.022733159838219483
138 0.03724905159158546 -0.03508177147058175 -0.005232351071944985
139 0.03967053387748062 0.03266575952771683 0.009222291279896941
140 0.040305678652987925 0.035622671058971635 0.01560961209945043
141 0.03924190089874704 -0.036363717823689086 0.006782802663274405
142 0.04215447123641993 0.036911767392536134 0.01827533599566934
143 0.0358583581710196 -0.04101749501392875 0.006409204492350361
144 0.037474934425390204 -0.03619717980214075 0.017967998230280786
145 0.03679091294632122 -0.0322899838655597 0.008768809388259448
146 0.039670035931903186 0.03607651178285423 0.02078043584983568
147 0.04030563126992983 0.03228905086046083 0.01843120278891158
148 0.03490073331013199 -0.033323492200986855 0.0035475100451643616
149 0.03836893840558956 -0.02958292930793621 -0.0006984069434299226
150 0.03967048101930062 0.036425131554907834 0.010380721252435991
151 0.03792404854076556 -0.03345295771412127 0.02380412547285618
152 0.03814758758597718 -0.023466860564254167 -0.0007098338535315784
153 0.04093152567757053 0.02947623608079274 0.012545579164199547
154 0.04009485931655149 0.03335613853798931 0.02168603874238762
155 0.03880811811366239 -0.03419514181331372 -0.0009574076716222409
156 0.03988293601122396 0.03126220966755242 0.022626396738498276
157 0.04051529109656946 0.03626574702402203 0.014122063962249737
158 0.0381469567529978 -0.040198100205863514 0.019177142199353247
159 0.04113727040702288 0.028510337164078983 0.02936063512633897
160 0.03836867194429948 -0.02891024564097697 0.010032418102099573
161 0.04072382544047082 0.030074401505149912 0.018746727294351846
162 0.03988313496732957 0.0405667818650153 0.014950839015869563
163 0.038806803941287105 0.036675614876045405 0.015492150911129992
164 0.0363274558274763 -0.029312271456307402 0.010990238565049977
165 0.039240605608361484 0.03221128419356717 0.02458280689860497
166 0.04009608198094518 -0.03331510022777717 0.00440261039217742
167 0.038589167097099045 -0.036249617201461075 0.0012137744135671427
168 0.036559825660796685 -0.026198476360850778 0.010538755626070994
169 0.039456480230895825 0.03407916979519549 0.006058994637149191
170 0.03769990798290066 0.029634388291060493 0.010370587896744797
171 0.03858909905640724 -0.03756392799294043 0.002876351470603317
172 0.040930993150882916 0.02962797263619582 0.022736980967171472
173 0.03747539004124332 -0.03342201619734246 0.004831793632889443
174 0.03836773986217076 0.026334856889919645 0.019110145906503468
175 0.03836858829635999 -0.035491977254336136 0.012655141961398664
176 0.03945583363178269 0.03993249242417412 0.02246355703748963
177 0.03792386279655681 -0.02972258267230922 0.02576767609553838
178 0.04051552230131825 0.03982149232413876 0.008945048813959425
179 0.03724899047547595 -0.03483615476343612 -0.002872831417575129
180 0.037924732941239596 -0.03368224944094496 0.006765989804437995
181 0.0377009429267791 -0.032602557227266064 -0.001309279793368017
182 0.040515497571556 0.029988695247729923 0.013166378070071963
183 0.042355311041122966 0.029036613232176368 0.010941504173824725
184 0.03770060724395367 -0.032523953493336276 0.008429471257494771
185 0.04255472643774713 0.03594779246830974 0.012031197592477613
186 0.04113783636570409 0.028598762044190394 0.014109871408298887
187 0.04113750866163537 0.03654128402436692 0.02019971236601186
188 0.03724753626338444 0.034585405742387304 0.018053264216193292
189 0.03679091139796131 -0.027517124998868277 0.007884345296687316
190 0.0381474108929429 -0.032560236765861096 0.0072003913455065465
191 0.042354953589121495 0.02910799119791676 0.02325199820649636
192 0.03988351944742414 0.033408044466189196 0.0074005793772722065
193 0.03836776118386085 0.0375730621717125 0.014923953635539661
194 0.035620989480509985 -0.02865716260021272 0.014618251144584437
195 0.03770079322349206 -0.034174099130207115 0.00272363535554057
196 0.041342988257571246 0.03406490562848926 0.01797305382726985
197 0.04195345648166039 0.03566065206543967 0.009692385172431926
198 0.039240317700280844 0.03197413910661969 0.032623207677287554
199 0.040305630412034166 0.025393144639645555 0.018217930447104753
