200 3
0 -0.008366399267015587 -0.03743104036150052 -0.006518444516787165
1 -0.012641020010421375 0.020018328087090757 -0.04703751993812861
2 0.0066035446838562245 0.022793366805859205 -0.04439571380919656
3 -0.0005603027345259942 -0.03952768503276134 7.928633076412922e-05
4 0.0002732141796863664 0.0332996279327422 0.04546056664333814
5 -0.0033534700454810676 0.022739069077412202 0.045901572944721074
6 -0.002444842026434373 0.03068720926364697 0.034226440421926574
7 0.003824404558217094 0.0322928960817888 -0.027758050450138655
8 0.004307672165886248 -0.04029206595941604 0.004652326628559937
9 -0.0039594323562237195 0.024199659201770696 -0.03957482921080321
10 -0.005391349838427767 0.01546869481826394 0.041144195005143096
11 -0.0011523957464567997 0.020125106252412116 -0.04760778165277837
12 -0.004412839652275027 0.017014009624904916 -0.04553010830925042
13 0.006420441823096097 0.022792558205058395 0.039861255858748425
14 -0.0028500834179547296 0.02236091579692759 0.046322032289349946
15 0.0077993257393809134 0.02190244248109878 0.033180105213795996
16 -0.0026432372486412045 -0.037648223371813005 0.003431494940343086
17 -0.0004514103299233345 -0.04274870548147444 -0.002947732337159456
18 0.0009667165205665892 -0.03419292011542122 0.004419970829693603
19 0.0005361301232918413 0.021489221329337036 0.035663699216947585
20 -0.0031780505665207157 -0.0333800287356762 -0.01092487567319958
21 -0.00038850823166511686 0.01864268597068572 0.03151701092438254
22 0.0027096446405578817 0.024272223557350165 0.027240442870605945
23 0.005028074976747399 -0.034724314258973245 0.007471834088614739
24 0.0016335898516221213 -0.025287885814768297 -0.011271285045972235
25 -0.002379276725117313 0.026466937166883392 -0.051410093944582576
26 0.0024059122157011024 0.014588939781056777 0.04506379170329303
27 0.007613688751694773 -0.03737969635821212 -0.0024793836788920562
28 0.003542927087600411 -0.042840184293579005 -0.00548848657603174
29 0.001784533574361452 0.009311982318366758 0.03822090510631787
30 -0.00036616603324178196 -0.03906687905695677 0.0007736995584074896
31 0.0015783037524464902 0.017958842563276598 0.028542534110751333
32 0.0008926225826942757 0.02061856345112216 0.034577950845526416
33 -6.189743871804973e-05 0.026264777282632566 -0.026860606937710023
34 0.012731776980153885 0.013169599437595256 -0.031008830925294786
35 -0.005598294647615834 0.02413330726261218 -0.040468700923830946
36 -0.001456048754118245 -0.033261411148724426 0.0007949976886228744
37 0.007261706680831287 0.023357388916496823 0.03312047075990175
38 0.0017937964740932094 -0.039317972817365605 0.0006967664087168986
39 -0.006634840431666782 -0.04075742104657079 0.0008718806634049091
40 0.005345375039169611 0.013247107183693665 0.03361634811054246
41 0.012361246411386778 -0.040224683163595294 0.0003350869506157667
42 0.002885244188747471 0.029226352534550092 0.039117934578060995
43 -0.002256131912593058 0.021792384089817124 -0.03947808905524508
44 -0.002901541302113061 0.02666793412988086 0.04775897548588274
45 0.0062162451170207815 -0.04579070928853239 0.0032286851486921456
46 0.0005134475285144876 -0.04251536822508234 -0.002502703910386683
47 -0.009061521136523018 -0.0396057400424531 -0.005230492978563619
48 0.005692501159762917 -0.03387914342471467 -0.0003936454760715927
49 0.007217626958233156 0.02058803167179462 0.035678353336270605
50 0.005710555652814517 0.019644673991338082 -0.04685258541549954
51 -0.006264065150859102 0.0238765438574741 -0.032203094471275666
52 -6.176928316604198e-05 0.028243313247997517 -0.041236298137765734
53 0.012649073186934368 0.022155378584426913 -0.037587936704424674
54 0.006123693491052892 -0.041437207097570546 0.0056092621779740386
55 -0.00609135498049956 0.02086210321321071 -0.03780040378399455
56 -0.0021055345812746665 0.024233586536829357 0.033475380470974585
57 -0.01069711112360569 0.01765681138110294 0.033523883910949646
58 -0.003996132461202638 0.015808812340936534 0.039561630506215244
59 0.006761401830961768 -0.03110045967577897 -0.00417473162732373
60 -0.016653334201864087 -0.0248308236712249 0.0003285046741071966
61 -0.0062133743711079575 0.01878748095973881 0.04326809357219579
62 0.000437876219404394 0.023281099208508873 -0.0446064117903652
63 0.00043052020357464693 -0.03623277098970026 0.0003884128368856453
64 -0.012621509931355038 0.02241862836778343 0.044051376897026207
65 0.0006898537918184969 -0.0419326951143761 -0.01032709294073985
66 -0.0007289798878232709 0.022015273794149543 0.030072592397748565
67 0.00522045555530002 0.026935521868130453 -0.04200195642233238
68 0.0025423571277286908 0.025342077977688112 0.042686044954943395
69 0.0007058721817921696 0.014646074696711864 -0.03334091054743064
70 -0.00870057167937946 0.028983061000948745 -0.03967856283030248
71 -0.004392625818969866 0.017368893643407882 0.0439204250433031
72 0.00218884480743153 0.027476531941458368 0.04147171657757652
73 0.002837345077959276 0.029994001854587803 -0.0389881636097968
74 0.0039019964816383104 0.016829918152428586 -0.0381870948173293
75 -0.0015685907252448242 0.024401382426061664 -0.04166414645297517
76 0.010605176786105133 0.01611297817770908 -0.04216529669687969
77 0.01975052855388601 0.012588613854293391 0.036006898306429495
78 0.002289488542520989 -0.04161182087770612 0.006541035815455122
79 0.013211682211500826 0.018328135235224176 0.02566908431684247
80 -0.005674822081763772 0.02924952118016922 -0.030015774924249797
81 0.0051042332578136035 -0.041039287644263636 -0.01199867765367142
82 0.007447462274373359 -0.032006947128756666 0.002865884086559855
83 0.004345393390297678 0.022463710141725702 0.041436261118596426
84 -0.004291650065627588 -0.04497872861046391 -0.0034205021863852746
85 -0.006782531023641618 -0.03757175192466394 -0.003825835137086943
86 0.003186335103942363 0.026617981415493937 -0.03491931646864159
87 -0.011384210673611617 -0.03482300890719346 -0.003897048784375012
88 0.0011278128290938896 0.022802241170148455 -0.042500871594618295
89 -0.003317736140105488 -0.030924469139223296 0.007056779214682568
90 -0.0049150982824779435 0.021372756882567612 0.04080032669082292
91 0.006291045424237292 0.02068700272995996 -0.02552943532787194
92 0.0036657002474220525 0.019149964355178826 -0.040576235876151466
93 0.0016173479306724609 -0.027825188766752496 0.0011927761045747772
94 0.0008223454499050398 0.029712318988854708 -0.04528980755982614
95 -0.0022877411225288302 -0.03359301406321177 -0.00402113259032049
96 -0.007231645231071546 -0.036353712080723466 -0.003922922100617191
97 -0.009180369318266234 -0.03272017961417908 -0.003789531435733751
98 -0.004079370230293741 0.025734087871387853 0.03546097459136164
99 -0.0007551051903281949 0.02312227394409746 0.02702497484442464
100 0.0015340250617177573 0.01189001817878994 0.03830831550078405
101 -0.008002058362925155 -0.03829224142131859 -0.0035165588398842233
102 -0.005034712074836866 -0.0397984554133626 -0.003001544201428565
103 0.002542649147562172 -0.037888112053955814 -0.006892996634719509
104 0.00418883900609808 0.01723905958920325 -0.02631866176935268
105 0.004587782853515285 0.014698050658195648 0.040487361311641844
106 -0.009091487234101817 -0.032525573637751264 -0.007085697353389988
107 0.0010274521943691994 0.021043633748925837 -0.03702479479193282
108 -0.0001306913178114157 0.030543077162247752 0.036993064336405715
109 -0.0029239989681739686 0.02560865045281464 0.03750085188014052
110 -0.005704655430482642 0.02340287246015525 0.03818111369067445
111 -0.006773803144800958 0.0070848658478297535 0.03808849280286422
112 -0.004369841436476382 0.03117528849380123 -0.029201518303410834
113 0.01057173428104144 0.02518382272830926 -0.04038033080797187
114 -0.006502034527899395 -0.047267547353109264 -0.003658468815141103
115 0.0018234913182541765 0.025271421117771753 -0.027709889442667335
116 -0.011508476221826353 0.020816926195692878 -0.0350910434126258
117 0.008045818300764479 0.020676518309420626 0.04047221705862598
118 -0.007550659110858601 0.02200134126257008 -0.0411916821566362
119 -0.004175634141831464 -0.04073422753600029 -0.0075014956547468405
120 -0.00044291039373065 0.028626303175164278 -0.043143582128280566
121 -0.007964051509043071 0.027774975180842723 -0.03826233076109984
122 -0.0018441948438653894 -0.04165504808407583 -0.0034032790347096912
123 -0.0050442520634184015 0.02991451104495376 0.031248563170470485
124 0.01117256219953329 0.01797754659118544 0.031921736417321836
125 0.002500290252558858 -0.038918293855038394 0.005924664635579749
126 -0.006710695289812926 0.024235592121875135 -0.03261636282121271
127 0.004775486214459043 0.022086300479190836 -0.048753562655198784
128 -0.011119503410412589 0.024948855250375056 0.04281692042211623
129 -1.565175767303216e-05 -0.04380469447972488 -0.010363147650434447
130 0.009478569455787289 -0.03372004409510373 0.0018784656415502116
131 0.003929518879606027 0.020887278154978414 0.032029607161384616
132 0.00676267014796691 0.017730325517605366 0.03595688422692002
133 0.0018309898566675029 -0.03948091484266627 0.0007864491389534354
134 0.009629638123720502 0.024503879559065387 -0.03541757449960351
135 0.01122560455651423 -0.031930157303305125 -0.0062497010332528205
136 -0.001565817512381851 -0.04005557304474103 -0.007473004692509026
137 0.0047439866340508174 0.025476146378968327 -0.04207603374897354
138 0.01256961736262785 -0.038032989498571694 0.0001826067057093643
139 0.006987684558822975 0.025520373124190872 -0.045256327058059743
140 -0.00040010899835278037 0.017620274389110912 -0.04455064730075592
141 -0.0010278570082411821 0.01632124651986043 0.04245334994350823
142 0.007003724607057234 -0.037380500632858776 0.0010253246272211181
143 0.003427636302891282 -0.03497560949965506 -0.010100012178639397
144 -0.001785694340411384 0.01970436792959338 0.0397035532278739
145 3.97797476565237e-06 0.03286034859367937 0.03276682901978825
146 0.010369885733840137 -0.028294707768889177 0.00257643119865927
147 0.00014482158314786664 -0.037502644357757596 -0.004309404267475452
148 -0.004453501340179439 0.026653803306139204 0.049428307773222775
149 -0.0002739007456982398 0.024473280397414983 0.0516953309412449
150 -0.008899196368689868 0.025681504345811935 -0.03327932132363633
151 -0.0012927510350375093 0.030450903574554825 0.03860933799805192
152 0.00027963427683800127 0.020559950947492994 0.03914261590107908
153 0.006945070370006773 -0.04263643508064194 -0.008266862193579097
154 0.0019824055982190156 0.016342276760432074 -0.03725743925100988
155 -0.005201348454995848 0.019360298093493003 0.030102018488719816
156 0.0019596940152092034 -0.020069943720611563 -0.008450719835952367
157 -0.008676772737153676 0.024815348324321366 -0.04847537887659902
158 -0.0018510560046800795 0.025932345738607646 0.03660465690221881
159 -0.004612837861616363 0.017401685023011378 -0.045579776936443876
160 -0.002612977598945916 -0.04570060795330366 0.0005233367271197257
161 -0.006827707371568036 -0.03889435042352716 0.002494451017114593
162 0.0002428624678938382 -0.036015911969855485 -0.0045998680046002854
163 0.002755176123510325 -0.03928661561128099 0.0029226752191277216
164 0.012854405874099056 0.02191573769513672 0.035159333300954373
165 -0.0077438881021832315 0.0269150162448391 -0.04641958300292661
166 0.003047996795612802 -0.03458047069586436 -0.006164613850536842
167 -0.006302036946650338 0.01042998163280766 0.035931686922297514
168 -0.00038194338083357565 0.022872591619713063 0.047123924203438826
169 0.0018743490971876928 -0.045583110593313325 -0.0020385220737990685
170 0.0002775202535852776 -0.03462234378972521 0.006205123198647185
171 -0.007946006759071755 0.023985093825758412 0.038084966804772274
172 0.004591838541619455 -0.03784947664361647 0.002646295398566388
173 0.0035612151196175376 0.01796143089424359 0.0394035262600714
174 -0.002007759471199539 -0.03791133116773226 -0.000704787349932311
175 0.0015663661740554008 0.026190686639539322 0.04095183521969615
176 -0.010839147373486985 -0.03390292844683803 -0.007239665263023565
177 0.0009139201354362164 -0.03607116411896144 0.004253500243611186
178 -0.005156850990418543 0.022286855756424785 -0.04659713712436872
179 0.00732184481031832 0.019432363537636443 0.043424433242404206
180 -0.008572016711816094 -0.02842058166832933 -0.010332811292344476
181 -0.0061650382044714505 0.019527528070417747 0.033831505535070236
182 0.006411950743951572 0.02652780285659848 -0.04354844829450956
183 -0.0010069765188347804 0.020331048292317015 -0.038563195845732826
184 0.002679450663599231 0.0293623429294329 0.049122289691034195
185 0.004016748199200001 -0.042996588620530525 0.0029442647617384135
186 -0.0021093005311644637 0.023621097148603287 -0.04810097819872316
187 -0.004106818927953393 -0.03455122901712348 -0.002511949557051637
188 -0.0032998381374122754 -0.04307695420598917 -0.0004141608573303285
189 -0.00604151669888893 0.01929024045999161 0.04295492231200821
190 -0.001381245554084174 0.02064690963978629 0.03537550152370819
191 -0.00015074606974969929 0.023792851844537284 -0.04413964979802415
192 -0.009795509474554001 0.025542938984788703 -0.03274349990470825
193 0.006897680188000306 -0.04097668965210714 -0.004465196526375399
194 0.007666566512321275 -0.0306432068406553 -0.004273908352803956
195 -0.006521655457443584 -0.03191451607363728 -0.0046284010551744074
196 -0.00040827261528628145 0.025028436463754106 -0.045715551413563996
197 -0.004031982696852343 0.02441026314151965 -0.031184712626602953
198 0.0034124245927278944 0.030282920218334064 -0.04233214679972859
199 -0.0014619861246953204 0.03170478043966338 -0.03855371167447411
0 -0.006233656926733555 -0.012963109101337411 0.02156269724926105
1 -0.007570303063694592 0.018056786031328542 -0.041370379187895684
2 0.010191134089500092 0.019292656967027973 -0.03797361802225052
3 -0.003342854404385226 -0.018698813910814197 0.02079071150997422
4 -0.004339604584527917 -0.0062726807435173615 0.011093204316192366
5 -0.002117112452973899 -0.009237590496770032 0.018974841115953142
6 -0.001117867731283714 -0.006960294650217226 0.019270837696335363
7 0.002471628575738391 0.022900984329169392 -0.045331817137301535
8 -0.002227451241520375 -0.015871789309164094 0.01883441269820256
9 0.003751324555329012 0.018548135016401034 -0.040996134283768644
10 0.0011180283915306877 -0.007718620473467205 0.02973841265247533
11 0.007236366540063689 0.02608802933271801 -0.03563780955312962
12 -0.00411058629093812 0.01908672253627197 -0.0355070877398245
13 -0.003911789074114599 -0.01196022954158614 0.027183049263324502
14 -0.00603869135511878 -0.011315920367490899 0.025463659623486803
15 0.0023032169553579007 -0.015518669730085081 0.02630220820931692
16 -0.0034257989349683604 -0.009361014466214485 0.018724913601599624
17 0.00046493187576590427 -0.0034138229028571887 0.02033617685903458
18 -0.011490437048219261 -0.006149625512861329 0.019819709673023732
19 0.00025422224829443896 -0.01235981246910589 0.016894723705686107
20 0.004942613595147468 -0.009161593246541797 0.018370121890718488
21 0.001986626234570559 -0.011431088213565373 0.02466610627608669
22 0.004958699039625404 -0.01594389192647934 0.024785062917779294
23 0.007798714353018155 -0.012297754344330503 0.01651803503809351
24 -0.0016515728072860926 -0.015775435803242713 0.022908691360679384
25 -0.0021578761411118093 0.018589293094783074 -0.037867969143991084
26 0.0030224168745602784 -0.01391506582370685 0.02136773597961167
27 -0.0067167529292725715 -0.0082909347304113 0.015070521893667286
28 -1.0330277204076768e-05 -0.019989465036104256 0.018519252645065206
29 0.00014538711712070145 -0.016177221924225025 0.02386784848420518
30 0.003204600013724218 -0.013425966225746044 0.018723034355465292
31 0.0011175685050954023 -0.007209482155688493 0.02356397600456219
32 -0.00030750761610259976 -0.010259358486618755 0.01877462466968402
33 -0.0026410389022483334 0.029240945888333376 -0.0371396269277868
34 0.0014731827998370785 0.021220849120329285 -0.04432197694305728
35 0.0043252448863900905 0.032293542158202494 -0.03974577086330203
36 -0.0034118658012421525 -0.007693447024424531 0.016436252488413173
37 0.008992096540427832 -0.0118983007584295 0.02078600946248666
38 0.005451146876986369 -0.00530456179311295 0.01883188619479114
39 0.0010942360317497616 -0.007397656497758212 0.022926858199592844
40 0.005062535873775628 -0.013093493321790939 0.022648101436909825
41 0.006327186648378141 -0.015599413272485749 0.016928859998383682
42 0.003237433858216114 -0.012803113142310571 0.021076604190470388
43 0.0031125138562518653 0.021566055754813657 -0.047217491417688946
44 0.0031986124569878755 -0.0045244139954538215 0.018762289236479282
45 -0.0014478003103590151 -0.012846644659137749 0.025289340771326593
46 -0.001079641908218007 -0.011922374250045956 0.026197196707525256
47 -0.0020180301552686214 -0.006195179791126992 0.03165219384682819
48 0.0005171533012198054 -0.019049096092732226 0.026006495980355468
49 0.002503585328415398 -7.058053899216404e-05 0.025503868788581664
50 0.0035080355322200246 0.028109307887547612 -0.05257149979835602
51 -0.005221103730837798 0.02498924697730531 -0.04543192134051357
52 -0.0023616717532102373 0.027038634562525567 -0.03439581946238705
53 0.004955747069585348 0.02952959824946135 -0.036151483461089005
54 0.007512058831870089 -0.006178302663962895 0.026151262218610645
55 0.00680033170354105 0.027217932400225433 -0.05036438063013888
56 -0.002491212966654194 -0.008233218499644396 0.021574475103242945
57 -0.012809391231906456 -0.01117900837723159 0.024633411265152443
58 0.000647890495934958 -0.01071163163267545 0.02276785938512868
59 -0.00034191312106425856 -0.012941335910332877 0.022469355658491362
60 -0.009345733621649532 -0.0033253638118875897 0.023679567941731643
61 -0.0010362462812002204 -0.009343325032054775 0.021653637748570695
62 0.0015435036559275377 0.020467707983737024 -0.0457357288191871
63 0.007139119447384518 -0.008022005895226184 0.014605258229259564
64 -0.0080451034184615 -0.014425525824062507 0.02507392249672742
65 0.0022912785633965524 -0.013574752671670756 0.018709226903707285
66 0.010997322534761166 -0.011174995607512957 0.015210775776677399
67 0.0032797293622291203 0.02443959035306085 -0.04355773014620376
68 -0.0049998077100484525 -0.007695853704898066 0.02237507142875729
69 -0.001890619997470415 0.025560983430796304 -0.04608342890865683
70 -0.004501216307925979 0.02105135929588657 -0.03715616698132619
71 -0.003026155354095965 -0.013330669474041434 0.01793660600060064
72 -0.004004286407553535 -0.007965892563423012 0.015166783318974475
73 -0.0036812686570470224 0.014824023697748274 -0.04550221778865806
74 -0.0028791314973933765 0.011287643456658607 -0.039013426204798966
75 -0.0030232456397557284 0.020767306716026526 -0.036716198250177294
76 0.00125000490943665 0.02177745639322092 -0.04370087250498876
77 0.007067622471907148 -0.008997035975341558 0.02761637173707441
78 0.004873118561240761 -0.012110765980704472 0.018405486980597168
79 -0.0009059187696173199 -0.014375780190021115 0.027152474247503208
80 -0.01158935594173957 0.02255780049065497 -0.033678201962609074
81 0.00593689018154607 -0.01548616026711036 0.02248748656077671
82 0.005666404918449219 -0.014012947615844665 0.017187208125683886
83 -0.004544896919227282 -0.013724357361482219 0.03098341338834408
84 -0.0016687064207055527 -0.003286427407058229 0.027114174141368262
85 -0.0009207938494621704 -0.011685751791619355 0.01815687808277426
86 0.0001314536659842028 0.02391768550988523 -0.034216839871632765
87 -0.011679482036640515 -0.007607947713461988 0.024444256493317273
88 -0.008119540488614393 0.022421893757833728 -0.040187325765458505
89 0.0003154454198763777 -0.015488735193980974 0.022461089392843442
90 -0.0035253486742807608 -0.013542790431797382 0.01960512074578802
91 -0.0008624616307445049 0.024625065974230934 -0.046472662021716626
92 0.0070435381380087505 0.022713329322121157 -0.04028920853518823
93 0.003977401926346567 -0.010056433728148233 0.023651884270618283
94 0.003419810862036749 0.02267608174500977 -0.03512007361069426
95 0.005501157377878933 -0.00997280236602667 0.018117726370606536
96 -0.008413092448821213 -0.0007733271696500135 0.022435612348847053
97 -0.0018118095175235008 -0.014770105293353403 0.02280632521978499
98 -0.011301004470436984 -0.010587206040287928 0.028120226835624686
99 -0.00036948133325926183 -0.008894034501634819 0.01171608511644339
100 -0.001044585468426902 -0.006923758313763694 0.028081133354524515
101 -0.009238003358622668 -0.01728851932741697 0.021462619258513213
102 0.0004691616000509352 -0.013684741382805468 0.017189474598693855
103 -0.0002717377943365698 -0.00779750726298406 0.021856078944763508
104 0.004055924360751556 0.023928199843126313 -0.041959742394266385
105 0.001010875405022961 -0.007325794118689225 0.021494422583475697
106 -0.0035738951510099967 -0.01539650701985621 0.01393542422615374
107 0.007814774165868656 0.017960344532838683 -0.03913642198994407
108 -0.0009973174093491988 -0.013006142749237656 0.023016124212167165
109 -0.006164700375513102 -0.011964890469344569 0.021122140820192613
110 0.004068529829032542 -0.011356766065667226 0.02591438259601666
111 -0.003393686597541981 -0.012544318035291328 0.017062528546988392
112 0.007602252522057703 0.018743979834850398 -0.04150314943467907
113 0.009965203663514097 0.02497143621950769 -0.038998408242386644
114 -0.0053718280926960335 -0.011310690529231365 0.013576834985297517
115 -0.0006443298218388998 0.018608395253196398 -0.04078236717687896
116 -0.018573839197772446 0.01783066381342664 -0.031638737825626644
117 0.0066921995259257155 -0.010444680380909961 0.016540732038391195
118 -0.009914350891418788 0.02153305382057261 -0.03011065760839765
119 3.6996996693537676e-05 -0.015280886679950742 0.020742414570815403
120 0.013582615926679642 0.019921088767438186 -0.040716562897772035
121 -0.00661882930712035 0.024184004988266304 -0.04235842309934463
122 0.004852522712639616 -0.01175633377472314 0.02101828546068797
123 -0.008525370365882842 -0.007830354532625233 0.019517562384985025
124 0.0015002076148343951 -0.0015356301585249463 0.016421652837790977
125 0.0012134279014665642 -0.004752758102854054 0.025769688621216518
126 -3.792862508578132e-05 0.026099659351696527 -0.04563152755237359
127 0.0036590288753714853 0.02890468329711246 -0.03598381303529755
128 -0.002654004449613563 -0.009214539442152003 0.019052347704651793
129 0.002904805230243112 -0.010130001664742636 0.022209292838751074
130 0.00322674450769532 -0.01143786142211324 0.026564853217583822
131 0.0047573758439717825 -0.015652598610095922 0.01207001325461033
132 0.000271812894184556 -0.006994711441352268 0.02415430089033719
133 0.00013464779941457154 0.0002483058983387895 0.02211228760937457
134 0.010086357314213798 0.02071353831047462 -0.03609971243358146
135 0.0005963659764374463 -0.009320298478724572 0.012393182965360992
136 0.00046970653795307474 -0.015156293747029904 0.023087314309038952
137 0.006700968518599859 0.015264583091205975 -0.03508459698501115
138 9.382139402707573e-05 -0.010506450962087674 0.019430337403158377
139 0.005304746342451844 0.028309551322297937 -0.051953678252518745
140 0.0017843890539923982 0.026796526598507703 -0.04639138437814776
141 -0.00011826972565693802 -0.0069837667766356505 0.022308414371802032
142 0.0027069550526979264 -0.011795131923906632 0.02493540331697396
143 -0.004256299862496468 -0.002964908275628571 0.017419541189831134
144 -0.0006898336326381094 -0.00989607241896439 0.03007145949883116
145 -0.006896389435822364 -0.0029074398691038283 0.01890768849164603
146 0.004668366534002093 -0.007036104271212318 0.012892430773757672
147 0.005573009793582769 -0.016035406108610248 0.020357541671229537
148 0.00891115169257524 -0.012121903396859576 0.014826224292085105
149 -0.007788249806887755 -0.006720734784431061 0.020460133877855224
150 -0.001157051275577678 0.026941078663298847 -0.04157593771485052
151 -0.0039944643051296885 -0.015433263075886335 0.025575853188787162
152 0.0017944167515593634 -0.008191685320052572 0.0204517925593648
153 0.008407211893972505 -0.011081262471142411 0.01962065819722533
154 0.006528305514379579 0.02742330338897989 -0.04836155270959928
155 -0.0037102440514602333 -0.020018744555049782 0.02359489944285903
156 -0.005768282999961323 -0.014534466279495013 0.020333856840238182
157 0.002614562122001153 0.016263154235540006 -0.030810499930360342
158 -0.007325299159226695 -0.014301622081683063 0.022900026141936695
159 0.003854880965111357 0.018062287231909578 -0.03801070813520682
160 -0.004007393649359491 -0.01593572289449602 0.02021173598535177
161 -0.0003426443274389297 -0.00963981741920926 0.02204882875621965
162 -0.005669204179191981 -0.004659353717769973 0.016923446645492442
163 0.0017682838223310633 -0.007166281217468123 0.025897605504850554
164 0.010287523964402218 -0.008416448973483849 0.021825034969297115
165 -0.0010956156032170747 0.02374160815376082 -0.03496067952497594
166 -0.0010689517209311323 -0.01420527991036967 0.018610309289734124
167 -0.006341583532351064 -0.019991335490928963 0.026616264955921537
168 0.001522419718875366 -0.01450053359193288 0.03004169885071179
169 0.002287359012551976 -0.015100019831701172 0.01616977595935083
170 -0.0014251804415775337 -0.009530068846435202 0.015290535761283384
171 -0.003912243990707127 -0.007831493956909782 0.019928969905841615
172 -0.0004944121392511866 -0.012679305350382683 0.01748775800343877
173 -0.0012444234040830046 -0.006055321682041037 0.019998541535558342
174 0.0021968291148200224 -0.014522563916976317 0.024620198257028617
175 -0.008049245099459095 -0.00991594065211037 0.01954095899598394
176 -0.0040200492163139645 -0.016415669358044796 0.01986017540263666
177 -0.004516893712719745 -0.012101707867089265 0.024144012972140735
178 -0.009687506453752326 0.02330436748507737 -0.04365388581431366
179 0.002784199893858974 -0.006207448724348759 0.01820861991795858
180 -0.003609695279835068 -0.01717532211663278 0.015169548327024513
181 -0.001224682946318497 -0.008189977691118441 0.023067469200535838
182 -0.002616748464073641 0.029983104862647443 -0.044286083193694634
183 0.007785326407836496 0.023844407287257313 -0.04117164706514872
184 0.005099104983633376 -0.014668866896807825 0.0218341247365329
185 -0.003953991260623742 -0.011927452330021293 0.019670614505465825
186 0.002997656014572807 0.025147382910234932 -0.036454638569636905
187 -0.01072349379867632 -0.007478330492069481 0.019013512971951425
188 -0.007280646906422911 -0.018782051158211188 0.014541248360152245
189 0.0017691538720658248 -0.01392178216733974 0.023919125100815508
190 0.0009888049656535565 -0.009336957441204066 0.01860898194429779
191 0.008468480249071132 0.027368794841052126 -0.048537228298798134
192 -0.002694571455026093 0.026092341942875286 -0.042124124839306915
193 0.006705956131804462 -0.004537752947049792 0.021451636950844587
194 -0.0006202131792541823 -0.016507192185904303 0.02371824260959917
195 -0.001068722880144618 -0.006074713793329467 0.017813875848934936
196 -0.008388661444569692 0.01844680268235993 -0.031393953158510214
197 0.010240307849212371 0.0269702829413173 -0.0414253425485573
198 -0.002119757050135113 0.02796572067478284 -0.0428730872165594
199 0.004304821916330881 0.021870529991947947 -0.0346671795708455
0 -0.008397222903352056 -0.005869011311214686 -0.01643890407388624
1 -0.006548938364919793 -0.012267675628058763 -0.019948250090887812
2 0.001708736285375989 -0.00966102616351152 -0.024829919858615657
3 0.0005792804481615683 -0.010489326236795354 -0.024984879424776445
4 0.0052842203180389425 0.01932085396619332 0.029474558376751517
5 -0.005420326005284901 0.018614987985467266 0.04303133821170211
6 0.0009507989000623451 0.019867346813284045 0.04511995961424625
7 0.004868263821929564 -0.013801653516937677 -0.02366412515100974
8 0.0015252192437094775 -0.013209766257550007 -0.019622048220331187
9 0.0018232961689552277 -0.006189090150333816 -0.023526388752190736
10 0.004207493674262869 0.0294093007055302 0.039059165505703
11 0.005105136966469026 -0.0019010200708835384 -0.02129621472065045
12 -0.015566012799313148 -0.01350854937739139 -0.026176166256869637
13 0.0037695987237339884 0.016731064019812246 0.0393095100749739
14 -0.004319045441416397 0.022102857869354255 0.03885024858735329
15 0.002542526967487517 0.018641482280621676 0.026420409077083047
16 -0.0011249554829546003 -0.011324794299146776 -0.025386163954668795
17 -0.003439954898989607 -0.006722884067698963 -0.02245116027039584
18 -0.003285977070609236 -0.013753424955431345 -0.02008200789183394
19 0.006350974010234503 0.016964339619021065 0.040075553730271364
20 0.0011376583697838647 -0.00926790422851078 -0.017269992500539823
21 -0.004043537233237621 0.013739479330394079 0.03634419838720991
22 0.005736273556554289 0.02350278556746335 0.03468773332479928
23 0.008943656091095889 -0.013207974504051395 -0.016865067677055562
24 0.005892256319604515 -0.012033935045367497 -0.026588124127846634
25 -0.002220313347035034 -0.01582597698895228 -0.02429220039456921
26 -0.000503602035474008 0.024128050907751664 0.036015035375875276
27 -0.0018513782883837343 -0.01191123064391579 -0.023018890325723816
28 -0.005684835145468318 -0.007920265339936838 -0.027753297358768317
29 -0.0001522626876446359 0.011922516651152962 0.039248413950275805
30 0.0026762548776821486 -0.01006333587083548 -0.029057356684415784
31 0.009467973668155993 0.016208423454171703 0.03579396860836318
32 0.0019638093534472875 0.018565603781046932 0.04609940998369664
33 -0.002588938417406879 -0.012273017278843633 -0.026038599590368264
34 -0.006929994028236693 -0.005546725605435017 -0.017024733182052783
35 0.0013102668690609517 -0.005709621388717473 -0.031817676546090426
36 -0.001006241154137829 0.0006122153522803153 -0.03064322774671993
37 0.008951038501310682 0.02508889023033755 0.04482839888421922
38 0.0020075544550781158 -0.009992662637673767 -0.0254245255441467
39 0.005397417335600761 -0.012102816423602253 -0.022364960320875975
40 0.0022491928145718307 0.024152249130416498 0.03679991605943252
41 0.009915910668229694 -0.009157106762646458 -0.02076687878131257
42 0.008858637182808944 0.018209646144646038 0.04893912412502209
43 0.007997756285724394 -0.010089802601434071 -0.01680250846960922
44 0.0024755306972773696 0.028374304942221457 0.037845949345175774
45 -0.0046648358051921595 -0.014630581108080035 -0.0246243863877657
46 -0.0024256193665255447 -0.010850403499467906 -0.01354218175015125
47 -0.006990614925486777 -0.01047721470438092 -0.01741821638486761
48 0.00075508107469828 -0.017892392559795453 -0.02412626974404376
49 -0.0057151886207058855 0.02221477308871605 0.0380550081959076
50 0.009047888684536126 -0.003529242463526684 -0.022661315787294814
51 -0.00602768641655653 -0.011868770618006064 -0.01504678071101341
52 0.002883972778753574 -0.010751676390256523 -0.02236380950732577
53 0.0012879322648766817 -0.007978488588960692 -0.020265284360047126
54 0.004390664833622174 -0.013200099220514752 -0.016157124095953768
55 0.00044125073729657125 -0.016828137671669866 -0.01927403218474856
56 -0.008966166277856166 0.01624993177074343 0.032936139555277424
57 -0.002061515711158854 0.022355202198148252 0.04636235086464513
58 -0.006792685895343341 0.018006124696230974 0.03950850249309058
59 -0.0018616527971444807 -0.012073350235282283 -0.029841778714128075
60 -0.007097034609534814 -0.011027737753600178 -0.019374354079241686
61 -0.008371180715431373 0.023616995058071976 0.0440696002023374
62 -0.0020423255471942775 -0.011010459421077826 -0.021822785983968904
63 0.00371722405925428 -0.007001961563145018 -0.02500449738835713
64 -0.009689955578263423 0.02301397907918429 0.03039781354700074
65 0.010818489103727624 -0.008772746200565715 -0.01671998070629879
66 -0.0031814619214490907 0.028108425536024165 0.045402796877999155
67 -0.0019915734732880164 -0.005835062073778499 -0.021553873090877446
68 -0.0025867138233865994 0.019585250768318067 0.03946039412794527
69 -0.0014786513500605562 -0.019245576239944398 -0.027407319937430126
70 -0.005134756827357825 -0.009391672830345817 -0.025437842326660146
71 0.006366723182070271 0.02039730965177882 0.040023965260226994
72 -0.004963771898156593 0.022580346808778136 0.03970424522614053
73 -0.0011542692314902101 -0.005358577023429907 -0.0197104570337977
74 0.007432264743411441 -0.012231016566990965 -0.020524641321351095
75 -0.006538174073459559 -0.008360937508460231 -0.02790606110223085
76 0.00048583014115366474 -0.013270784590526927 -0.034772117162615676
77 0.012699270424211179 0.023476848113284522 0.03442885994244036
78 -0.00040078651490277686 -0.01328016831860597 -0.017395417791110142
79 0.001714279285861063 0.017819967185858005 0.04250203785701972
80 -0.0012959529054952096 -0.013158025731987065 -0.029273752752690244
81 0.005622276342683752 -0.011951222494737762 -0.020984336120790502
82 0.0033922206137395883 -0.013622145602486868 -0.01803728200686919
83 0.0011137648996373912 0.02407433164874411 0.04453681347957212
84 -0.00241771703221709 -0.012211867637527712 -0.028112589763770613
85 -0.006209547472286865 -0.005391517204889548 -0.025050706612783136
86 -0.00430423317273047 -0.016535841424517347 -0.020809637691561536
87 -0.002704615516857606 -0.013316756728347319 -0.02274666814537138
88 -0.0011130248788819158 -0.00958531700210101 -0.02962686686545299
89 -0.0027999955274218453 -0.013868600693887609 -0.02391228332894519
90 0.0009686958528277029 0.028638325880977845 0.040760547530295836
91 -0.0057595445731859875 -0.007522802768157831 -0.01451673621182955
92 -0.0048555239934072875 -0.009603162031948435 -0.021058324518269153
93 0.0029751124004056342 -0.013848178061537077 -0.01651953452362435
94 -0.0058673994249776994 -0.011452773012257562 -0.028875795752759614
95 -0.0047310045859437315 -0.011125326815871812 -0.023664050877444283
96 -0.006561631275692911 -0.010677722897215039 -0.022116525959951675
97 -0.003979446004345306 -0.01620984682033659 -0.030708741661984645
98 -0.014506848420374932 0.027283532079560573 0.04126980455769893
99 -0.0014741983020093025 0.01979136786237981 0.04599841836351358
100 0.00822411880783265 0.017190212944478103 0.0446965754575254
101 -0.004683524026410882 -0.012850121314358365 -0.02790635809299393
102 -0.0009725830614344642 -0.0111972759892537 -0.028955958183192885
103 0.001155028700300327 -0.012723834710869346 -0.029276831321050353
104 0.0010761945356879271 -0.009435495407424228 -0.025089480888852253
105 0.008296952332476633 0.01600810664805382 0.038838516466175164
106 -0.0023140823184691905 -0.007923652995694627 -0.02798487044309355
107 0.00440859915208186 -0.007800188317519774 -0.01953899308449275
108 0.0024221661398253773 0.022580640227016002 0.03833901679860468
109 -0.011856844290155835 0.02483560190873487 0.03218330601736471
110 -0.0030606872292405427 0.021048381344880338 0.0352713836717504
111 -0.007943669604800987 0.018484948413327387 0.03957029065264546
112 0.005538650170437899 -0.011954715172001092 -0.022795459183050724
113 0.00316719700210219 -0.013539387762622986 -0.02855548529995236
114 -0.0006825896122331573 -0.011852293397397864 -0.022224429362505793
115 0.0023695302989202877 -0.00664991423234057 -0.021242312755997063
116 -0.011577452426280527 -0.013051254833774971 -0.025567589468987677
117 0.009695463641629903 0.028060091640362436 0.037434708914174386
118 -0.0022550627969165904 -0.009997446317492116 -0.014310917549642754
119 -0.00415693461721689 -0.01557551428034902 -0.020915240592211115
120 0.008381106209774919 -0.011245380537855378 -0.02628326609428469
121 -0.0036946774844925506 -0.010584834827916147 -0.03166424883884972
122 -0.00034337348530973956 -0.01381750499476496 -0.018011900129022037
123 0.0017674642520870143 0.018327188617266177 0.04066986345866481
124 0.008139251649772042 0.017419162576322828 0.04396072260630331
125 0.00583904230395009 -0.012531998347055193 -0.021066643958376638
126 -0.001167210443918855 -0.014140437649370022 -0.021950631012678176
127 0.002648964154751486 -0.00793113029680896 -0.02795254721040112
128 0.0001857585123387559 0.019397833780377204 0.03468269615007611
129 -0.0007742761160626204 -0.010200704283258852 -0.025406521579912536
130 0.004108072555892975 -0.009991942518923581 -0.015580172998340747
131 -0.00038823265028474496 0.020635257727779945 0.033421747078105385
132 -0.002297677727703673 0.025957236448899693 0.03949388811685252
133 -0.0022762383345212253 -0.0072275244825825355 -0.023383188871243285
134 0.0016142448524047864 -0.015275129831377306 -0.02651987620541371
135 0.002488348241064031 -0.010851228626690947 -0.028950904063444076
136 0.003422094006006477 -0.002609299229374251 -0.016435300702383773
137 0.003855233855735621 -0.01502060428717663 -0.021471924850105843
138 0.0021900807621278995 -0.013217485868092724 -0.023205735047730356
139 0.004016895924767935 -0.01050870001467484 -0.02520481219599821
140 -0.004753854145760303 -0.01131414018477471 -0.02835529925765809
141 -0.005557200380610163 0.007195685752430726 0.036506424542811666
142 0.006586915041117802 -0.014791006942001014 -0.025181866871609965
143 0.0016884851904507394 -0.007648442124098279 -0.020921181275764443
144 -0.010223169520015868 0.024713828683886434 0.03605237089614029
145 -0.0010913996285304359 0.02313572055124856 0.044754228275012034
146 0.0005931096547655973 -0.013677014260638838 -0.02831811928305567
147 0.002594787214194906 -0.011697478392102861 -0.018823568665279875
148 0.007169759628380103 0.019458280223663478 0.03953369904875789
149 -0.005329364602533061 0.017305130034630446 0.032474895983200656
150 -0.007191322432471031 -0.012844618302650927 -0.02602704872853113
151 -0.004776891648241528 0.023044704815053725 0.03970632829310101
152 0.004055711780775996 0.022561261256810416 0.04153010413597324
153 0.0030894531999476893 -0.016199142370723382 -0.01997362769338548
154 0.0067703597510204785 -0.012240609017184108 -0.02769472852128496
155 -0.00313768213059374 0.024830399361777295 0.042518009407682855
156 -8.302274433017245e-05 -0.007338795853045775 -0.02266743614270151
157 0.0006181595084840709 -0.004950367200302903 -0.024025971846600616
158 0.0018122041895028487 0.013741249280787873 0.04091168302981898
159 0.005528696705935155 -0.008709959399643509 -0.019719174685415716
160 0.0005759134835785044 -0.013057826010318754 -0.014873920813179366
161 -0.00016262253008304112 -0.009239666441208591 -0.021706674575005813
162 -0.0019931757523929047 -0.010378656466053127 -0.02672508820685947
163 0.0007246681828519605 -0.01176058178400815 -0.022543514158441816
164 0.010460388271691573 0.01515611373417406 0.03441359486171783
165 -0.004489732718250469 -0.010493654810078856 -0.02848334954002832
166 -0.003227777529809448 -0.011126756959006848 -0.026150852806821244
167 -0.0015091384947901118 0.023872535201676485 0.03733906762068313
168 0.006762259152477905 0.025730691847831885 0.02681296481736556
169 0.006538422074180449 -0.008678600459872482 -0.018993821876679397
170 0.0005626071484911618 -0.013638786667114329 -0.02696048922718198
171 0.004949130782146257 0.025540639263416133 0.04241806981785843
172 0.00376014539099033 -0.011688066023239893 -0.021743626741229715
173 0.0047951842096859085 0.01882614101222971 0.043281541660867284
174 0.0031185995743623143 -0.014248157374832204 -0.024841250309141343
175 0.008319355038085188 0.017586559205319468 0.036504271648180424
176 -0.009083422323815107 -0.010978818220977501 -0.022755813436962334
177 -0.006274051985685904 -0.004274926244040925 -0.021854531835891717
178 -0.0055814040415513855 -0.006793642063419973 -0.02129170263857519
179 -0.0010947182084961177 0.022369543430492266 0.04019830564234532
180 -0.005837285676250317 -0.015049486683040528 -0.023896298596698354
181 0.004590740878209867 0.019430192641422418 0.03970760215352052
182 -0.0004955494916083943 -0.015175715277109342 -0.030943216769487553
183 -0.0014202688497195436 -0.010554307205852445 -0.021996312355768384
184 0.013431116685592673 0.01774558512633461 0.039090248990071734
185 0.005304052705915937 -0.006523033713538531 -0.024507631538863848
186 0.00027287341595540453 -0.010343226679089483 -0.026821992384556168
187 -0.005318633569609238 -0.011350320006640907 -0.029116488323807053
188 -0.006391805611553128 -0.012219201654949385 -0.031149966358260187
189 -0.00177650454172662 0.021869215113598614 0.04523178058764895
190 -0.0062182577826488845 0.024958770754050674 0.04458867812234364
191 0.0007613920730136017 -0.007840778363194606 -0.029639506465960558
192 -0.010581456407844733 -0.011276864702880793 -0.025074206285659706
193 0.0028147184617677984 -0.010806624698726848 -0.017121874044170694
194 -0.00034716660516834544 -0.005848746312710887 -0.025930584169723277
195 -0.0006465828813414856 -0.013020898395320835 -0.028621059608960747
196 -0.008189338266377626 -0.002599302476725379 -0.016701067550199455
197 0.013991152400409143 -0.006581498930218498 -0.016456244138578102
198 0.001152239319811942 -0.013307267537146047 -0.021875630154810463
199 -0.0024457567947124437 -0.015086550607659475 -0.021192819879897996
