200 3
0 0.041639907217187834 0.005554700137493152 -0.010541712471070056
1 0.03915910118658586 -0.013924838789013459 0.00013132082972971333
2 0.033653325181006624 0.0019164424083561286 0.007311500573188566
3 0.04123683488766573 0.023367024037220255 -0.010277127848931106
4 0.03829627505299302 0.038524248413509876 0.011762957633231118
5 0.04041845782368396 0.015566841443957804 0.0004477032776914969
6 0.04398080631756383 -0.005469917193367694 -0.028969994035014282
7 0.03873012369879594 -0.027657510600793512 0.02990104627637145
8 0.03829611278688164 -0.0076966192820753735 0.006463661329963434
9 0.04082945755617186 -0.013025914328774401 0.021266015633008898
10 0.041236376179064504 0.011782547006576641 0.014208706004538224
11 0.038297004695399296 -0.03268458262111758 0.0016096749131491268
12 0.03915890189725428 -0.0007804930011017085 0.0017279091184402688
13 0.042434476991516805 0.01748010914384853 -0.009333884241529132
14 0.036510182634023 -0.010087045139499097 0.0016671844279797703
15 0.03696401217201592 0.0006366245375355168 0.019356134228035702
16 0.04359997584228352 -0.030551203422913075 -0.019381214176987852
17 0.043214860839349424 -0.008141957636855303 0.018059443486133576
18 0.03958353116894018 -0.015635274791697035 -0.03985698259199196
19 0.03365281120696419 0.03788618302454539 0.02570441422580247
20 0.04321515030027376 -0.014859929358423441 -0.014532611463115717
21 0.03915923536490494 0.017545175806559704 -0.01568077024695239
22 0.03958319689561116 0.011248785709898785 0.010475562090161109
23 0.03785788010353366 0.009438122493308445 -0.012376590919556429
24 0.036964753906483655 -0.007490904993584601 0.006550000450197059
25 0.03915914621981344 -0.017223363829956043 0.04213730974337271
26 0.04123694567377831 0.012954540830896739 -0.017089044501879192
27 0.039159224762323724 0.007081978817527142 -0.009944584264949133
28 0.03741402827105644 -0.038638021560170606 0.0023198783065451773
29 0.04041838731554965 0.0015499727645255973 0.009159810505081606
30 0.03651014500593677 -0.015556545772297719 0.0003822683047187849
31 0.038295925695937975 0.031179369998545713 0.004350064076115658
32 0.04163978829820331 0.03479797212407413 0.006366446436179098
33 0.031071981858256235 -0.027731570600206944 0.0029163197961487217
34 0.039159123033417814 -0.00849158020434609 -0.015505622413322831
35 0.036964788452252303 -0.013429251781211913 0.0008416392733416195
36 0.034631727205996776 -0.0042180750058838645 -0.010007817482671643
37 0.04123675057127935 0.02640134754861494 0.01683502897990459
38 0.0408298573988441 -0.008919408869402219 0.028627428214442162
39 0.04083018084353984 0.007034332557744113 -0.04105407499789424
40 0.038296228248265285 0.0392940474240823 -0.010173218257666315
41 0.039583731490524895 -0.006511919568891799 0.025832765226433987
42 0.03558277991103726 0.016727866628417794 0.02015511639222161
43 0.03785750152734312 0.0005162751426383838 -0.009503768608171724
44 0.04163993547609588 0.029151412326595072 0.015826899462988136
45 0.036964840680563466 -0.017625601226814377 -0.03714225867606512
46 0.03785741519169661 0.021882329118294245 0.008882333073723235
47 0.04163987598687211 0.0044713899610729045 -0.02851574914358931
48 0.03651010457351048 0.0010838796303485423 -0.01705423100708228
49 0.04282636846103446 0.04170028650947915 0.013664002039458768
50 0.03958325488682781 -0.0200378979171439 0.019303446218435986
51 0.040003127131080764 -0.020764460007434322 0.010494684086806457
52 0.04082995945029879 -0.008863200585995875 0.005815555412644782
53 0.038729869829001576 -0.025453746134748507 -0.018935010589349346
54 0.03741438592507582 0.0009386265911342545 -0.027516594094817323
55 0.042434530536645886 -0.037551892404062245 0.006909084288736082
56 0.04041829628750523 0.028376980333257893 0.027685765821339418
57 0.040829534077030924 0.01520666675948742 -0.006037675756697077
58 0.04359917262891316 0.02375187751230877 0.032546116157346816
59 0.042039472635301806 -0.0071065698287227 -0.03260096025689423
60 0.044359637333166654 -0.010981665716766112 -0.03543953538173708
61 0.03741285040876321 0.03980532504413708 0.020934364655960956
62 0.047977303419694244 -0.033368380078160974 0.02218226584907858
63 0.040003240797443815 0.004098975051481388 -0.009706466721206598
64 0.04203904128936105 0.0261066923305462 -0.00478303981747933
65 0.04620385457285106 0.0030649212806884017 -0.036088537903740774
66 0.0355831813507048 0.0026005218211912536 0.010770939392877035
67 0.040829506199931274 -0.007943772927339348 0.028540488099504612
68 0.04398068198180351 0.024727007539775404 0.010091102353786456
69 0.04082918213112558 -0.02375953000281648 0.02046285451655835
70 0.04163959611572437 -0.014301638154198706 0.037058306251826524
71 0.043214459153552764 0.0212141152133012 -0.009055088204017576
72 0.03872979764271482 0.03157528085537546 -0.005844036443343634
73 0.03915904289041154 -0.04079995145080772 0.0017124474484348168
74 0.04082962649000656 -0.02075711901020952 0.045319039694143436
75 0.04000281192027715 0.006931058696572715 0.001907607116061146
76 0.04082980645764202 -0.02441570746601022 0.00825869440621918
77 0.04082883513089335 0.015869407093975746 0.026989421689822463
78 0.04082965801311323 0.010464189973562639 -0.02100281226315229
79 0.03558314304443531 0.014235493248064144 -0.006193193042745709
80 0.03958353091350531 -0.006870144590244164 -0.0021618626160053653
81 0.03915947728269334 -0.016720807682423844 -0.017945816670033938
82 0.04082982943628908 0.004155613503204484 -0.0009633570792381799
83 0.036964031958375596 0.02674982347650852 -0.0003785942815526473
84 0.03915987311731642 -0.0010276393730102034 -0.027131734077451005
85 0.039583456489422505 0.0020651843832183918 -0.00969667908807158
86 0.03872955077601925 -0.01708838251724206 0.029283596273131842
87 0.04000294742246596 -0.009880274913200489 -0.01468850381063804
88 0.03958353292184103 -0.01588143146242179 -0.020510147115416003
89 0.040003364189271154 -0.011779550739743369 -0.015321517575782423
90 0.03511039062582672 0.013279032821033591 0.012818212601595113
91 0.03915881325148448 0.002105801658204552 0.02906344036107075
92 0.036964640858475346 0.01530743631260151 0.0106615177477626
93 0.0435998835074336 -0.0042153833670454475 -0.014037788635550554
94 0.040829143141201604 -0.019017421965004454 0.0297625590486432
95 0.04041883267592456 -0.03584264115684841 -0.02834652158269826
96 0.03604991954446131 -0.018439935278827407 -0.01869257449007828
97 0.04082965649572463 -0.00554655152735575 -0.01944433456979059
98 0.04243449783259891 -0.0021859331453520743 -0.016705792925838233
99 0.0369649038062488 0.0007638386383881379 -0.0037631462376318016
100 0.041639695602804436 0.009160182097265216 -0.02770579219831902
101 0.039158653319737474 0.012273587342559197 -0.005636944303541432
102 0.03873038947083368 0.015575151184999884 0.0005192631991692759
103 0.03958285219756714 -0.005956695283736625 -0.02319471636133295
104 0.03915881203319544 -0.010624638133107402 0.015010651448661722
105 0.038296326592151944 0.040356134057668976 -0.00863130376914665
106 0.038730333169196295 -0.01509014210356253 -0.02143032267716193
107 0.03741371721482797 -0.013232164365332012 0.012925393817198132
108 0.037857023468908645 0.029737324786313492 0.03835330690973499
109 0.042039122895023685 0.01937930265542653 0.004270806855594443
110 0.04000291758251096 0.019225355645745887 0.00983188129288382
111 0.039583571432718 0.018703580337212557 0.013193949208692657
112 0.040418612468587876 0.015248850106667699 0.003006146904187356
113 0.039159166305069056 -0.006389523392582271 -0.009765881319512561
114 0.03604936045098508 -0.01661115794062562 -0.014844287568704472
115 0.04041850583590109 -0.010402462197882082 0.028519004797903664
116 0.03915893864360311 -0.01804840889390275 0.004073445938315064
117 0.04321458171612991 0.01268278418563405 0.007999018898234718
118 0.03829654686366181 -0.02257983030383431 0.008571741924382795
119 0.04243471365750025 -0.022174650056833015 -0.02611336089216428
120 0.0400027087917941 0.014106670301810537 0.02690548004513184
121 0.041639660786930904 -0.015800874476890367 0.0228780638543934
122 0.04243535624672907 -0.027851707402403385 -0.047311279512419764
123 0.04282642982091039 0.0042032933917950065 0.004224486771214549
124 0.04000273116930795 0.03993650132331482 0.007862905321875413
125 0.0395837466706709 0.0010663962719230724 -0.029154775139319102
126 0.04163961258580432 -0.010400405466070071 0.011563795739425634
127 0.036964693150640666 -0.007164518540578649 0.018598838537299635
128 0.038730084376716004 0.007986809644707731 -0.000179521020127728
129 0.038730628503582686 0.014389669350152392 -0.02658387618028179
130 0.044734290266792556 -0.006942832203826548 -0.0013283380321664313
131 0.03696403839934516 0.021519682128524273 0.008590588964189065
132 0.03829617351068408 0.0320796533247816 -0.0021052550649702374
133 0.04164022941025091 -0.0023046362829423875 -0.039421015266137345
134 0.0428261780354895 -0.0035992299637119794 0.010185055018596146
135 0.04082961852713143 -0.018722040921761805 -0.017505364449714057
136 0.03873071610570463 -0.02372667117765644 -0.0322312306233447
137 0.03915898779712198 -0.0069262880274709605 0.014342174520711466
138 0.040418558032303244 -0.0010625746268877693 0.0008674516699157513
139 0.04473404986186776 -0.029914982668349716 0.0008995767813268167
140 0.04082951598992174 -0.007860259802629716 0.003355878828320947
141 0.038730002725050734 0.03176072337965267 0.0019841483968551484
142 0.046564401616720326 0.0071819767814675336 -0.018956467348737398
143 0.03873045898724484 -0.018425709223231154 -0.0047395354643751724
144 0.03511032868723211 0.019511704449181398 0.009126384936787756
145 0.03829608219084622 0.004069995107972333 0.012132803895464462
146 0.04000313850748859 -0.01294938859671642 -0.023853018466584844
147 0.04000305310755661 0.0064439690430431774 -0.03234570282809538
148 0.04243450512034853 0.02625943473337815 0.005287530589151692
149 0.04000295956798283 0.014043833768540343 0.008023806051274921
150 0.04163978645511008 -0.004915717376891948 0.00892655605426207
151 0.03915875085102606 0.03316188390932861 0.0002528079578382588
152 0.03511014272544265 0.009412428767182348 -0.0007347837202710469
153 0.03915913975941493 -0.01836069573632205 -0.03035173083954578
154 0.04620382652753127 -0.021408388849958413 0.02382039471625695
155 0.03829580189949889 0.05161359990333549 0.0164316802756819
156 0.03696485988876397 0.005236075934377921 0.009742935648577623
157 0.043599432439806005 -0.01516254185849094 0.012557166459922586
158 0.03873033251684661 -0.0018757021589068208 0.0047050563711041994
159 0.04203915196494574 -0.03514517076697584 0.004449226532545855
160 0.04082955546859682 -0.0091731167791661 -0.014967044658979418
161 0.04282643681596783 -0.021745381523203537 -0.03229181593376807
162 0.03829670743550556 0.0030404800853895946 -0.0025679123471489726
163 0.04203937406090158 -0.02079379422994004 -0.030137186320509695
164 0.03558321465990794 0.008097598278910167 -0.005260814076507538
165 0.040829783511917295 -0.014631723050380505 0.032157626412576926
166 0.039583555152097986 -0.02226356917088787 -0.021517613179869752
167 0.03915860530275181 0.011279751272141994 0.010747363865327902
168 0.04321408457897281 0.0434081842891555 0.01898286609394161
169 0.04041883493447586 -0.01205748693270508 -0.012766480218498369
170 0.036049837625978194 0.009434364363867095 0.006130452292730863
171 0.036964334107709176 0.01084390826045487 0.03288086629341608
172 0.04000330201126567 -0.02322371469144279 0.029881783117707502
173 0.04203891726297871 0.020025022998484167 -0.007035189237221257
174 0.044734616381853116 -0.006780177928579432 -0.019072099061576846
175 0.04164024063119215 -0.006374068505310989 0.010527561437972925
176 0.03741444848520062 0.009893223615504036 -0.003167059803952331
177 0.04082997058834271 -0.023529942155170406 -0.017628155806221842
178 0.040417998069128436 -0.011576978244073121 0.006685846490165415
179 0.03829599422294402 0.009089355589559157 -0.03227661463833239
180 0.04164043523218955 0.008005679384490948 -0.03708649338270014
181 0.04000269407208591 0.024392967491832528 0.024704756434855906
182 0.040829948134854056 -0.034134085674923445 -0.0007223718046434843
183 0.034145904760715294 -0.027200452293786485 0.01844448595722535
184 0.04041881399914278 -0.008679177223774431 0.010058737128105148
185 0.04164030580937754 -0.011609220422808422 -0.019146806310639898
186 0.04041853126840952 -0.02118031684147977 0.0059051801108412835
187 0.04359951517419921 0.012904840626832182 -0.03188553335034559
188 0.04435930883889136 0.00014167248526498512 -0.025473726810342944
189 0.035110097518743055 0.0415817752404248 0.026815263022132912
190 0.0443594042844371 4.818030288887775e-05 -0.01251081029857375
191 0.03829616811046464 -0.016956539850318208 0.010629858267464135
192 0.03958350596387889 -0.048489776820487086 0.023611061772449468
193 0.040829865707308746 -0.006570231658808157 -0.0066581698072603135
194 0.04041901240442396 -0.0025671293704603317 0.0021173506704878385
195 0.039583536532331015 -0.005940364040540979 -0.0092361103182967
196 0.04203861910515308 -0.018774065321193984 0.015210235947366061
197 0.0374137067111207 -0.04075042330765171 0.02116170387805089
198 0.04123659997244233 0.0011203121485040613 0.025256523170665863
199 0.043981092564410275 -0.019054124007411074 0.024201672519746777
0 0.040829731774361354 0.03123081402983372 -0.022339154655323844
1 0.03785759293950924 -0.003193284841665121 0.023965129472036526
2 0.04082946468944223 -0.0017085570096352983 0.01474610137861405
3 0.041639645434312575 0.006764852681934655 -0.011350840987802096
4 0.04123673170282353 0.014491157878443552 -0.03545309850064809
5 0.04123667785814567 0.030845653549060846 -0.005049471774894059
6 0.042039398656626335 0.0341132146027498 -0.012651157831567929
7 0.03829624027850131 -0.013694869611427143 -0.013013173987242341
8 0.03915911712447376 0.013511507064079198 0.006075802970920818
9 0.03958354183013154 -0.02864950134852755 0.02831649520105015
10 0.04000276778453797 0.004017269660301404 0.008419570115769933
11 0.03915885923778598 -0.03163475061880034 0.007973371219599477
12 0.03741372347310014 -0.006304318360703518 0.04011359762138961
13 0.04203937936195682 0.001165157575700221 0.003045007741136539
14 0.04359888669601526 -0.0032406183927016136 -0.011528352151912948
15 0.044734179703510325 -0.0022917557987621935 -0.003671735511817647
16 0.040829432456079326 0.03275832429592828 -0.010691643929057025
17 0.04398134734334061 -0.0035900070286050086 -0.023736420677094354
18 0.03829659536543529 0.007122008373539971 -0.002610931010076354
19 0.044734167126778315 0.003278825300397707 0.005307327654200069
20 0.04082974476052529 0.004744075803252491 -0.03653177506825075
21 0.043599626972499216 -0.01508070904670366 0.0014905920068986167
22 0.043599861142763284 0.020450295664001434 0.009081596460728588
23 0.039158833593804517 0.03313481125332237 0.0035148422773238967
24 0.04163956954325771 0.019997841785164387 0.004250052111171532
25 0.04041790573791568 -0.013839907451727551 0.010174591537255905
26 0.04041833143796059 0.011411181068313275 0.002514775013399698
27 0.04359961340399617 0.010897187395762932 -0.001976210321248809
28 0.03605007936875976 0.009946570831455196 -0.019546636263561918
29 0.04243451356847144 -0.0027739206639975306 0.0025578739968171345
30 0.039582951810410306 0.02005124011405233 -0.006515143617834362
31 0.04163958488925402 0.024051347499665428 -0.021634723293354002
32 0.03872987200524168 0.02462371969236615 0.014996170591971171
33 0.03915857480067353 -0.00047412015407052237 0.011789776144123531
34 0.036510084209694524 -0.0025639869212706703 0.015265491286952725
35 0.04123650421470329 -0.010078932301918435 0.05036190521442001
36 0.04360019008418211 0.017683112159861108 -0.02029004325739984
37 0.045840512827666685 0.00752802954877998 -0.020785247946635395
38 0.03915923870413954 0.010875677270490727 -0.02212891347279372
39 0.04510617225029079 0.016550266164599606 -0.018844928746749534
40 0.04359972678848072 0.014536141085118663 0.004162251184673918
41 0.04203943199230501 0.0003695072511574847 -0.03648366054455032
42 0.03829612341147125 0.013089855074172914 -0.016272257884638652
43 0.03915931996241439 -0.024513090879138295 0.02069343491411314
44 0.04041842959402605 0.017755321520394222 -0.02719763984030154
45 0.03741359262367609 0.01139625213760715 -0.0018871485619692486
46 0.042826554373876544 0.014249748170680554 -0.014301838193411251
47 0.04082984749025429 0.001322608118642699 0.02474884982004096
48 0.040003065495949904 0.022095863747780938 -0.02958939289780071
49 0.03873015959258445 0.02724169107207983 -0.018409679449554406
50 0.03604916290453951 0.002635221314292863 0.03536198076201494
51 0.03785742100003158 0.011530898065800366 0.00021721253575689923
52 0.03958310068876473 -0.013026417223227529 0.02818023299227113
53 0.036964496508809154 -0.024699558938074698 -0.010290069220177238
54 0.039583280062342394 0.015057657705009993 -0.012895531384149115
55 0.042434266481627646 -0.007077590835371788 -0.0018241254155418106
56 0.03915896284632978 0.003059938798717709 0.003926417702482696
57 0.038729945335946606 0.02650591374799254 -0.01009515730534139
58 0.04203896198622778 -0.0036449256812319825 -0.004863093449624636
59 0.03958312077106749 0.0013196868003449052 0.0057568369885301444
60 0.04123616397657719 0.04397701627796804 0.01674437751192912
61 0.040829839264963814 0.0032119956022571864 -0.028288962852078763
62 0.03829622876962862 -0.0017826902376939372 -0.002575683257179336
63 0.040003319282818015 0.006237840771122957 -0.0068996701900887495
64 0.04656406361729075 0.013289086586486419 -0.008983537036051566
65 0.04083003898217395 0.004232786942783539 -0.01136758395055621
66 0.042434787425805656 0.0007466358590296425 -0.0044724597328075376
67 0.03315255919526863 0.015588645916821813 0.01613089179974645
68 0.04359949850180815 0.021208328695108154 0.0003288728230121983
69 0.036964766501967464 -0.0005737638015829177 0.013564518544137748
70 0.04123669849872165 -0.02610244886372601 0.016420927920097295
71 0.03915943912555961 -0.00044300983278248014 -0.005905699769998232
72 0.04282637168412304 0.013374103968115655 -0.019299412243900534
73 0.03604970674181645 -0.020165291702458593 0.00850035063110011
74 0.039583099429842124 -0.012872438413395818 0.013646044060608252
75 0.04321484329350432 0.0067534084474498105 0.01172688642202395
76 0.038729951019692496 0.0037846915760172692 -0.02365550388662717
77 0.042038975554846834 0.007386709345987536 -0.011575606685759285
78 0.043214299128800114 0.01956536229584809 -0.016961353343647994
79 0.04282633804523736 0.004626533552718958 -0.0016470258394802291
80 0.0374138474710375 -0.01575621701190656 0.0061939153031309035
81 0.04473399764059161 0.014125329750658505 -0.016393308390545584
82 0.040829469779042296 0.013655266368442645 -0.0070533992881893805
83 0.04584037586469712 0.015291804379645814 0.0012400318194952587
84 0.04656363717732381 0.001843793799463801 -0.010772287301613346
85 0.0420384667223107 0.012358602453254316 0.012792724149980374
86 0.03785756994543532 -0.005163405302900169 -0.009613516718533678
87 0.04282612651312369 0.045298414311862815 -0.0020123468598163994
88 0.04282620613063585 0.002973138217731399 0.01619316065063139
89 0.043599357803877165 0.01678045562536956 -0.007609556388861932
90 0.04243460341041804 -0.0007347728272165049 -0.013584710178214564
91 0.040829355988976405 -0.013827418902298128 0.02629062065681581
92 0.04041841740792342 0.0011153112939577192 0.01779167401606561
93 0.040829668916525313 0.004193725602134403 0.0005062788764532603
94 0.03915827045689052 0.01270563860612339 0.009162071357111775
95 0.043599679405243376 0.01147816179423774 0.007370321383754029
96 0.04203922980282828 0.011546578978685764 -0.024772521827415347
97 0.043599422592433795 0.01605374131756616 0.02499163702850346
98 0.04000250224762302 -0.015659883488195366 0.018454022308957256
99 0.042434535190906536 0.00440852493528321 -0.02087252943138151
100 0.0428265420402927 -0.00141551971341688 -0.025772807107931024
101 0.04203864942200746 0.020394830711913677 0.020299515082380207
102 0.03958298179934111 0.0016796831768224193 -0.015944433752926014
103 0.03872974087489111 0.00263432828761605 -0.009287323719057343
104 0.038729857409306026 -0.020444795072615693 0.029181604932132992
105 0.041236807866118184 0.026957045578585588 -0.018888391796774696
106 0.044359296972926655 -0.0004515887778833009 -0.015077072537178242
107 0.0454743123906681 -0.011991161966996495 0.01566898848730068
108 0.03829678489405808 0.005635028261910997 -0.011909417602008561
109 0.0439811125052786 0.019415187894193015 -0.018077917132003154
110 0.04082973966397872 0.013852579828789017 -0.028479193708281076
111 0.03872975799147787 -0.0035110937259000535 -0.011166864155003418
112 0.03915899242963393 -0.04051395881222617 0.007676959919018513
113 0.03463163128682735 0.009245025306344292 0.026269805216099697
114 0.043214591408693194 0.023615780606481077 0.0009231869348476223
115 0.04359948825627336 -0.027717676219745073 0.023239825958180915
116 0.04163950109914764 -0.02226236623585766 0.014610548318676869
117 0.042039078974182256 0.012313076999047082 -0.023362328519903275
118 0.04321430433391964 -0.02154038802987935 0.03036899543269498
119 0.039583329773196986 -0.015671865997038136 -0.007921302777322215
120 0.03785794739435904 -0.02012139731757326 0.012891890299693759
121 0.04041864799461404 -0.011951857190973232 0.0018367110057361427
122 0.04321459551384003 0.006661170272192075 -0.003228662841197325
123 0.04359933506407575 0.021700085717565692 -0.01951417187184647
124 0.04435915235965243 0.005940099677950787 -0.0031938464444287527
125 0.040829907629415026 0.014452430403688732 -0.0031697675709196583
126 0.0365097087197131 -0.011997805485921017 0.026031488545484927
127 0.03511037610438291 -0.005238783673064181 0.006406771661045264
128 0.038296224301984594 0.010990375217101065 -0.0015232653809193449
129 0.04473373830725387 0.02193216305592818 0.0023304942089415834
130 0.041236417163322776 0.034082446269574664 -0.0026560776391827876
131 0.045106042641173794 0.00822278292001351 -0.0007023999191330088
132 0.042434523036810834 -0.007419686316004641 -0.0015155408125172782
133 0.042434723133602296 0.007759810079419029 -0.024961693737841528
134 0.03785814419948241 -0.011489871500848698 0.005236832460667472
135 0.04123609573500434 0.0255348974516256 -0.015842190883971475
136 0.03741358429581055 0.030195910225714183 0.01812244732173861
137 0.037858201316205355 -0.02143826371994206 0.01605914329999767
138 0.04164012273323562 -0.005486707446273325 -0.009360202113461315
139 0.04000312989920699 -0.0045702192504448865 0.0039808492653868955
140 0.038296431795226744 -0.030038710954087278 0.013435489626491581
141 0.04243491326492002 0.00856059628450585 -0.03427617760178906
142 0.0412368409317742 0.011235790158589517 -0.003461570290613073
143 0.04620436729560249 -0.009421742579553688 -0.037972782006523646
144 0.0404187071678721 0.003327400020302588 -0.011081272312916023
145 0.045840248662334965 0.015017950082268338 -0.005857843451287155
146 0.03958361311039019 -0.016735736217817793 -0.012396159301591542
147 0.04082975594852379 0.009841003566016244 -0.019508038089401786
148 0.04243424750360075 0.015841816510368072 0.007142231272245398
149 0.04123652561180183 0.02021533772579762 0.0019763884387023786
150 0.03696443544959142 -0.014539288125304826 -0.008558025739217873
151 0.04082993608067503 0.010120855422135065 -0.0376039147894092
152 0.04123677254095744 -0.007802393158606499 0.008598551727205547
153 0.04041844090143127 0.019488033268116673 2.3087333688695454e-05
154 0.04203890524347578 -0.010372298679987528 0.009265201737747515
155 0.04359969878209753 0.009018332151683536 0.0004906185088681662
156 0.040830091857041464 0.028827255984453445 -0.010038658122361115
157 0.0382964082871401 0.006255253388050314 -0.015402370001391072
158 0.04620427551723596 0.01509101608080611 -0.015831204597165152
159 0.0424346137847697 -0.009902728728201431 0.014185734095137664
160 0.041236992665201797 0.022586352769609106 -0.041720112159149114
161 0.03604946559267538 0.006729962699042299 0.009860261224575957
162 0.04082912457544024 0.006094333016547052 0.007517319059768244
163 0.03873007807502949 0.02995073693564032 -0.0015845525321237727
164 0.04203898708347041 0.014819986970669507 -0.014303361461234261
165 0.04203883954637268 -0.026291577499457233 0.03984096581571874
166 0.04435908038771412 0.009402469310975015 0.0040017780590747756
167 0.04163998867947346 0.01055261865202606 -0.004741546602424196
168 0.04398088332493838 -0.012327594634231205 -0.007782353695437051
169 0.04321478723771831 0.008367551499499012 -0.013315323959916978
170 0.04359953984207369 0.003620701879765088 -0.013809554336849163
171 0.04321467936693975 0.0017982687376542925 0.011457330715581554
172 0.039158422092183 0.02285331494396573 0.014099275113153764
173 0.04203919670245077 0.019202928061657108 -0.00304044603240351
174 0.03785794744839329 0.010283236853118716 -0.005410281641862792
175 0.04359948524301601 0.040993045507016684 9.359211319766569e-05
176 0.04243459138707329 0.016192509507722847 -0.018299228714136008
177 0.04243452910170726 0.019903373247203482 0.011945852532498136
178 0.039583109968707994 0.012100573861955377 0.027458904925478273
179 0.035583242007961056 -0.0014893213094119206 -0.02175096911022558
180 0.04203937788599281 0.02919570509935992 -0.004579318587469092
181 0.04282644077907185 0.030056148021527947 -0.010915263863987676
182 0.045105991190129584 -0.029052671072827278 0.03524912818333794
183 0.040829560546372434 -0.00945717266138572 0.014994866872852688
184 0.03741398199709245 0.016253439843728464 0.00568784788298523
185 0.03741321746316942 0.021147442556302742 0.006036019535621135
186 0.0400033276856128 -0.009966565609597102 0.009935826574076373
187 0.04041847188014329 -0.005448443963680414 0.0206706738159903
188 0.0404184986249116 0.013212318222977769 -0.023039075753732586
189 0.04398080382394215 0.0028276863742224857 -0.014400534955482967
190 0.04163931798319655 0.030206853013293393 0.025991934910575484
191 0.036964280589547004 -0.026615597127613484 0.046134947224455575
192 0.03873041099467839 -0.04519622095540166 0.053732121810272204
193 0.043599467288005726 0.0015227618867170423 -0.033273027090313476
194 0.04360027403347431 0.01031089869987945 -0.029055263971359345
195 0.04473392316057847 -0.00011569312105135255 0.015480514648492628
196 0.04082918411715692 -0.006398820187694476 0.02422389390123027
197 0.039159395851675945 -0.025521758659075973 -0.014446878062904065
198 0.039582921113400144 -0.018121778392534725 0.029285969612197576
199 0.03741388145596242 -0.023072833214272906 0.0014923080126761348
0 0.04203915561787785 -0.021658364493173175 -0.012756130419332162
1 0.045474846297826395 -0.011302472284110032 0.004606969504318731
2 0.041237224090857935 -0.01936555754112695 -0.016264286041319707
3 0.041639621832563804 -0.018041930380040528 0.008771082912110376
4 0.04041884208010878 0.007404108304383863 0.015674960207430852
5 0.039158763196168275 0.022729417029145667 -0.0028373718756666264
6 0.04123627933690584 0.047399384541763324 -0.022988952500041748
7 0.04584028887544895 0.006954752936789457 0.031395986697034445
8 0.04359963850873547 -0.010331956905942647 0.013940661072879933
9 0.04243472958947024 -0.024917720190612315 0.009233146468152506
10 0.03463147886147855 0.012071019458062127 -0.0018831839353552295
11 0.04282626914905809 -0.011396437241616866 0.004145596438328363
12 0.043214889484485146 -0.018275222051044857 -0.011280274885667038
13 0.04123646226505974 0.019582103509227622 0.012734376207281338
14 0.040002797741063745 0.027171161857220606 0.022172174002404312
15 0.03785753125380244 0.02693581874337801 0.018076086441216468
16 0.04083001523093689 -0.016868346804421928 -0.019347498874255447
17 0.04123683056440203 0.00011279406117529934 -0.019077362761017593
18 0.04000348273943075 -0.013360783343991833 -0.025770726625132065
19 0.03785746133848482 0.009851461084862406 0.007708403152358852
20 0.042038966736087556 -0.0004485654063065518 0.001394407860321573
21 0.041640119847642654 -0.002231935108282127 0.006815742623331643
22 0.03915835020515749 0.020017339903848914 0.011399167346593228
23 0.03650995790753255 -0.0083947930739503 0.04052051072831399
24 0.04584029766934082 -0.015440330681395536 0.021078739033742223
25 0.043599547578146075 -0.004039085246539447 -0.009904578344145303
26 0.03463157629098789 0.012494105088287534 0.009021761667389931
27 0.04203949395633592 0.0010806729592135976 -0.019525849064827242
28 0.04359969690630862 0.004256374674069854 -0.013897884627542796
29 0.047275748047154176 0.0030114307494235816 0.013978368817336778
30 0.043599492288570525 -0.006742391049496671 -0.004526792791905588
31 0.04203869375908616 0.007718737403086908 0.02347135433916117
32 0.04000307032631261 0.025408523136168076 -0.010772068597332157
33 0.03604938991355369 -0.0055971727218150046 0.020409157738884527
34 0.046920943393440405 -0.0039425215268323105 -0.009118655982495297
35 0.04164001774111397 -0.012510828054038227 0.0005237301470389374
36 0.044734610864860164 -0.00028312743118649725 -0.003985452714505169
37 0.03785733093455659 0.011949863744762063 -0.014377705001696784
38 0.044359617526060734 -0.014850393105810305 -0.014044699612391064
39 0.04203921656721358 -0.0025216686236378574 -0.002408996802930886
40 0.037413699298828526 0.02397086180178448 -0.023366799986766787
41 0.040418603324663224 -0.0029932963625827133 -0.005722891144723553
42 0.04000319222217239 0.011964147874505482 0.006601585066513522
43 0.0443597914427454 -0.019580461305508893 -0.019901527522345752
44 0.040002989296467964 -0.003602518766754676 0.029582578332751318
45 0.043214925066195856 -0.011722265190547273 -0.01139665932885874
46 0.04163980448727386 -0.009447766072343872 -0.03217151267633162
47 0.04473463430664959 -0.014705906883261165 -0.007813481372228323
48 0.03650945004504161 -0.023141132773698357 0.0009281628937299888
49 0.042038894804424444 0.014203508547445964 0.028952155843622332
50 0.04082987784099713 -0.03194318739253802 -0.0014252605026922366
51 0.04083002698944136 -0.018010558484802493 -0.027568315383237386
52 0.04164011645447717 -0.04003521547022501 -0.026507008988058727
53 0.046203676100096035 0.002596929657914557 0.018323612050303535
54 0.04282669486906148 -0.015784452198353602 -0.02388876695426662
55 0.041639809750942634 -0.024402553769961477 -0.005894905945011396
56 0.0378578285451479 0.016469516800008632 0.010011402578107367
57 0.03872939855603522 0.03726621409494831 0.017760117817396566
58 0.03696473186122918 0.01626284080646233 0.013906976496578202
59 0.043981129643661576 -0.006090615430370273 -0.02672173520474397
60 0.04243519731208383 -0.025160638904598517 -0.012174233639182866
61 0.037857307500308274 0.033730843373599044 0.023440207361349295
62 0.039158453452371574 -0.013045056554216276 0.0010123359927189826
63 0.045105807052053616 -0.012755487097680322 0.017074546800772486
64 0.03651020882170192 0.017200732034742133 0.0062169047767538
65 0.04282650604305775 -0.04042405290714746 -0.0018077947433088153
66 0.03958317431959087 0.03877394995497424 0.013220003011529978
67 0.04727585262536447 -0.011083510243183811 -0.01509700103384373
68 0.04282661016601049 0.005655325476047926 0.006947086304272636
69 0.04123713367141612 -0.03244310299575618 -0.004308992976815817
70 0.0420390875837473 -0.010712077091436921 0.007712325601732582
71 0.035582905948951846 0.026439179891978942 -0.013983788189195006
72 0.04041864766331448 0.0168059953067169 -0.025241967667867793
73 0.04243465983767188 -0.020325352464480428 0.0022090335503423355
74 0.04282684685895361 -0.01681365571404453 -0.028034038596499722
75 0.04547461260020883 -0.016659869654118673 0.0018775155988524045
76 0.04243480175097551 -0.013758621899227828 -0.002475075882359534
77 0.03829620970548947 0.01904684361921431 0.01214638669552075
78 0.04282682117283807 -0.02625730774707789 -0.012500223836149973
79 0.04041850095454071 -0.0030687069194272215 0.018956459849625556
80 0.040003536959796436 -0.005044002252090962 0.0066114829747114575
81 0.045841354329537946 -0.02539218942055784 -0.010953437648547506
82 0.03958293634260401 -0.011961807504393405 0.008559416700813758
83 0.03785707826666 0.027723998225698866 0.011376328024262578
84 0.040829837187930415 -0.01373704609793965 0.002904756476240443
85 0.03915939611423047 -0.033329223928474545 -0.0414297213610729
86 0.04203936647107045 -0.022199266929937105 0.014743181220434233
87 0.03958359907480765 -0.011061072288452597 0.014283379441140689
88 0.04123651426006374 -0.015107588564965642 -0.022522233371429327
89 0.038730351432190974 -0.0005341635652223398 0.005758376207193105
90 0.04000289481120668 0.013310443836109395 -0.008509150040567395
91 0.044734142006274735 -0.008468561631206652 -0.005364581323133594
92 0.038730129257269624 0.009606280763649444 -0.014798870493122432
93 0.04282659374809232 -0.008914591776997062 0.009440455011784789
94 0.04510571391252278 0.0015578077655129022 0.015514795670399114
95 0.03785812726148941 -0.024616100606439678 -0.014129260045849997
96 0.04435941302347216 -0.007413201781982784 -0.025263694273033235
97 0.041640063162628166 -0.015074829207922528 -0.00840633562563641
98 0.037857657534651985 0.013520406021769061 0.0019449925680724532
99 0.0391587573236121 0.020020086521181327 0.02081814368599217
100 0.03604930318126052 0.04528468218284433 -0.008992124617647224
101 0.044359397238077324 -0.010685315454680464 -0.03163332305926353
102 0.04282627222121081 -0.023424501503582218 0.013538469412252877
103 0.04203890737877739 -0.026425643500961736 -0.004717967875971648
104 0.03915909988972435 -0.030201681947982898 0.00768718280994403
105 0.03872968404355307 0.028770668567232482 0.01673020707959742
106 0.041237208323671476 -0.01879921364780005 -0.024397328846228458
107 0.03696493949018899 -0.008742861190764182 0.0004365844937258678
108 0.03365284404396361 0.023298178483676393 0.025058946683804054
109 0.04321465327793332 0.01249065123733399 0.015203293638454865
110 0.03829668145124247 0.03071749656355343 0.009283172183964029
111 0.0391587752692539 0.02315648806477121 0.012735911531367172
112 0.045474991318876966 -0.030051514281687144 0.029274090091188358
113 0.04282653995426725 -0.014369164908367123 -0.023555616453759008
114 0.042826678943992516 0.022981261286059474 0.008039848616688867
115 0.03785725236735781 -0.015197638994241524 -0.00661716011573546
116 0.041639802185751064 -0.02355458518058777 -0.004183586322788989
117 0.039158747723422496 0.0028489477265568933 0.000545910894267538
118 0.03511035145213405 -0.036084315759786864 -0.010643403596979939
119 0.042826479247564296 0.01834717386018074 0.016090389407931352
120 0.04359894859161391 -0.019470440466629945 0.022858034733938323
121 0.037857963019451574 -0.004243169836565501 0.008613334436995301
122 0.04164054489471712 -0.032043390134089904 -0.02354935558190341
123 0.04082915680135399 0.025313957207293868 0.0032149254267738857
124 0.042039212443386396 0.015793712200265785 0.018939983911064443
125 0.039583373075839076 -0.014712010968318995 0.023391713678824283
126 0.041640211777574564 0.0009084783166827285 0.012329548141994648
127 0.04041893545952716 -0.03271719278606704 -0.02506891002701911
128 0.04041854973905967 0.023236346294998957 0.00296295577026479
129 0.0454749655402543 -0.030966822493740723 -0.00781429186735816
130 0.043215184259896386 -0.01594934723257566 -0.018315979115072288
131 0.0420390271346664 0.011781847115482602 -0.006506931570114525
132 0.03741344521425167 0.028741048384286316 0.034339775322558795
133 0.04547504186386306 -0.0007485689675730244 0.003270498427310721
134 0.04203917948300309 0.0022984947884617268 0.024627714026302715
135 0.04041869221772562 -0.01700986959052956 -0.0010309549330212485
136 0.04243459954971468 -0.02219333100854607 -0.0010214314373981287
137 0.04041861334594115 -0.037220309431395746 -0.017615713518710847
138 0.04510619841126673 -0.016834582868813893 -0.01670479266269889
139 0.043981215049856685 -0.02825177443756462 0.021829582581067045
140 0.04510621621697904 0.028685952760985504 0.0032450082044208975
141 0.03650971836909861 0.030682498566742003 0.008146841503930859
142 0.04083002784475065 -0.015028371185771388 -0.007291922150118283
143 0.041639607323311706 -0.02383474903145256 -0.021357555039640302
144 0.04321410072518527 0.023787275815570923 0.007953840919119994
145 0.03829678418565201 -0.0010531942404594665 0.019260968602623604
146 0.043214396684908 0.013031625784115458 0.006406537681316705
147 0.04041878122538383 -0.03279007782550887 0.000295080976837023
148 0.039582920261601436 0.01830284287499858 -0.012435642659789428
149 0.03650978700288977 0.010739644834255936 0.016370653169964493
150 0.04435879519673975 -0.01959163067546779 0.006107685394742608
151 0.039583665821914235 0.010746311407832132 -0.009056428777882567
152 0.03915915181495622 -0.0097414051879196 0.006787000833934434
153 0.0443594343117049 -0.029073189330422067 0.008447072712323828
154 0.04282613990360379 -0.0123891330302417 -0.013810872786389884
155 0.035110658441423075 0.007669250111420349 0.0017846590937359377
156 0.04398164327316228 -0.029983836714805517 -0.02760102702385913
157 0.04164000579435264 -0.016916832032614113 0.00864019570493189
158 0.040003181525166555 0.015471077722264276 -0.018721947708804434
159 0.04584063933597706 -0.006772163930538174 0.015614921297455198
160 0.04041779724508429 -0.009361817870560033 0.02483116857206097
161 0.04584125529853939 0.005517751912199295 -0.007934115952269229
162 0.04000340250226648 -0.02929525154877306 0.012005391220319298
163 0.039583614979038034 -0.026636613564421523 0.014992034414472945
164 0.041639788951664126 -0.01826756958510413 0.023838368129041023
165 0.043599595284611915 -0.014907514133988796 0.003215647991332821
166 0.03915892455354817 -0.026799093052645922 -0.0009565004129954692
167 0.04041834309040069 0.017213729194314412 0.012149948293449246
168 0.040417890241259136 0.029160654035095487 -0.002817795940677278
169 0.03696459679134585 0.0001701512643830632 -0.0037029821742732643
170 0.04082966804146167 -0.009529717713684615 -0.0004587861452170067
171 0.03915896508611456 0.007650687007653525 0.004170282151191435
172 0.04282657540100781 -0.016208468642045688 0.0037972649364997925
173 0.04203917872654677 0.015191080622448392 0.0044883248952890566
174 0.043599521710011004 -0.019910320802022607 0.00013906799425707756
175 0.03958278367421462 0.03671733518878544 0.030866808353804908
176 0.042039473541034 -0.01427915633622834 0.017179649720296047
177 0.042039124816944766 -0.007935080908957387 -0.0016033077463694135
178 0.045106272166450856 -0.013686888432682103 -0.014184476600770343
179 0.038729319758130876 0.032131634723495076 0.025097135451973184
180 0.042826238877998246 -0.014939039842130594 -0.01723745496899047
181 0.03872988540055939 0.017311788892052482 0.011580896721381502
182 0.03915943764481112 -0.012030027193390516 0.011574913904154478
183 0.04866852674669904 -0.004536674629122837 0.0068550665386482735
184 0.04398052098146699 0.02221210498521645 0.006173259438344025
185 0.041639826523854936 0.0012668907631172965 -0.031725693980118555
186 0.04082929490742757 0.0018767423863501223 -0.00186576315547243
187 0.0454750532394485 0.0026533505162748944 7.14969284347581e-05
188 0.041639952366744934 -0.03241571235692712 -0.022367125856616894
189 0.03915830772442088 0.006435259039372149 0.011394160259462053
190 0.03651026121028936 0.022850512445345705 0.007403294773665985
191 0.042039360858651245 -0.011901826067962683 -0.00924307352701055
192 0.04321466570904733 -0.00926432579698468 0.0347299399932012
193 0.039159261664865254 -0.013431949620389598 0.013512853337755407
194 0.043599202354206716 -0.0054035155571939995 0.0389767538969134
195 0.042039549291525084 -0.016390567388499144 -0.034061965794549565
196 0.043980929515507534 -0.013186286010124861 0.010350887338578621
197 0.04041868746225333 -0.026462363951121223 0.006143439530843707
198 0.04359974934285872 -0.025950773565661115 0.027865443732615094
199 0.04123719335098289 -0.03379512090292155 0.022072032727790167
