200 3
0 -0.3339376852678903 0.11847106337135258 0.22158115029450676
1 -0.36454904898088325 0.25745066180545634 -0.1761051627505491
2 -0.2697326777858424 0.02417968379101124 -0.17216186688084822
3 -0.3897559367821217 0.09515337775763966 0.004699817319737444
4 -0.37128476443644687 0.11058426659256329 0.1439773157139137
5 -0.4363474633091324 -0.3199023999198263 -0.393610192058253
6 -0.2850888026367891 -0.20167683286451002 -0.0532805650465933
7 -0.2993195394505556 0.0389851436080585 -0.12419333556485324
8 -0.39141928813743937 0.11625931106612986 0.21074484244981984
9 -0.3720518177373298 0.07975533967435307 -0.1598794179561467
10 -0.3720067519533725 -0.10921195555681054 -0.14955339731146583
11 -0.27408008748458434 0.16797965387457503 -0.00017843543077459436
12 -0.34354525704340566 0.2831319883073313 -0.11534767332081168
13 -0.3361120232416278 -0.1545177511582652 -0.15345568779210103
14 -0.36517294801559946 -0.2930615029063626 -0.2685604168666224
15 -0.39999789641538896 -0.30861696918068027 -0.25936750044517487
16 -0.31398061925282 0.06008084464979431 0.06847181425186175
17 -0.3950470444331354 -0.06045735599753873 0.14715652363008722
18 -0.3120297063795301 -0.048508224148720344 0.1967751943318089
19 -0.38293273696230845 -0.20899990043555022 -0.02529493733808678
20 -0.47512673883810097 0.2783279587547277 0.3697274559375148
21 -0.4050273497100956 -0.20729056946955293 0.015167515735234942
22 -0.3289304469253304 0.020734675960528963 -0.08595065101633051
23 -0.4270634936391081 -0.1059644705169689 0.011743648582223914
24 -0.3584537454279174 0.12675309936337176 0.2590352073940322
25 -0.3205441189765963 0.07664234259167922 -0.1642119247484089
26 -0.38710965309805945 -0.24004678409312782 -0.05783072349521205
27 -0.3451754697611571 0.03259917275449112 0.34815776574009794
28 -0.45203993395005965 0.021556425771418433 0.17301425224934394
29 -0.3544769729715658 -0.07109505643594435 -0.08591313084950981
30 -0.344761112079772 -0.00041981135493780617 0.38477700487385924
31 -0.3936037821645051 -0.35276468753515766 -0.1350548742445072
32 -0.4059334388096618 -0.21053060941895463 -0.0794824154531046
33 -0.3504471502659757 0.27703357469482787 -0.22394215131186446
34 -0.32851510919133464 0.12587104960925632 -0.09286196739944111
35 -0.40329939803669845 0.28807207575671534 -0.37106091059223956
36 -0.4058599418025416 0.18272644584399933 0.16796901694639002
37 -0.36254214263088086 -0.1419205454749376 -0.11649306359647073
38 -0.3944581209453883 0.009034476586407224 0.23671411540015655
39 -0.4037403893463365 0.02352698351908559 0.16213772517192312
40 -0.3613676344960407 -0.29689192554078786 -0.2644614247673635
41 -0.402106909116747 -0.03415586029827089 0.35403229098045735
42 -0.4111334646519927 -0.22509899765504335 -0.25831983167893663
43 -0.40233042110151807 0.013544139202263047 -0.3714270244827454
44 -0.3675875670402228 -0.021199060669155532 -0.014918180968106449
45 -0.32819185507782483 -0.009411844441326069 0.19410571507920388
46 -0.4005172511769497 0.0468630954822221 0.15267595891176977
47 -0.3847700888162805 0.0855321431627522 0.2550426982399179
48 -0.33639963813239576 -0.026260284038759248 0.28396621559657753
49 -0.39871357484359204 -0.2861777647266196 -0.21616195479383812
50 -0.3633863566589667 0.07339664795604937 -0.19682274130380079
51 -0.35531638254328884 0.06830314494372526 -0.27014922411376946
52 -0.3321698215656967 0.33969161751317467 -0.24940129748634335
53 -0.2656326168538925 -0.006229117711752962 -0.17819370628665113
54 -0.27838006078783195 0.11022900551482487 0.029303540299778413
55 -0.28383916063582065 0.09823623209863255 -0.08957714122321556
56 -0.3306276738395331 -0.3365220688045943 -0.049127421468015894
57 -0.3704386462704673 -0.2713935720387073 -0.3373695655679234
58 -0.31336184007118395 -0.05565625980978297 -0.14395945168556756
59 -0.3854378622307474 0.2707398436147417 0.2080381535382054
60 -0.36736473155553095 0.18447726801086728 0.1750908895959009
61 -0.41993810108603236 0.02810623430925572 -0.23810577235143315
62 -0.3356279208264566 0.16627375712386347 -0.47003940347552076
63 -0.3413502162186347 0.08643373064101122 0.21111952277855828
64 -0.27798995674331595 -0.2635813489908305 -0.2594834817314894
65 -0.3797268670289628 -0.08875456474138373 0.12362765642555605
66 -0.4196154614453495 -0.31140202002831435 -0.16591127634783445
67 -0.36261539357810835 0.27391594623995313 -0.21145699742030993
68 -0.2870692871474736 -0.26611450915599266 -0.09513631151625654
69 -0.3929377385600795 0.19323391263503764 -0.3019392965961904
70 -0.3590973738826717 0.2384994755651642 -0.27688911830108043
71 -0.38001660137326077 -0.09183129444321954 -0.18015737822717368
72 -0.3237295670528416 -0.14134444316415007 -0.293212180220394
73 -0.28333430850597413 0.04396112415034735 -0.14416552339769578
74 -0.3615092777112074 0.25941091078376105 -0.4929615251129282
75 -0.36350866935005754 0.2248853125678201 -0.1055998238353228
76 -0.3514163665307416 0.22637205441337271 -0.1738847108135896
77 -0.38498936839301307 -0.16941115237744572 0.00891467518420133
78 -0.4207317848064652 0.1994877964714516 0.43777384881174525
79 -0.3513596810287951 -0.13166554092893398 -0.2961366125805342
80 -0.3250325389692523 0.19211971583690338 -0.233097328545327
81 -0.44684163718669817 0.1501236866722476 0.4571913111728813
82 -0.3034324273304571 0.1319160387083312 0.20597071974470155
83 -0.38924090411890017 -0.3165865432308476 -0.005934732818332978
84 -0.4168526254568718 0.010883079176065171 0.11581541026764278
85 -0.3400455568122762 0.011802459331370732 0.22425969515364247
86 -0.34330970340652583 0.08190108039086905 -0.19451846245056684
87 -0.3157486902451737 0.055151052703898376 -0.0070715138332054315
88 -0.32177465934000626 0.06885959951656462 -0.20015841114547023
89 -0.36870447208681206 -0.017812508417770698 0.4317255411831018
90 -0.39920082542053104 -0.15134564282092175 -0.10273906452534465
91 -0.312702588592171 0.1613411171074674 -0.21749630605596715
92 -0.42110281292686147 0.05980412975615846 0.005071864215112576
93 -0.4025370074330862 -0.051379177141960664 0.1952047803558148
94 -0.37237036182415795 0.2437501561138708 -0.2705974075047443
95 -0.38912378914760065 0.05929620591755095 0.31159817247728583
96 -0.4146090909814916 0.0566323917812743 0.2550593452060597
97 -0.37004995707666516 -0.027541688048866475 0.3238773686190631
98 -0.3683293637606857 -0.1860022980231581 -0.055230656449079416
99 -0.3837215526749119 -0.2681770018698441 -0.07229304075054313
100 -0.37160747474821404 -0.2967218300104229 -0.12666044672962304
101 -0.31426346386203186 0.058202981389781465 0.08617032102762923
102 -0.3218644106702982 0.050624765909980676 0.18112356716481628
103 -0.3565225548079493 0.13063507901145305 0.14647031437670885
104 -0.3641982963660175 0.21236779721212565 -0.12211660807865442
105 -0.32875705824135953 -0.1532797575313132 -0.11809278753975495
106 -0.42689154295940235 -0.029237403776673623 0.08976639161637368
107 -0.4064207678604424 0.18882110592435383 -0.3117960809279893
108 -0.36255834326791936 -0.08829391472627608 -0.06165466449868776
109 -0.37641715199428877 -0.0627191118818438 -0.23896647884680197
110 -0.29697202266825806 -0.23996581295218408 -0.08808586015181355
111 -0.3957529565744509 -0.20024377188733075 0.032612980124358266
112 -0.4056633944720536 0.08950926257100944 -0.16427557332828446
113 -0.36204687098176264 0.18451666181857004 -0.2005930652909302
114 -0.32058853883997956 0.017329214812153864 0.06554979152510185
115 -0.26611429169075185 0.08142393499595267 -0.23328339281481922
116 -0.39270670332248325 0.10308087084668906 -0.18573616784682992
117 -0.33898355738272035 0.03817547643488156 -0.23108403798380303
118 -0.2726268148281916 0.07660381718963255 -0.09577308584967342
119 -0.464308327978978 -0.10881466745032625 0.16754708372808347
120 -0.3563688115919959 0.2294468710208627 -0.07762125212353276
121 -0.35163497193532706 0.3373918801068197 -0.3016274371463906
122 -0.40304979710626543 0.028857435739140208 -0.10224927652450291
123 -0.46272840660757014 -0.19587820864892733 -0.3142655832936271
124 -0.300161876490783 -0.2791864788873499 -0.30901162223158535
125 -0.3409155849042243 -0.04881639638649961 0.3234877903431555
126 -0.3319296184912542 -0.005987532576255228 -0.1438191757101625
127 -0.4165997083596843 0.17821019968319524 -0.18206878990456796
128 -0.3768220503743953 -0.15620735250309006 -0.35061901030770315
129 -0.3734142989633623 -0.16394796173573603 0.04018693150828854
130 -0.3863020851707103 -0.05726013736704324 0.31095054102545444
131 -0.32713353662253114 -0.27791786809533897 -0.057091341304064666
132 -0.3387815147465293 -0.20423145788831484 -0.14516688753140997
133 -0.4051855345672005 0.19819017456470522 0.26071173350316923
134 -0.3157407228143352 0.16316144770968113 -0.23523051378482202
135 -0.3692879326902673 0.06673651005142392 0.2051421724379922
136 -0.450271396453596 0.006616194781037291 0.08395676000636884
137 -0.3247061593959895 0.3322409511750907 -0.19406406043802563
138 -0.39100297536488954 0.042232170738413524 0.14687956636153468
139 -0.39304065712069025 -0.13528773055669424 0.06754784701589119
140 -0.37743213491225286 0.19525534133703407 -0.1629534968581947
141 -0.38023615516576803 -0.11102420695913424 -0.07400553656722683
142 -0.3636839091871047 0.045675724426436685 0.044291502501128635
143 -0.35698037480216815 0.024282957338295958 0.3206538234975226
144 -0.35575347686651404 -0.22626667283106192 -0.05366429516598369
145 -0.3938372176574653 -0.34527661650504154 -0.01874064329329784
146 -0.3468942172076296 -0.011873712186138585 0.24414106941901026
147 -0.39810762897494056 0.12452982090819506 0.45634297723756595
148 -0.4226291390432562 -0.29401971544885497 0.01722529830752007
149 -0.35623934223441156 -0.22328255258252552 -0.07845091498035123
150 -0.32012879601479244 0.20422791758329079 -0.38526990126404725
151 -0.3120168316265783 -0.20452351212318687 0.11605026535344537
152 -0.43107748903980636 -0.08259903939200572 -0.3358055924700116
153 -0.3317976483937711 -0.02228233567743764 0.27212848797384287
154 -0.29711967673554335 0.07264216273440813 -0.08075929725853313
155 -0.3328029493106121 -0.037252682385436046 -0.16476863210504328
156 -0.321453400852874 0.06433519297826615 0.26477982389253857
157 -0.3328250618019258 0.09482032864978393 -0.46401682904512725
158 -0.3543915233113295 -0.25678778423821547 -0.032014266067950686
159 -0.3261978434922567 0.08138875335066434 -0.13589906823692732
160 -0.43601170135437056 0.05366056024467906 0.36379124552135933
161 -0.4126300075473633 0.012773965230019415 0.32621959399306005
162 -0.44437062674293476 0.007294458928286371 0.18872532426354707
163 -0.34283632181234963 -0.033576454090131984 0.30890496092570674
164 -0.32830426199956336 -0.3377033497228586 -0.12717390984342858
165 -0.36557592598331934 0.3987748313057643 -0.21584077170361107
166 -0.3927758425123306 0.06141263875442634 0.29077979510131063
167 -0.3385752598442564 -0.23643278310265692 -0.13300349873249342
168 -0.36804727766947976 -0.24922660400864105 -0.24566538951996808
169 -0.3377818690079318 0.13065900572705338 0.06617443445330612
170 -0.29829451509648797 0.08620951007861412 0.08366748137012998
171 -0.4784451142403495 -0.30278247260423924 -0.10514319081625209
172 -0.36747330459749655 0.08007608107167932 0.3947654883995462
173 -0.37833008701859283 -0.2287518298717639 -0.20537255824909736
174 -0.3355990016092771 0.01854518850667254 0.06255428719827216
175 -0.37876427813565755 -0.3338251702100898 -0.14884236857623437
176 -0.34033430652658364 0.11988191057463425 0.06740577174437506
177 -0.3724896704056095 -0.06993971881657515 0.30760611685998973
178 -0.43365290650686983 0.1401936663796734 -0.11913287083549591
179 -0.35465783452283206 -0.09073247585140452 -0.2370865677453405
180 -0.39603997037521416 -0.07462944586270959 0.20276161398102413
181 -0.3658709213749181 -0.18629314005413874 -0.18437088739789842
182 -0.30784614402458943 0.17119850748126597 -0.2172352146930523
183 -0.34064304845623855 0.11846119874635645 -0.17416967012581558
184 -0.26717076351118163 -0.23837189033857786 -0.2624209270162102
185 -0.3867168042928781 0.019410813738612955 0.19858273305531032
186 -0.3058325026574421 0.1963738608509146 -0.19318853464604988
187 -0.3698785501847801 0.0029079614405694964 0.248538305893798
188 -0.4459310785382028 -0.18291851509630971 0.28806780742351995
189 -0.34042708142634504 -0.2944617898577546 -0.1506209737136532
190 -0.3703873455081974 -0.279326085673281 -0.10894686857194082
191 -0.4597748157265606 0.16686463194644535 -0.08808643486820629
192 -0.3412471712086972 0.20453585157073645 -0.07195162207031985
193 -0.29064597063018915 -0.05819954859262087 0.08261746889810456
194 -0.39468739468864733 0.009528767751772969 0.05632717286590702
195 -0.3643285773158089 -0.10681381663189916 0.44308351299305226
196 -0.35098086427440095 0.092165074482898 -0.16179508989879934
197 -0.3043630363182138 0.1382631130056336 -0.1547081741169818
198 -0.373786294302354 0.24459719142869338 -0.11054946433618772
199 -0.4380123810802436 0.07491509411383973 0.018553955758734173
0 -0.47439705048030434 -0.10624988525587042 -0.08503779840129284
1 -0.27690503037048997 0.19093041713438308 -0.016992811077099237
2 -0.298009668412905 0.21676909732897948 -0.18652482812332882
3 -0.3996774526546804 0.017692585340531926 0.2355863502335254
4 -0.4064824706939273 -0.1254355075791242 0.12708357126478562
5 -0.39984852289205636 -0.08333782372745795 0.050839501927572944
6 -0.4655856505322578 -0.027631348222655394 -0.021618408516421283
7 -0.3459194306746077 0.3433951062617305 -0.34956055997339797
8 -0.4846895300793292 -0.220665873708436 0.12090055982336924
9 -0.3407187015403146 0.03207122354230012 -0.31971885221135954
10 -0.44975737698012924 -0.0947352269173805 0.19013971768928498
11 -0.332667759233764 0.10993926268345564 0.09265387041526427
12 -0.368893340702838 0.002313591244283708 -0.3119067998999669
13 -0.4780655524485823 -0.20980866797154735 -0.06569173334902718
14 -0.41990192310168595 -0.014348818940062296 0.15128163232531294
15 -0.5284175968903021 -0.21939869129524386 0.28758290767345146
16 -0.46747859015721005 -0.02087230813810179 0.0859944366149562
17 -0.3937118452898073 0.054060708535621206 0.10601422567322588
18 -0.4692226065121861 -0.2055334756808981 0.0665620134940445
19 -0.5102379340511275 -0.11983243226905531 -0.0787900505023462
20 -0.46081637531454 -0.18182874913200225 0.18147513756650585
21 -0.44320830691768665 -0.1101768974637876 0.16020398565250826
22 -0.4848964895953446 -0.16714909686828708 0.040256599070573225
23 -0.4895432337886049 -0.3000481263722773 0.06744564408647956
24 -0.42270551884455076 -0.12540095985823455 0.12477687812301863
25 -0.3821578928573487 0.24998909294358646 -0.2083544305451189
26 -0.4006309166810711 0.06777252350729711 0.10904820868083419
27 -0.404597835543479 -0.17552837981382882 0.006106047693644138
28 -0.3816053046898671 -0.09039235878127301 0.20780548004614904
29 -0.5563538075023946 -0.35063234224159334 0.073570303577043
30 -0.3886543071694673 -0.07199650861878878 0.08168432844821391
31 -0.4613654571572908 -0.29075554451200164 0.2515933154784972
32 -0.4283264481811993 -0.23484145787271077 -0.14757829000927294
33 -0.36491038992322444 0.2953054599493691 -0.4104290010925355
34 -0.29315046847214704 0.221799663256237 -0.1997789484132491
35 -0.30377728305455426 0.20094110795189676 -0.11214431248064752
36 -0.4410515622725285 -0.3015251148705285 0.07665339693700778
37 -0.420204039894784 -0.26440318972214155 0.09624006560699427
38 -0.4089668232029714 -0.2526240950661202 0.05764986449814158
39 -0.4174068385309779 0.12748160028606303 0.029581565490161197
40 -0.513477708837391 -0.12604773779854006 0.3083402550161152
41 -0.41126773078123074 -0.08534448681678011 0.07165292275522517
42 -0.433747891930041 -0.19726762759582217 0.11567981012165911
43 -0.3658561471791623 0.08464902171710692 -0.02209010701195184
44 -0.35008647337939636 -0.0157141230698609 -0.0028576026051993506
45 -0.30998143030898845 -0.2325588937206667 -0.05814579699867633
46 -0.426648816523004 -0.08812171025080627 0.17381889513286097
47 -0.508980891958254 -0.15005575328484724 -0.03633517140663494
48 -0.4566301603226415 -0.11911500121894054 -0.22952625905712837
49 -0.43582978991073024 -0.14927016550979216 0.3824036426201789
50 -0.3859875761424063 0.09765929925460212 -0.1867946565633644
51 -0.4065429053635504 0.12688289856763466 -0.2979653739019698
52 -0.38814838605036933 0.09258288652411961 -0.17448199314534255
53 -0.26717200850226347 0.12151152958411898 -0.07346686802928344
54 -0.4069943423863642 -0.13717767873393336 0.2525672514922177
55 -0.38378944283608357 0.126014515064026 -0.2662745977056042
56 -0.43332566715809895 -0.20688652574957794 0.0840291185169246
57 -0.413485888820134 -0.17499556811715009 -0.10481857875794151
58 -0.3616449313605743 -0.21761234930217632 0.2424105825090645
59 -0.49798512152598595 -0.24249285874973325 0.07322121366872286
60 -0.3911808960123982 -0.09018388516589149 -0.022889491407039688
61 -0.44497687330229163 -0.04268417469794004 0.06694769158350933
62 -0.371263877317315 0.1007321688383634 -0.11023300158733343
63 -0.3909467956739811 -0.1349310913564266 0.051561456763351346
64 -0.3860657759697185 -0.27289903371223495 -0.07565007451321323
65 -0.44766788387837464 -0.30186428867339826 0.20826547883105156
66 -0.46146972715380924 -0.21791249441416083 0.2031920139648781
67 -0.2808690553666602 0.14968227513706586 -0.3172338700956455
68 -0.4221359212439971 -0.057188124796211236 -0.02115055050371218
69 -0.399007457970151 0.18566666206741314 -0.08991723649595033
70 -0.31345964225808637 0.17683073778900463 -0.16177923475998596
71 -0.40345267335612167 -0.08043027468470135 0.08282016543199194
72 -0.4562466330939876 -0.2547300437135694 0.2584459445579369
73 -0.2880908703092127 0.15647946447874633 -0.04776834958267875
74 -0.38601069652639547 0.18156030173394974 -0.07398636294113956
75 -0.33944353183341763 0.30349496258122755 -0.1547719832699182
76 -0.2922495848730303 0.1741956282454471 -0.28781482090475485
77 -0.43465293269155497 -0.11412111911321697 0.21910686552571973
78 -0.38392566964030495 -0.17188274926262978 0.2552634795886992
79 -0.37938967071412 -0.2344419969784086 0.0935843487798654
80 -0.3527672348803795 0.09516728531709111 -0.15297147816612333
81 -0.44884518491728176 -0.17079360317004813 0.08495094478484629
82 -0.5062485185938355 -0.21342537470662973 0.19392559269263487
83 -0.43702386578440217 -0.27083489216767387 -0.032666519822342324
84 -0.3619608467999352 -0.089516488228444 0.016435096551663225
85 -0.4658285271125552 -0.13464276676566403 0.07920857401195891
86 -0.3848877299186221 0.25213361992374933 -0.2474814760189558
87 -0.49088326294664975 -0.352359688109593 -0.008604871575416255
88 -0.30095528755291806 -0.12979517391262835 0.08785552970702286
89 -0.5378032294237739 -0.11812563591695092 0.025192037365882835
90 -0.4498602088504231 -0.10681832447222843 0.24274099219047152
91 -0.39277423608800266 -0.029660524144035923 0.03749654980399644
92 -0.287080925311571 0.0822327924527581 -0.08384622419862053
93 -0.4430078146266253 -0.1434140817150867 0.07961720845210347
94 -0.28284716358021156 0.13213379471306538 0.026638855081103856
95 -0.3749251011905473 -0.1868826298716945 -0.050140086352514324
96 -0.40707742193675334 -0.08023303532902205 0.19811681306195938
97 -0.4326544468689617 -0.3375034663328314 -0.021867084523843155
98 -0.4093424204034156 -0.33449044022426416 0.022416555009850445
99 -0.4400486486488458 -0.37035593715523246 0.10148859067083912
100 -0.5376246333106449 -0.24651824308809495 0.4297499628934731
101 -0.4309700773552839 -0.17532727949863797 0.07890635463464975
102 -0.49086652341428083 -0.12284207373560413 -0.02128785759681644
103 -0.40648900060646 -0.007493009152906306 0.12518913145795216
104 -0.3446996692464482 0.19690733548720948 -0.16625048954948077
105 -0.4724925086836595 -0.062024652119308264 -0.03631955147442963
106 -0.4859038602846836 -0.11875763774840088 -0.21787963566113971
107 -0.3212163421099835 0.18860994775947296 -0.13521249659486326
108 -0.4194690061620662 -0.16512167998465646 0.009468059982485547
109 -0.5119913676960387 0.054405248951322205 0.029639910452752466
110 -0.4569507118448299 -0.38957456606145996 0.21483269973942454
111 -0.4312547663644506 -0.16639571341532922 -0.08924138871085861
112 -0.28084166492534446 0.13848269706684352 -0.23519035896948912
113 -0.32401389617141707 0.19044727531127878 -0.27772877783108174
114 -0.4823411235138721 -0.25097363410400747 -0.01917742991566906
115 -0.2953112521854955 0.2458837100224651 -0.19070845264260902
116 -0.41988838424861114 -0.12227413772581294 -0.13490608523548997
117 -0.423022051073175 -0.038329235841817855 -0.12086054647842827
118 -0.39986432477263234 0.19080482650538097 -0.2990001281445272
119 -0.4234105493537469 -0.13970833053194304 0.017002835556121105
120 -0.2974282681862582 0.09143534461700181 -0.23532750420230483
121 -0.35723128996707865 0.03693046828565054 0.027675522470058365
122 -0.4445406918225314 -0.14156472285386476 0.010149932954276993
123 -0.511028228805817 -0.1792368793154522 -0.020503125775278866
124 -0.5207756745476559 -0.2776330968132925 0.1835753451565707
125 -0.43061676972060886 -0.03301862447801906 0.20317861822028996
126 -0.30166871290103664 0.21217744199014146 -0.3038271740028263
127 -0.3267883706793212 0.18577945268441692 -0.09589909969703939
128 -0.4636779571753129 -0.2027758013669619 -0.10781125823738542
129 -0.5285003733962329 -0.3379198475779012 0.0037452695331123696
130 -0.40224504436169856 -0.2017409938341122 0.12647988972722315
131 -0.3980138678624917 -0.14037447018368623 -0.04181822193080245
132 -0.4197852664856154 -0.12579694378764572 0.12194066791149107
133 -0.45136710402876545 -0.23581979032816996 0.00750213241891977
134 -0.4326327893951542 0.18571829929679873 0.018051444702174506
135 -0.49761590369476194 -0.24188129350524804 0.14038130694436352
136 -0.3445439578199993 -0.17389243689267955 0.03808636021554229
137 -0.3038145622468306 0.22462644323891068 -0.13583740061826882
138 -0.3832569490038965 -0.14345347161782904 -0.1308617274980315
139 -0.3198057156061706 0.09884809574287963 -0.04232890010368334
140 -0.35851043958032586 0.0808123717044122 -0.19507066055073574
141 -0.4311274557443243 -0.18868125634432426 0.3285481517111439
142 -0.4286893868918816 -0.173557402687377 -0.1033757637351506
143 -0.46797273304154396 -0.0823059358352831 0.12002068980603954
144 -0.4928107300150688 -0.12646797931688183 0.04266418338527302
145 -0.4468453678650934 -0.1392352226682 0.08672388912059077
146 -0.4357499679851388 -0.22773635995469504 0.000700436947549207
147 -0.40619931167901463 -0.16454903797171996 0.20383886956109748
148 -0.4715925993547011 -0.19705898439829603 0.23645026546040032
149 -0.4163272192670999 -0.22479463279572362 -0.0391310544366703
150 -0.3860993560125531 -0.10474921202227745 -0.05203769301303079
151 -0.3651982681349966 -0.2687119272268346 0.11094788925205548
152 -0.41940249753461123 -0.0381918699097799 0.23445589988203927
153 -0.4439759133371018 -0.18174323515747742 -0.003962873235444967
154 -0.3624269611193836 0.2974759767253024 -0.27284915768082824
155 -0.428244795836927 -0.2757215106318355 -0.11974234641916158
156 -0.45504748679520357 -0.1563510998422441 -0.0011072329719567953
157 -0.40700603892226467 0.26343980796913524 -0.19584452080420708
158 -0.3878498521642633 -0.04640824387685974 0.1060220649336505
159 -0.3501969584774545 0.32527148319131 -0.32615063680062256
160 -0.5086687708838175 -0.1825591742344635 0.19881496539206892
161 -0.4505245822729848 -0.16082737655403997 0.2443141884062996
162 -0.4113122502584142 -0.021550255692974866 0.0728236685900342
163 -0.4209912358863502 0.05682275186397253 0.2424010467540389
164 -0.37751936387803225 0.058939931777920535 0.02378761255742651
165 -0.3291207366708179 0.21524678046355203 -0.08395196479904815
166 -0.4825143910381404 -0.2683811122539427 -0.036449418476235375
167 -0.4556928037640607 -0.0017618931956135293 0.2076500765960577
168 -0.40597453565338415 -0.028500757150102016 0.17781818054252635
169 -0.4316340035857537 -0.15696154619479843 0.11301729439437508
170 -0.45221742483581134 -0.19080095315267107 -0.04034181229747816
171 -0.42018750452649767 -0.13929292602617976 0.11559731257875654
172 -0.3619124896275704 -0.1647456753615565 -0.06501279868058953
173 -0.38782235785748254 -0.09252999335425331 0.06530690081418238
174 -0.5370754195265585 -0.3138495587041488 0.006630583351035039
175 -0.4046807595017208 -0.09800607694384195 -0.09462756387404328
176 -0.4683037684425895 -0.009461430316501956 0.2566234216366489
177 -0.45312481913008945 -0.36020478990128013 -0.08065660540044889
178 -0.3658785709962022 0.06784684258334545 -0.06601744325454885
179 -0.5339670713427358 -0.3979434001392678 0.08795478048188411
180 -0.4741195468280702 -0.19091381734217056 0.20156188129310038
181 -0.4619690438076813 -0.1283070336991823 0.07736089915060979
182 -0.3542470460352656 0.1383885428881313 -0.2511033571869075
183 -0.3077560890222269 0.26716807914248364 -0.14095235493134742
184 -0.4465887037665238 -0.08212355051529807 0.3229887692552087
185 -0.46524965285807435 -0.18918735212286772 0.0655860533675197
186 -0.33542692968008586 0.2165065057773589 -0.18847984947161034
187 -0.5001708200479763 -0.15625552226707146 -0.1078140373110892
188 -0.4780057345132845 -0.21757999344572845 -0.08456439754251725
189 -0.44976183927927765 -0.2126768141150532 -0.0041319322511106085
190 -0.502758031791114 -0.26551024332266643 0.3265639685725341
191 -0.2942101466705803 -0.09049002372893837 -0.03314471660533656
192 -0.40786060994439505 0.19982889227641198 -0.17663013139794623
193 -0.38994641186177686 -0.06542473028249345 0.1473001928294622
194 -0.41364991124182404 -0.09702740710345158 0.09783490116684214
195 -0.4866746876032385 -0.38072297021805196 0.11000178556391745
196 -0.3400418310039786 0.24765656257766894 -0.2759884760514801
197 -0.3012024406755313 0.13112076001198764 -0.36206979315068477
198 -0.30998705535158766 0.04855065065982589 -0.23871871654814963
199 -0.3334304474791826 0.25526944679157126 -0.19577341432521234
0 -0.4271853868056367 0.1894450267959763 0.09634046528695335
1 -0.40546979992098325 0.26065833701363156 -0.06799497169423079
2 -0.39898478664461695 0.13226393205088122 0.05089137187794817
3 -0.3410372295009767 0.2369152365965618 0.08963027599083091
4 -0.3769828410115007 -0.19346923360546833 -0.2257277451951149
5 -0.4040529494458727 -0.20932130823632739 -0.0303042364461077
6 -0.3678435736874215 -0.13515531379693163 -0.24539825952947228
7 -0.504487862397764 0.12528830533737692 0.01207209135449515
8 -0.3982194167301845 0.18958931689345104 0.11687154871572336
9 -0.37459167156507606 0.239860483747056 0.091130457788958
10 -0.3504066370912755 -0.1571892366566049 -0.47103694077354785
11 -0.445311193944836 0.1711100522759365 -0.05189580905879549
12 -0.45094013191802246 0.27648147503092185 0.06267827382333625
13 -0.37296540637194403 -0.32063619391428755 0.12178759832641083
14 -0.3899457549938072 -0.016610333293193356 -0.04060321618126593
15 -0.3969214593952762 -0.15526216430576512 -0.14719345524932584
16 -0.484370529803207 0.05976541669449041 0.2036618806079335
17 -0.3598897203262755 0.14261090267361554 -0.03373826630109388
18 -0.4887801614200511 0.24309707795930505 0.03781799291514805
19 -0.36251928603726774 -0.15063390261693063 -0.20252227187319122
20 -0.3799569006927851 0.13925298551832305 0.2417372853066258
21 -0.3857951988614542 -0.29086792960757646 -0.015054840936695504
22 -0.4251646148828169 -0.3392813076286173 -0.20338924778304487
23 -0.4991953288583158 0.27276132408360115 0.0402319361886223
24 -0.4594668455501004 0.19451356989188612 -0.20020344737695878
25 -0.4623346815813259 0.0995234956164292 0.05428332365212713
26 -0.3285446116865139 -0.009517251364245654 -0.1146902641343162
27 -0.4369698720324498 0.25354863872932465 0.11817151975819502
28 -0.33313389807633986 0.1362869360182809 -0.14059763573228223
29 -0.36626567264009285 -0.21290750996377064 -0.16953670196420548
30 -0.5392957832860055 0.35923157548373547 0.04286389726527302
31 -0.3137030961306582 -0.18312108978312183 -0.05797046246922344
32 -0.36976939907419737 -0.12249091987780471 0.017958473455426355
33 -0.3107963073696804 0.12997643957552713 -0.005569506823845488
34 -0.473041926593778 0.1591788186367708 -0.09285905270026393
35 -0.5117268280892234 0.07429537332046698 0.11893803316217279
36 -0.4316901668136568 0.20671982986856657 0.1390166220474016
37 -0.386961449745982 -0.31917393229653046 -0.10404272012579527
38 -0.5402669512351128 0.13097541663381904 -0.126412335976162
39 -0.4124111515277068 0.1466112485434423 0.3015746833240519
40 -0.3699668949141892 -0.34280369343947353 -0.1675559902838516
41 -0.41383350797010326 0.3577997957991517 -0.11901157594543055
42 -0.425055225970381 -0.2196467956930262 -0.3614801879111473
43 -0.41390170261234993 0.37549954954765546 0.0483329587941462
44 -0.4099167334687915 -0.14752370081853006 -0.1020310974549849
45 -0.3608401182980635 0.16340446998762134 0.2955628485685214
46 -0.4726407302248595 0.1521310233418358 0.2056001436887536
47 -0.43060661894586205 0.17344494052071835 0.25807064998988877
48 -0.36871116680598354 0.11429493628908784 0.06982862524412917
49 -0.3753010634671579 -0.2868635465665985 -0.400652233648592
50 -0.35700591189465963 0.3013042323024274 -0.015331496078841616
51 -0.4940563521184874 0.1724813066961933 -0.08729147030984874
52 -0.3900480107449942 0.19205846692296685 -0.2267984788913783
53 -0.4362955761062281 0.08606463178116908 -0.11235065340689239
54 -0.46204804637361585 -0.1229556006481254 -0.0374061794157861
55 -0.4893254459496098 0.3757772834864067 -0.02487249128222452
56 -0.3436177796178765 -0.264170629310477 0.10606576244894889
57 -0.30932499161016724 -0.14388195706581294 0.06151897606663996
58 -0.3871434357017393 -0.31557519464685985 -0.27753788072381425
59 -0.44188941123147923 0.2745345490077678 0.12245860904398288
60 -0.4172867841949966 0.09430479164371193 0.006236311701069536
61 -0.3334474752949183 -0.04785079010339961 -0.15111218448462202
62 -0.5245503614931696 0.11007434102425112 0.03921350503039443
63 -0.4274807383069861 0.08219202754178902 0.15266791711456804
64 -0.23685858563356416 -0.1840073258680043 -0.07765356648963768
65 -0.4440460180221058 0.3243534004084744 -0.09388560852847538
66 -0.31672231134260637 -0.41890664494693747 -0.2191797477288196
67 -0.4504410870936278 0.23393802277429462 0.107683926882671
68 -0.29021499854527116 -0.06986434304269144 -0.12870145711074832
69 -0.463785864549257 0.07113265948369733 -0.09563790881195733
70 -0.44420637565657833 0.11748479861652586 0.14592689465336214
71 -0.37705652123433897 -0.08212498164512766 -0.3323085379015901
72 -0.3584242621108176 -0.22691405359448039 -0.18720066305209682
73 -0.33545141835771386 0.1946596473009532 0.27075865374005154
74 -0.4395971666548491 0.12161333028545718 0.13591407997568836
75 -0.4139602197568697 0.25106521545795457 -0.20762825696650844
76 -0.4952048398648354 0.15642236016580488 0.09761741944048624
77 -0.3253960627104796 -0.18968849733966586 -0.20418160932675336
78 -0.45195253540803737 0.35982757898247586 -0.05265814940258694
79 -0.27114010458536875 -0.06784329059904005 -0.004370587454817942
80 -0.4427391447543902 0.18327254244303068 0.11919358881710625
81 -0.4621870019599193 0.256438083752183 -0.007936021044177831
82 -0.48256835043839097 0.20301196398809945 0.17063954547127294
83 -0.3745872174393553 -0.2812540831481941 -0.08956552028367136
84 -0.5042534733352749 0.47728202839041667 0.10972382714657532
85 -0.45969250360031494 0.11807506395525907 0.08792525828464082
86 -0.4406615706828958 0.3004993721894872 0.09639371968142858
87 -0.4353313797902475 0.12358402135381853 0.3475598896144292
88 -0.3951650915900741 0.015514711153562117 -0.006346100557537789
89 -0.43730123663912635 0.20083087436124822 0.007980650867280675
90 -0.28240752718026574 -0.10973285049520146 -0.03239739705775647
91 -0.46789125083755445 0.17712308266184837 0.23092128500869
92 -0.4144556014639228 0.147025824290874 -0.30163048379771856
93 -0.4550684819003373 0.08500963575739776 0.12670118670613298
94 -0.47955753807521967 0.38009004920672446 0.2167027501796045
95 -0.40761162021293096 0.28364248754543436 -0.040117278321594445
96 -0.5052535788170528 0.13203272950528827 0.011446217934256124
97 -0.5031511637711172 0.3234995792796007 0.016311880750114225
98 -0.3226302000781946 -0.06934949445391937 -0.14172548469939092
99 -0.2942940156942098 -0.09387218018334792 -0.263285575998488
100 -0.37702505809780046 -0.34224951071400583 0.04923474219882867
101 -0.48849728451568847 0.22394045496485102 -0.27121260243376016
102 -0.43421388561451296 0.27215144465284885 0.1642636674601696
103 -0.4461835642699371 0.4436192735413516 -0.12591041751388451
104 -0.4106208341100056 0.3161845853025686 0.01969026069572603
105 -0.32891988210324336 -0.1714842914841869 -0.2311103611753304
106 -0.45430028950027207 0.2886671821229523 0.08472643063220915
107 -0.4041514274559906 0.1804233933826903 -0.30238503634996966
108 -0.33578056534717304 0.04613093069427354 0.08132632396233139
109 -0.3482815360148572 -0.26491908135763065 -0.16266172741715484
110 -0.3749415786938508 -0.09554900199380652 -0.05494026887360181
111 -0.39245778390642916 -0.356917436305113 -0.09214031202017782
112 -0.42724715796575347 0.24113816002233815 0.09792335859492451
113 -0.43930424436620685 0.09306073609868967 0.22977890767686254
114 -0.32301309185598376 0.10424036708399043 -0.01829945049950323
115 -0.47519645679752254 0.2986054648277387 0.18443633385222646
116 -0.5208352335383698 0.2913576463960669 0.06803521849788582
117 -0.32544901512443086 -0.26127656101080615 -0.20360099321251315
118 -0.4592424387880614 0.2363468544272933 0.1410243747192102
119 -0.5914428194144407 0.4286565015549843 0.08688650685166534
120 -0.361747275155478 0.22644573147472447 0.3269523039275587
121 -0.4755390664929523 0.20992102521755837 0.2292762327583017
122 -0.497463480167454 -0.014521624764262437 0.10559701669321425
123 -0.3659194028980055 -0.2414396736073222 0.047657766601322614
124 -0.37664267704265103 -0.31658453448373086 -0.0516750817105596
125 -0.4522682261227275 0.1433769991099878 -0.010252007208589256
126 -0.5458862694657398 0.10026003688522328 0.11187897427491407
127 -0.4921444870559995 0.26248678484857607 0.01696769341307271
128 -0.39955224936041495 -0.29052338523298754 -0.12803258412018964
129 -0.37229042814973046 0.25778867718602716 -0.036327437118587304
130 -0.4774029177153479 0.09828495106732335 -0.1870699951891792
131 -0.3152151060226724 -0.10292665090050893 -0.1579696685980707
132 -0.36795044349779055 -0.11231689423201983 -0.03712831222563388
133 -0.46468057341383984 0.294052423748828 0.07075716865101403
134 -0.40885966979135946 0.1956447385464558 0.13914036989717096
135 -0.5443747136954489 0.09322554808336249 0.08481382463780725
136 -0.42717887857878456 0.1378410269873566 0.11498889019877229
137 -0.4418255003625009 0.32278898250655247 0.014080336170335548
138 -0.43844948724126287 0.2071451198449087 0.05919347062330616
139 -0.46748559256385547 0.28792198783226497 0.02247331307330746
140 -0.5883126097780997 0.47228603674362085 0.18503425273892418
141 -0.31300372221732464 -0.3476070953064583 -0.3216205094331629
142 -0.388108985369972 0.16259210594236798 -0.289302508165123
143 -0.4117101929631771 0.4201829854832247 0.02717189467593337
144 -0.31290433175685595 -0.02440800833518981 -0.00860260267016468
145 -0.33495906831138555 -0.1615931407007665 -0.03875508796240018
146 -0.4394550770060164 0.3050398215968549 0.14892442728155156
147 -0.38202253464260205 -0.031725459406027466 0.23370620605441741
148 -0.39713868531221963 -0.20918726378613253 -0.06492938186972422
149 -0.3247013894222994 -0.05823779732645179 -0.0457669440579766
150 -0.44306569433449233 0.11063621929597435 -0.0064028929874123085
151 -0.32691401676223664 -0.2714130758455704 -0.2226213153232753
152 -0.39490024370387666 0.04547667413349514 -0.2660901210624415
153 -0.5131226347577315 0.39122389262948154 0.1683791685685393
154 -0.3803543539772422 0.15243756687021606 0.09473008839897888
155 -0.41251357864838734 0.005371147435895938 -0.1910821579205798
156 -0.4167822961046822 0.05504895180005784 0.17589277530927352
157 -0.4512022840077138 0.3010473162774319 0.20720589518973043
158 -0.473060905790224 -0.4764579536085231 -0.18735961027609377
159 -0.4329427223838864 0.16891997595542654 0.05695377656047229
160 -0.4656311394585895 0.22706454941229576 0.06543625174850043
161 -0.4311798103780804 0.23000371991422622 -0.00028519176032369074
162 -0.42038505510315366 0.20999872605159103 0.0734004975577244
163 -0.4081996133280604 0.1971200196149555 0.07386892556091601
164 -0.3186406792957148 -0.15790312418613414 0.027065248457835752
165 -0.4426072120167881 0.48891389296717364 -0.1890275412443469
166 -0.4708541073073569 0.2995035040560271 0.16597897148540539
167 -0.30317083558873387 -0.1978819346821833 -0.16035196191635273
168 -0.3382606892313816 -0.292119562328839 -0.1501628650375987
169 -0.5059064324721448 0.1748093888427671 0.10693605834372902
170 -0.442979495475917 0.18838669598252 0.2332015900814354
171 -0.30754311276209706 -0.11848456733913858 -0.22059334977199724
172 -0.4780681040206275 0.12788419874316054 -0.17206552728070063
173 -0.34972940690742094 -0.2167375376045797 -0.10490794551302472
174 -0.44537375899728304 0.04267958746473782 -0.04105065350332177
175 -0.2929000022956497 -0.0653717943500469 -0.06649928326098302
176 -0.5242289108635756 0.18506526555323263 0.06429251738646327
177 -0.5122383108229114 0.40287985851721553 -0.13717809993901095
178 -0.46347645815171923 0.09974422229856872 0.12892118308964906
179 -0.3784322174703782 -0.30264838149786183 -0.17485666132244607
180 -0.5212213824645497 0.2603176208281588 -0.021928693776466654
181 -0.4127679213383244 -0.24667365177319003 -0.19845910767214198
182 -0.48942623946763464 0.20079019108510346 0.09340870125330998
183 -0.3842735291115286 0.16774371871956328 0.0639973100228634
184 -0.4145751429513273 -0.10772710370459297 -0.13946386877722244
185 -0.387366312721825 0.16701875952833942 -0.09801516341447486
186 -0.40123729045360723 0.30391996943241595 -0.045918185475422583
187 -0.42573123087298836 0.4368756046724062 0.07270877207336243
188 -0.4346402729323999 0.3184888420532089 -0.1319961763582895
189 -0.36388742811728364 -0.2845854650315407 -0.04230380947468043
190 -0.39853100397627395 -0.07650552184215126 -0.1677953207314062
191 -0.45815671966590615 -0.02793789942325507 0.10888421696361072
192 -0.4013269592337321 0.2527700696152831 0.05631093793652335
193 -0.45548727259170735 0.08025968635596353 0.02004106755922054
194 -0.4993643706624118 -0.10498986252010924 0.12397424881968684
195 -0.40704720241161757 0.14967423992907775 0.03158594687911125
196 -0.3648472594309398 0.06831572107005231 0.27408637173069683
197 -0.4201823251638826 0.05993800925708441 0.1938804576624037
198 -0.42709682258471016 0.3406525990586368 0.09672109298859588
199 -0.38063993029876664 0.14973527563072994 0.10744906538040576
