200 3
0 -0.4625840640098547 0.38996871176678527 -0.11184590346688486
1 -0.25255567824068764 0.02035767744228714 -0.5818245633611403
2 -0.5047932349015875 -0.3916542823798247 0.18317123640834052
3 -0.49452071677368115 -0.35987185597677723 0.3386260731675987
4 -0.46496693569580777 0.42744894685506185 -0.07030348616336647
5 -0.47872025555795883 0.5398821045425866 -0.019001978420862157
6 -0.4387107946719047 0.4530620101226266 -0.07397908653921693
7 -0.5005857416529138 -0.4040962419542517 0.1764411716915689
8 -0.4889083553400922 -0.4214608713195662 0.24033836115483334
9 -0.5399679647406579 -0.35723138958628964 0.19793421070790307
10 -0.5091635473202466 0.4101241294918921 -0.08119775422785856
11 -0.22487734645977187 -0.05536205949191089 -0.6783458449854651
12 -0.47394212155642423 -0.4508870691410947 0.09012187056845643
13 -0.4844012345321306 0.4768867570625832 -0.061521612267876544
14 -0.5112321413470935 0.48356318403998283 -0.04354118662843332
15 -0.483037545410882 0.3886227538859774 -0.10963853474057145
16 -0.4842817813649651 0.46985988689117214 -0.17221317708156544
17 -0.49357897165864656 -0.48884675296652996 0.24708458258212546
18 -0.4744729034881221 -0.4532414550682698 0.04077557869650455
19 -0.4388329884950026 0.4298358945733164 -0.17075048201707602
20 -0.4869215627986528 -0.454563562759116 0.22493067644729794
21 -0.4692808523043843 0.5158604153926949 -0.008447128740244954
22 -0.5042907617098829 0.4780066838394713 -0.04589685132982742
23 -0.45813628013046304 0.46159113410842445 -0.0698216647086456
24 -0.4692898624252351 -0.4365726027337592 0.266691398820991
25 -0.4546904893779128 -0.3435365329907442 0.0682158245805081
26 -0.51025625463152 0.43816796139582836 -0.07477144844891538
27 -0.5109137803596647 -0.41882077643881216 0.2849070496145386
28 -0.5497631794039701 -0.40812817141646307 0.2676850262009614
29 -0.479288590949292 0.48510679682657937 -0.09761157947624897
30 -0.5179018596406901 -0.3760005045908302 0.23579675524815055
31 -0.5171795029208784 0.4121249644565116 -0.09528089807865438
32 -0.4946997666550546 0.4894175954577805 -0.16195293967461716
33 -0.24347260721197383 -0.06384149301191577 -0.44017735798824914
34 -0.19019804702969634 -8.82899171108433e-08 -0.6212774977512662
35 -0.5085212013846608 -0.4343764034585119 0.09902449516012245
36 -0.4536070449975832 0.4929228269864058 0.009886274258429185
37 -0.46605848994815907 0.4492693274867963 -0.12117133013288721
38 -0.46780979422945124 -0.37374185961253226 0.12403155345217809
39 -0.46744337560665916 -0.37491901153874796 0.18884904121206372
40 -0.45046325925174124 0.4231891761423641 -0.11085911651417749
41 -0.452181361654584 -0.37713297385145783 0.13370420870380745
42 -0.5091778860911481 0.40387643592773104 -0.06447642555010742
43 -0.1806461307166492 -0.08279543104024607 -0.5307850153835816
44 -0.44325073770130385 0.5172867066776562 -0.0350329960265611
45 -0.47924170762221363 -0.4531411363322593 0.1776688696840546
46 -0.4610651023904706 0.5431959805271737 -0.1515993873229398
47 -0.45984538223583743 -0.3881401937486186 0.29216317734911684
48 -0.530587723499978 -0.39560689612852357 0.16546066089472664
49 -0.47826464921359674 0.41959332550760603 -0.08672058441962364
50 -0.24975836147050845 -0.059655212071305405 -0.5535996474960972
51 -0.4677155347028852 -0.3843513847600335 0.23871547262744922
52 -0.20166416650907848 -0.002303700428261817 -0.5561701441144921
53 -0.4201160624858301 -0.39910751577598935 0.10189677949099789
54 -0.42475783513182336 -0.45659833911635417 0.285085960595745
55 -0.18361352247478174 -0.10894505312718625 -0.562460184629004
56 -0.44107443477161884 0.49640652903097643 -0.14676936322273595
57 -0.47082352703035923 0.3678662958852483 -0.07558535468571272
58 -0.4474284097239415 0.5079474284097383 -0.10018001895714948
59 -0.4933523122542481 0.4489229128737631 -0.10608759728487832
60 -0.4866008700198674 0.5501846967523177 -0.0593911962011109
61 -0.4797009404951715 0.43038693588765276 -0.13096804373997986
62 -0.5050468077872677 -0.4675334204591196 0.09879859016313308
63 -0.4669027059194502 0.49082716383787345 -0.050955728100170364
64 -0.48502471393461916 0.3313888300506733 -0.08558488319661761
65 -0.5320859247423481 -0.35436659683130445 0.23892884232967718
66 -0.48422516065531424 0.4550018776391277 -0.14865204344547284
67 -0.4391827125711385 -0.3960389861236182 0.06387780517354091
68 -0.4715411265413937 0.4497431867156491 -0.24399316942138466
69 -0.2114252981698423 -0.03890104627009879 -0.6392183131903159
70 -0.5128934733834688 -0.4022036795390913 0.31706843383654976
71 -0.4727844018446523 0.39961447681083173 -0.014993882231907089
72 -0.48985657626639373 0.4970389646195576 -0.06257121818926659
73 -0.49356349376995073 -0.4147983278891135 0.18952524073010996
74 -0.5107871583335307 -0.44727856524096654 0.26457623340166253
75 -0.4465895624917464 -0.4653028620038787 0.21945612364425002
76 -0.46833265018551135 -0.4244866503153485 0.1686418432448542
77 -0.45069769843435215 0.4361945079461853 -0.11351266163868963
78 -0.5298158161010222 0.4921789616230099 -0.023195537313366505
79 -0.49708483835587103 0.4902485304537164 -0.12089959836236155
80 -0.4974266525913159 -0.410198712101075 0.21408999340280055
81 -0.463116672621523 -0.4278137706228855 0.15832684159060367
82 -0.4720933510436189 0.46133635822669766 -0.21910622605496774
83 -0.5070140303846806 0.4428372291480064 -0.031019030082358564
84 -0.4719417794347931 0.4646857660320516 -0.0007803216913703952
85 -0.45815190666643024 0.5286543689417499 -0.1046657486633984
86 -0.4924379232466453 -0.43997224967070986 0.14471223025585145
87 -0.4560098683359669 -0.31164985018578434 0.15195855799441435
88 -0.4749777920995989 -0.4323934718867452 0.08825755455021571
89 -0.502415919923602 -0.4207676087094263 0.3123547561081754
90 -0.519213752840896 0.3898401099262733 -0.4060193511593298
91 -0.441629022136936 -0.39720561475702426 0.24811811934229802
92 -0.5145617583894693 -0.473784450970352 0.3039462657714273
93 -0.5210206878977093 -0.40039538028859795 0.22502352276611795
94 -0.4907007307569957 -0.48078833274553545 0.20582850974606431
95 -0.4648745378676006 -0.39980732101002636 0.11734812622735775
96 -0.5102072908019925 -0.43116023189611125 0.27056621631781796
97 -0.4672352492032173 -0.34385856421362737 0.14133233365652198
98 -0.4939164755448054 0.41764857909503134 -0.0035977440183577064
99 -0.48778187298645354 0.4894743051793957 -0.0340685487506473
100 -0.5306267354079519 0.48621652611178323 -0.11669855530310137
101 -0.4847549930991909 -0.4585495431174664 0.21149060970896819
102 -0.4997240637827462 0.425450659066697 -0.0239879135704913
103 -0.4784723985684896 -0.47592798394127783 0.23583671633775888
104 -0.2823829543590404 -0.11173305112508405 -0.592171134750411
105 -0.5027537532998381 0.47609573903313146 -0.08020070078942897
106 -0.49513978393411984 -0.4150717509644489 0.10937469622712805
107 -0.4911546096952707 -0.3460494306576372 0.17353319188074962
108 -0.4092804296462646 0.44218631252800006 -0.136009180570748
109 -0.4878612958963881 0.44125706270067744 0.04478879208097218
110 -0.4738665568985574 0.43601143563032324 -0.20595260146260663
111 -0.4721394715744147 0.47106600653806546 -0.274872817248914
112 -0.22982726063187106 -0.07845721584357691 -0.5605596725992182
113 -0.49045037000404995 -0.4391297606487286 0.23997000830615728
114 -0.5271317663506824 -0.31731506008584454 0.13684694879275186
115 -0.49595317996328037 -0.3830633447407457 0.23183257521914424
116 -0.4489200959158078 -0.40566247271397843 0.21144919605121293
117 -0.44682365953995407 0.49089591025581425 -0.19143062345889503
118 -0.4429411782665232 -0.35905945298221886 0.14512696901063493
119 -0.4476882111191815 -0.442047145898357 0.06729541157211247
120 -0.43862987266159 -0.3790280735762164 0.2911521492363905
121 -0.48604628170179154 -0.4045087552110956 0.13971026115861387
122 -0.470206146765346 0.4190940877473262 -0.04148685163538689
123 -0.461587420051258 0.41263071484175073 -0.20267373243211562
124 -0.49337041713444246 0.5066120481876524 -0.17335111663889669
125 -0.5315057773624277 -0.3764899139086829 0.1429683043680516
126 -0.46601265480165516 -0.4392847856584625 0.29299932832160125
127 -0.47657366876997576 -0.4373913110117836 0.1551090728092547
128 -0.43199154661559896 0.40008529708616075 -0.03385070912669402
129 -0.49523824680446477 -0.4922191351890449 0.1947055283717069
130 -0.47078633689267896 -0.42747472638950884 0.21918735493306776
131 -0.47478982073595855 0.406895343431454 -0.14009962097134593
132 -0.486952263234023 0.42962053651095755 -0.07616771964090169
133 -0.4630582985127892 0.4195085484199333 -0.2735685573777653
134 -0.24152016367710458 -0.11901982822934092 -0.6382050625979317
135 -0.4503203385686991 0.5253558129305606 -0.16185545317465713
136 -0.4655828733377073 -0.39921416852953834 0.1551070954677601
137 -0.4995342892892861 -0.40231531448997715 0.269699041365269
138 -0.47449546691699807 0.509609359826456 -0.14698330171467835
139 -0.2054590852157619 -0.05099730642966199 -0.4875560047332028
140 -0.2363386539725011 -0.060085180000382266 -0.5941343029348072
141 -0.5087702981310942 0.4537763839827379 -0.08695397635803306
142 -0.46100024698933173 -0.3894449962388505 0.19424539097850185
143 -0.4357160390425959 0.48130266885389456 -0.06445889693243011
144 -0.48328860175406807 0.49002498901905306 -0.14538040859839024
145 -0.5436039323360281 0.41410684110599555 -0.025636565954893345
146 -0.5256637069902609 -0.40674464765483936 0.38200098975258806
147 -0.45826354387964696 -0.3745107153359156 0.1711866037186929
148 -0.40688973878431856 0.47582823561556237 -0.013857901108532597
149 -0.4277854400997753 0.45263175885446666 -0.12486807589035862
150 -0.23091727234690815 -0.059279204862165424 -0.5474475922801554
151 -0.48728923851585176 0.42314891604934163 -0.18116637655429535
152 -0.47099655749076547 0.4967250892737239 -0.041294547005645194
153 -0.46997665405743244 -0.35903224967844016 0.22712853203815242
154 -0.1789257834493864 -0.02405670669952983 -0.6396197874854016
155 -0.4547807406914366 0.5134821657988491 -0.12732834111722982
156 -0.48727531983640215 -0.46246986579503935 0.24781416841433226
157 -0.4908439302065382 -0.3734989085977415 0.27534414927074363
158 -0.45261963884015427 0.5247328234755251 -0.08132914919308444
159 -0.5168935608305134 -0.4211130519252616 0.27856178010734517
160 -0.49031687515335043 0.5016869976602987 -0.17160783847556488
161 -0.4844422728645583 -0.3538574488613246 0.10449903385380149
162 -0.511802468541442 -0.4009179157347611 0.22842421442058836
163 -0.46443622774302057 -0.3856633181075147 0.12357002461921072
164 -0.4974486310585134 0.4510166503406897 -0.20249069443255394
165 -0.5110786986458712 -0.464191749839955 0.13843678773626095
166 -0.4553540466134868 0.5509920344665378 -0.15488927865244123
167 -0.3830965472071209 0.4270026660092104 -0.16586105627237704
168 -0.48912824519384995 0.38591781917193463 -0.169078211335664
169 -0.4615122103851851 -0.475259039642153 0.1351607245052749
170 -0.44185965987423226 -0.43190228838479433 0.24132206510957488
171 -0.43114545905302737 0.4696230592480506 -0.1589393482520699
172 -0.5118600814552147 -0.3394111477786826 0.22784195479745017
173 -0.45976398160932297 0.46325812490109075 -0.08167273633222283
174 -0.45236348342553373 -0.3660792165605296 0.14023966599224832
175 -0.44514724525425725 0.49699475738456567 -0.07464561191009912
176 -0.5442368874629243 -0.40602521316877827 0.13086579099496667
177 -0.48020260263609454 0.4227381410623441 0.012447502435321769
178 -0.2423337425658378 -0.09280875872213072 -0.49760546926196614
179 -0.46764393954838973 0.44968832026561933 -0.17724779522896159
180 -0.47010737549592113 0.4680207649213221 -0.07916090024441277
181 -0.5277740595141382 0.49314049249817454 -0.036321930426975554
182 -0.24482914838671224 -0.08705003014721806 -0.5601765298791287
183 -0.47565863428264976 -0.41655489107352583 0.016731987140139626
184 -0.4489078330367042 0.5292674655127708 -0.11511954309630455
185 -0.45229505191709574 -0.3799417443175358 0.14715976025639493
186 -0.4807339830588108 -0.44060672400772294 0.2070499028249896
187 -0.4634317726570633 -0.4407879304317384 0.27407968663021554
188 -0.4777287440408879 -0.37504392362946953 0.09920543259747086
189 -0.457589682518938 0.3718046718457941 -0.09011902967837539
190 -0.4850617752215025 0.46680642593797045 0.013637362176652682
191 -0.4987635986978838 -0.38036238118575455 0.2429021223924235
192 -0.2108122907134198 -0.03754759876361019 -0.6304619721800818
193 -0.5159132763223951 -0.40861833334497566 0.2917181869221331
194 -0.48082940028203836 0.5145484792723782 -0.11595516882844437
195 -0.4752875584663246 0.47420825060345445 -0.04512568067917534
196 -0.4932642435469608 -0.42445695263018485 0.24731623502197175
197 -0.5240382067292382 -0.36360298557315085 0.1611887889183443
198 -0.4980407686476427 -0.48139203828613947 0.15892869269859877
199 -0.4740240545013078 -0.4051281225054582 0.2565747185074502
0 -0.7364438808128702 0.08247353535843495 0.12000419775829736
1 -0.24026279806181944 -0.05730535184786189 -0.4828004533597023
2 -0.7484554555131652 0.03216490123056979 -0.021734447707483638
3 -0.7895886243447744 0.006798374306792412 0.17699003926819598
4 -0.7539799471075297 0.04430679605696314 0.14947791116340842
5 -0.751998304401166 -0.009380782997228014 0.035542370503225555
6 -0.7666433804883472 -0.04784483941551244 -0.04786759614151434
7 -0.7266600017540025 0.016422084356405738 0.15311944450543769
8 -0.7368469971332915 0.08652050512565952 0.2251131147083737
9 -0.7938025481183513 0.09417433917511496 0.13009425364685595
10 -0.7347915871541962 0.10811850054215665 0.23087562368347653
11 -0.18549319464819305 0.0057148914201527136 -0.41181509884486034
12 -0.7680280544367295 0.06775433877706387 0.1469834838082384
13 -0.7590362158037949 0.07144982159056153 0.13148811364739424
14 -0.76835577555615 0.13279555562926706 0.13108627616239063
15 -0.7703306360808982 0.07387312302861888 0.010624982633249326
16 -0.7838162135215104 -0.052601081187260396 0.06127457824741639
17 -0.794736862230834 -0.004504816054933954 0.1867462951382674
18 -0.7612352430233182 0.05608286958431883 -0.04594459829750675
19 -0.7436473816706537 0.133829165277409 0.15086925413456653
20 -0.7912821818485118 0.05017484037472671 0.20287643542019665
21 -0.7973741272465428 0.044166426796398636 0.12928081894971952
22 -0.7885650878370856 0.011761200315601199 0.29634131540887104
23 -0.7469512609101616 0.031500878368084226 0.09923711817595238
24 -0.7605235524664423 0.0005982852612016288 0.2422932183064684
25 -0.7487942329622936 0.06571168537525642 0.11739985471644869
26 -0.7710022359692806 0.06319327425748703 0.09807367163377542
27 -0.7324923373624369 -0.008267129824755082 0.2534665293028881
28 -0.7633594135339627 0.01616494127610573 0.1683954506945693
29 -0.7363851908275948 0.12988348710739722 0.10949027036943765
30 -0.7844388689891916 0.04187650522409801 0.07304950749784404
31 -0.7350326923839773 0.08285885409721502 0.1580309260632087
32 -0.762869100551843 0.07287300420843539 0.05846391020255754
33 -0.2843782115916047 -0.044389508266867723 -0.6084268994517977
34 -0.19685303369814003 -0.07428738445742118 -0.4851010065372903
35 -0.7578927319055225 0.0012133578202863677 0.16462078613667813
36 -0.7258150858269155 0.019175747149127433 0.149180737947944
37 -0.8007870886363023 0.03157183103724701 0.12030435329826177
38 -0.722161886847539 0.08703071513851966 0.10114743124589343
39 -0.7975423249585155 0.0739650805437934 0.033461656002876906
40 -0.7346550306195824 0.029795448189360974 0.06700939053613457
41 -0.7620109067747664 0.026882372583144118 0.19570437231184296
42 -0.7751593429727388 0.08696436567072659 0.1012835310827017
43 -0.2334177365861659 0.011478773380000659 -0.5833850160311796
44 -0.7652399796544999 0.0427141914359157 0.16716121479953067
45 -0.7501404218468707 0.0469069292361399 0.19239874752704564
46 -0.7643234488201861 0.0733618524871203 0.04928606314790463
47 -0.7242572055353115 0.10494170557724745 0.1461117558208752
48 -0.7698590931304972 0.03826515551735011 0.12548902878151524
49 -0.7765139639934163 0.11057746752294555 0.16901899193972855
50 -0.2168642049143783 -0.09007209342440402 -0.6042663893136405
51 -0.72765787150467 0.06335448871413911 0.01692402008461454
52 -0.2567269622504464 0.0014570548468965006 -0.3867719055780242
53 -0.764832187782808 0.04129828290347523 0.22289341581100913
54 -0.7536998564778757 0.03840388145594225 0.03403678631345728
55 -0.26665162293615596 -0.03382077937316404 -0.40782768933527924
56 -0.7568909130201091 0.02341938121838492 0.11075827368691428
57 -0.7495016632177918 0.07900308277213246 0.16044704988041783
58 -0.7584135841452273 0.013713376106223777 0.08348650680361783
59 -0.7415090290790535 0.1437980108624801 0.2856374669820916
60 -0.7927144376782823 0.08259075127801968 0.11140465615197478
61 -0.7623222501611374 0.013520479812232207 0.1535565874785945
62 -0.7503977736906494 -0.02040708393534384 0.1838279696756844
63 -0.7933220038886551 0.033522052526120304 0.12626555276858104
64 -0.7700352543694499 0.11618057105906951 0.2616824313990672
65 -0.7763132105891227 0.03148956865166197 0.28870325361331256
66 -0.7159692111738867 0.0619879246764047 0.10208422868156204
67 -0.7137662581480401 0.03604206309797709 0.24895628153907412
68 -0.7673831862176318 0.08404940497805 0.14461550419167968
69 -0.24391772270881612 -0.04660232771812112 -0.4098205827265156
70 -0.7702034103254547 0.03223804108270581 0.14279322734718086
71 -0.7588095381032736 0.07413619633395511 0.21697766502562904
72 -0.7360464357296929 0.019495984995430603 0.17291166576630168
73 -0.7592588081527082 -0.03639039943166158 -0.005163255985446731
74 -0.7745511177263893 0.07814370331674146 0.2095080816246693
75 -0.7901441901633923 -0.008322567776572353 0.16993333343014433
76 -0.7721748437197958 0.05024974081440588 0.25687834978752744
77 -0.7887896347506067 0.049857027755246565 0.151317232797593
78 -0.7821445762480412 -0.02740670468927339 0.23805821574592906
79 -0.7897328544593502 0.03455131017737334 0.06093159771134362
80 -0.7595891900189113 0.08219369142409744 0.2512614722092143
81 -0.8106271384270561 0.019397235092329823 0.10792384232941087
82 -0.7674699287471588 0.07359187777930017 0.13569749658907926
83 -0.7968470791599634 0.043665856791466826 0.2794630309509004
84 -0.7762400620960012 0.027721482135980996 0.20880821818572926
85 -0.7753583005040167 -0.07874913939264139 0.05941155193189851
86 -0.7563563606947892 0.1022983618151528 0.19584330824498614
87 -0.7494721893708534 -0.02983888563773298 0.13015571078107027
88 -0.8131787930182294 0.04733046772287832 0.05662095204916577
89 -0.7864943493949329 -0.048782864131452754 0.17423553725517543
90 -0.767561750531152 0.0010120362550899982 0.23608988769002678
91 -0.7159883243150988 0.10742629098715778 0.13354171321046954
92 -0.768048513099305 0.13451646675531462 0.19342690542177224
93 -0.7949079016688892 0.12232325791741523 0.10537007715641256
94 -0.8003123696743796 -0.0285430275335292 0.09079030989095213
95 -0.8010717575088108 0.036768762649569 0.20787396131192296
96 -0.7613358149312475 -0.007862494828877223 0.11884255186286662
97 -0.7350675085066075 0.02961197995237126 0.028121348803327086
98 -0.7216773829276738 0.10557677687771433 0.2108754412368176
99 -0.7781090994263256 0.07045028257311706 0.07948986200983446
100 -0.7705859457611633 0.061611903983065895 0.03458876474559156
101 -0.8028616242782521 0.07208994688101816 0.3048694871710443
102 -0.7782217608438903 0.09440984277073292 0.06851188412049433
103 -0.7802717277929716 0.050147523893305214 0.20956114652337324
104 -0.23091929590589996 -0.0405066552460243 -0.494973320372006
105 -0.7806859130911322 -0.011678852257981757 0.1720628800370276
106 -0.7433527361611482 0.12061364021681376 0.19273947715779718
107 -0.7379535797981002 0.10374806784991217 0.16790083380870854
108 -0.7677735195083183 0.07896457454737536 0.2106167779258952
109 -0.719258872865947 -0.022094781159991226 0.1958586726076916
110 -0.7618614399245801 -0.017459952363899633 0.22007585372986244
111 -0.7471565533110783 0.059196696246371534 0.048858330176308154
112 -0.21676863906067984 -0.04414440514382204 -0.6400196219848746
113 -0.7427162730173376 0.07826207890284709 0.125177088032074
114 -0.7773028743332879 0.00340993939116525 0.11657976691200367
115 -0.7063648086908961 0.02942321847720198 0.2213426612148891
116 -0.7557306908557183 0.08578524083250832 0.15333307119753806
117 -0.7135569339592842 0.07819954720822474 0.09227247587262756
118 -0.7796075175540874 0.03754067387687732 0.13040126262550994
119 -0.8047117445755324 0.06242768920599149 0.0817226055217492
120 -0.7698872971405633 0.12980948801159942 0.2449914998192155
121 -0.8176686212928117 0.04276030648919983 0.1468417104822494
122 -0.7778388681603942 -0.024660512661056594 0.1460670392108391
123 -0.7408013108938616 0.03144434105673136 0.11699862691119567
124 -0.7668597844274289 0.021077191172119206 0.19109254681824994
125 -0.7670876698504088 0.1479081028097502 0.0884298651721051
126 -0.7851308491004448 0.07763560861155142 0.18729962689308405
127 -0.7481289785183586 0.050762939422713024 0.1926560496601813
128 -0.8061349923810209 0.09152350155826565 0.19243936212028248
129 -0.7443629008633316 0.04150217833808102 0.04959763033655912
130 -0.7260583826465822 -0.028962029992781572 0.01529488146798515
131 -0.8313282824277379 0.059139437673826706 0.1831109953592992
132 -0.7951527467416921 0.10657707003276765 0.12853677381815531
133 -0.7801323973027805 0.002365203013091121 0.2545950137641486
134 -0.270652518573132 -0.17269981110870705 -0.4228747554560203
135 -0.74105905849886 0.06737212498543894 0.22391764850877965
136 -0.7849750702635853 0.142556797011241 0.22458904499030793
137 -0.7817988852581796 0.03163331594545633 0.09774685478725875
138 -0.751450145134792 -0.020317145321412752 0.19645869461164048
139 -0.20433972963700076 -0.10703152998179509 -0.5669710414144861
140 -0.2601269163130391 0.041684257799911036 -0.4837546170249855
141 -0.7508032123333808 -0.03418452546926668 0.20474644576005585
142 -0.7498592842116232 0.09546962395487563 0.17009947892170055
143 -0.7779448671805842 0.05206129755847018 0.06088668528318231
144 -0.7695665934129041 0.06121585272459019 0.08562066590989584
145 -0.7613324827777279 0.06400237173684034 0.16696486494378696
146 -0.7577551823067803 0.014976887944555182 0.04372563475708146
147 -0.7835507891030776 -0.0016383239510479094 0.03308606669372226
148 -0.7561682851575021 0.03219101120986255 0.11848435683634657
149 -0.7782806159108993 0.016423300575746588 0.2258984877930734
150 -0.2734583771019194 0.01273406634937288 -0.47562698511031304
151 -0.7537260316627691 0.01225965897638272 0.23083728718993896
152 -0.752984349551866 0.08996914498132805 0.15838055192446765
153 -0.7585369828816668 0.08214659827963779 0.22046957951860913
154 -0.281532222481933 -0.10302809094602196 -0.6429547101093427
155 -0.7270751889042899 0.07334667645705718 0.09946299129942421
156 -0.7195912856351488 0.025715963817619033 0.20747747548499423
157 -0.7823581078557497 0.012277329955996107 0.1248458975995715
158 -0.8148281846172805 -0.05234764536233149 0.09385771754873147
159 -0.7639663611562513 0.04159081897634809 0.1552129233375437
160 -0.7942572042844664 0.11335713363118712 0.31110704691561136
161 -0.721488698024317 -0.008766650119646594 0.24383954411048947
162 -0.7411256501862508 -0.022271220423717864 0.10177413014236057
163 -0.7343701029864003 0.011058382505478935 0.24661651214304595
164 -0.834463065938361 0.03948970767497164 0.2160689513847498
165 -0.7461780193383367 -0.007520170519593276 0.11762257226960882
166 -0.7700849766369292 0.05883109969699835 0.11686699566503787
167 -0.7506560807852836 0.01863730792729755 0.17401658591158606
168 -0.7958401554506029 0.0711230976005217 0.1917675441434673
169 -0.7915043294113226 0.0487377267279234 0.19686595768632248
170 -0.7513019147452872 0.009892714406232713 0.11770243664254598
171 -0.7730083400802528 0.039275789645700956 0.0734945388598705
172 -0.7849448635781195 0.00975897396029316 0.1771291970652164
173 -0.7972339738498168 0.04220590477168501 0.14814389447240559
174 -0.7722682074839994 0.1602714747272345 0.20876854324069147
175 -0.7712289645612335 0.06383951156525254 0.1377584980948708
176 -0.7621511426465543 0.031945117573611084 0.19740073868740463
177 -0.7680409975088698 0.06106592563165283 0.3343971091707964
178 -0.18451357967058288 -0.042284360592202634 -0.4655158736378584
179 -0.7427239719662799 0.0698486269513036 0.09018547078073175
180 -0.7953934732887955 0.01694625577904401 0.08549081067276998
181 -0.7943525844397668 0.0452938878304566 0.16494444706675696
182 -0.21844377890580044 -0.09416459131224675 -0.5823855515914158
183 -0.744987603938687 0.004242883874208003 0.20315963210798801
184 -0.7839628958984579 0.05716371160397785 0.10027451002156892
185 -0.7457963534965217 0.04845736024095874 0.09949223667285936
186 -0.7789349762957155 0.043627523584093164 0.24720444828786464
187 -0.7466999406213731 0.003235469828785725 0.08890170461442608
188 -0.7310130818971785 -0.010779759366942962 0.028784342651634064
189 -0.7718689208688047 0.0040904333751984575 -0.03596748403117214
190 -0.6852870436388075 0.06140053706045807 0.09802666730017644
191 -0.7667194826089218 0.10443173868444991 0.20670613967397905
192 -0.23833694327397614 -0.05406067176970208 -0.6224273993752825
193 -0.7534863763018111 0.1311312040561337 0.1554782381942373
194 -0.73877462114991 0.1417056360835582 0.162642786377672
195 -0.7276773961731118 0.09326202240907265 0.15708822634977568
196 -0.8296343807942432 0.04676101172586328 0.12221470198573718
197 -0.7818805378307772 -0.04804615730059366 0.13199171787428102
198 -0.735494621409157 0.054473882285645626 0.1759484764032505
199 -0.747253759739752 -0.014534658385013454 0.04737048750778117
0 -0.43073215332353026 0.41313816278895565 -0.12365347038153245
1 -0.5011449210624185 -0.4473714756560994 -0.23494441770001723
2 -0.48240026138125625 -0.4529387041593686 -0.30264587150451405
3 -0.535471117677546 -0.5595800394546421 -0.21318614074898498
4 -0.4416157179384885 0.475345441235937 -0.12462866133065319
5 -0.45834637101924935 0.5189946744057949 -0.004204534552802562
6 -0.46927309892768854 0.43603519428975385 -0.08378055158199407
7 -0.4982007773279804 -0.49424095546965224 -0.2788087243931939
8 -0.5154122892809926 -0.504262191031989 -0.4251067376754874
9 -0.5452778230538052 -0.4297744087928854 -0.2622528502544388
10 -0.46098432201999173 0.5223816015913383 -0.3311485100641029
11 -0.4404648659410248 -0.4844285115802199 -0.132005693186293
12 -0.54279234852452 -0.5243369882296797 -0.2984125404601428
13 -0.4790228906861126 0.5001660934243535 -0.10311718577593613
14 -0.4537283412317969 0.4217685302525542 -0.07805788635076275
15 -0.5205161450855272 0.4406797788015274 -0.16402943565254602
16 -0.49304101128751177 0.4585973414327673 -0.17938626197167556
17 -0.526042723492633 -0.45159749917742553 -0.16830259173148476
18 -0.5483902787558089 -0.5658712283809064 -0.25167415314814245
19 -0.47532220246579515 0.44442555013628104 -0.05316209328211511
20 -0.5080648090323648 -0.5108723102896046 -0.26143450612693303
21 -0.49754932815490854 0.48560694982731245 -0.12069017013021548
22 -0.5026353044595698 0.5273708531603626 -0.14640379705200568
23 -0.4998504331951887 0.41610182388847883 -0.06055213243865468
24 -0.4803040312567899 -0.46407901025990256 -0.3040143560048878
25 -0.560556727485638 -0.4209143868769789 -0.2609364316999093
26 -0.4954229537253527 0.39181055741036114 -0.10936483677558255
27 -0.47331285015399627 -0.48263876084876267 -0.20352615454722278
28 -0.5362939206395234 -0.4733224581876684 -0.3080179084653205
29 -0.48514788220876603 0.4294550210647978 -0.051836775423507266
30 -0.5365583036643768 -0.5202930640975929 -0.21292033105395555
31 -0.4198009904865747 0.4215519632835848 -0.11743643196798154
32 -0.46910288721180343 0.4779271086447133 -0.16579031109519352
33 -0.5446964873808375 -0.45174651329505733 -0.26378398419307925
34 -0.5426462194154359 -0.3822340570354539 -0.2633766942683972
35 -0.49430345776746065 -0.5147874514527018 -0.2560402166585685
36 -0.49368753553552436 0.4005395292435592 -0.2341451553730411
37 -0.4731656116769513 0.4684719716171949 -0.1331020316119796
38 -0.4986555973756073 -0.5273874104249747 -0.327947153512559
39 -0.5001674037120819 -0.3998027621463605 -0.24565905593568363
40 -0.47188390155354004 0.5248758628871381 -0.13415509229204875
41 -0.5310770598921931 -0.5205031084593766 -0.3210718650274863
42 -0.4902286824139476 0.398717642349992 -0.1662671485928257
43 -0.49544147723428295 -0.45638155125496355 -0.2452523057385928
44 -0.4720005565764069 0.4461937426085992 -0.08946559240448827
45 -0.49554375381929044 -0.4917170288507971 -0.22959802002389626
46 -0.456925467113404 0.41648486610499424 -0.12306170798215789
47 -0.5251600325823498 -0.4431232875237804 -0.39798577530821017
48 -0.529284419854548 -0.5073565913304107 -0.16585272049501604
49 -0.47863807877273734 0.4714952617319207 -0.19262476070820544
50 -0.5179471928769985 -0.48090501808428815 -0.35278512400096074
51 -0.5143693793681751 -0.42337916199351733 -0.2944324076912604
52 -0.5468355218120221 -0.4733558459658141 -0.2854576101173817
53 -0.5455789390609515 -0.5027707029476592 -0.3166078904317806
54 -0.477948641315188 -0.5419005062951467 -0.15770742385706826
55 -0.5061367734662351 -0.4885486772957813 -0.20832107000629985
56 -0.4815581288523526 0.4774200187801054 -0.1095716407600518
57 -0.516586117816991 0.46423930792310125 -0.12858187057496484
58 -0.45640123768256213 0.532577493584718 -0.06182786084027769
59 -0.4469946277729065 0.5290514036549983 -0.09536282160831247
60 -0.4687734765773853 0.4222854511144027 0.01264023784945208
61 -0.45569615657787704 0.4425528640500516 -0.043032422081898315
62 -0.43808292134115284 -0.48612256057035286 -0.26298273143115714
63 -0.4458925989201907 0.4903263453769839 -0.05050762147544096
64 -0.46853589874369056 0.46240447910493443 -0.09403161590926155
65 -0.53520131774119 -0.5166523696456911 -0.16598349235333032
66 -0.42677764937265683 0.4341724607743927 -0.04015484486633085
67 -0.5262874956369711 -0.5547656765151232 -0.329153010444454
68 -0.4770007878179201 0.4539783914973633 -0.21815644362300637
69 -0.5114454320824792 -0.46275595558757326 -0.3409008897188197
70 -0.5229113186544805 -0.5281380568800903 -0.19128256536475396
71 -0.4940215222414761 0.5158827085734136 -0.010786274358665783
72 -0.44693549606803246 0.5379565596129556 -0.09345978605469842
73 -0.499640082895631 -0.363471782365432 -0.2891842127595435
74 -0.4985555269407903 -0.5109701111671121 -0.24330995820209605
75 -0.45964117226776796 -0.46521771872113005 -0.32235814659459067
76 -0.5626209437008104 -0.474233019021656 -0.2791105752199869
77 -0.48876955572331016 0.5454519724833833 -0.16112286278331286
78 -0.4952471988984726 0.41039421198084275 -0.14495759690052923
79 -0.4800820656935184 0.5651623784870256 -0.15862105330303103
80 -0.5247778215959807 -0.42310018664442584 -0.08132813510546841
81 -0.5288445570650294 -0.4762746954833689 -0.16974385894549757
82 -0.47473586638579174 0.44250669415661487 -0.010185153315645732
83 -0.5474525276819895 0.3845980499471992 -0.09482674201962307
84 -0.4797663165022089 0.48220556378829493 -0.0755237178185036
85 -0.49288320377595696 0.5303086186151205 -0.031349254709304754
86 -0.5143643837253321 -0.5329636649852039 -0.260201049282887
87 -0.5258894325032416 -0.5634688105078847 -0.3146545685374258
88 -0.4988606706385878 -0.3640294062122174 -0.17866565562073913
89 -0.5686522562122606 -0.4582264642409808 -0.27607166618233864
90 -0.506278187475007 0.46516672633994827 -0.04852148429473029
91 -0.523088170285977 -0.4673107637907136 -0.31617887072233997
92 -0.5207434768665152 -0.4928783545047199 -0.3135034178668578
93 -0.546081046902848 -0.37237878158015714 -0.3385434533127216
94 -0.5359972926184525 -0.48920162719936716 -0.2547146213302929
95 -0.5207271689941221 -0.4470965163447414 -0.23096695469263231
96 -0.5130839281695648 -0.48223009209562606 -0.38063819282460876
97 -0.5333775442734633 -0.5242433693089564 -0.26557603035484034
98 -0.4658497808178433 0.46172472784560514 -0.044246384951620074
99 -0.5205699561888215 0.43881457839537324 -0.10612930994292838
100 -0.5027414616580653 0.44232387892684605 -0.16811691892148395
101 -0.5090671264794887 -0.5564379704844912 -0.3454560823680729
102 -0.45012840156155054 0.5201100144078655 -0.21730804473905596
103 -0.4597669815578038 -0.5316355683841082 -0.12803917360100733
104 -0.5646927628399155 -0.3659949302565834 -0.38220103125496024
105 -0.47235164797219176 0.42488872466297456 -0.1188827463837565
106 -0.5140027366823239 -0.46833944017045565 -0.2748726537072527
107 -0.5682186643550441 -0.46804892731398906 -0.33091615599991786
108 -0.4535940691726529 0.4860537278661123 -0.17016634379193618
109 -0.4560779325033561 0.4733007331020417 -0.02719818825628601
110 -0.45891201199049286 0.38450740413635276 -0.1133372516693058
111 -0.5208660554208805 0.47242957068743613 -0.05014707942535783
112 -0.5038823075527981 -0.5034108801659033 -0.2608110397788415
113 -0.5538345827409564 -0.44573503535033965 -0.2659663425423428
114 -0.48297940361344055 -0.48724244435107344 -0.2676394851478324
115 -0.5017643727233556 -0.4487970246173176 -0.2930933360893892
116 -0.5167692387111551 -0.5725491541793805 -0.2876903728546838
117 -0.5156229708196288 0.3841827668764153 0.0003155733401915716
118 -0.5156111797527384 -0.5656729270466776 -0.22026471744939644
119 -0.5057827310548727 -0.5523920174459046 -0.3235722719047093
120 -0.5077204390391185 -0.5117696627924675 -0.2725236416521476
121 -0.5113645413527258 -0.53014376228211 -0.37393036349155
122 -0.47688708704175864 0.48549919148036536 -0.12084477350197548
123 -0.4618239079289305 0.47316498389247824 -0.21279511508663612
124 -0.46242098279465615 0.5496538174119251 -0.2778733729327898
125 -0.5364818475723308 -0.5070441971765443 -0.1842433632966561
126 -0.5066607684649946 -0.5222383357303017 -0.29049201375817935
127 -0.5293790361011229 -0.5020044942179088 -0.08357360527643558
128 -0.45455210290205655 0.41441952565292367 -0.08914136165323844
129 -0.5454427901177683 -0.5199318949717068 -0.31402463159144733
130 -0.5139326527965471 -0.5100652000862046 -0.3458063801177926
131 -0.5053771154544237 0.5456392144388783 -0.07704725078927668
132 -0.44659290501813903 0.4820381767407063 -0.1376724405316865
133 -0.44615699790869046 0.464820147933237 -0.19565473590472615
134 -0.49773461340443054 -0.4387877082092346 -0.2763764672807429
135 -0.4258919112712736 0.4784165949192469 -0.18897246321682845
136 -0.5276141960140357 -0.5189415272690374 -0.28944539497716504
137 -0.4967590987841149 -0.5062006357670563 -0.36926166390160264
138 -0.5004957638410137 0.49672200225213053 -0.06488279804625463
139 -0.4936000933146934 -0.4446191612670387 -0.04773052388888515
140 -0.500830050740239 -0.4480812875093215 -0.32903880919801703
141 -0.42856992095350943 0.48794503987835774 -0.15867859097024203
142 -0.5350512974939985 -0.4473675087612781 -0.26499313481719805
143 -0.49267758261358896 0.3852589502291335 -0.12247567641900173
144 -0.4626807294156743 0.4292902529452071 -0.12230529459890993
145 -0.5028335291965074 0.4795744244039417 -0.200917485939408
146 -0.5472598283213531 -0.4334076575997144 -0.2135212460572321
147 -0.4996357789228828 -0.49198791218292315 -0.2534827529688311
148 -0.42230663725589823 0.48604241038483215 -0.09269571401318503
149 -0.4603182560943334 0.46775415999475173 -0.05283567441436557
150 -0.5413276755113541 -0.48208197167909433 -0.3017778614335255
151 -0.47315551740166906 0.538308089694971 -0.01448786059043361
152 -0.5043074671540387 0.5264251101629868 -0.08608192021198298
153 -0.4921760331054858 -0.44915271198007933 -0.210107302841339
154 -0.5177795181811331 -0.6201509288833876 -0.23220564304030586
155 -0.46013811243425945 0.4317354359272867 0.036841424448626724
156 -0.5364788037763277 -0.41026267887699763 -0.32851900211154317
157 -0.5190376336256622 -0.48839481649339317 -0.18561012528803156
158 -0.4834457850392813 0.5871154839657277 -0.018353606364349784
159 -0.5429546511599858 -0.44339205864512715 -0.06046589571474324
160 -0.4772735436473057 0.47573406487766173 -0.03426274024760122
161 -0.547980696192302 -0.5036367584640592 -0.30280645679033985
162 -0.5609194393381773 -0.5188038720159199 -0.29691527664252054
163 -0.5097762110194956 -0.446640538601275 -0.3154972238654974
164 -0.4828174860220525 0.4266275967022193 -0.11365719595587816
165 -0.5460719082490546 -0.3982182934263307 -0.24861178684465302
166 -0.4765362991238242 0.48580898993650784 -0.12926413903997044
167 -0.48425373177086944 0.5210284288330824 -0.1853529286778646
168 -0.4500058486949577 0.522767846774542 -0.13147629718715798
169 -0.48062379054288146 -0.451303507603337 -0.2769652197167161
170 -0.5187327287280776 -0.47005920393459244 -0.14777111722332886
171 -0.4311497876456096 0.49688957425446756 -0.14201315202880008
172 -0.5305239973390504 -0.405004576520342 -0.13937710564032899
173 -0.4893050116951648 0.47945314958460733 -0.33496385318928823
174 -0.4770810543002985 -0.5095848659164965 -0.25502287427679743
175 -0.42853147463325586 0.3764705674355323 -0.14152971747643756
176 -0.49023992840888314 -0.44199121619774695 -0.184327281745457
177 -0.4547176490069541 0.46058299332484215 -0.0821633210790498
178 -0.46535505330198296 -0.49409997813311685 -0.2364945434504278
179 -0.4673982544746552 0.48401526557472596 -0.1150214884221207
180 -0.4765214131646233 0.4661065034051485 -0.1909220447314531
181 -0.4831327214643412 0.46641416488173393 -0.11321504078263685
182 -0.5744649445092671 -0.45910155191307106 -0.1466721928271905
183 -0.5173590102778671 -0.5177656960440987 -0.3029741080507591
184 -0.47229592223878264 0.46748836236298263 -0.15333637579640916
185 -0.5128816720720288 -0.5088647867662828 -0.3504242023431067
186 -0.5040059182197777 -0.46810743127371995 -0.27224915388407933
187 -0.5544060430362817 -0.494446112262191 -0.35212760719985564
188 -0.5615011715054214 -0.5184446789546466 -0.22163319690708505
189 -0.4491865540593046 0.5125745928008728 -0.04035712945100093
190 -0.4465134580867005 0.4970262110598072 -0.22811102804366198
191 -0.4768186035642525 -0.4272999116958471 -0.2792147711348357
192 -0.568007684494852 -0.46613579856978027 -0.2967070750020769
193 -0.48892514593854414 -0.486389334732352 -0.25185953435882835
194 -0.4651110260536613 0.4590813360337601 -0.047355095875333465
195 -0.5003931002724242 0.46824332919717065 -0.06332857889066175
196 -0.5290575762679054 -0.39313058651520505 -0.3651229280423553
197 -0.5265208969822058 -0.5383341271661933 -0.27538747539506747
198 -0.5256652693356089 -0.40989540374715416 -0.32341065241129435
199 -0.5551725162074969 -0.4663695978070705 -0.22758871045755835
