200 3
0 -0.003947427279970262 -0.02595358518406715 -0.006442105067200226
1 0.004488822255263064 0.013635602955969668 -0.03750640833780783
2 -0.0005572935386830222 0.01164626244663904 -0.03157798078916552
3 -0.004013234475599233 -0.030870667356913448 0.0025543943026777594
4 0.010535030403588184 0.028059930748145633 0.026285026267635354
5 0.01378923288154055 0.02052047920051997 0.033544791540092184
6 -0.00038235083142097726 0.0269731436578848 0.01728784644429926
7 0.0035433407194057354 0.027981980068882417 -0.013587206308575968
8 0.002621066349997918 -0.027188189020149453 0.009253930435138575
9 0.004633734104480779 0.01632935367689747 -0.03195390283060985
10 -0.001348673480683956 0.01169703102830718 0.028392910855489235
11 -0.010919100043970786 0.012194147927187787 -0.031200607775072484
12 0.021500161032286455 0.004149155260912911 -0.03378432946333974
13 -0.01426665772087482 0.01336781444749775 0.023345176627262723
14 0.0005219654649582899 0.013648466781075973 0.0302717601338248
15 -0.0019188847134515158 0.010718665490528545 0.012748337156725666
16 -0.006673469897896708 -0.030843738901411594 0.005947933948990126
17 -0.002091540385784456 -0.03335691625040691 -0.0012626451089111654
18 -0.0020305619580305717 -0.02152312091792448 0.006794218208799065
19 -0.005508671228294709 0.017445719663360903 0.01802921893226652
20 0.0067797713394386686 -0.015501602467089773 -0.008716513640940261
21 -0.0011548372506971771 0.016708177183638054 0.020273532184765845
22 0.009351654730460221 0.015395615476952038 0.012471339843144136
23 -0.0063750270839014744 -0.020442447856631976 0.011658347146062908
24 -0.004078851948995418 -0.012698649836731808 -0.01192528674483387
25 -0.0007041995299726369 0.01203027811774082 -0.032649595752299095
26 -0.009541767232451356 0.0006627566477056188 0.02894276481158263
27 -0.008736543464454252 -0.025343612999366414 -0.0016490456787758602
28 -0.007588867765712831 -0.03135832685725322 -0.005372977294530266
29 0.009268542962500355 0.0013569697048759419 0.026321124568958236
30 0.005460566473237741 -0.02450619857410486 0.003711317066298016
31 -0.003712945948441084 0.015242456648285706 0.01625874891418877
32 -4.955397232830113e-05 0.011031837262731652 0.015306071670460171
33 -0.015224042978440794 0.02166614495087503 -0.017501403862608574
34 0.0010510285033950226 0.0002007098140236474 -0.014545894533953156
35 0.0006609835883963772 0.01271125559682789 -0.021542076553411157
36 0.006385637137708802 -0.026632491464566057 0.002720153569353281
37 0.0013312270633767664 0.01996570387230926 0.02308011927923407
38 -6.156366333155347e-05 -0.026958453236032458 0.003258447287283669
39 0.009974555365346693 -0.027309718771912364 0.0020490646336034472
40 -0.004752136540734989 0.003773454277984374 0.02067155784544379
41 -0.008344064543791486 -0.027255603904062925 0.004447456851930259
42 0.002102296202525165 0.023925376555042108 0.02684635849388048
43 0.0012236622616436828 0.013070177314609542 -0.02828275216907694
44 -0.0051029858456207305 0.02136124359659524 0.028351755020222615
45 -0.003073927805373758 -0.035786632604057816 0.004584818169208503
46 -0.010037321962110844 -0.026517207157311255 0.0005297723224120289
47 0.012220020341225171 -0.02642813570579024 -0.0038263408400524765
48 -0.011974312038314887 -0.02329167138370762 0.0015881861880013603
49 -0.0016409733732535917 0.016280669511596617 0.027132672149730946
50 0.001506413854730744 0.007477537498900014 -0.03544664371416764
51 -0.0037465100625898875 0.016316875291855604 -0.017411075732514943
52 0.0019002459338504502 0.020361499055098063 -0.030144916796794957
53 -0.008339077713021642 0.008601384713782252 -0.018606960706176026
54 -0.010817344104186416 -0.02751044657265788 0.011273739872068658
55 0.015095746023825539 0.012533550575990005 -0.024024905994009693
56 0.0019463913037564562 0.017074906597784052 0.016971805707123144
57 0.0047170869420923335 0.009721949536859642 0.020355924449845138
58 -0.00625778904072739 0.007473286739649698 0.023267727777188087
59 0.01240406360150799 -0.023091970618559887 -0.0034861192748760466
60 0.009174828837165722 -0.009939579562179321 0.0007659493653736273
61 0.005966028591725424 0.009674473473867521 0.02850922772953956
62 0.013639890021208162 0.015377060073973636 -0.035315329188224644
63 -0.016586592781710006 -0.02207799836895532 0.0016177578393468403
64 0.013170527984949568 0.015951590009903944 0.027823732769006432
65 -0.010314850309275536 -0.027183937841450637 -0.010735432332352012
66 -0.0036614559286953854 0.015965830278614652 0.013373322423741806
67 -0.017071058567704384 0.020728631606222 -0.02568944460545325
68 -0.005379475561313955 0.021594456847921516 0.028411411464528816
69 -0.0017046653248011662 0.0039591511171143835 -0.01869464652795351
70 0.012087138973666783 0.0198223004955499 -0.021377983118285426
71 -0.0038853380675152316 0.0060601224116086086 0.02822801232848445
72 0.006286824421474907 0.023295341025442493 0.02837225316527773
73 -0.002588169552366945 0.020362096143840557 -0.01812101223360505
74 -0.00839827123864112 0.00535418985745817 -0.021901800479774094
75 0.007040974122849632 0.02005724068372674 -0.029486255273531208
76 0.010864480403558925 0.0008632346295022152 -0.024402602116334424
77 -0.0266679492500618 0.006487460582145957 0.021803212868071707
78 0.0023390479516382148 -0.02921660375038993 0.01020133107224352
79 -0.013310672122405678 0.01584594761921548 0.012822619580607868
80 0.009566485787133448 0.027482358512532844 -0.02396655636022626
81 -0.0005331089838971519 -0.029038734307842234 -0.010679567756653477
82 -0.004500909892341698 -0.01657918340720612 0.005445565178881761
83 0.0016567305200152656 0.016351759205548495 0.026153822380810446
84 0.018447284834263923 -0.026587760639492086 -0.001873547858787834
85 0.0018522213699128237 -0.02811481506174726 -0.0032272449555487623
86 0.010101282683045255 0.01850575880031914 -0.023632504025247372
87 0.012719614285535537 -0.018077951704520277 -0.002166789047830818
88 -0.01223836619899904 0.02236465129571085 -0.03844661415845009
89 -0.007562122009398153 -0.01599199972971828 0.01190459393522697
90 0.01052478061957806 0.017257608806556336 0.02902640830125152
91 -0.0036187051849596898 0.01569334279261396 -0.011524180294352315
92 -0.0005586432083972102 0.013053073413472026 -0.025261990653157214
93 0.0005530575491665066 -0.017642180046228438 0.002525904118346035
94 0.003779929666113278 0.020080573075504933 -0.031168118007050688
95 0.005838422684790484 -0.019658220353244285 -0.0031701256239158697
96 -0.010754393860067529 -0.016895549781122073 -0.0015880991291702098
97 -0.008413216489591896 -0.022816251072096623 -0.005426551796503313
98 0.014307151054779532 0.022588165560013362 0.026289013615389212
99 0.004170557027207436 0.0164487882044614 0.009180051506883353
100 0.007552066399300212 0.005871876029101823 0.02870906665429883
101 0.0012438505783130284 -0.026528533733806967 -0.0029066172310743127
102 -0.00020536932506804838 -0.028860207647252507 -0.0019081703221263124
103 -0.003927591482681028 -0.020896352074110877 -0.0053642136150775475
104 -0.0005831292435729551 0.008774765435665327 -0.008701912206474947
105 -0.005720852899188826 0.004242493606714411 0.02754673506082972
106 -0.002701886615690636 -0.02555944775196807 -0.008779604053669648
107 -0.0027837912424730354 0.011620728853023399 -0.01919804842642895
108 0.023186074712832037 0.025682495205473277 0.02425440747191656
109 0.014308865672028714 0.015715716237141672 0.016472659369823166
110 -0.000535034784601568 0.019787034909471722 0.027875142206464892
111 0.0037432135671317097 -0.006246975329434844 0.02148010197427866
112 0.018174161460600025 0.027524395006781027 -0.01839676112422242
113 -0.013315524368928758 0.021535647884566703 -0.028272746247818704
114 -0.0025636625218181455 -0.03331103769396808 -0.0022998605701913515
115 0.003628700283894809 0.018743886971798407 -0.015024693742708303
116 -0.0010267990339173777 0.014654935378883393 -0.025757731568966456
117 -0.0025992753194373254 0.013983952849295607 0.02983254182548338
118 0.006098431717443002 0.00814625609809198 -0.02986532780245532
119 0.012398176271240721 -0.028732105718180363 -0.005150675445992917
120 0.020113773272778607 0.021224374928093044 -0.028852406218484478
121 0.0014978649465325795 0.02196321955357495 -0.03163325689422565
122 0.000546443752039126 -0.03246031980273209 -0.0006320503264246827
123 0.01413597463202769 0.029234766335895248 0.018340590284171177
124 -0.0021980840935200367 0.007068809024748584 0.013618159121607229
125 -0.01217658113555628 -0.025143519413338363 0.009233975750143432
126 0.004153983993199864 0.01609712453261724 -0.01743017717958434
127 -0.009797366161792845 0.01205985515269977 -0.03668839205758745
128 0.00010602675537662448 0.02170659497981157 0.02936194671517505
129 -0.014585808505815312 -0.029381598945213548 -0.01005808641910636
130 0.003479474068975877 -0.023477678636791288 0.004457959873978977
131 -0.00639331082335419 0.015950093138395037 0.01643761284566321
132 -0.0001513878872226905 0.010453355694727995 0.0178680916598212
133 0.0008550164850650611 -0.022876498237206513 0.0009910465805258789
134 0.0067798722753166785 0.01875631914317948 -0.02090725163928949
135 -0.004859330763165608 -0.02171553798847952 -0.00567075658364336
136 0.014477660679018137 -0.024462508178415297 -0.008192497560445378
137 0.0013443200907325798 0.01607310866662775 -0.027417343974176098
138 -0.002424363900611029 -0.020385080768173275 0.001889443557941069
139 0.012547819076960974 0.017272173234970677 -0.03576937811699814
140 0.003835093220707443 -0.00017209053445486552 -0.02194673347930494
141 0.010169050449531855 0.009114570052037207 0.02537268967619672
142 -0.005600646263438439 -0.029527666589187845 0.0031546856865759393
143 -0.007313354929696703 -0.015479450750314143 -0.010353408718968985
144 0.006110409619480499 0.013058396813848391 0.030265917848451507
145 0.008444143236593635 0.027629977766295777 0.021609264593969932
146 0.012220735584952208 -0.019131279964920464 0.00457645889187174
147 -0.015327134876150214 -0.025246338818259897 -0.003830301165968242
148 -0.0067217609340466805 0.021281935108970657 0.0357095044049043
149 -0.006137248265440813 0.018585963548185258 0.03631141214934738
150 0.007278250361330257 0.01605532072562022 -0.01645364373735604
151 0.0005923108728606782 0.024926564916409717 0.02809964999444719
152 -0.0021329958868815946 0.011883227734457762 0.027733905946255986
153 0.0009668791244564021 -0.03442720057861587 -0.0063548792009858815
154 -0.009671136558380145 0.008612135134682473 -0.021223953297598755
155 -0.00244151059724931 0.015475521548736739 0.016400006786071397
156 -0.0035070245905428708 -0.006903464925038502 -0.009487599502671317
157 0.008224537567044266 0.016920233316207935 -0.03485694427595192
158 0.0009551894499771826 0.01924184588320105 0.019903755641370625
159 -0.0031629113013444815 0.010774217430450286 -0.034824680954178955
160 0.0025383490884294795 -0.031062971817507605 0.0024342536250551907
161 0.0026789587392431584 -0.026761834395551513 0.004306900439059032
162 -0.018195151208299523 -0.021568944806854812 -0.0041950874263508645
163 -0.014559735762668566 -0.0219454216403906 0.006662123070402622
164 0.001392382917097994 0.02013564306901545 0.025297608032205467
165 -0.005940935206331695 0.016178129921467655 -0.029063606883096914
166 -0.0037221559650995953 -0.02119657796103202 -0.006367286777267309
167 -0.001589951477052265 0.0004074834831238241 0.019675773920503292
168 -0.0020936909975456564 0.015992129404159408 0.03337732112851322
169 -0.004082387763366029 -0.032277848570355996 0.0008698118160586823
170 -0.012610653304965858 -0.012699284120332055 0.010379124627854286
171 0.019578128913899304 0.012244175305595316 0.018684130588044336
172 -0.008025833354624201 -0.022934587074194435 0.00300988115634585
173 0.008664986292623328 0.010245437571799743 0.027271605487200708
174 -0.003471146298361218 -0.02622788431381906 -0.00016709158346935558
175 -0.008711080894605774 0.01637845444927744 0.020186604915696273
176 -0.009664124684790318 -0.017002491141171514 -0.0045640729463665205
177 0.0066752752261406145 -0.013563403771337846 0.007475170006102268
178 0.013490887306633281 0.010528354364675224 -0.027686855232698877
179 -0.011734378141342587 0.012461715209942943 0.02727974508630366
180 -0.00043444564368482624 -0.014135951854073653 -0.010463300554117391
181 0.00784700352667609 0.009481396919629726 0.01838881304031513
182 -0.0017876899538522353 0.017325783623094525 -0.02906461963501772
183 -0.006595336065578675 0.012471640309830924 -0.022501570322556716
184 -0.0036210418135246072 0.02885437263766741 0.036131913226737665
185 0.005243900080831518 -0.03362868344051914 0.0057851886378487895
186 0.0052499584892625115 0.019559620808719508 -0.042101540982613636
187 -0.0035989457589677976 -0.027563200097558742 -0.0003794505197490189
188 -0.0013867120569639804 -0.03175592111781468 0.0034623810755089607
189 -0.0016753525175441167 0.01182662715056882 0.025095729887161217
190 0.0004577733898401201 0.010085937725135715 0.017479006298300494
191 -0.00515362996049123 0.014105227965188455 -0.026136534570198627
192 0.0005348953115101134 0.021078821767657276 -0.021594902333505972
193 -0.004754082524473855 -0.030443402999678442 -0.0015248960144861358
194 -0.0010652866922953794 -0.02416782288405936 -0.0008412636003166103
195 0.00015673980600053317 -0.016077725111857184 -0.003150872008418249
196 -0.013710177534485585 0.01860425722133123 -0.032093685528856185
197 0.011230916492109944 0.018035635922211114 -0.021238972892939592
198 0.005752353459930727 0.01977784787059267 -0.023564865362174753
199 0.014107596948712178 0.025931540775442304 -0.024692935532738033
0 0.001269806475366838 -0.008540810239458768 0.01636148165179245
1 0.0036789236427431093 0.009834310096732347 -0.032881100694274565
2 -0.0009734865617005289 0.009700006219754621 -0.02474384034925803
3 0.0008868361703580066 -0.02298997390813741 0.013138199018258743
4 0.008441712172284684 0.0009196768788592019 -0.003679088183327947
5 -0.008128986634961137 -0.0010271012812871627 0.014029748161645317
6 -0.021835690515148956 -0.001606558965153132 0.01275374035365516
7 -0.00041378842686681794 0.011599061095931902 -0.025353481770686276
8 0.00371363363277874 -0.014119448003246979 0.014375281088545466
9 0.0019441510583571714 0.005989419143823872 -0.02724904146493913
10 -0.0013614734140942816 -0.005827959412760757 0.023420248517038826
11 -0.0063770392518712055 0.017643867602998596 -0.0188413807723845
12 -0.0030517961313560743 0.012649378508310681 -0.023852347850065236
13 -0.005216958274901096 -0.003750112265463963 0.020748536473086138
14 0.0031342138589438052 -0.010831566358111468 0.01394851029755978
15 -0.001122384507302978 -0.01771522172915099 0.02000940960076699
16 -0.000645664269604683 -0.011538792840228101 0.006197282238555722
17 -0.00547100566416301 -0.0002046234774156705 0.015398562731946588
18 0.0009381173211251946 -0.006846081306990805 0.011761954794357042
19 -0.00043865840732335015 -0.004799453691349577 0.009667635129683348
20 0.0017921220857893445 -0.005014766968350057 0.01625606438799142
21 0.00757981742796348 -0.002259902965469216 0.022546039220463672
22 0.0020970023332704257 -0.011970976948243027 0.018656214245095407
23 -0.006268878593375098 -0.012195203150282274 0.005780030044002946
24 -0.0029010926421027747 -0.011233355255929209 0.020451375426696977
25 0.00684922324274426 0.008292074570671892 -0.025186202335841942
26 -0.014848091124789409 -0.0024066472807291253 0.02020266054251879
27 -0.003319955601277562 0.0011680156434270422 0.00395244000275187
28 -0.0022108906142411337 -0.013139372906481733 0.012967916242629003
29 -0.0024470634432345595 -0.0158517016498103 0.01718100839900287
30 0.002338888748790971 -0.009262894995018783 0.008414646983143882
31 0.003392554647682732 -0.006695305790489162 0.014689916619312009
32 -0.0008607972379336918 -0.00794735242616115 0.010475314777252713
33 -0.008372040861962568 0.022982382235547515 -0.017984254902874912
34 0.003971695793676927 0.011340209213876823 -0.03202545377453063
35 0.0007351035259335059 0.026707033373166496 -0.024971891364133282
36 0.01038342105423204 -0.0019029148970735044 0.006748731473210156
37 -0.00957786310333484 -0.008988873208392562 0.013738400889390712
38 -0.0066270260394804825 0.0036353177518649096 0.014919885539788378
39 0.008005066881710488 -0.006635838385112738 0.019454161062691842
40 0.0017265111441906109 -0.009522038535334475 0.01328859956021504
41 0.0023618287237136618 -0.013602834056782254 0.007704105569450169
42 0.004571534030754439 -0.0005257614287460036 0.017990650814517034
43 -0.013437222933580836 0.011846419878950042 -0.03310383133679718
44 -0.007888567409761932 4.5843488056432347e-05 0.011106094692627591
45 -0.012659737230460585 -0.014854395351063296 0.01894373007717859
46 0.010194528199730254 -0.004088333886550298 0.0214349963150275
47 0.011737264680418608 0.000603470487726819 0.028382346354985745
48 -0.0048475195917325326 -0.01637548157005929 0.02205884699204387
49 -0.003631625049452747 0.010551233129937915 0.029366687003916953
50 -0.0031236311581107914 0.016986560529581897 -0.034672583648276065
51 0.0022559257862048154 0.012373602346288141 -0.025006443496720356
52 -0.00542594854822831 0.015657660662451618 -0.01711439236392244
53 -0.006556393588278406 0.023950201011833698 -0.024725495776315574
54 0.0014926695653560453 -0.003693679254148499 0.01678680151364288
55 0.007296074407827591 0.014801711306630265 -0.031028062410167076
56 0.0024912876946969476 0.0003345403357968707 0.014145331881576705
57 -0.0019469561856695677 -0.007742513119431912 0.01821498924956845
58 -0.002325818499603109 -0.00925735587770412 0.015749040368906404
59 0.008160996729308437 -0.009027663925763624 0.017110190857078524
60 0.007950681411552557 0.0017910638195921987 0.014168107146885628
61 0.0018273728019586044 -0.011884850786763978 0.013600343291895078
62 0.0020613669052926553 0.009352087038662315 -0.030668626954622497
63 -0.0017661276610817372 -0.000562269118166224 0.008166847373338417
64 0.013330346270282262 -0.010408247444258736 0.0182600989868653
65 -0.007956309938666237 -0.011770555955590067 0.014284974559511686
66 -0.01044922543505876 -0.0036382282821944556 0.006750865542326033
67 -0.00920818000148449 0.014707773204834095 -0.026437693856910152
68 -0.005255830834523682 -0.004020709284079438 0.014994441211112292
69 0.004163572175777713 0.01596683332171634 -0.0323558258284455
70 0.003540297333523304 0.01594900565643332 -0.029668616314150527
71 -0.017818373259884196 -0.010645298496688394 0.008221136077819567
72 0.006928700021852294 -0.0035056278936322627 0.009573946690288292
73 -0.009408434437699065 0.0032883699007204906 -0.03292477162750243
74 0.0041287278240600064 -0.00016060480631014176 -0.02509462821681275
75 0.005986853485363534 0.007216328981444569 -0.014338900175189476
76 0.012156976453378529 0.006871444137070092 -0.02849618949766658
77 -0.012402048813711042 0.0010638690155691105 0.02115813638771081
78 0.0006593677806220038 -0.012334082478910255 0.0126104155871257
79 -0.002205989847303233 -0.007203408829661639 0.023551108657695434
80 -0.0008580792718934343 0.016264838077034154 -0.02386084095239091
81 0.00583928345914844 -0.014269028950326862 0.017285358732996255
82 0.001510861631532738 -0.006057776210668914 0.01179642943276487
83 0.004212775077137812 -0.016350308450028918 0.02323425492691504
84 0.002913187806872511 -0.0026087123133856915 0.013775731526338255
85 -0.00016974210826527572 -0.01319658257046756 0.008048095818110512
86 0.0008923791083936122 0.016879989688696688 -0.02414390736412298
87 0.0039216067639033375 -0.006197251776858086 0.013318908878167415
88 0.0066596416807022316 0.011329464013260175 -0.0246451325606752
89 -0.006937053350239704 -0.006738453543199588 0.017385215188454855
90 0.0020283614050585277 -0.008525719861304397 0.012745211981211355
91 -0.0004747067714162799 0.01866752152285791 -0.0371209827061095
92 0.009267182245937356 0.010385603256885464 -0.020525975264881577
93 0.008825288066403411 -0.007169049580078371 0.01733161208905025
94 0.0030352362676219907 0.02072619390067696 -0.024910176914844706
95 0.003372967269077931 -0.010984635405120964 0.010843216064054676
96 0.002624301049079441 0.008477107453635268 0.014531342777277793
97 -0.011298304013624957 -0.016141976464224786 0.012212780933576053
98 0.011571285101235368 -0.0023223614322540748 0.025219150705350205
99 -0.005633571802295515 -0.0020091672772039257 -0.0019336017112852877
100 -0.00033707180083800657 -0.00527648831919127 0.022483284212047663
101 0.00048793292394685344 -0.028134589454239564 0.010408177900941833
102 -0.0016840150058764223 -0.009708531258380525 0.011131633349807987
103 -0.011310072213747163 -0.009680632791884872 0.009549438910783827
104 -0.01403564088858996 0.020707269771008688 -0.02924027949550386
105 0.0014543119099953844 0.0005965583524048038 0.019812613258376133
106 -0.0012913121714558844 -0.010537509600424058 0.006046437779756365
107 -0.008713804409719403 0.012415917631275471 -0.029393740053655963
108 0.0016788836182901334 -0.009412480206463694 0.01623881424158545
109 0.002302794101677136 -0.0044988610726449454 0.017868549239527708
110 -0.008682249084820418 -0.0061634841186391995 0.024223772964164947
111 -0.0027862897131258222 -0.00907791350453789 0.009923468380528148
112 0.007672941319931223 0.00756786049702686 -0.024774366838041836
113 -0.007984282236403642 0.018962938395443656 -0.027383456389276792
114 -0.0008012070826456906 -0.015233524884316132 0.000256926181078726
115 0.002842424160093251 0.010059539190430497 -0.02975003832014357
116 0.01009276803967359 0.009972048603492403 -0.016520690062306435
117 0.0032944704907365563 -0.0009841498709681623 0.014331188340294801
118 0.0038740167836152292 0.012894182317393092 -0.01703335658012361
119 0.0027197099367363142 -0.009088139776212298 0.016491871885049497
120 -0.0025042902489734384 0.012664471207185213 -0.031925846595145524
121 0.0026593400688849425 0.02043481802122627 -0.037021047690723785
122 -0.0033040471968320585 -0.0036372517186607223 0.021461702179642793
123 0.008188756230531807 -0.001378240372932528 0.010846741705443218
124 0.011520608663279782 0.0031978365411577045 0.009575542987077024
125 0.002238049180916586 -0.0030046810994803774 0.016006041411514484
126 0.005231109722996877 0.010308071211185646 -0.025952061411606164
127 -0.006393952123088492 0.02487959317481713 -0.021156539657838508
128 0.0018158837675838146 -0.004924956686667058 0.007210081700943519
129 -0.016363443938274436 -0.006934543139212657 0.01646741095939819
130 0.009239061171762597 -0.014231652368712197 0.01702921292117094
131 -0.007811044858989709 -0.010553482472860018 0.003420415817516828
132 0.004281413115217132 -0.005929204705513731 0.0148322688564747
133 0.0021011057260843582 0.00406217538809376 0.014265973700326406
134 -0.0017465055780103017 0.011957124071991603 -0.015871238860941266
135 -0.00019350453603828813 -0.0039017530009230195 0.006987704818447616
136 0.007097560644902842 -0.009053430789509154 0.013571307525843583
137 -0.0002879866982249584 0.0003689925151353565 -0.021589726475363148
138 0.0053905293672649734 -0.014895913810656733 0.01216728791720778
139 -0.003943222824584747 0.01927449871932224 -0.0422679866573786
140 -0.005521731949112749 0.017797186218023297 -0.0305255104353475
141 0.012971304880366186 0.0049000354348947145 0.018752951589438432
142 0.006771254971409813 -0.005523360008402964 0.017086616778343444
143 -0.014619157871636923 0.014401402381456187 0.014421643123922094
144 -0.005676767794546936 -0.0032202558190261507 0.02773395690384302
145 -0.000893355966540825 0.010383866083034737 0.016656000010297073
146 -0.002838781503588926 -0.005730652229251149 0.003206964627326987
147 -0.01612695173853862 -0.006954412749648038 0.016148332377107423
148 -0.009296419960392543 -0.007166013476767125 0.000444725999551851
149 -0.0011868554276411175 -0.003616473371155539 0.008856501850040582
150 0.009590659354229134 0.01717426572353307 -0.01977997225478874
151 0.005300217427842438 -0.009311633216580191 0.020943767558059552
152 -0.0029085446778163437 0.0019685601110890558 0.014939755858377736
153 -0.006601644569163404 -0.01429609367530739 0.012623813749123556
154 -0.0012649607256915857 0.017752287977191583 -0.027679482725616156
155 0.002347014876275819 -0.013275549322449363 0.022978716538369276
156 -0.0013389803737047113 -0.010137785516479383 0.011526066149426679
157 -0.007281416913075753 0.004699999489668809 -0.008502689207532166
158 0.007267713424346033 -0.011089561429373843 0.020689812327071407
159 -0.00483945916103766 0.007905845126019093 -0.025883731363590984
160 -0.005520916480631936 -0.014288942079312597 0.016032442050553188
161 -0.0026613946885834447 -0.013578706021874776 0.0068052419613763545
162 -0.010393034484137087 0.0018520310330095227 0.006685643279953003
163 0.008071092016205102 0.0010876489938221184 0.021100663381624748
164 -0.00239424518490732 0.00043514375523384663 0.016256806281278555
165 0.0020425944777817916 0.01074154668592775 -0.010333181840524397
166 0.0017978781659297102 -0.012733870655609533 0.008780122085841675
167 -0.006103625047806559 -0.01168716925516464 0.022372263048247888
168 -0.001672039826146401 -0.01107844766628343 0.02549430138986157
169 -0.00028445420558183103 -0.0097113074790693 0.012451590215640723
170 -0.012257061403820657 -0.007823706154347486 0.005333952418445508
171 0.0039740283864857645 0.002104680662967734 0.011276412327551354
172 -0.006015459472469363 -0.0063494873410795405 0.014840366648267819
173 0.011539625379515514 -0.0006617625343894804 0.013365853416306764
174 -0.005147124269817222 -0.010447364278140567 0.0216111751866597
175 -0.0019955165552017484 0.0006331526806911056 0.014030883657414471
176 0.00029930080125488423 -0.012624996144388077 0.01333296747653182
177 0.007049147178833384 -0.010039158186433153 0.016498475480722176
178 0.012752701011105733 0.014603291289277925 -0.03018874338059635
179 0.004604269660895478 -0.00258061465733303 0.014753509696613445
180 -0.01096444808318641 -0.004776324057940352 0.008074054203736108
181 0.004283735594427095 -0.00253475051804139 0.01880499192381547
182 -0.007300910951593933 0.024897154894653252 -0.03724892796718482
183 -0.0006978696586869906 0.01682686525502567 -0.030553422253217048
184 0.0011871692104642138 -0.009590323647520077 0.015403074132988692
185 0.009871064100765027 -0.007762706413191212 0.016655564311577324
186 0.0017342089902973208 0.02317326401015813 -0.0283329933372721
187 0.002132132442043997 0.0013100876316005233 0.012616005572236091
188 0.0006469646996656066 -0.01707223320954121 0.0054936048451233906
189 -0.013235466484968018 -0.013054614062651806 0.022734208360300684
190 0.0020754720916265 -0.008722129180861682 0.013538212970465334
191 0.0019819558362824813 0.02078458545474557 -0.038829290256670285
192 0.005093203098493176 0.02078975792845502 -0.03424098782181664
193 -0.0035206002048805037 0.004774054796191141 0.016613672201144868
194 0.005428393567573943 -0.019678988883731166 0.00939829643342271
195 -0.0023243344687362884 -0.002821349905242909 0.010125921124514398
196 -0.0036129176181044914 0.010398294445595556 -0.016292002135839756
197 0.0015503625935778947 0.012715374160628186 -0.019317899862670913
198 -0.001197946288868738 0.016388495487423348 -0.019339389206008903
199 0.01591749475827664 0.013553649095335699 -0.021319333850202633
0 0.009246164245306982 -0.006927321149032856 -0.0031480932474627875
1 0.005401830571438296 -0.004339050887529984 -0.00950407140314316
2 0.0071471540625919015 -0.0062518202570118475 -0.016282457652838964
3 0.0018568132482393975 -0.013579889403935355 -0.018635389938232223
4 0.0026699928392254213 0.011210450902025923 0.011597104608880318
5 0.006388383702597835 0.017291663335022044 0.027823442857511482
6 -0.009044536085404203 0.01781121735512737 0.04006501846499107
7 -0.014482065591999264 -0.005499502083406105 -0.021362003388588797
8 0.009063079722157363 -0.009512231695871842 -0.01509057335081483
9 0.00701367108321594 -0.0017997311305515198 -0.012506081790142468
10 -0.007188283391634617 0.02300374686938496 0.019984371115453675
11 -0.010074609953901137 0.00017402509157322943 -0.01332432879733933
12 0.009035087394376584 -0.008216255089144257 -0.02278034085516331
13 -0.013141112211156047 0.014060027566077864 0.028585859733654406
14 0.0044350845390548135 0.013854750134814648 0.02308437215010537
15 -0.006964314655292618 0.0118891809302232 0.011671614154522517
16 0.001937569782876009 -0.010404339844472421 -0.01056484277297968
17 -0.005684153015314948 -0.0021978115335708967 -0.012725706606077383
18 0.008206852815404052 -0.0024349562656411847 -0.017096657414832274
19 -0.013216458168320816 0.009303506908780106 0.02478178645642199
20 -0.00011889997890269718 -0.008683162353985543 -0.003480988356579481
21 0.012290322563755347 0.001642920792090538 0.02036553622428395
22 -0.0025910304570010076 0.017204059908169703 0.020313730599643323
23 -0.009349119966810426 -0.01375387429892562 -0.004550947622811632
24 -0.0039936803179704584 -0.011324308457812404 -0.018853114687239353
25 -0.005555105076438864 -0.005132668280696612 -0.022775335147609016
26 -0.001469924949382917 0.018128376522950972 0.020060821364608204
27 -0.008658310447221748 -0.0034678375503518905 -0.01681987388868519
28 0.003481887853489539 -0.0013375177816530165 -0.02482476223843336
29 0.006438833602103289 0.0033821551979370604 0.02317589556481483
30 0.005882627849456708 -0.010411645726087368 -0.01503138847577849
31 0.00143895040348871 0.008432556148041552 0.02177267456865465
32 0.0021855991442037027 0.007903610545581214 0.0256313827813665
33 -0.014330806463591472 -0.0029678796093046966 -0.020999717384570293
34 0.007294337624292397 0.001951100613494225 -0.006540940542255534
35 0.005522643738957838 -0.004245961515537633 -0.02439526639805823
36 0.01052708286436349 -0.0009120318199424479 -0.019722855147442108
37 -0.014838874894013407 0.020768081995944286 0.031237285417844235
38 0.00045380824568657524 -0.006440482164137035 -0.021626276663485194
39 0.009646865742163294 -0.012345905811774763 -0.0068802219904232804
40 -0.00024147572015592068 0.019311726025777385 0.022672329377814576
41 -0.006600892274059973 -0.0068750169290763274 -0.009683690884848712
42 -0.0009368850641135254 0.009502307311844718 0.036581446839003134
43 0.002548418232942745 -0.0025459958404025484 -0.013409812549491987
44 -0.01573919572320652 0.0224095674547099 0.019636362431795014
45 -0.014169859112238184 -0.016804065176428268 -0.015118081301167775
46 0.01093807429908911 -0.007871628873726791 -0.006758553417032697
47 0.013460489900385009 -0.0031033181064334947 -0.010216471592269474
48 -0.0044706489240440225 -0.012829594159784394 -0.01735863320112338
49 -0.0073505373018996345 0.014829919527251406 0.025465003697333857
50 0.002184956621365105 -0.004363793076582204 -0.010184486008756002
51 0.002734755362850619 -0.011603972976174243 -0.006854051338577964
52 -0.020670653656773792 -0.005414079462959569 -0.01675747354591122
53 -0.014274348725144062 -0.002223982297222253 -0.011089356624096117
54 0.00324259755898533 -0.012775820674378824 -0.006957623143076668
55 -0.0018712154447944884 -0.01130902252433141 -0.010339398942731434
56 0.009863070424186493 0.013152822186548244 0.022085604727051567
57 -0.0018031545861477486 0.010869430955304175 0.03008635855798797
58 0.0011766075366989003 0.004013406742757607 0.017470567624447098
59 0.011508568185545229 -0.015427248103679167 -0.018969350210059504
60 0.012501749510971619 -0.004432165971578618 -0.010080726214270211
61 0.013013323898401395 0.011684001870495286 0.025745960621695645
62 0.006596210532919297 -0.008314600980684806 -0.009489306799677993
63 -0.005674776929080139 -0.005023048582202309 -0.013298586142937843
64 0.004760881738116396 0.015092617046919516 0.010898959127703056
65 -0.0025016946557202407 -0.004055075087285767 -0.006752280736533237
66 0.0036732228897295924 0.024607165080146223 0.03247939931473538
67 -0.003948602346922195 0.003460298595269015 -0.014313038891526117
68 0.0020707762292850526 0.014560637967906867 0.028114087996922908
69 0.0014631988652548372 -0.016695305137133194 -0.021922640604136193
70 0.01264966851092686 -0.002377117895034732 -0.02310959924302934
71 -0.020081426942555672 0.013336387972543865 0.021053834185326997
72 0.017536054898704037 0.016669893456614036 0.023104215407423093
73 -0.010940770484021964 0.0002039165669280793 -0.011235736715432917
74 -0.010833587356958566 -0.003970093678006889 -0.009005752595620475
75 0.005184101805900475 -0.008384817525692902 -0.01625733164817955
76 0.0003618122454986522 -0.014106700954490257 -0.02926660603861722
77 -0.015027606093180434 0.01715989882976117 0.02008556378434049
78 0.00022876465773158383 -0.009770823833540679 -0.008666256505167839
79 -0.003631665464182164 0.010539467987361665 0.02617825209403766
80 -0.009488900387651326 -0.010522474452193897 -0.018919821975990347
81 -0.005139394322702237 -0.013922350227745614 -0.009470901121416698
82 -0.011036291925165413 -0.005890572746112023 -0.01256005545711756
83 0.000418138249380931 0.021725885371083244 0.03522503188170775
84 0.0018028215586606278 -0.008325158548707079 -0.018292549074296824
85 0.004295462484812338 0.0008134410680386284 -0.018184676416968894
86 0.00842246555286364 -0.018410382605934358 -0.008892195868899742
87 0.006590433237234503 -0.011160630855140838 -0.01565258553095821
88 0.00038994915633344326 -0.001250800988637689 -0.022698546622028123
89 -0.0013581946499546804 -0.011535186750960928 -0.016235871300406914
90 0.0027958243237216074 0.023738233471741636 0.024365344812621884
91 -0.006458917475812464 0.0010167609881954684 -0.006612733504790386
92 0.0011206876061768678 0.0023311462110391437 -0.0167136375487046
93 0.0066477683598197695 -0.010394002578567645 -0.010224808435722444
94 -0.002498986330097855 -0.003196805449144649 -0.02248620322260611
95 0.006987249510098749 -0.00534153464018651 -0.01705833486441974
96 0.0012823934218270557 -0.001120344642956671 -0.016851067875797893
97 -0.005734351460964918 -0.010038679507081191 -0.03100659429713195
98 0.027030806682966924 0.0223947499617224 0.022525207805102643
99 0.009018316893238659 0.009175598076536326 0.026543841441923323
100 -0.01044348170180998 0.00989407305702441 0.025649011333112703
101 -0.0028322353225966575 -0.018127276617002197 -0.021400863374780237
102 0.002938923949358195 -0.004639863209502118 -0.02549482440609254
103 -0.010590374299594238 -0.008321392809180865 -0.01808970822860921
104 -0.008045398040701486 0.001426682342765162 -0.020891184547669223
105 -0.007441726948559633 0.0075331548054088475 0.0232343008507936
106 0.0012626720763317112 -0.003922963289962875 -0.019501549584963147
107 -0.002561192046699634 -8.047189576577962e-05 -0.014236775664474406
108 0.0006214554523096272 0.01830409899240653 0.02524221273156803
109 0.012341794196224151 0.02018796229246489 0.014419433029560155
110 -0.005130976013266238 0.015746304072918653 0.025299815447392807
111 0.0014099196956703216 0.007797394949471232 0.017069796287675486
112 0.008398409111940841 -0.01073614021766018 -0.014395873546704872
113 -0.001953184640864067 -0.009121577914891793 -0.020710807203201967
114 -0.007109745998317103 -0.007073598541500498 -0.012130601180673323
115 -0.0016334557738307068 0.002833036397268965 -0.019775809363039423
116 0.0007410694546204424 -0.015122856228276998 -0.015913652346685965
117 0.000633855563196404 0.02328229289819484 0.02330243878089474
118 0.004722524640622498 0.001731324523863674 -0.0027174833932406897
119 0.01966682032361379 -0.006322519682129588 -0.009242220472270659
120 0.0027948419449085743 -0.01240106020735919 -0.020838322271884938
121 0.002937989670338974 -0.007090500064923219 -0.02381060665346038
122 -0.00228933724485747 -0.009994164011055115 -0.010672029241476137
123 0.004308249561998781 0.005212736284382055 0.01585323048553658
124 -0.008963382874653973 0.007583600004523506 0.020588913506346507
125 -0.008746946249798757 -0.003664906138356447 -0.011325179889506716
126 -0.004124056891661463 -0.011699390090951972 -0.012528503248403863
127 -0.008073373484905569 -0.0027507627022593517 -0.023435098171800853
128 -0.0008577882731494431 0.013221106394927962 0.01959998028200447
129 -0.018632147157325196 -0.003998868689029628 -0.022653185869173503
130 0.008968477532087592 -0.013957471952450604 0.0021413507616877166
131 -0.0073266816512406255 0.013689190230251402 0.019342492568973614
132 -0.009552610273567417 0.023990157383035664 0.027787155394758165
133 0.006288661301290424 -0.0009792296362879753 -0.017654269107335807
134 0.007741203555697747 -0.010809801731773441 -0.018930324059819065
135 0.0028513180148620667 -0.010882595100677336 -0.017461086833059747
136 0.006953339434138464 -0.0023997503087593783 -0.005003499741964953
137 -0.0026399896248328475 -0.02218024377945321 -0.009498761607956818
138 0.013607482052498857 -0.015568987938150383 -0.01359837383653223
139 -0.0008854751968157826 -0.005134118059655711 -0.0174836388701647
140 0.00993599043383234 -0.009558204867351568 -0.015143183801491822
141 0.012869029678441238 -0.0043061541374777405 0.023158765480025552
142 5.639411629719711e-05 -0.015133670637135402 -0.01582733072968142
143 -0.00018696341597025656 -0.013200424664742295 -0.006933377048636892
144 0.0002539063354903711 0.02081601361268095 0.021357751945197775
145 0.008606665334845151 0.019539590063457443 0.0333399885107557
146 0.006915829085370001 -0.02063826733196753 -0.013226792151814128
147 -0.0021557788710790116 -0.005973688787904496 -0.012120160800150279
148 -0.015255310963668306 0.009343994817643583 0.019874982130642094
149 -0.0017592928992822415 0.013532908093157256 0.016920203800173575
150 0.011525762439202294 -0.008828955121335483 -0.020497992393974526
151 0.0018175195194289305 0.012697833816966056 0.018413563801830672
152 -0.0160646040575846 0.0111174927196303 0.021184104085870625
153 0.00898445208712544 -0.020118268861844882 -0.008381093200816052
154 -0.0064384592000076984 -0.0035811316000845736 -0.02251643023500831
155 -0.0048045223418377945 0.020185172780941497 0.028061125255901362
156 0.004956544992382869 -0.005172848501411656 -0.010426696344009426
157 -0.009397498381922983 0.009369263424233325 -0.016585632041947358
158 0.007570592126806719 0.0028681066343222202 0.021183160262302728
159 -0.007721182127436145 -0.0028333700476193893 -0.013445763098852134
160 -0.0003402563370429653 -0.005676436162068449 -0.004950595855629899
161 -0.00540931154545678 -0.007658935281583901 -0.008905433605920525
162 -0.014164316127760049 -0.001799606693529389 -0.018778422336568113
163 0.007288386235905208 -0.015096163681766188 -0.01473676244176891
164 0.0032769168982541303 0.00741948726211452 0.02248500876848869
165 0.0007479273898862472 -0.004083657935951231 -0.025794169356779542
166 0.012672690838740806 -0.008396517628786127 -0.01716339479204733
167 -0.005554223178193485 0.018296746906759108 0.021186038577525185
168 0.003097045097738488 0.01748122152783585 0.00808361049758613
169 9.163143052846358e-05 -0.010331161174222322 -0.004774089763599911
170 -0.011027102512871284 -0.013257305637429398 -0.01711476844023809
171 0.0013249124987929767 0.017271275265121074 0.027407670349418954
172 -0.007011819856482401 -0.00795247833329564 -0.011143106040860084
173 0.012002123188628283 0.013470837641327733 0.02950707822306458
174 0.005628384458893189 -0.01410937808954639 -0.010244530245200613
175 -0.007720636359463018 0.008134684641254705 0.019145416081458456
176 -0.003702672518785581 -0.0021124722403780202 -0.013621034090868381
177 0.0006667769588928479 -0.0031160951387576574 -0.008876633277192163
178 0.0022148508997055782 -0.004974940541161356 -0.012805994585081512
179 -0.0037915251553573143 0.016302051816211284 0.03175744034444844
180 0.005883343631639294 -0.015147065574682532 -0.016462689118822878
181 0.009338045035276375 0.01039397054519314 0.021489674107859638
182 -0.0037021314126735247 -0.00866457666618023 -0.024273488661529966
183 -0.0041475658696529145 -0.00019095219718740647 -0.01908112718691292
184 0.009614933490387015 0.006992198817171051 0.01985667674322851
185 0.00749878758376743 -0.007799514438970617 -0.012814181619437528
186 -0.0013288037295084154 0.0024271457646960898 -0.024149512837152623
187 -0.0074317580906221314 -0.010818458158828835 -0.016902719755226836
188 -0.006166822516299131 -0.013861060128606995 -0.025151211545353023
189 0.0021508256030345896 0.01779332257405182 0.03126372846389404
190 0.009879258500849183 0.014763978582317377 0.024868990295809773
191 -0.0027932885308208123 -0.0007197679601105844 -0.02109544831556015
192 -0.0088505068222165 -0.004120903709685403 -0.020075191421317834
193 0.0019126070332363306 -0.0062336378821077065 -0.006312655620988709
194 0.010043809664279119 -0.010084864607894678 -0.007693999507533433
195 -0.0008581010774637967 -0.01394313599673866 -0.014701017883444141
196 -0.005699112827502614 0.00685645328236608 -0.0064698342920817345
197 0.001755376639554107 -0.0038199786450743498 -0.00971424023534774
198 -0.003001700687682956 -0.006205337005786772 -0.013246686513219509
199 0.010882634779626546 -0.012841634115792123 -0.010656903451329816
