200 3
0 0.04415775748000272 -0.02659174982323733 -0.006331190879088412
1 0.04801441322219084 -0.004662681261358877 -0.010637170274001654
2 0.03917984635032408 0.025450687771113346 0.01849588312586722
3 0.042795359963985355 0.03236535812875736 -0.0012974459884531062
4 0.0420943303663798 -0.053253577036027726 -0.02242358755475264
5 0.035194595856755585 -0.03357657787840918 0.05106271824689354
6 0.036028912550235666 -0.01084291513124065 0.0010538193038159335
7 0.03918133255803932 0.01916349388559374 0.024998268105193212
8 0.04482536429120884 0.03980101487974769 0.006983248120632064
9 0.039929750423601 0.015647327822789055 0.0002042246240126947
10 0.03841559775824648 -0.021126781083899874 -0.02294775995963064
11 0.0486305314770788 0.024760622497896907 -0.0069203432192036585
12 0.04138806639773039 0.02449171208801882 0.0036123153210330943
13 0.0399289019285919 -0.01836373175137214 -0.017886922646443357
14 0.040665752440404046 -0.018280227891924135 0.01941703470630738
15 0.03917971489056178 -0.02714087080925857 0.011222068901350921
16 0.04923668477846267 -0.01916725645962548 0.02422371026074986
17 0.041388091139584686 0.011369845194732789 0.01846220784153665
18 0.040665223953002094 0.007436751870904089 0.0037653136606250995
19 0.04209780699612123 -0.048721358493818104 -0.028728081989711867
20 0.04415874191022812 0.03600990084216729 -0.022011162447482066
21 0.042793177184489585 -0.010017433738789877 -0.006920999961106989
22 0.04482483420964486 -0.017567584857048985 0.014686135807963923
23 0.044159339147808195 -0.03186391280267688 0.006886359583538509
24 0.04739591711533077 0.006753554496232452 -7.734643507636705e-05
25 0.04279684095783265 0.02513556074583689 -0.0038412340527768317
26 0.04612998224095701 -0.013888194448136876 -0.017116615441294798
27 0.04279661097874424 0.019693391331372313 -0.0003329270003480264
28 0.03992931751120792 0.040036848164240885 0.0014624003252675676
29 0.044158063100033285 -0.017979976675491706 -0.025469454636197316
30 0.03841739312763777 0.026717772045296916 -0.01656955090693609
31 0.03992968971577772 -0.02114574632409258 0.018614221549702974
32 0.04348309000758928 -0.03417482448533727 -0.011485029369470334
33 0.04612972507214142 0.010899482020142655 0.024680049789863847
34 0.04676530101261265 -0.007402342847602833 0.004263210915757781
35 0.04066485999586241 0.011371377184285285 0.018216652307414583
36 0.04415873344949259 -0.006667331953536846 -0.00036546767994706747
37 0.032572883057960966 -0.03538959921716197 -0.026083013554573483
38 0.047396151603685585 0.041170505094336694 0.007288580377431898
39 0.04138737803709912 0.015911314142019344 0.0194543196189478
40 0.04415798196789737 -0.014571846151132448 0.02591545134005269
41 0.038414661614680844 -0.002926384495608211 0.0013132883840326296
42 0.04739600289841662 -0.014000947556368458 -0.011269194525346459
43 0.043481136277166384 0.005424847411125426 -0.022740937181172143
44 0.04279549493233027 -0.00923799466880398 0.004408699719930187
45 0.038416536434439576 0.008780824844418599 -0.007308999446221736
46 0.029717102739008357 -0.028027381295851615 0.007552919062019435
47 0.04482598831493594 0.022822026774050985 -0.012889889447366382
48 0.04066600287896708 0.02058315484294938 0.02364388506813351
49 0.03602892383429134 -0.028789579303354153 0.009388789195201268
50 0.04482401836152553 -0.0096485119015751 0.0006597846535838348
51 0.039181218572452235 -0.011937014620031907 -0.008456185711660102
52 0.051589216755323075 0.0034044480312802458 -0.009414144537245536
53 0.04279404268931764 0.018426931502739795 -0.030123833812581984
54 0.04279767210580457 0.007684856380985918 -0.0158328125596179
55 0.04862876917818184 -0.013294729959642813 0.011317322540869605
56 0.040665688459716916 -0.015181001873934114 -0.0032697337899567536
57 0.04138941318822774 -0.011554936355782527 -0.00830755022903717
58 0.03841597947622049 -0.00832641989095659 -0.014393007016661881
59 0.043483494761126985 -0.019803914299163325 -0.02616622384483469
60 0.04138787931299558 -0.04068663602998348 0.03001580851942814
61 0.041387567834658474 -0.04326604950955108 0.02840351254087518
62 0.04138602330863483 0.0014568874350958222 0.04128665297220185
63 0.04983487095749888 -0.05611828214588829 -0.016155614298464432
64 0.0391799621973831 -0.036842289152667705 -0.01106507107216007
65 0.03841766668843113 0.0029940479655410726 -0.010126955968293489
66 0.04138835885957914 -0.029174195135337932 0.009886306687796907
67 0.042099466317758356 -0.006245329101364279 0.018873115699869443
68 0.039181325067037254 -0.027660493105772985 -0.0227745653919962
69 0.04415775029368267 0.006174004616107593 0.007681269161947541
70 0.04548093926312254 0.00990197734506628 0.020792742195979368
71 0.03841538861411801 -0.0007067670653336961 0.011602142440909465
72 0.04209774146649711 -0.04220252478950569 0.043487920216928745
73 0.04066611788732205 0.01023217897182054 0.02045203842511925
74 0.0448241573933651 0.04030086105705334 0.004191864275249664
75 0.04279432746343642 0.03636449148443085 0.03235745708561105
76 0.040663682201505034 0.019065982776670317 0.0022213488257981557
77 0.03256988447881719 -0.013926284585506415 0.02851901612010634
78 0.03993017600215132 -0.020425054068485656 0.006261881823142815
79 0.04209659145197366 -0.020942642727664676 -0.012769186028203166
80 0.042795427576700296 0.01653479185376068 -0.015004314817412712
81 0.04482495786631746 0.026291075402684497 0.009974874554068898
82 0.04066627911564997 -0.027804829410624045 0.01707222652154392
83 0.04415873229526802 -0.020796411928011183 -0.01936616932671244
84 0.04548132787036714 -0.028186285530732044 0.010682139900859377
85 0.04482479556081817 -0.04098117526445233 -0.02558174329511303
86 0.04279779891204804 0.028349851101478588 -0.039602045542812526
87 0.03519370050853779 0.00512690730554025 0.017289319139628532
88 0.04612779578350088 0.01589823333388169 0.014213068869327489
89 0.038416814015454416 0.04527889294721378 0.01972007661276578
90 0.043482015185573986 -0.03142996150731015 -0.00033386173280279866
91 0.043481635642944876 0.043225888421609085 -0.010379789496902261
92 0.037637250416644556 0.0016241487581439324 0.02541193518794906
93 0.044825659317614557 0.045937428484566833 -0.003014284297916037
94 0.039928098733936296 0.029502578057926013 -0.007313976049968559
95 0.05101086573468556 0.032822122807812965 0.023319238160345177
96 0.03918221390455004 0.04093813605885232 0.021948912549857393
97 0.04279654774516159 0.024217938870001725 0.01024144384577491
98 0.04482415952141577 -0.006364018201234506 0.0020289000577099117
99 0.044825877351386115 -0.004920201892823589 -0.019996049138969126
100 0.040665025926604356 -0.016850987410934496 -0.0023698692965638726
101 0.03684018255352991 0.012418533172814007 0.0095300579322673
102 0.03992941105784264 -0.014810429690841849 0.012979258184831194
103 0.04923687356149731 0.018417527332718373 0.011380257651778069
104 0.04279510120963997 0.009223021105448072 -0.016531015102205473
105 0.04612682280865651 -0.03697610008722161 -0.006318940864819024
106 0.04482413340401884 0.02357423137430675 0.007777710731555925
107 0.04279380934034117 0.015536376937832634 0.02923188285158315
108 0.0454823193469399 -0.03281202066023303 0.010585309930851985
109 0.04923755075391571 -0.015111316618314233 -0.028240453673548507
110 0.043480965790517134 -0.02455527626739378 0.01808820462777482
111 0.048629910533521885 -0.01794404768024162 -0.013726175097450938
112 0.051010479913018505 0.006910437310621715 -0.0323612898329126
113 0.04138717386326315 0.04313976587744155 -0.034220540857389424
114 0.03992964445339212 0.0374269175608291 0.009090935249611137
115 0.040664972328578644 0.018287247148596607 0.018137535539852565
116 0.04066487661930437 0.028818874493451902 0.008330454864220497
117 0.042794528010366824 -0.018553915642878886 0.003298403031596094
118 0.04066596202446126 0.001273456814597898 -0.0256790590210009
119 0.04209609461271965 0.019526508744839337 -0.040172941068627864
120 0.04739636941804718 0.01343170990918984 0.06232184236675655
121 0.04348277936502881 0.016562343828381516 -0.010015810201439254
122 0.042094848042319395 -0.038282809058740624 0.0004008924140380825
123 0.04482506423056869 -0.007800814440908053 -0.035634910824908654
124 0.04348177284637096 -0.04132537296537869 0.004390919383735858
125 0.049835181877705435 0.02361322648407087 0.0045241363762271725
126 0.038417395609660614 0.008198911647813315 0.01519346866718506
127 0.04348255140512006 0.0471599127855601 -0.025533168628193822
128 0.0441584589445525 -0.006614861726121852 0.005953305172614922
129 0.04209773892793492 0.02637213391990985 -0.029401419816460397
130 0.03841773853066432 0.014357115363488885 -0.0017239833325914129
131 0.038418880588067646 -0.01270688412827675 0.0010920970156134595
132 0.042793576160564464 -0.031831196801632905 -0.016663807859998558
133 0.040664939161641205 -0.0373138072986199 0.0024373138377040793
134 0.044824593551044394 -0.009845795671421655 0.015697140770221683
135 0.03763598508593953 -0.011665299868086633 -0.001707025229212966
136 0.03993131592005859 0.005303240103778228 -0.002229032353416606
137 0.03992882743393307 -0.0050210249116752455 0.010890862696028448
138 0.04209769277993438 -0.02124447321675937 -0.0025320389888847006
139 0.044827266629377166 0.0013424549105974012 -0.028555772803607667
140 0.053281325372309216 -0.003527563469390853 0.009525994600754751
141 0.03917778061283121 -0.0516150952925542 -0.01380201904041626
142 0.04138742209858149 0.008527608271935565 -0.0619197710190954
143 0.046128420085894746 0.0007422367645552874 0.014375079900392253
144 0.03841719785001392 -0.026241064200997265 0.003315703394935225
145 0.041389204239598305 0.0086833966528966 -0.02231482016702054
146 0.04209756283689421 0.0003345233295600367 0.0014013117994290953
147 0.03763666143021418 0.040316065145121135 -0.004247729033914682
148 0.05101145987639788 -0.024551488493211378 -0.01750402691428085
149 0.04348301898014816 -0.02000565099698065 -0.0052918944700547955
150 0.04923520491756706 0.014893394069145067 -0.004353449219708068
151 0.04612710308980759 -0.01189059823628566 -0.007616569982008949
152 0.0406663224932191 -0.01829159690426211 0.031101329571446935
153 0.04138982070932898 0.0056310373212235835 0.011909855953296189
154 0.046765486778910084 -0.010048878779996542 -0.040300584998948036
155 0.03257208439697584 -0.013757544340961282 -0.00257677770717542
156 0.04138799286424656 0.02959540313664666 0.008192367899842127
157 0.048017256013984065 0.029794661022739484 0.02940729245700383
158 0.04801729474532716 -0.014271254808166172 -0.04641446078975317
159 0.042097490977930925 0.030924346771920002 0.013067714462357771
160 0.046766238629426075 -0.03165396671591071 -0.017434809910412682
161 0.04482441028688448 0.014569353647961955 0.015781086549637585
162 0.04209799027769414 0.03384582871286076 0.023431368739589103
163 0.042794388828952416 0.03153303048030769 0.014056120212494314
164 0.039930771250237 -0.017192636549175886 0.0011392619108585695
165 0.04279605853934255 0.03433509415772691 0.011760598708591433
166 0.045481617562356066 -0.021580091344169033 -0.007950169692020104
167 0.04209737679048375 -0.04073973898700826 -0.03248993144423303
168 0.04482548532609243 -0.015062515950640534 0.00979058359903986
169 0.0406656956330495 0.02779500929350859 -0.0137033719549275
170 0.04348187805291984 0.040528712163426094 0.006716883345340281
171 0.03918300045743523 -0.014225715029973537 -0.032470604791632905
172 0.03918156440399401 0.027909841418737973 0.01678388252523308
173 0.039180654824471764 -0.02586499651327464 0.0010794253638746823
174 0.04348320887514919 0.02025950057296916 0.030861952690901768
175 0.041386856523448576 -0.007025829751777427 -0.030522421937648127
176 0.04138801079382138 0.01573538663687419 0.0036555741001010854
177 0.042096099736686696 -0.023418790308603745 -0.004996386626979522
178 0.05215744565728341 0.000409945697491893 -0.01709854392573305
179 0.04348171878522706 -0.04228636508683594 0.019262106911860765
180 0.04348172387153573 -0.042199585465119815 -0.02435525979679702
181 0.042794474440193485 -0.04499357643948817 -0.005355579412322491
182 0.04066650320187916 0.005722437689941182 0.02156586443921276
183 0.04279569547349468 0.02246199699867662 -0.01028341647072691
184 0.0441595855276464 -0.030316054066922463 -0.000305663903118322
185 0.03918151517083443 0.024133159459301685 0.02785154044617078
186 0.04138844069371336 0.0425427933018126 0.025267702680093783
187 0.04066595597772249 0.005770503655875009 0.0020224746903673876
188 0.039928268157518064 0.007450895226571899 0.0009212668374292462
189 0.046128800509790895 -0.014476660292498948 -0.04005678778182493
190 0.047396750977850885 -0.026094389749156555 -0.026191886628198532
191 0.04548203422024482 0.014636944070350742 0.01901983221445865
192 0.04138494321163506 -0.00038700453792737326 -0.006326204517092995
193 0.046766677931785225 0.01627865207888233 0.016913730470793094
194 0.04612797337757 -0.02326782684878732 -0.009779281139380463
195 0.0434840124476564 -0.0026785915332453213 0.01888088033201647
196 0.041387396180756056 0.020308819584642878 -0.012183228199314755
197 0.039179758598833804 0.04707197238085163 -0.009057336452730295
198 0.04279422038994648 0.0076562791616432814 -0.038228063066520206
199 0.03841565006333608 0.005837962958624558 -0.030647416673852967
0 0.040664993253874876 0.0035942765029305266 0.0034064954519004583
1 0.04209644427687307 -0.011224775021365666 -0.01634697796883104
2 0.03602751916040959 -0.01577664938296216 0.04411714905324867
3 0.03519593520304873 0.01572601329866399 0.03788639644877916
4 0.03763560643853289 -0.022277259252235122 -0.004267863890473226
5 0.04066473728383775 -0.0263410013529192 0.004876826082240504
6 0.03164933290352564 0.024869495056444816 0.004934677166578785
7 0.0343439842696819 0.0039821194989381236 0.0013035387966548208
8 0.042096250313016705 0.020629882861884365 -0.003519509865741114
9 0.04138668882385882 -0.0009409885768894411 0.012141291087325767
10 0.030696755912310036 -0.010158844939764163 0.02277006981899489
11 0.05438245358775555 0.014721737498504533 -0.016029501935029215
12 0.03918038578676762 -0.012507767910940857 -0.0003473459981983419
13 0.04066355031729358 0.016536503999169016 -0.014769259952531522
14 0.043482813643770886 0.025609995165656783 -0.0027229707017567177
15 0.04066599794855475 0.0004744439772640541 -0.006175961749102998
16 0.03841789752408996 0.015399690047757967 0.004635894567850039
17 0.042095884802810284 -0.004988937098430167 0.05691968245921632
18 0.0351961877833102 0.014558245879779162 0.024631060515307265
19 0.037636078331431275 -0.00952258542836588 0.03026239259070347
20 0.024223002308023597 -0.00851311495521287 -0.001783581040212699
21 0.04415815005557482 -0.017328480413785815 -0.03606616327077145
22 0.0420966544852067 -0.006163737058001666 0.028279556108062934
23 0.03347022096014093 0.014802267847618986 -0.01423075868111319
24 0.03434260984618281 -0.029544516623441073 0.008001410138683824
25 0.03993104943701358 0.0016322628776175101 -0.004704629964275694
26 0.035196128369735145 0.015422820878695407 -0.029170161881596653
27 0.03069839178991115 0.0075210149067207474 -0.022271455201042668
28 0.03602842899068134 0.00563212736027275 0.015386255574107957
29 0.03918087540099252 0.012253783398638264 -0.01311026364614629
30 0.04209643987793352 -0.009166599073963107 0.004433948393108516
31 0.03684103610624416 -0.009737657257838329 0.006621132035400213
32 0.03918039312471691 -0.010797556556701534 0.0073963809481304675
33 0.03992775188007977 0.008584916981554527 -0.004438778922218747
34 0.048017324183727506 0.026176301695531288 -0.022288832038235742
35 0.044158290854862316 -0.014406951759707552 0.04905800349218826
36 0.03069683487565988 0.012842073386382366 0.02465663854005073
37 0.03683999345961718 0.012612623889310134 0.021032287134945333
38 0.033469501933636486 0.01628515520312832 -0.0036953797377663176
39 0.03257301332981181 0.005706473408928096 -0.0009255802747635946
40 0.030698929425468684 0.03599039006257997 -0.0032458915961548944
41 0.03519716466303498 0.011009441005702362 -0.019730691757407826
42 0.032572900442380245 0.009958003304692173 -0.040449568488160274
43 0.04983478597445662 -0.00020512053765323377 0.005249645819521569
44 0.03763792642036444 0.0026342488941314907 0.03270764879346993
45 0.02971845302112313 -0.017344056200333698 0.0019240398221464293
46 0.036027708428277926 -0.006132767544612037 -0.008494602809246235
47 0.03519580472836969 0.011932471281779496 0.03257274751136413
48 0.03684177282233215 0.0005238275429740334 -0.0041202406327909705
49 0.031649494208803475 -0.00856879994859046 -0.010156780795785695
50 0.04209689383289783 -0.001693047784743036 0.0068255256727726065
51 0.030698707137267477 0.0006049882692911559 -0.017579575842800153
52 0.046765826396673635 -0.014039031284826904 0.021989066328257263
53 0.036843471381697655 0.02285136622161066 -0.012710020883365956
54 0.034343534640898225 -0.008516516463870567 0.03132459497557157
55 0.04923492321325567 -0.005586423891780893 -0.004850926807142605
56 0.03347008257361099 -0.03052433217552374 -0.04790230329001302
57 0.03164927610475411 -0.02354834073808771 0.04393931455282303
58 0.04279490653067676 -0.012892399438850809 0.036933287329346205
59 0.03602599603764093 -0.015128282028160769 0.01943069642839048
60 0.036027062518292054 -0.01225703562065277 -0.015054236599170906
61 0.03684079858674287 -0.006911427255710611 0.0035405841851019765
62 0.03763876413075269 -0.0038627492389598926 -0.0059712603334007505
63 0.03763929318790173 0.0012693935229140926 0.02661393036937651
64 0.033468038541596225 -0.005092666636521458 0.028663429156839493
65 0.024222844008700027 -0.006729372518393137 -0.039644714807584795
66 0.0360276004391452 -0.02892930890216598 -0.013064417547514048
67 0.03992928637577446 0.0008688066519697248 -0.02737205491890637
68 0.03602805884769429 0.001236698793027395 0.041840213712770774
69 0.05215863007024099 0.014074736993532871 -0.014058296348051379
70 0.03347210341012178 0.02063268054890469 0.009914952650004154
71 0.027651239528801254 0.022942213787382242 -0.0073535974919229615
72 0.03434136436823492 -0.015886010365517244 -0.005531000436283124
73 0.03434261439521164 -0.0015629304415105114 0.014121482057488583
74 0.030699263300406444 -0.006593060491366374 -0.008357885168338392
75 0.04138774919564113 0.023190911555939255 0.02267381940106303
76 0.03519645087930663 -0.0057792092337069865 0.03416517293530302
77 0.033470247559992686 -0.008027475110198534 0.046335351671596345
78 0.03257159729592697 0.00602020731108683 -0.00753029719222898
79 0.0391809614900207 0.002352489649259326 0.010621474200835349
80 0.03602816120691749 0.0008316055572991447 0.047099039714715456
81 0.036027907538182996 0.005264476359235307 -0.002669619174209382
82 0.036030132632318045 -0.011583176994298911 -0.029295027081862608
83 0.03257423401704739 -0.015444085328715142 0.02550509431784948
84 0.03257262485487614 0.006593508535468136 0.014324273743635083
85 0.03841682311171634 -0.030193338580705758 -0.02494604184705929
86 0.039180136404546734 -0.01186897229402675 0.02741561148335383
87 0.03257137143412061 0.00789382662756212 -0.005082488746402648
88 0.037637006835090255 0.0138199004850479 0.020734512424082932
89 0.03346923439817989 -0.0010302501262335062 -0.03900447108917679
90 0.030698775227320407 -0.015470917675228903 -0.028750588211153262
91 0.03841431991727647 0.0013744762755362298 0.008860038147110172
92 0.03684094984429319 -0.009171710050619276 -0.0012034686091094635
93 0.03519689264897162 0.004731675436011138 0.005755512639847981
94 0.04209751596125695 -0.0038741363742508944 -0.03515894455412531
95 0.032573538146974126 -0.01075780404170807 -0.005621935338533806
96 0.033469241588376115 -0.013519981939773032 -0.015523358750481405
97 0.03164896558514986 -0.014515616468758161 -0.02011739014775292
98 0.02765051620700211 -0.014929166411889202 0.04441202280197978
99 0.03684244417315606 0.010944681785063163 0.0013695106099766705
100 0.042796660239074955 0.01021981855743671 0.03473383554044255
101 0.03519767983593933 -0.0006298426790261066 -0.0008459474784845263
102 0.034343341274493115 -0.013344840251358667 -0.05282824528376553
103 0.03763746800449891 0.026519407834712436 -0.022615850076982292
104 0.044158448752247954 0.041562654528187686 0.014946887319819474
105 0.02765022023818975 -0.0031683565255526303 -0.03478823435807516
106 0.03257169254080309 -0.009555176127636077 -0.004731097306909616
107 0.031648374663499866 0.008290977723091788 0.017570516657657978
108 0.03763633626237804 -0.0025686420707015734 -0.013545792408672382
109 0.0276508965976903 0.01639539204400118 -0.027295236521724355
110 0.035196651166437685 -0.022491598513533363 0.03373721609640087
111 0.039928185469909956 -0.01924587555306513 0.01614041639016735
112 0.046766758561956834 0.026882823349406924 -0.006508835776461416
113 0.024222930420478097 0.0002123080874159809 -0.029461412813597782
114 0.03434436791950751 -0.02937499853157415 0.042150061507282975
115 0.03684226798495931 -0.009318136844275992 -0.0016648317334437698
116 0.032572434906862374 -0.011596023711096352 0.004749039426131356
117 0.03257247944772492 -0.011249410102048564 0.031070082039333282
118 0.03434251255410666 -0.006246868509045392 -0.023005900078188573
119 0.03684076304769645 -0.013007960879961618 0.02317725990879776
120 0.0334685668413723 -0.014050694578120252 0.009388597181614536
121 0.0399304969928232 -0.008304938898769126 0.010035086094320026
122 0.03519655191523124 -0.003667758296901473 0.04536159899548819
123 0.034344003041336786 0.006500659613991764 -0.0009171419291609646
124 0.03992987767611251 -0.043633196099748 0.019357416745850814
125 0.03841874539214273 0.007107224720512816 -0.008652927364463416
126 0.03434366553268458 0.00879155482904831 0.006554457493514246
127 0.04209873378043262 -0.013813523710501924 0.0033535200575890156
128 0.03069829962045414 -0.0033398134511296016 0.008716108426367964
129 0.03434437046728368 0.009040304181644353 0.03297237826647761
130 0.04209584653926182 -0.026046668781173874 -0.016906967829422043
131 0.03164698676230931 -0.033021289885687394 0.06185923588644235
132 0.03992993542953745 -0.023449184517426117 0.001195278097785208
133 0.04066428258452317 -0.01009564278624604 0.026176203519504608
134 0.05042603947329527 0.003706145167534549 0.001923621944446199
135 0.03346875828552005 -0.010496881791334216 0.04464771307182268
136 0.03347022846653076 0.028581672238752815 -0.010568473235917614
137 0.03346891527911891 0.006992690034818981 0.01092994963137424
138 0.03763934069097201 0.007901755172987574 0.00040761210967035864
139 0.04862970596045758 0.006926733824686107 0.02657504524284308
140 0.04348329592623935 0.017516295805705503 -0.030923110628888757
141 0.04138720739532668 -0.003014003602959565 0.007198774886210715
142 0.03434333003991027 0.0040664336870155394 -0.04686822705445366
143 0.03164895548231691 0.011390052888024091 -0.018638089886338707
144 0.043482106961387934 -0.010735685238675293 -0.003809879896470114
145 0.027650126972425287 -0.009648963342665259 0.02969188688382315
146 0.0406648890192281 0.05757690573388722 0.008115030465062416
147 0.036026981517744035 0.011381676943664213 0.020236760329842323
148 0.029715273358357948 0.008361094378134827 -0.019368313638111423
149 0.0368415390593189 0.008912845847562512 0.01859503570871116
150 0.046127707379100595 -0.015728360541066945 -0.03967512261222866
151 0.03841666120579166 0.007705772298781801 0.018315836770614907
152 0.039179535424366245 -0.030697278467929818 -0.023285935220882757
153 0.036841574969482344 -0.010838191833360326 -0.0007463076504667229
154 0.045480370123345756 -0.013303839056655203 -0.012717850898649562
155 0.03684070382925724 -0.0032400089149231953 0.03203788010951469
156 0.03257159279692715 -0.00308824234392109 -0.005193769879644686
157 0.03346836959063653 -0.025700618519945574 0.01890782460796391
158 0.03165000660523918 -0.007238808712855649 -0.009382077704796543
159 0.027650845141005704 -0.01681271498514886 -0.046042431891993044
160 0.0351940998521807 -0.024821893997915376 -0.033543083815178114
161 0.0360278797150684 0.02867521773587741 0.02809602299648003
162 0.037637867470472305 -0.00864302143377596 -0.02887578437448885
163 0.038415790268275775 -0.012318722102878044 -0.019953495825964722
164 0.029716744214236063 -0.01428304282472885 0.009221946081510763
165 0.039179200263524665 -0.003556271997282031 -0.021924038820015656
166 0.03519681846313511 0.006565422512422621 0.008805343145054578
167 0.03602461982920276 -0.009946877951980137 0.027638885514700937
168 0.03684177099967367 -0.00984001229807239 0.01723527028080505
169 0.03684079605502749 -0.003987530917096564 0.007616101991247704
170 0.03434313712133308 -0.021160413329945234 -0.015908705740353038
171 0.040666054105601104 0.006488492346463424 -0.00023638382409971512
172 0.03763740612998327 0.00702204213463574 -0.002145590697061558
173 0.03519594176180252 -0.007151831471916842 0.00803624595171229
174 0.0384162824121668 -0.03216982796015681 0.02227787664602849
175 0.03519379145537852 -0.021755050633766617 0.018372289873376444
176 0.03763713000924604 0.0168611151408094 -0.0037194862811763137
177 0.029716624065230932 -0.0013757006210077627 0.01913495813882202
178 0.04983282922547464 -0.037282249324804104 0.035113172689875856
179 0.039930156825746126 0.00010010701065657527 -0.014401058412266935
180 0.039929774077870656 -0.00022155022184582805 -0.008100112600702524
181 0.034344648468221405 -0.018508408011637115 -0.030075456153188747
182 0.05100952414327 -0.004458073964084074 -0.00041305348347914293
183 0.03684037187627719 0.022321816580503948 -0.01557584268667683
184 0.0343442662167402 0.026183458879720328 -0.005727526608087312
185 0.03992911112677851 0.004263929924774427 -0.005658547727163532
186 0.036026812879296176 -0.014210321583457862 0.03150204275490671
187 0.02870278058157903 0.005153527685697343 -0.010636979805735877
188 0.041388052413484006 -0.004559321213233796 0.006068170659567484
189 0.03918045360306118 0.012381536334240455 0.02185664891347275
190 0.03992862558176824 0.006597817958583217 0.030615053327144866
191 0.03164868553137107 -0.005529401241942796 0.010200719990923743
192 0.04279664961030638 0.016522566354078443 -0.008904640321986162
193 0.03519622354620278 0.01873387052492039 0.05198340648497801
194 0.030697516462523073 0.02231944840570391 -0.045278801898652646
195 0.042794790417892 -0.012442991311106637 0.02573952614688049
196 0.04066607657267366 -0.006035326649989253 -0.02306183671539913
197 0.03519314059057832 0.0013167403478506906 -0.023379630850321662
198 0.03434228705928546 -0.017158471254047174 0.007719867872949757
199 0.036840097848876735 -0.017800167650245825 0.025492986682436342
0 0.04415911797129005 -0.033462532642102014 -0.025935762395389434
1 0.04138836851355507 0.03522160760767883 -0.038536670676708164
2 0.038415617325895955 0.039653782441213474 -0.007561412555008251
3 0.044825573125130164 0.0315496198221265 -0.02880684514119172
4 0.04863075997794585 -0.02237552517785977 -0.01182284250679236
5 0.042796425745204994 -0.03789856375901395 -0.020177260888564766
6 0.03992965601884613 -0.03172756394329338 -0.022769823538906924
7 0.03763821987352634 0.020182142111030837 0.01630852595480849
8 0.04612699884467099 0.028097514148989318 0.024937703264965968
9 0.04676626927686254 0.017613149371991398 -0.006428727650274855
10 0.04209826157160271 -0.033988578198571345 0.0027828526680701076
11 0.04348292861090554 0.040937867690759334 -0.00771371400785709
12 0.04138708424481742 0.029429173803385496 -0.02968467442368251
13 0.04066538022779554 -0.022185348814818345 -0.013169170189253846
14 0.03763730910722084 -0.0382263612443644 0.018515210165648516
15 0.0454776112850012 -0.029042130528903604 0.036373126300916575
16 0.03841724980603262 -0.01988016610139733 -0.00633080790672785
17 0.046127808733717746 0.03344568814131619 -0.0006152220057640787
18 0.04612877159289377 0.02587505223486697 -0.03178396214022843
19 0.03917957809941294 -0.0473954829897053 0.02513035634102711
20 0.04801657974382671 0.03158061926966019 -0.0040785147436569
21 0.045481739593626905 -0.01994198478365081 -0.017520977500918057
22 0.050424735847052454 -0.04966584536637292 0.015197941597956127
23 0.039180388698214934 -0.023085832858502554 0.0032551003272028225
24 0.0461280742400502 0.017007826198876717 0.01024663099749731
25 0.046129426242343695 0.01302025757048041 0.006845011953339046
26 0.04482459205565337 -0.01443975184378955 -0.011994819679512067
27 0.04138733853968238 0.023964895867352155 0.00014260421351156198
28 0.03841596747085761 0.03383424107407429 -0.0019434939252254652
29 0.03602791418860904 -0.022103561176101322 -0.01580906732870843
30 0.04548288830994804 0.03246640149077772 -0.007095807715062456
31 0.04801566952825167 -0.04021576905343971 0.049149169274080286
32 0.042097081115971144 -0.010279178771190412 -0.007587251335998385
33 0.04138946284985564 0.0333699602639026 0.008669079565965652
34 0.04612881289737649 0.004970158900367484 0.012633830690375153
35 0.04739781280337598 0.04610164177568822 -0.013834589282859298
36 0.04862998144012153 -0.050082794071397714 -0.0031357274254748633
37 0.04279559578889574 0.00085479850854286 -0.05543398924965
38 0.042096595959322754 0.04884467555283765 -0.016199466539434448
39 0.03602734434019602 0.02208728437463294 -0.022628615539901042
40 0.04801621136397472 -0.04818955875008531 -0.012541521120269449
41 0.03918156997928794 0.015389054175554051 -0.004149444458647416
42 0.038417154676110746 -0.025335934708221857 -0.004358379838484427
43 0.03763689501844826 0.022897965097711536 -0.0023106131323917412
44 0.0406659755495881 -0.020153053924067566 0.014181783540966232
45 0.04279539033579622 0.02676774921463173 -0.022418140878675625
46 0.03992991831582144 -0.02399665293133498 -0.010588818153514014
47 0.038415442104123974 0.016821495726915662 0.008312785469427543
48 0.036840471939488015 0.0254164048481428 0.012251918093594995
49 0.0441583119146396 -0.010435197507262586 -0.01255213537253027
50 0.04279634431975376 0.003859541425460967 -0.0051408298053853526
51 0.03763780027470037 0.001395248690416695 -0.01606955953977574
52 0.04415951317916677 0.025284150751690982 -0.00035784559033018185
53 0.038416371095407534 0.034379122982757644 -0.0005842624779541707
54 0.03841891044706486 0.02790163691515332 -0.008942910361605619
55 0.044825636147476054 0.027995953542253114 0.014742410715496894
56 0.04482467697824596 -0.019236476811540414 -0.010654493825464833
57 0.04482273949788079 -0.040202023474418265 0.018409309025092396
58 0.04739449869104667 -0.03370393811225596 0.0034021804850362315
59 0.042098032240563195 0.001666600518275573 -0.01646199378980703
60 0.034342898621810794 -0.054882970405697125 0.011669640506844959
61 0.04138779603856001 0.003200009702551571 -0.011006199656522235
62 0.042796317915906226 0.029121911781824557 -0.015619337696295806
63 0.04209568796095445 -0.024296098293734004 0.049000151434832336
64 0.04279558687171183 -0.033053297115523135 -0.030824851381004367
65 0.04415778872649213 0.03893995055929779 0.019289123167270914
66 0.04801559765395268 -0.01735764629508514 -0.01989307940413326
67 0.042098333587370945 0.0075630553133110385 -0.02596463016090615
68 0.045482842489891186 -0.03210454257763375 -0.01949234931925954
69 0.04138655515091898 0.010857599237426066 0.014518575447211187
70 0.040664077389555735 0.008948772372330173 0.0024519264146681675
71 0.04482778846916052 -0.02880655850354853 -0.01577224276909202
72 0.046128219878312234 -0.024732399585012502 -0.017822530198545704
73 0.04482386206184621 0.0010053461426551085 -0.00047939774309739287
74 0.03684151859910181 0.0139178767454205 -0.005271711824712968
75 0.039181508061544926 0.009504509928781563 -0.002742939017722277
76 0.04415954881058575 0.04993829784521795 0.007972964756407231
77 0.038416420894499904 -0.024417959178729836 -0.009799863519897515
78 0.04279586594521407 -0.03966736120384464 -0.015932271005605746
79 0.03992931590878105 -0.00444779638151319 0.012114508982006895
80 0.043482752122949345 0.005325930652830621 -0.007794732932298259
81 0.03992833400368039 0.01992306084589796 0.021764186777391618
82 0.04801680143493251 -0.037961820725395126 0.0016043573323560533
83 0.04348333246680463 -0.039182042000843534 0.017342285148888085
84 0.044825454258700666 -0.023057760637402436 0.002111676078918752
85 0.04676710641740883 -0.046340992200698705 -0.02533962185098109
86 0.044826146000446626 0.04249986227159213 0.011991762762176677
87 0.04676883641168018 0.018588518294877353 0.00826856999744871
88 0.028704061038633155 0.047247575571769965 -0.002203277419470204
89 0.0461271648830665 0.011702140780146392 -0.03224245785425385
90 0.04482568937464547 -0.01407404255514216 -0.046267641058327466
91 0.044159531812816975 0.010870571438571617 0.0023694646884368205
92 0.03917931498152129 0.022285641586661156 -0.053306304382132186
93 0.03918076233105982 0.040833100693567694 0.0056904832748252586
94 0.04066379193691361 0.02702907619514824 0.011298723175804085
95 0.038417906550804876 0.009151800655607391 -0.016932704864559715
96 0.03763731643886142 0.019309464585358753 -0.010914941839427197
97 0.03918224568354895 0.032862392398581665 -0.023155493412416704
98 0.03763691157832623 -0.017569986719581616 -0.00611951206851851
99 0.042097340049382245 -0.005710930414682449 -0.03221841646222214
100 0.036838788092037035 -0.059807600787145906 0.01764125937349037
101 0.03841470047148745 0.03725688372441674 0.005438750923325184
102 0.04612976976878023 -0.019760408263209073 0.028269116558929244
103 0.04138897300352746 0.02413356030262112 -0.0101032260915385
104 0.037637367694340076 0.028201099245525052 0.004141965445834789
105 0.044824903208302486 -0.015254507252626738 0.0483321322439128
106 0.03683924847739818 0.030978439882647132 -0.05055473721523763
107 0.04548271520361637 0.034119063188084685 0.02859358251466923
108 0.042793992924037356 -0.03372881522094205 0.04694192953725531
109 0.04066487093766286 -0.028982384022254313 0.006717391009295874
110 0.04676719726772389 -0.008850807277110738 0.015353318246848444
111 0.03841617187429786 -0.0027077574246106044 0.006068051907902044
112 0.040663307130164215 0.04186919250319862 0.007823227878910098
113 0.03602854650274107 0.03760056550141072 -0.010203547724581642
114 0.03684083496498748 0.014501641902853088 0.031149212198495944
115 0.04348413881761638 0.027926780019285065 -0.013593035912408798
116 0.042095892156391874 0.02712279407378952 0.019975355130691506
117 0.04138686904046367 -0.030078354660658724 -0.03361135111730865
118 0.04482439716331813 0.03482856430152617 -0.005163438255140789
119 0.040664679560764486 0.03763933291514809 -0.0014838015125259204
120 0.0448238174286559 0.016082039717322118 0.011185601168672074
121 0.03602923651517667 0.0057176280554215985 -0.015900443097726525
122 0.03602727298145849 -0.02865911501691699 0.029170778658844168
123 0.03602723476741048 -0.046178668896565835 0.014178407113111665
124 0.048630193904317116 -0.04277832198786695 -0.01497570582281397
125 0.04348190159465875 0.008843693533421387 -0.021780010418093885
126 0.04279612679441179 0.03709780690202852 -0.014556639169167315
127 0.044159884208492 0.017745223491961764 -0.021710098744856236
128 0.039181177908227824 -0.029841403556763537 -0.03704067876274145
129 0.03684035443366881 0.014573793714545783 -0.0021626698965606602
130 0.03684202317830569 0.017526354148266254 0.02221601656282257
131 0.044826479789088935 -0.011471817479554634 -0.008634560831269924
132 0.04415966989460689 -0.02606648209545311 0.00869732876196419
133 0.044160017974024336 -0.018508895459363968 0.011348291323357547
134 0.03841634186834533 0.0027681732485210163 0.02929687085263265
135 0.03519511514464773 -0.024539760169124698 -0.04968554777967587
136 0.038416564573714625 0.04516813275890938 0.01428649972938799
137 0.04138517268183998 0.013535094350804532 -0.009670229035094043
138 0.048016023582709094 -0.0008862059969012091 -0.006151694744869546
139 0.03164948092283598 -0.0003010548854995611 -0.011517381000314414
140 0.03684046325387538 0.032916196448514394 -0.019499994823225023
141 0.0467651616602621 -0.013576341185515798 0.023186899755435395
142 0.034343303874192085 0.04085450888363619 0.022586301407580542
143 0.048018765315983744 -0.02887966200839924 -0.03917493343422097
144 0.04066680046309195 -0.018410373680572776 -0.012890150054868318
145 0.04209733079839217 -0.01906129765886843 -0.02400691901313501
146 0.03763825847452388 0.034342542019595294 0.0019176025763547567
147 0.0413884890629355 0.004596944249824136 0.0387230742098776
148 0.045481590143347246 -0.022058865061716622 0.005326423658138392
149 0.040663534990647544 -0.013515242973006514 0.008218109403783366
150 0.03519313519499302 0.030969908615433177 -0.005901461183690685
151 0.04209759596065702 -0.01630873435422015 -0.007096180135008768
152 0.0434810544488329 -0.013633119797703088 0.05184819164789573
153 0.0434834797142966 0.009344848826022632 0.015421095851934116
154 0.03763709436776419 0.03922585771247889 0.015547071797403243
155 0.04138582957981304 -0.02449098458153672 0.01683116871912037
156 0.04801692142569282 0.015723374528571338 -0.008071062740661647
157 0.04138648077946367 0.020069028502765523 -0.02211428417591055
158 0.036027392612342564 -0.020417018719640825 0.011037244766181203
159 0.04415923999207608 0.034441198990756886 0.004589793461337261
160 0.04482492359131589 -0.029389954245888278 -0.001953573980457549
161 0.04066483437593147 0.018869606789033495 -0.00039992361337901387
162 0.042794633818641625 0.022395433079154193 0.0015580635987175082
163 0.052156617586665094 0.010123358546012436 -0.019592748646689608
164 0.04612756261802025 -0.004999610117602542 0.020498598851785375
165 0.04066364466023401 0.02384475418518498 0.0034131730970152034
166 0.04482473552742639 -0.024898240481685912 0.030113251572307053
167 0.03763733840309996 -0.016405351121507705 -0.020584299532417034
168 0.04279601184293174 -0.022420677259861303 -0.011253695078741778
169 0.042098665397904626 0.018287551459208577 0.008526680982786307
170 0.046765804250496285 0.009712037291622823 0.027450189121431563
171 0.042096831073338434 -0.021463348592263204 -0.03302234079274649
172 0.0420957563304532 0.03457236907273045 -0.011974168635222961
173 0.046767243936374714 -0.012802192282827522 0.017722929253046898
174 0.03841581627857748 0.05103480637412062 0.015609505202167258
175 0.04348208136086182 -0.02282697069366134 0.015375724983260843
176 0.045480593076982906 0.03970632640782523 -0.035773589071850895
177 0.04482558202147591 -0.005021042329625857 -0.009814091868298052
178 0.03841664191296189 0.010014346119105967 0.01720804244430351
179 0.04209738811685952 -0.03391404654429441 0.009505153982704729
180 0.03918035481199406 0.0009014439916563279 -0.006550946151831351
181 0.04548119036943463 -0.01620836040702768 -0.021952846597425288
182 0.04066719714849472 0.014112113843046215 -0.015252921960093545
183 0.036028020991108155 0.014051075199439463 0.003364509697716934
184 0.04739510955813182 -0.04038930001794338 -0.035978648285651234
185 0.048015151967731345 0.03952002111795944 -0.04464708753480216
186 0.041386059536298626 0.01912334381985607 0.04455251231142411
187 0.04209889989483648 0.03340630763777587 0.022387127049813913
188 0.03763597861699407 0.020518316899571912 0.018245357264309217
189 0.035194146628181704 -0.032071087669007334 -0.007306038768776908
190 0.04415842424534578 -0.017227206585124298 -0.01680346392698601
191 0.04482366586820979 0.036022157491693414 -0.009407916197125017
192 0.04138532949258382 0.021891583127211917 0.025400397603442253
193 0.04279509303234165 0.04029828841933819 -0.0071280417083811245
194 0.04676678750167071 -0.02336638048620755 -0.05855292322721599
195 0.0399291099366332 -0.02591547291992322 0.00967714261236691
196 0.042796075328552625 0.02233219078372694 0.0030696296497443433
197 0.04209767641384325 0.04376507037188186 -0.02031777615410526
198 0.03918009835540988 0.025171043378613544 -0.016008825855683112
199 0.03993077106445285 0.007673654682303677 0.014426212933523636
