200 3
0 -0.004420258303348634 0.01491399255734633 -0.01193198780955794
1 0.01877647946060909 -0.013972662903170563 0.007271606003447055
2 -0.003052293278889213 -0.010810924272709795 0.006665241102039018
3 -0.002969316587506904 0.0019313172859553016 -0.018514180720403617
4 0.004450225678433475 0.026832755611713013 -0.013499110417339165
5 -0.008785088026357808 9.372936661997729e-05 0.02141034701621186
6 -0.0012009573953898588 0.011592407065135799 0.0226130230639372
7 0.002292496413267295 0.010713951530412914 0.012374238138714161
8 0.01140643501575583 -0.0005422593407814758 0.002725566925588792
9 -0.010125381916487335 -0.005388745482790593 0.0036097518836494744
10 0.005131432019187296 -0.006520323434598657 0.003561905895518664
11 0.01590709479670986 0.010476254400820579 -0.010193087399791051
12 0.0003505468916776139 0.020162807609058336 0.02030731997626299
13 0.011448334267483875 0.008058504724552641 0.014915786706697673
14 0.012803094062876597 -0.02432990547266664 -0.015009682105331629
15 0.0008071807543659007 -0.002684626937452044 0.021439362878582002
16 0.00988507891716034 -0.01856234988958272 0.01013954843850939
17 0.005205251472087375 -0.0007553681903266496 -0.014889597097537989
18 0.0017164247941919356 0.025655835628909364 0.0017371796332466063
19 -0.021694176086939507 0.024251340490099887 0.007911836472552006
20 -0.015889720474702163 0.008051916244079305 -0.0174768975122541
21 0.006735404761339495 0.0015291541471049684 0.006440127863135886
22 -0.005899267406806888 -0.01739709816515316 0.012963550618095857
23 0.01173271320796291 -0.02172379434971089 -0.022869942740116722
24 0.012435307829609027 0.015621607688799666 0.006747563671439916
25 0.002926008160076486 0.014938550744192203 -0.008468760044252897
26 -0.0028630346694135597 0.0035805071834994484 -0.008640398186678916
27 0.002900855448967548 0.007984620968452566 -0.015904632763099454
28 0.025478349062483238 0.013492642914816923 -0.008610015779520683
29 -0.003756668187207754 0.00854466146078697 -0.02294427913390283
30 -0.013474209742531496 0.0012884746602494996 0.0022926854121898127
31 0.0056885500688813526 0.006279263182372846 -0.001592618742145141
32 -0.01728700909144705 -0.00962520556412165 0.0028634076331610836
33 0.0003316197095650994 -0.02241409658303703 0.0032492522764532156
34 0.013936125292645977 -0.003297011426878455 0.005118972210070856
35 0.018041922659748858 -0.012693096298095466 0.014004892955201007
36 0.01278502417424087 -0.007924063092436984 -0.010191341654282642
37 -0.007296211556490587 -0.010732260920115158 0.00874697111295697
38 -0.0047046016660102965 0.003546950736528106 0.012367394798512853
39 0.007433960985722819 0.020945307676106806 -0.0020290025266588123
40 0.0036251798959115442 -0.02124185424340017 0.008220417482929749
41 0.010520932955582228 0.003117516936865933 0.012976881224022109
42 0.005436280003474986 -0.01071926649264061 0.0035205252138503507
43 -0.0046098908252168586 0.021102070039540715 0.03105225366596734
44 -0.008717475845182357 0.004708589770407799 -0.01964891132691305
45 0.004211159368632006 0.021630916602468797 -0.01669457511867528
46 -0.0019270127824956018 -0.021828406855030173 -0.008486537129100344
47 -0.005308380103938089 0.016971746363574222 -0.00591205846957988
48 0.0038650778317251416 -0.010360295035389835 -0.004314730403910137
49 0.016585348735514406 0.010457142325691716 -0.007449041938961065
50 -0.023098324192780573 0.000602401207327876 -0.010785220026306372
51 0.009870314698859337 -0.0023080537640136 -0.015095552923390529
52 0.003340579631894814 0.007496258116911493 0.021938588836544537
53 -0.011413171377178552 0.01662683378902695 -0.025497223309188008
54 0.019298057092049806 0.005036106263482369 0.0049401435333296315
55 0.010103089200858242 0.005147046450348521 -0.03655629321298867
56 -0.009181570249969781 0.02019517797520934 0.0076298436574722085
57 -0.01038173237682772 0.003510610066816862 -0.0016961569940047508
58 0.011407947030653912 0.0257282835373996 0.011485023327177851
59 0.0078249682147329 0.027941881196083887 0.007259873191257911
60 0.017455662731641244 0.003578982297755065 -0.003381473040327604
61 -0.01126139297058791 -0.026584607217393433 0.01018238733234944
62 0.009514233645427556 -0.012965039336291659 -0.007521340936298823
63 0.016491458537591 0.002976029872072475 0.005491741347633673
64 -0.0016963124708892106 0.0019542666817077494 -0.0024399992844177203
65 0.021132304457908105 0.003332502602027828 0.00018746483336697095
66 0.011705565104849575 -0.0046894578090667036 0.021588547309840916
67 0.013502362233703349 0.000879520011464574 0.007885492541311864
68 0.01369231826714045 -0.0008057804751814539 -0.02002896165708619
69 0.0002945043060208971 0.009378178306478474 0.023932052644018792
70 -0.0058179735660888465 0.003573644985412912 0.00394831606508188
71 -0.016549209664334825 0.004958551507802021 0.01054288872665792
72 0.0016367639420233199 -0.01629565106640502 0.0016727202874531298
73 -0.010887031682774993 -0.014291582268582029 -0.0027168873691946135
74 0.00016379945999431267 0.006681876223964003 -0.02135207256179024
75 0.019944195601786716 0.002518255291577937 0.02968295513786473
76 0.004181003045884408 0.015951630479009056 0.008351184268996842
77 0.002314140025595622 -0.01761565684112429 0.005363605460442233
78 0.004681163240575166 -0.01908244316224364 -0.017058987065965647
79 0.005690880893067789 0.018239257875849443 -0.01872848606526578
80 -0.010038944842888673 -0.042803731440497025 -0.011353458575425301
81 -0.01134076232579407 0.002403209316825778 0.002814560226702678
82 -0.0012991409131397 -0.013045699802274976 0.005062829354530198
83 0.0069938943913520814 -0.0021357220782980205 -0.010400177596670716
84 -0.007193106610080685 -0.017277279375361637 0.008698792638044808
85 0.022306364560836636 0.025049734805114826 -0.02958665627493256
86 0.0005708957206831334 0.0016205577988611108 0.004152129914755082
87 0.011064311940122348 -0.002251537738027664 0.0008083402424321519
88 -0.0009208261326509419 0.002518039007466104 0.017969351880025138
89 0.0011365604084705334 0.011792063317874333 -0.0026074705199840564
90 0.0013889744322855835 -0.0019846093924819133 0.005684355730369288
91 -0.005719661343768168 -0.007436027684485053 0.0016904094982627058
92 0.001374660246173505 0.019580256841315286 0.016812993995628668
93 -0.0053952720837515174 0.004523018911001257 -0.004644114533020884
94 -0.023656804453295197 -0.0133273233343313 -0.004137525329088024
95 -0.011513127182275908 -0.014982882616690382 -0.004549113867451986
96 0.012953692718821568 -0.0011732572615507295 0.009407895936332587
97 0.007409313353182803 -0.0023202964373363055 -0.02054366351321804
98 -0.005497539279553262 0.001365645111718365 0.016632486828867935
99 -0.002017601144772785 0.024942558407331547 -0.007747258442334863
100 -0.011264548073852045 -0.00422854744376645 0.0017676238727031592
101 0.019156146469981858 -0.009490906227027208 -0.005409805533377604
102 0.006986300791396977 -0.008848484011436814 -0.011030888621669496
103 0.0034770607419811403 -0.025948046240786095 0.014124438732975406
104 -0.009152671252684222 -0.00830760325861635 0.007219626569689358
105 0.0022124183452381565 -0.008830750252388685 -0.00018167554924429855
106 -0.012631382067102195 0.001033160998059432 -0.017643508107865677
107 -0.001892324400222729 -0.0004331480276585642 0.00449819746599847
108 -0.0033491641026076736 -0.01163236495698354 -0.015279138264835554
109 -0.005451984334154385 0.012292312553004413 -0.004494279161668915
110 0.0053533171587994074 0.015693734348442363 0.008843326858455187
111 0.012230416895715135 -0.0008406697480278641 -0.0023950171246550495
112 -0.0041727225235235945 0.0022062058480012484 0.0028093714969521823
113 0.017553318567815494 0.011939443355800241 -0.010272402218516233
114 -0.009751188144892037 -0.013160599158118125 0.01715685108309526
115 -0.005635825066599584 -0.012053446067032694 -0.006667390495284604
116 0.010087448742834623 -0.020445365404542185 0.012631526123698139
117 -0.0007109272142910295 0.022656486899779033 0.008124983733091961
118 0.02500498598622798 0.02371694472678626 -0.009620714995911717
119 0.011585610655676324 0.015736087588577863 -0.022077089461172296
120 -0.00600065014316972 -0.011550807727640205 0.009121886774891948
121 0.009382126327901218 -0.02535891944069285 -0.006813525691589911
122 -0.01790764577732596 -0.009729137694839879 -0.00846855073360156
123 0.009633083217129565 0.004962841764497131 0.00036700231966497153
124 -0.011629967499174762 0.0035229731196047883 -0.029679889448907454
125 0.017275292667830275 -0.03358127956854141 0.009373223024836917
126 -0.015977847615507978 -0.020741113594211397 0.007726640932387424
127 -0.01184361214482555 0.007038155928064366 -0.008106066364619628
128 -0.006601834786709719 0.011504721616102947 0.019191206008173284
129 -0.01539330299586358 -0.016873112125463205 -0.01990454247194215
130 0.0015144372819028628 -0.0013266543952287595 0.006840361928713755
131 -0.022666527223425707 -0.018388824203248784 -0.006661045414946722
132 0.023345655822752782 0.009807302454606107 0.0071217977773728874
133 -0.005377336554584439 -0.014491055250965793 -0.021327146790223427
134 0.007600869444373153 0.016577259512182158 0.0038067242556219932
135 -0.008744014420446703 1.587930951262159e-05 0.026348080100047834
136 -0.01337232833107907 -0.00292760984674938 0.002634599355488279
137 -0.009713441044634036 0.01792939667638062 0.008484174484776614
138 -0.012742274611572083 0.013429028274857632 -0.007191654515738735
139 -0.014193808578925216 0.007362644647165576 -0.014237971598741739
140 0.00578910846850175 0.0011922959114531312 -0.006089601246859477
141 0.0032312359260588466 -0.011541645448672009 0.01506021390579107
142 0.015732084596296388 0.00036567443842798475 -0.02250177430102597
143 -0.004604393298191074 0.008132007276931863 -0.012297191024056874
144 0.010261368214362184 0.0020389368409814423 0.011030509036732722
145 -0.0005239070997711226 -0.009733521094414372 0.005503560570888938
146 0.00653960162561215 0.013490579194146729 0.008397699496043928
147 -0.024659665283620583 0.007984185753814804 0.0007733350678303247
148 -0.0116601554241445 0.01645291989936514 0.0024447327244493805
149 0.012329479020386244 0.0045567658926911545 0.0017245262379633336
150 -0.0019029885518635206 -0.0188437854193653 -0.007693901680236363
151 0.0037215001907810394 -0.00035252375769429575 -0.009441337257046663
152 0.002441590146718714 -0.011047966935218732 0.00857583695154068
153 0.006852197923181796 -0.018987236216334094 -0.0017786460872109208
154 -0.014352992187371683 -0.007601204091095687 -0.010924797894038343
155 -0.0010943311838833222 -0.0056940881575887475 0.032939180457564665
156 -0.024637630098592354 0.017393387888290812 0.010968315827763142
157 0.015892543569796233 -0.01847537363856888 0.012873860286013422
158 0.018931369610073537 0.02223969992869384 -0.026385827072183662
159 0.0040083677719077795 -0.022219752909232317 -0.0025446648536338393
160 -0.02375340473401532 0.004924956100524517 0.004419847040559581
161 0.00018378361168437662 -0.0033467233543898 0.017955852566761105
162 0.003453372906899321 0.009358542925029037 0.0045697585518501595
163 -0.01156222729305123 0.004071040295669836 0.01340125732493222
164 -0.0009389118505190031 -0.008038141524192903 -0.015039608344373952
165 -0.022721135956674132 -0.0007375163619966173 -0.007894325730737353
166 -0.012333728083798075 -0.0030231062063266756 0.003603264232603036
167 -0.0075750421160845245 0.01287436177565466 -0.019182848949952633
168 0.013964287141364943 -0.015201274965898383 0.017120175619659492
169 -0.004900650796931684 0.010595610435919115 0.0006704980180947638
170 0.0023364530806860573 0.002954538442232195 -0.023786837471828803
171 -0.018928063973696584 0.009866127730447712 -0.013261583271752267
172 -0.003800507173204135 -0.006585365124931738 0.01627403581515524
173 0.00759671660542155 0.011498791407290945 0.010248111594328535
174 0.0029524115532667365 0.0011943449237875002 0.006568501636297935
175 0.007358922692800085 0.0026899209748798957 -0.008126713479660742
176 0.00754655968502943 -0.018498527857839592 -0.028555219509655172
177 -0.0025514305478916534 -0.0013789845697782313 -0.024053774182834886
178 -0.0032107902389835784 -0.012981648491256721 -0.005048678253022271
179 -0.016593147306797486 0.005339262025174471 0.006680516599836692
180 0.011485175614341023 -0.0038773591205549553 -0.00792564065053536
181 -0.027750063912194256 -0.0010107433073969566 -0.007011393555038062
182 0.006445402554073481 0.011739335743733668 0.008756446709819905
183 0.010209928114418006 -0.005025813022086437 0.002448625794026677
184 0.0004654826195919018 -0.005812520949011364 -0.0026330759967160226
185 -0.013522975421764963 -0.02348936739212116 -0.014433469284459155
186 -0.013557238291194047 6.330930115169484e-05 -0.006154174576002564
187 0.008640345366431577 -0.0042565732078023305 0.005566469071248602
188 0.010269505296226562 0.006161055611606868 0.0022080694863727546
189 -0.011087655919933895 0.009925045910527432 -0.006675969981043552
190 0.00703972088479711 0.028501015621371528 0.007885749872925289
191 0.014027416303233897 0.006341093315663401 -0.003215945903913665
192 -0.00010166333808665079 9.997322133697625e-05 0.0019298931981655046
193 -0.018222274869265677 -0.019459288786027415 -0.0011625479284472912
194 -0.012975299617202 0.002212229327290746 0.003868042773290484
195 -0.01242958026685026 -0.011359255657573494 0.0037512988029779065
196 -0.01269126528982957 -0.019014951495686355 -0.008072110945172184
197 -0.01804643200654804 0.005997227345487871 0.005853989507345447
198 0.012203532789784838 0.00571433513111666 -0.016968864058744464
199 -0.010740789665570584 0.003902840933615679 -0.02725922665108954
0 -0.013061800768450593 0.017241260137217995 -0.021250872332241467
1 0.028481100980679477 -0.012828128470888187 0.025922024223935393
2 0.019972711940051895 -0.003871535657984357 0.015048513557076676
3 0.009731434347428462 -0.010905082553535799 -0.020035225518274677
4 0.007370019877873928 0.025756438296704043 -0.014415067651771002
5 -0.012250321975160024 -0.0049032795249618465 0.046688138761389025
6 0.014619072801522635 0.01430987756735505 0.026036174367095724
7 0.009987813456905092 -0.006075595782844466 0.011265986547798812
8 0.007411029262427966 -0.0014137410791935229 0.017840780471649158
9 -0.0038015379328959903 -0.015363425364983828 0.016362924126481514
10 -0.030189058669127536 0.00021658257939485143 0.000250768044188502
11 0.016256582162205574 -0.006076695332987847 -0.009464323217798574
12 -0.014733559943826403 0.015428184163483807 0.0017645240218094119
13 -0.008179497714212506 0.006454354976105511 0.010983296072043118
14 0.002182168977367477 -0.032064917698013576 -0.014139096457405395
15 -0.0076162450747501685 -0.001435653272855525 0.023834914580213973
16 0.01512004834562608 -0.0154581374375544 -0.007193892103369758
17 0.0029566178580861793 -0.022032380489420827 0.0018064342422364071
18 -0.016706308652856383 -0.014279591808559873 0.024932472342570768
19 -0.02168714164169587 0.014729338024927277 0.0059286319031064405
20 -0.014358043730249431 -0.00903075208060963 -0.017476743352067482
21 0.004798321940068372 -0.006508596687640932 0.008500231745379998
22 0.006167760423753931 -0.013476373405222446 -0.0012258256580976526
23 -0.007350393577943851 -0.02337255668057854 -0.007368773297715625
24 0.017811038040142335 0.00941836803179956 0.004804042040218431
25 -0.007074849202099009 0.02885331097787533 -0.0002922919087687305
26 0.009950222077322051 0.03317691471242869 -0.01789416301843313
27 -0.0036662635423448404 0.02586657468841378 -0.0069081098731897245
28 0.03967970446623928 -0.006587248735609782 -0.01925757964877206
29 -0.019486010512591054 0.0005240769425329458 -0.022569142144615986
30 -0.007582183555596825 0.004128973163673235 -0.02070113146100208
31 0.00734259827485715 -0.0022614481741387027 -0.006993138396299711
32 0.0020600725177131705 0.0003368831407167677 0.01410202383417719
33 0.006941415183462085 -0.012409090791286118 0.023899889839292594
34 0.00436950235025263 0.007593701549327252 0.008290257328347865
35 0.004277148685755593 -0.0141174388541727 0.003308165519812216
36 0.007656778945113012 -0.027688798831379674 0.009747009028765241
37 -0.022964058585268544 0.006704670255915911 0.017035215670132914
38 0.0035332505097050958 0.009565638525750719 0.01479708839978449
39 0.011620251959409973 0.011897872324092257 -0.007230803166453251
40 0.003879687150338483 0.012334066951033989 -0.005813094482751264
41 0.012497149210307298 -0.0036462885362325316 0.011982104639090822
42 0.0070445239616458155 0.004518565558951717 0.002965410639906907
43 -0.017133215584662645 -0.011915187549454323 0.00019378190058236267
44 -0.0022178409227111423 0.0023809874528117614 0.0030574190057084463
45 0.01916677841188351 -0.008136622930259088 -0.02023741609359482
46 0.01676643902871766 -0.01265433897859207 -0.023279995657469715
47 -0.017015831185914786 0.010510180240213711 0.016362040891562162
48 0.026397640816654345 -0.020684117217275755 0.007211021921399209
49 0.008047904678206638 0.014511432580434835 -0.0028797392129500205
50 -0.028626456853290114 -0.006503723786618747 -0.024221205253691834
51 -0.007936922920915922 -0.017920989646347342 -0.015140752272505512
52 0.009838855939803322 0.019191618534976508 0.002843657211500164
53 -0.025022260076306438 0.022845264745950417 -0.011843736252698148
54 0.029714404608878656 -0.005357676429740102 -0.00398051506204969
55 0.012467001335092695 -0.011986106835985104 -0.02991841636805799
56 -0.011481398054592126 0.032452152301338494 -0.01082622493636244
57 -0.00375656444735082 -0.015446563807206909 -0.006127398596063427
58 0.016699975019135872 0.01394982858062923 0.008350831258603766
59 0.004793395560807934 0.008738769080623529 0.0015254988001548687
60 0.022408062997148082 0.026359926574567233 -0.009014443638751686
61 -0.025546936923142284 -0.024516258516875028 0.008111006291855717
62 -0.002980871547462967 0.0465057546777352 0.013314415924514213
63 -0.0001723353982800574 -0.003954235288013716 0.017053817070059266
64 0.0011038725680126895 0.005817077912306386 -0.0034527273399016407
65 0.026303747669101152 -0.0008025385529188828 -0.013241568868662816
66 0.0258123790195356 -0.021427783164023446 0.012885988614705988
67 0.0003909731130427446 0.021946437406538476 -0.01688358785478964
68 0.00589326308327804 -4.669195413633913e-05 0.0009750473377165003
69 -0.013850958433134213 -0.0025727309065829316 0.0060201514219514335
70 -0.0133908732676523 -0.012238358639764066 -0.008520920452472415
71 -0.018761606034640166 -0.0033491311325048664 -0.007623237847767715
72 0.0012621954039742159 -0.01651472705946052 0.011504632272036002
73 0.011965512423228103 -0.03355197872378031 0.0022398697992168275
74 0.023412282027986786 0.017314471872328048 -0.01145158304248721
75 0.03618514636397685 -0.01143548029448438 0.012530654439857777
76 -0.01109358756509166 -0.019387397475140324 -0.000745837656837875
77 0.005856414706241642 -0.02546816252417261 0.0023647672966816986
78 -0.017835939505484764 -0.03140663981468851 -0.02359923765059105
79 0.004164056588969581 -0.014504292731854027 -0.020717198993725816
80 -0.0054900415108509945 -0.02516339464493278 -0.004652078458911697
81 -0.0023838415044356957 -0.00348537083450707 -0.0022152652753939447
82 -0.007463918433072172 0.012812329671152655 0.01279766702846209
83 -0.003828995626851798 -0.01206587100985821 0.0005260770200575804
84 -0.009289452514995338 -0.018642243869623015 -0.004007202735750684
85 0.013694774474519347 0.014673520798989079 0.0019878999467489583
86 0.010579890894337396 -0.014074379603719893 0.021964707573377207
87 0.020594649026803247 0.011270524666706104 0.007592158741522526
88 -0.0014182887919733586 -0.0061558469323493605 0.0021553541204796
89 -0.0007633504531871713 0.007481896839676504 -0.017368776699968877
90 0.012407098948067127 0.014816742437240751 0.015208653565752964
91 -0.03325795296616499 0.0015197243160186748 0.016119846423902563
92 -0.00697055200781203 0.013255995905160606 0.022748997861214447
93 0.008321930471899669 0.016429177800882922 0.001380602941315717
94 -0.005524169342420518 0.009090019821496993 -0.0069148920644997725
95 0.0029608132917741045 -0.009771739008943403 -0.010358706249991204
96 -0.005492175303769484 -0.008297294238305386 0.005064863338682744
97 0.01620676083292244 0.0313929753993206 -0.03612743826401016
98 -0.006381465020929983 -0.0002711799123322478 0.0240709137846047
99 -0.009548802247054289 0.025462617743494398 0.022092525720407985
100 0.02355300720720367 0.00579388663299276 0.009827304462083214
101 0.013909952919131753 0.015600856848571754 0.002457759781342328
102 0.009949336806545542 0.0006376646639793537 -0.02530692386735457
103 0.002980452821637024 -0.0007754105591886162 0.010686651802053956
104 -0.02733048092015495 -0.009509595835702697 0.005125278141443632
105 0.003039475074395035 0.01942938895271202 -0.015517576649524713
106 -0.027274787360339482 -0.016474343957780906 -0.011465906221061872
107 0.003032208993684211 -0.027990250990352992 0.0032809924388899295
108 0.01152190641105555 -0.0371850570735341 -0.016806084739555457
109 -0.0027734693235225635 0.02011169898550389 0.011758991911336444
110 0.004036618268426856 0.007391116941113114 0.005189531158359725
111 -0.006087483512039957 -0.013937679798431434 -0.01126159956184653
112 0.006670281096986235 0.013866254710439108 5.924479589024256e-05
113 -0.0019291438442643385 -0.004620158906115321 0.0048192531301778085
114 0.008973349767876136 -0.011704713422049193 0.01765481370386973
115 -0.03599439618386033 -0.013400546402989596 -0.010181393046652948
116 -0.002951876889914301 -0.004857762748614922 0.021075470783233324
117 -0.013242740193975285 0.014516250600248401 0.01775238060447588
118 0.019398546001771946 0.009930992503540181 -0.02451550631149628
119 -0.005159319511158803 0.018339846256932635 0.003243334058960212
120 0.013612932820909668 -0.00887541266393203 0.0024378044104467903
121 0.003583373191472193 -0.007548638666926032 -0.023869970237333282
122 -0.00045713373583365635 -0.01228342820755287 -0.014583407326385349
123 0.010446202437753335 -0.01600169859782697 0.01377058444586109
124 -0.006942052591369159 0.0012865317867000459 -0.015234600897748002
125 0.002742023798736712 0.0016730702929852043 0.007255153191682337
126 0.004047584469595749 -0.017036783176492522 0.02138076102690395
127 -0.0037491093029700037 0.020453613824602118 -0.012725266929719176
128 -0.009545491063632672 0.0008882960630461519 0.023842714534476006
129 -0.009867526473113657 0.007317240659102144 0.016399623032730046
130 -0.0033266954482624412 0.017190306141152314 0.00011045106698643475
131 -0.004884030720047977 -0.020253042342752957 -0.010660928029665274
132 0.010869051031834553 0.021697641816685657 0.0065813943362942745
133 0.009782166715001955 -0.013538403809877163 -0.012931459841102666
134 -0.006967549122127869 0.0019502156904819198 0.019658659300548387
135 0.0054561922968849146 -0.0003938253806155816 0.013872444485322807
136 -0.013833777339203338 0.010330904937612658 0.011971222559600078
137 -0.019847689807686586 0.006809760895765057 -0.013959580214805803
138 -0.016727190610588777 0.015627962998011807 -0.000491863792332339
139 -0.031971172759755015 -0.02152684064969286 -0.007288075574715072
140 0.007266295257808395 0.02750489355732309 -0.022301785048322004
141 -0.008088068435331126 0.003721570288396772 0.019572233061299044
142 0.0005365652327007919 -0.0029424999626362427 -0.013174588164004922
143 -0.004330524521535435 0.0287267154597357 -0.006754117568636864
144 0.00045858656210823884 0.0024604934586119447 0.029642181262549472
145 0.004446118604274601 0.011775234229013658 0.025171835609022433
146 -0.00883308643236267 -0.0012454005819113097 0.006905831981046672
147 -0.006884381074497972 -0.015307674005517049 0.013894570287915613
148 0.021559134098642383 -0.008266410269086172 0.019073230161885946
149 -0.008634975936369532 0.012980918672339165 0.004769691880362709
150 0.0016245195083722836 -0.002717357494268463 -0.01553334602306321
151 -0.015233087342098994 -0.009396152337687261 -0.008420730790361076
152 -0.03420019817746114 0.009905028443960396 0.0017037336546194964
153 0.003589175249649603 -0.013403889687417056 0.00266618251776256
154 -0.015735432646012494 -0.018524644432735597 -0.003819465160971175
155 0.014517110534570998 -0.019565108581147905 0.010742681044101365
156 -0.000778676976055985 0.03477540644761966 0.021405114896388182
157 0.014266661363624158 -0.014958249597993252 0.012069277199546702
158 0.01409018031929718 0.014820222517603829 -0.022829432638774308
159 0.005275988984746086 0.02698207768049978 -0.03141897705794195
160 -0.0208938365891495 0.01573335746887945 -0.00036664735763537216
161 0.018997568705429596 -0.009221304092615108 0.03834099254088448
162 0.006926045333581441 0.02886487463091937 0.0039538262645152054
163 -0.01626852450053072 0.003157257930882667 0.002494588310554307
164 -0.026256668203403284 -0.009655005154385318 0.001395541941052951
165 0.010261231694841326 0.017850767389456106 -0.005458679082483181
166 -0.002124816121139836 -0.007505874090738215 -0.008010185523056004
167 0.002348262377992471 0.0012090678024724855 -0.013816409593708293
168 0.010430352169140011 -0.01612824572232334 -0.008100098192154187
169 -0.012617884413166726 0.0026806615297718488 0.0005099852410690268
170 0.029398972879532664 0.006120202838758353 -0.01890750370369825
171 -0.00584474569154797 -0.011618373159880057 0.0017180193962947482
172 0.005483052329746786 0.0008854645556992773 -0.00045249321858186614
173 0.007173524926557179 0.013735557130543915 0.013372712401226672
174 -0.016419985166435294 -0.0032856076310657564 -0.013028787327866723
175 0.014282424296333883 -0.01071161657004375 0.006659300264426876
176 -0.021338650705625913 -0.017893974536674115 -0.01527786060600339
177 0.006620084955438985 -0.016018217498690326 -0.021807102781167903
178 0.003562860849716744 -0.0028395908332533894 0.018744756912567394
179 0.004691434850448711 0.021389443814181938 -0.004979887416541067
180 0.010129062199538963 -0.012618928034975548 -0.009059663842212618
181 -0.023660029785170053 0.019991618403242085 -0.03004961723022309
182 -0.014262468801595974 0.009579116380711399 0.01516836354795479
183 -0.0071286963908994035 -0.005389491425308184 0.0036285671092799888
184 0.006226543745060882 -0.027359166499174706 0.01617471158634839
185 -0.02258509601333525 -0.016635972374094594 -0.015955212761946475
186 -0.02502419663281493 0.005880152715546709 -0.007769165220734158
187 -0.01732839824403775 -0.01238883725948553 0.009497326484067627
188 0.009893670956690283 0.015974267654717017 0.01824076291282546
189 -0.03484693306880537 -0.002527872081736361 0.010217072623207615
190 0.0233566436933985 0.019635531551318114 0.007726972371792679
191 0.02072527475671275 -0.005200031965868596 4.542840306247546e-05
192 0.018945173601656845 -0.0054220772156624505 0.002572951702120437
193 -0.0032925499517831858 -0.03721821011695746 -0.018972563237120064
194 -0.014541362380845399 0.02168429947088254 0.0018150942914674662
195 -0.01138803431397769 -0.003313518353889211 0.024175210806753944
196 -0.009594609166595158 0.000200175809886724 -0.013542739478221141
197 -0.019596233191998227 -0.005348110666857987 0.002833804638768686
198 0.02774241950776725 -0.009977935525612814 -0.0032426223957650463
199 0.009627917424830426 0.0038643687638132565 0.011611807863501123
0 -0.0023433787075814033 0.004437591026479677 -0.005179307218671332
1 0.02083498292751497 0.004674968044752051 -0.0007945978931923267
2 -0.012801293800688706 -0.00630315512836304 0.027364128962148133
3 -8.937273326117476e-05 0.010704321756928994 -0.01456183036506388
4 0.006200451146799797 0.01650361773086223 -0.007589675040886236
5 -0.0117895397106687 0.007119788487005559 0.025922186336567232
6 0.000947187871052687 0.008115750764403996 0.016506718355359898
7 -0.006685512775477508 0.018833130634691195 0.011461380458760995
8 -0.015427928886461661 -0.020761506265264157 0.0008697214995664476
9 -0.00017911459244726938 -0.015325506965757456 0.0011514692003791425
10 -0.01840279059927858 -0.010621771658949085 -0.00019228597396245967
11 0.016437448158443765 0.00023542628790035498 -0.01497860739192411
12 -0.004047161322366984 0.014616649862824252 0.012751185814830528
13 0.0031386496449071575 0.018143499660354362 0.011986584018410643
14 0.008054930679812354 -0.010041321162088335 -0.005304377790694224
15 -0.012489932197340934 0.012731175633330987 0.038515661315384475
16 0.02371991140906514 -0.0027604618078513957 -0.006388336381647881
17 -0.00569637056657982 -0.018475278371495853 -0.00042423165942007124
18 -0.004317145321467389 0.001687707441082851 -0.0006393293073132522
19 -0.031178207977143352 0.010951804621492395 -0.0001715035667593269
20 -0.024564665258492033 0.010782406893055313 0.0007001542418515194
21 0.007626992291853683 -0.0115648773005427 0.009032721515449631
22 -0.0028973116645141022 -0.004051038430424092 0.021723828375708694
23 -0.00633090012000244 -0.01921254530995481 -0.005555027025621426
24 0.0062515711509227925 0.0069827015818903285 0.002401418840781957
25 -0.004409165212902499 0.017281123783610616 0.010783403639548921
26 0.006930130732089219 0.02254038761512696 -0.0021034620727679587
27 0.00046767058966640853 0.008551930158234855 -0.004804103547645183
28 0.007447115135473997 -5.8481336459824396e-05 -0.008655737148773615
29 -0.0014244538529931752 0.013400515423992905 -0.022708050261466606
30 -0.026118726483880902 0.00019855264398237898 -0.018537764191059743
31 0.02196561164327026 -0.0010459847461646195 -0.009296091885469749
32 -0.002409503748181021 -0.018237833780919158 -0.01767299198932525
33 0.026134559311901985 -0.019375159282483623 0.0038476056144030185
34 0.016980254890369015 0.002389956136222544 0.01237240944005269
35 0.0031624529811994997 -0.02330368668176587 0.000518497234481774
36 0.014403691360733835 -0.005509597051736925 0.027379506054378534
37 -0.0005786988817788746 -0.0027224407123218573 0.004630240653307326
38 0.006020523897445782 0.007104738580703752 -0.006234426227031117
39 -0.0007421306919763171 0.027275087408747498 0.004447854971464733
40 -0.009911791630960294 0.00812488724460773 -0.014313086729031853
41 0.010229080926061916 0.013171334383381455 0.015908727880196677
42 0.02745708305370584 -0.00648996182302574 0.013795663434587022
43 -0.0027950702040936623 -0.0010025048877071625 0.02233986845664951
44 -0.003616978935094127 0.01621422031640544 0.0021481057391330542
45 0.007953387386670778 0.0052801497653121345 -0.013931852678145451
46 0.032695991287496236 -0.005773645352183235 -0.015585728762842282
47 -0.0038980964700831844 0.006933937057109034 0.0036601167919698002
48 0.0026860935557540128 -0.032814259300071646 -0.0038509403149831136
49 0.014581499113228931 -0.008924681311662085 0.0011304348814976176
50 -0.018344284708008585 0.0007632951057029626 0.005458276403024029
51 7.068927768479234e-05 -0.007552079229309866 -0.017959147243321316
52 -0.00823042171946254 0.014060000907864738 0.01651965903314192
53 -0.009682115208373795 0.012941857438976523 -0.022046959602807975
54 0.01458670599697956 0.004621201112788165 -0.0012115714563521612
55 0.02354108078042577 -0.009554938937955098 -0.012851594902332966
56 -0.003270745849782132 0.0268920844714991 0.0020555230683569465
57 -0.012420543075457084 -0.017424836454177382 -0.004037273845711543
58 0.011137504058082448 0.0027256680263031408 0.004160181664278138
59 0.020215293601512196 0.00792401169802591 -0.0028684553953750042
60 -0.013184464182362507 0.015408618269665025 0.012919803994841151
61 -0.011303046086607996 -0.016672949766871212 -0.002244416791152379
62 0.013600029773495857 0.0038193655151780442 0.0021841043723033766
63 0.016760878921128236 -0.008266590518317797 -0.0004894990798298415
64 0.0021089136913007064 -0.005477702089598976 0.013899328043199245
65 0.006553092499477581 -0.01329564471949811 -0.0034490042565573156
66 0.009880543820181956 -0.0028956655134448617 0.005621402593423287
67 0.00509618473874552 0.02305971808788338 -0.018538965924220184
68 0.01667619951667132 -0.00539853709442371 -0.020452141491806783
69 -0.0027828186597991314 -0.004365536214018399 0.006221837649681483
70 -0.019967976639237557 -0.014178803703329808 0.005109554721100881
71 -0.00454397042825147 0.003706856932387077 0.0028767713952877107
72 -0.01733933532551555 -0.010226360513489616 -0.005445218106134651
73 0.004770348417129065 -0.015053940032424495 0.004118440780987458
74 0.010588957521933597 0.012779455957842925 -0.02240588874607094
75 0.01976968258730094 0.008066088562816855 0.017397418238200082
76 0.004949288768849953 0.007029061342755053 -0.0002063330825908087
77 0.009864777108190392 -0.014363601656148292 0.0024883349392449024
78 -0.01296959636203629 -0.014218923240898088 -0.012971868090755331
79 0.015614520321157163 0.0065602457703856695 -0.009567559434626213
80 -0.003553260909281243 -0.014813706624325157 -0.005384222039175865
81 -0.005501656361832721 0.0035314367294205008 0.019576126349563523
82 -0.0030881935203752806 0.01914891301372201 -0.002231983736699316
83 0.0016010439603307228 -0.0105462864546833 -0.008154115703485523
84 -0.006521990433277072 -0.004955535842456893 0.018225078457339252
85 0.022637419777990872 0.031465526299227914 -0.016750662735924703
86 -0.012047123496365036 -0.005029283127848571 0.027234244659261997
87 0.012352778283816021 -0.006686616467013034 -0.0242203376086256
88 -0.00713492710293641 0.0027421891447508757 -0.00868027943814488
89 0.010997337610955612 0.004956357337175782 -0.020430492047354844
90 0.0069759525321652985 0.012478766696469322 -0.0019570197761762387
91 -0.016543834350205885 -0.0005793169687673717 0.008949811267241856
92 -0.0026746016585203515 0.016632058485105614 -0.000495843739621013
93 0.001580275896553819 -0.00113224084918747 0.0019755700479282077
94 -0.01918965788819274 -0.014433772737374714 0.015519997105070885
95 -0.014862753716509667 -0.006832583619836352 -0.016406595438104854
96 0.0005520932022799168 0.02727155882977357 0.004382137915185047
97 0.0028085811492000387 0.02431999638040959 -0.03333369201551244
98 -0.00450610073477126 0.0026336774009954934 0.014245793579151345
99 -0.02625627931200114 -0.00253993455784908 0.010669031933249706
100 -0.0036239306252072445 -0.0009048656332692224 -0.00043345342346617216
101 -0.0101342653150902 -0.002833834456483596 0.006813012925966842
102 0.010696181174051973 -0.021423947688275078 0.0049804809159374255
103 0.013360132683243018 -0.004457648814029873 0.025135879717671346
104 -0.013781346388099788 0.0025252856877156643 0.01572926047176243
105 -0.011021264784301125 -0.007180086412317057 0.008221277221191939
106 -0.0014615709963575335 0.005096517264970662 0.0046164112686642375
107 0.005416799111024356 0.0052565288307318825 0.0019553446593683754
108 -0.00481308531439114 -0.02828908199845169 -0.01529754132193245
109 -0.02204320553252158 0.009299258925185516 -0.01902223276759861
110 0.019158793483481908 0.0004331983019258065 0.01265284668677949
111 0.011044832540977843 -0.01122045778478152 -0.0032666577322709375
112 -0.009246613485665058 0.003944390564283508 0.01156483819837533
113 -0.023010455635632206 -0.016370654646739598 -0.0015134895756902973
114 0.0035248493207356447 -0.025313030659617944 -0.0008917612088182592
115 -0.018459135836765214 0.008119153560367968 0.0007314870375144146
116 -0.0031254441265925643 -0.018581953748298713 0.014452569402582077
117 0.0019100049975241638 0.016305696255335053 -0.003300166698166032
118 -0.0020199872581054545 0.014907742389368858 -0.014971754655506264
119 -0.006820982383855663 0.02152729176505444 -0.018534651774058816
120 -0.003136013165309052 0.0031290495673541793 -0.014985492198318788
121 0.020802012946660356 -0.000911684448463082 -0.024187403734068635
122 -0.01655960020952829 -0.017469376151806826 -0.003904932107672926
123 0.028705393856206254 -0.00264334011358135 -0.022184630538496137
124 -0.00372173763714459 0.005017352683938879 -0.04249768934804281
125 -0.0034969238523670787 -0.0026435375013025494 0.010242113654067672
126 0.006723503928581549 0.015176356012984477 0.028718315102234646
127 -0.013325380133936145 0.023226541794203498 -0.012439879445246216
128 -0.01749833633842377 -0.003336652300595693 0.005455271071102302
129 0.0054682620052012715 0.00631797098407826 -0.003543019407107312
130 0.004295508817561478 -0.009700226821162108 0.008417208586374195
131 -0.009205761903420547 -0.00374296937349744 0.013063774060628378
132 -0.004865173724794142 -0.002871093421457596 0.010005592085419599
133 -0.0009379950424528013 -0.006325927995746175 -0.01241854028955891
134 0.0009883243601749273 0.001991858984438717 0.027173979849628896
135 -0.012750325689697327 -0.000577398502218757 0.00740365331740879
136 -0.002578666072818446 0.007934050234907467 0.022178946836381407
137 -0.028933167917744806 0.007074271787965852 0.009577645697371113
138 -0.02091513253660414 0.016734618313640467 0.0027455404619241997
139 -0.034791539296258056 0.01759699878066898 -0.008610038149881746
140 -0.006018583482743143 -0.006546300513625876 -0.014281556250933025
141 -0.007144213551297275 -0.014349072847892896 0.019666501130191263
142 0.005296013347656316 -0.016539100864395143 -0.013132954020660115
143 -0.01685973879206782 0.005997040379706761 -0.0060630844166077585
144 0.009293135629231505 0.011739383098882446 0.020787390546895088
145 -0.0051604687228667834 -0.01432625023049009 0.0021222641123813876
146 -0.0012625439340918049 -0.006570781940156286 -0.0032446369850482534
147 -0.018875872631430438 -0.004934990964620446 0.007852237746135443
148 -0.0015418448068997767 -0.004921703233531733 0.0038695849166706098
149 -0.01290802491814354 0.016733053548037106 -0.01644368501243739
150 0.001974855983394122 0.00417312484740949 0.0083466932955829
151 0.0325842756725755 0.010142791721706958 -0.009891584321862025
152 -0.018761130369243872 -0.011011419265590374 0.011358572027054297
153 0.005168036916321613 -0.027623212267193248 0.0021473723613613296
154 -0.009361242708454842 -0.009358985987361845 -0.014400355406769774
155 0.001146024274938432 -0.03319411213956347 -0.00032444978658789647
156 0.001863038152097686 0.018542834619700577 0.013513253938615785
157 0.012073828221670121 0.004746441801470325 -0.004945215854494624
158 0.010662008685319233 -0.0008366522754865435 -0.020038169977699125
159 0.011007290039683173 0.014397378729882778 0.00036894610312805665
160 0.008084545892704062 -0.021038087373766445 -0.014039105296783205
161 0.019678113707684533 0.018336537661271454 0.018251698258169663
162 -0.0018799570383407245 0.02381821334139117 0.00786224110983158
163 0.002257975533851375 -0.002862661547077109 -0.0077655622498342056
164 -0.018490867833885552 -0.015164030269955588 -0.008490224555559162
165 7.63443181761754e-05 -0.004152709481467818 -0.036142126398176856
166 0.00604505146779416 -0.009196209650324798 -0.007886289533992974
167 -0.010451323093309463 0.01740067471428003 -0.002070547542235991
168 -0.003318391354760919 -0.012950313934883814 -0.012278822302803936
169 0.014195650382453772 0.0032299344701173516 -0.008182311732042136
170 0.020898896750189508 0.005088213289022682 0.0017481166296054729
171 -0.017161568598202233 -0.001482654528503127 -0.02032296806215933
172 -0.007687863646021495 -0.010381209852363009 -0.0015458002149328805
173 0.0019611088923844194 -0.00037777927668693895 0.008685352768853391
174 -0.0038593256783820383 0.0004732251980726647 -0.0162345447704414
175 0.004645953592878248 -0.0009389913114707035 0.029082967788374086
176 -0.01612393543529872 -0.0184120611464864 -0.021315064931403366
177 -0.010640814806225056 0.006663447795640393 -0.012640405511038705
178 -0.004280437157987929 -0.003093211224453312 0.0029628930150584452
179 0.013517774262748321 0.01198233699173152 -0.010006177332829276
180 0.04382787875311585 0.0010060628567418947 0.0031329387261267543
181 -0.01209987722585358 0.009643597420006436 -0.015218989396505067
182 -0.005003912639143328 0.01010719121777779 0.012047950665671818
183 -0.019055337899532593 -0.0025040700614250982 -0.003686330572680212
184 0.0045663274786825955 0.013338225956257617 -0.008647986310522056
185 -0.01708838898684785 -0.0010175120771055701 -0.009371069478586798
186 -3.295554489679553e-05 0.0009274473404389076 0.01251727302100831
187 -0.0031847615558960943 -0.035039766517684846 0.012973173331151236
188 0.005359253342039093 0.008476476785420434 0.03140420182983543
189 -0.006124079146630754 0.019148414268452017 -0.0060660180458169885
190 0.02503675421701322 0.002105401839516269 0.003926642113056256
191 0.01951933679749626 -0.010523375079349116 -0.0009576228278835792
192 0.002573990217586697 -0.0021423123527316897 -0.0027947086578581056
193 -0.008849826958943562 -0.025845804163730265 -0.018128159221658592
194 -0.0006543094266832153 0.0066073275518595265 0.0017320955823738396
195 -0.0013504761521810557 -0.013245496214825056 0.010744348389068036
196 -0.009788593431804445 -0.028162360586373975 -0.0052528444327805054
197 -0.010629563944932294 -0.00193474386947079 0.006486471134850982
198 0.037012767868874 -0.018779972122118405 0.006315702472018601
199 -0.004142021526967377 -0.0024426643812261555 0.0019115532306851375
