200 3
0 0.041646143474531314 -0.03024368892498223 0.012939070760132987
1 0.032995466295123635 0.0036366894652228067 0.023987324356880807
2 0.03801197492418957 0.029985209309275066 0.026044478585928895
3 0.03682314206134137 0.02253849967835828 -0.013290796646974046
4 0.03888145146768149 -0.03145893883466487 0.011632726023986153
5 0.03973124676646708 -0.03036485585491897 0.008043087902177158
6 0.04083582853363841 -0.039752793854382 0.03165297839417713
7 0.03771930813369676 0.029573570931267733 -0.010782402274623125
8 0.03801291227237503 0.02514862416058356 0.004535509504458053
9 0.03527901012481617 0.01884533106520881 -0.0070869413508988675
10 0.037719045211939806 -0.031404015847582414 -0.00465731852610441
11 0.03265529591765267 0.01186014188494812 0.05834699657367721
12 0.039450241779250037 0.013913689786788872 0.002362547248553398
13 0.038594463196717596 -0.025293637407826832 -0.005375705990583789
14 0.039449925398036864 -0.022409470956710326 0.007379266271004614
15 0.03771904402998942 -0.03179900604440157 -0.0024949961499957864
16 0.038594138156578583 -0.03832062072379849 0.004873448162545166
17 0.037719448588513976 0.025350774727126248 -0.019250911874558387
18 0.04056356452495857 0.017073762481250875 -0.019687277628613525
19 0.0374229981292335 -0.03529087063819012 -0.010536405423398511
20 0.03652011392686613 0.02024858076542991 -0.022642616962383955
21 0.03651913359386612 -0.019069624680926402 0.012536690685093246
22 0.03973105851301447 -0.030596213093602914 0.01167871412473022
23 0.040010403580200825 -0.027412772689836495 0.008216803667235572
24 0.037124145586198046 0.029805093492722284 -0.009809850895028002
25 0.03771920038716033 0.016266495527445704 -0.009067510442496195
26 0.03651955956195435 -0.02602262421697397 -0.005105170004414931
27 0.04001104236802925 0.02725558549627472 -0.030167982654316663
28 0.041108288665530644 0.026948519557899977 -0.002930106394290903
29 0.03559288823030427 -0.021711797290453597 0.0058469556725666
30 0.037422888461846236 0.017526645132129006 -0.007834932270579109
31 0.037422285131414906 -0.022631995690402442 0.020000152016059793
32 0.03859393595769097 -0.021832900374341917 0.012195803908612614
33 0.030904241769552532 0.0016191010907932774 0.048786824170340394
34 0.03621179822785081 0.014526377305433635 0.049518430299430455
35 0.03888180894693536 0.02030743445801247 -0.01244455276323394
36 0.038881274174563676 -0.03187297114603813 0.012386316386028827
37 0.03682290468857428 -0.03333495703518974 -0.005103912002127313
38 0.041913419981669996 0.017166262525670706 -0.017606296968557075
39 0.03945028382008056 0.020382947141239116 -0.016250177327434338
40 0.04028751523983563 -0.01875666565750294 0.009901249438507825
41 0.04137917323913868 0.021798335316309887 -0.03296106683705035
42 0.03771866079647657 -0.031013699795199037 0.01155018024636105
43 0.03231266885682892 0.004869246793102466 0.05664796936123118
44 0.03801275412252953 -0.03346540509325781 0.010477420382013729
45 0.03859473420763298 0.028774029927633712 -0.017776935499149916
46 0.03973090874862868 -0.02929546234184395 0.012006219403757486
47 0.037423157512654605 0.026725414884787017 -0.014922418608951604
48 0.0408367698307334 0.027624532459169897 -0.0014764091392138277
49 0.03945025600830925 -0.032193370077239616 -0.0026646644478005377
50 0.03590326363049829 -8.328987831570915e-05 0.04720018893569469
51 0.035593868949816414 0.01541850548182735 -0.030483023758825844
52 0.033992029535240054 0.017295042603344978 0.044670247121384135
53 0.037124317754829994 0.023680242660692366 -0.01252886287886281
54 0.03945050923116657 0.04034014284008908 -0.019092821859414796
55 0.03126263429324855 0.006407967185950408 0.0463515307773287
56 0.04001030067452537 -0.018959992260009086 0.0016503126549417045
57 0.0394497547974833 -0.033504957507727605 0.009314254550980542
58 0.04028800461706418 -0.029772042403525815 -0.005286407912882594
59 0.03916699603529993 -0.02411509055463604 -0.0014573766392144882
60 0.036823073901009924 -0.030480322145873484 -0.00733877907702312
61 0.03916641425407072 -0.025598604620173965 0.015873580911849896
62 0.04001054404977868 0.013304878079485159 -0.0054226113763955995
63 0.03801282445966615 -0.02323085545857106 0.00556901366657693
64 0.0391670769624158 -0.02116351753833332 0.0073391623402619
65 0.03945065755363319 0.03344332972037597 -0.015736984732059922
66 0.036822734522476565 -0.02783424412337113 0.01244554175917888
67 0.04164713930432715 0.021732136027326897 -0.020942521487745055
68 0.040010386146124455 -0.0208678537168398 0.007809439254768373
69 0.02980293962006714 0.012229931055419389 0.08143590536470531
70 0.0380131371340593 0.026464730485395146 -0.01163105012667733
71 0.038881408161134015 -0.01969447841080335 0.009334724991156007
72 0.03651895074720352 -0.03176488756637188 0.010755293614268762
73 0.037124331972602134 0.01288457950697732 -0.012427979017802194
74 0.04028790005385709 0.027970348979109907 -0.008946864193697586
75 0.036519244333160394 0.03325402847323387 -0.00038561797356780736
76 0.03496203959091164 0.02190283443678488 -0.010494680816736279
77 0.037124332317732364 -0.033946897674768085 -0.0013470817938340263
78 0.03527884109578255 -0.03792971036160504 -0.0024016175173791313
79 0.03944959972087466 -0.037291531189728125 0.02745102103034247
80 0.03888196690774319 0.026784483776125804 -0.013826056025683082
81 0.03830499550432703 0.027342241955800498 -0.004837724785269892
82 0.03399331410351441 -0.030046468129668737 0.006165330871564966
83 0.03859431813461044 -0.027796312826498165 -0.0014174960754248552
84 0.04056348904082833 -0.029482734773912996 -0.003355077522380151
85 0.038881218810876327 -0.026366872490183362 0.01623017053736553
86 0.038594837842911144 0.02398299797819336 -0.01992351689376523
87 0.03916736686777591 0.02697173606348306 -0.025404886074486346
88 0.040837344385782175 0.026193017095184765 -0.024544540821493214
89 0.037719412443024514 0.021934741034245517 -0.021403064189545483
90 0.041108349923205376 -0.020857328178795015 -0.0005124018229993369
91 0.03712440615024889 0.020891440350489086 -0.01918488389844658
92 0.040288595697843176 0.030356152253069993 -0.028221184342019062
93 0.03771952460818931 0.013303942717452081 -0.025413935612910887
94 0.03399357303059221 0.029100665186512203 -0.011128514033641998
95 0.03621409677947178 0.029033905683415823 -0.03167780798644249
96 0.03973188983542896 0.0342289932611857 -0.016334232363275043
97 0.04083713085604101 0.022502045388915447 -0.017484380564432158
98 0.03973117794279878 -0.03598282297709995 0.00519045864669203
99 0.03888140853192162 -0.04070714299058522 0.011577731955301577
100 0.04001036567059749 -0.029695614611536678 0.004203473581756743
101 0.038305517235406816 0.013572467600757641 -0.030028068835300598
102 0.040287922575919746 -0.027075864276576798 -0.007892877577509927
103 0.03830527872959977 0.022868175019712486 -0.020648086799171083
104 0.032313087975609944 0.01921643405986864 0.04642898977567583
105 0.04191274899919488 -0.02581138857579863 0.009988605906450681
106 0.03771967505691128 0.028817227714849788 -0.020824424732654855
107 0.04083724457921607 0.017492222081823314 -0.022132252338790268
108 0.03559304355712791 -0.03260525739397241 0.0010027581310856318
109 0.04028736154619002 -0.018855137943768814 0.009992586976108992
110 0.04137792437186063 -0.03532897782820649 0.013986256672586283
111 0.03651932403057041 -0.02517097342359751 1.146948466757036e-06
112 0.03231293372057496 0.02594327073213334 0.04738363081055626
113 0.03830500869539604 0.022879684489033436 -0.009311262987085846
114 0.04001091407766359 0.030612246507346022 -0.018964212751635397
115 0.03859500917348543 0.016572065916167847 -0.03213839112804456
116 0.03888204185388626 0.013778211247946306 -0.019799480211245096
117 0.04028775972583182 -0.025537055037470606 0.0018132018079612885
118 0.039166993518791125 0.030096627475432663 -0.005749309249908597
119 0.04056364492819553 0.022740351384722725 -0.017281792020967357
120 0.04110845567381285 0.01746437618203671 -0.010621598589846166
121 0.03801392993246348 0.00975851334070556 -0.027460815926285072
122 0.03712382936483933 -0.030515895888219215 0.005221460766577475
123 0.03742244494771937 -0.026865031088113403 0.010777557640098082
124 0.042177397684409985 -0.027069228393169845 0.013686452194219807
125 0.04001113360735811 0.01365607137806961 -0.02405089436201519
126 0.037719364231812845 0.032910943358878626 -0.015826156608971485
127 0.04056358503612318 0.03548151842244098 -0.017175938698336213
128 0.03801273781141931 -0.03262810096762521 0.007104748540626824
129 0.03973150186547014 0.02491121439430826 -0.013598452081260037
130 0.037124088124130206 0.024458962307834727 -0.009904760768604895
131 0.04270236045674007 -0.02063554517973023 -0.0013804095158131764
132 0.038012803632023695 -0.034453425610716154 0.005341536727873434
133 0.03916694663316127 -0.030488433192083563 -0.003471515901912206
134 0.028270691517830147 0.010049606238299293 0.04980750000690261
135 0.035904004762496576 -0.03318603494129577 0.017731252379196056
136 0.03651972580110401 0.03509439582548942 -0.010423539932068963
137 0.040563481728711805 0.03231990575951251 -0.014994853667014713
138 0.038881648729900194 -0.02597872777748247 0.008089293934903465
139 0.029428650428766356 0.008196633826020344 0.025290320733309446
140 0.03231400408986229 -0.009832260191417317 0.017486619195587486
141 0.03916702832592584 -0.029366992290053396 0.0038087007237330456
142 0.0402882822691815 0.026772087849810045 -0.01901360912266093
143 0.03916658696406746 -0.036859262714062396 0.009634701540304626
144 0.03830462789195229 -0.02517007230256358 0.0031463541372475593
145 0.037123686221051985 -0.0222024089822509 0.013266039300079191
146 0.03621370135769188 0.02307706255767607 -0.01845427068155795
147 0.038305254112228106 0.021060336456360837 -0.02211276596070575
148 0.038594178465212736 -0.03252148812981353 0.01108311983610007
149 0.03916650678968884 -0.031617113477765586 0.019098147175431776
150 0.03399227771711297 0.011934467789884842 0.04374334373663615
151 0.040563045381733 -0.03404381809951191 0.00321172825116064
152 0.03888128240141239 -0.03216530991087675 0.008815519824036364
153 0.0397320923313274 0.014384535064719903 -0.0330396879198727
154 0.03431820751945661 -0.007054504481667034 0.034979026212472994
155 0.039449577739118266 -0.024523928415350442 0.02303301685129547
156 0.03859422578704893 0.027367092390805 -0.003477276264024012
157 0.03859480345320465 0.02195152758523099 -0.011290412064765974
158 0.03771817118656434 -0.03046496989810171 0.0374490686706006
159 0.03859451150910143 0.02348447369004446 -0.01702192863265777
160 0.03801279025413436 -0.032100997592659115 0.009648594825973075
161 0.0402882645645577 0.013967659593559043 -0.01395884366616746
162 0.03888189072419722 0.02600647795640057 -0.011108822997660169
163 0.04001115866540689 0.01871149051469567 -0.01600467001824533
164 0.04028782025292362 -0.031230230491846464 -0.0010808942062810755
165 0.04056338390541502 0.02626790761811384 -0.00580787239763401
166 0.03830457148457236 -0.03591308945349632 0.0037271721445457442
167 0.03859389126083167 -0.037798676209544996 0.022112644910772358
168 0.04137769115820565 -0.03173407528180949 0.023505312476918967
169 0.03621360520946591 0.03079026626288437 -0.01845296270339402
170 0.038012916834318185 0.033458286303391024 0.0002743369601412686
171 0.037719272144848826 -0.026500083071888583 -0.0115336517406837
172 0.04083683870153667 0.030258371726022127 -0.005030765975837932
173 0.04001008761042543 -0.027361524551342956 0.012765326365930077
174 0.03859471887078942 0.02502096425265676 -0.023645348278545062
175 0.03712439192786215 -0.020186606137898487 -0.007462391408414793
176 0.03742304944317022 0.028864868710728003 -0.020571635215439765
177 0.041378276216097874 -0.021593684182292995 0.004323950965753342
178 0.030542255848194984 0.0020583205766492806 0.02778953952735196
179 0.03527857977100868 -0.018819352826097032 0.004997653084705238
180 0.039166819023003605 -0.044204527897179276 0.004969777730865773
181 0.038013027105946416 -0.03215138635412456 0.0013678236409617505
182 0.02980487296770055 0.006408345549306589 0.020030691997321513
183 0.03712447017246692 0.013429888350467403 -0.02200059023949747
184 0.035278611569109934 -0.021190659547472103 0.009707107602494231
185 0.03299655737561438 0.02321493212299724 -0.013380760141588085
186 0.038593822384500535 0.03074129028634634 0.015283713687077633
187 0.039450935704361575 0.015333023811323211 -0.025392941503810305
188 0.037719379288525125 0.024882254407455152 -0.01046274927383166
189 0.037718712701826314 -0.026750219236280365 0.0032479524270097033
190 0.038013107759030704 -0.02454549377573011 -0.007214428649365806
191 0.035593365983103475 0.023055307764177874 -0.008942623116155683
192 0.02827084956311792 0.006822692488384135 0.044220254365925506
193 0.03590512951035117 0.017024731976853398 -0.02648731864893769
194 0.041646311391568394 -0.025789618078948313 0.007232504409563938
195 0.03712416188083836 -0.020967533553896123 -0.0037455645463097776
196 0.03859485987622423 0.025441906261667847 -0.01889521167559471
197 0.03771944046372826 0.01704530575317124 -0.016459182308244485
198 0.03771921715095091 0.02341306671469723 -0.00914625514058727
199 0.0388816466586667 0.0379673130529606 -0.00934939319945215
0 0.045234801258784055 0.006204023963789346 -0.018228967755076392
1 0.033662499437028356 0.005735255274321021 0.05542708826361956
2 0.0429627998825337 -0.0060150831815339876 -0.018151085685870563
3 0.04572424978767812 0.0032382983517552323 -0.012650470347932968
4 0.04373330482158087 0.0013905861041735531 -0.02323322750613222
5 0.044739334460247734 -0.00745240226288836 -0.0021839129900778982
6 0.04644881492555776 -0.0020196688039387247 -0.008613153677230874
7 0.0496909476128604 -0.0026152707619926017 -0.005227318926160776
8 0.04398727895517789 0.004372430832258297 -0.020457629481205792
9 0.045234240293830656 -0.00739745606687815 0.000430881249034943
10 0.046925705899174296 -0.005291869731581862 -0.015103770330197459
11 0.030542444892978374 -0.00208174853684039 0.03297068185779785
12 0.04620851181027171 -0.0014594460520239193 -0.009837858741128845
13 0.04423894717887409 -0.0013614004968665735 -0.00835734945748964
14 0.04620846934915344 -0.0038821120420352486 -0.010756095981554291
15 0.046448759888574 -0.005790087265703385 -0.00997621545295784
16 0.04620859400581612 -0.0021051934301290825 -0.011504466198588628
17 0.046448939043147376 0.007453154669055438 -0.014488055620624744
18 0.04523474845022591 -0.006805847294563267 -0.020172543808420613
19 0.04739796029901517 -0.0073800515787546045 -0.01884473733552145
20 0.04924067128582992 -0.018133249892795147 -0.002358284332405594
21 0.0459670706265798 -0.012832916111812014 -0.016056234675121815
22 0.04620827152744124 -0.00130399099690886 -0.004087497302216235
23 0.0444902885680758 -0.002609217987147625 -0.01741600114241458
24 0.04373295323431737 0.005802461251967129 -0.009825433147060534
25 0.045234491589816336 -0.0012323741548259189 -0.00369878508743395
26 0.045480364739318525 -0.007645606618419204 -0.02104375280250965
27 0.042440883473653664 -0.005999210174025301 -0.005960613372010044
28 0.04373291553339444 -0.002214137702433762 -0.014811223791719105
29 0.046925647633496166 -0.0032939114666836644 -0.011662471632598806
30 0.04855832633098892 -0.0007422228575558465 -0.02531183379309779
31 0.045479821508296915 -0.0042793385999380495 -0.007580683341079953
32 0.04347747437225192 0.007770914299446318 0.0003919062498552321
33 0.032313869412190395 0.00843268519665254 0.01448930324947153
34 0.02904826061801946 0.021173977692824062 0.022678899191925138
35 0.04322095741056237 0.0025900628183086094 -0.011687670721275044
36 0.044489976306681486 -0.009535468508284992 -0.00893303810889995
37 0.04716250298056946 -0.014793628099477131 -0.013109533024324329
38 0.04644858898542493 -0.002002151153527576 -0.0032921892491082102
39 0.0473975237462731 3.67589418746956e-05 -0.0002277999563525018
40 0.04347766396880349 -0.002133897491478744 -0.007400799053000015
41 0.04347759696588751 0.011008685848254074 -0.00941587183216963
42 0.04523461578033701 -0.01975126414177243 -0.006596345637653327
43 0.033992316353238586 0.010524296546811177 0.032594251241783605
44 0.04620851938262914 0.0019767579144414366 -0.008336958302389553
45 0.04473991655638718 -0.004057821181028487 -0.021494887366751245
46 0.044987807217797944 0.0006942547825121221 -0.011513694451455034
47 0.043477651389120756 -0.01229283430959913 -0.0017253545080112395
48 0.0457245789748578 -0.01315075270133792 -0.024904221407007928
49 0.047162255820509605 -0.010952179606456827 -0.0081519650578549
50 0.034960982693431446 -0.0006242824417327848 0.034031536710260726
51 0.044239557304953984 -0.006288255090022606 -0.021046518931586246
52 0.037717530645794556 0.0005128674054807497 0.055256085657547895
53 0.047162187147730496 0.0016425874899197227 -0.0032744467348671587
54 0.046687589073645896 -0.0065922943398863095 -0.0006891598655678656
55 0.03196670345658776 0.012883191767694794 0.04897428097788949
56 0.047865011952519985 -0.0007291155836591668 -0.005868222142720908
57 0.04668790090604761 -0.0015033568497969643 -0.013856040958473597
58 0.0444902422094362 -0.008254992596793907 -0.019905072825894685
59 0.04449012341906012 -0.004407767935110663 -0.016470165967152225
60 0.04270273291953064 -0.005031865389434874 -0.013967119273664386
61 0.044489784737346605 -0.009191968888657967 -0.003672462684248423
62 0.045724335055678994 -2.522504359221002e-05 -0.01929187052058285
63 0.04473968856274999 -0.0003258985769299778 -0.02019194396609656
64 0.04739725883702646 -0.008732893932886199 0.00535308805671486
65 0.0449876418562834 -0.008651439149307326 -0.007328744725110764
66 0.043477758876755986 -0.007878954541113188 -0.010180056377329907
67 0.04498765899358561 0.005626835052302949 -0.005301132325972166
68 0.042440850682149596 0.00032991807181273226 -0.0021426132332079033
69 0.032655823469927965 0.019407681582199434 0.043613102800513885
70 0.048097439889380776 -0.0025376628320315816 -0.011685513795184302
71 0.04668796859138666 0.0030380119892289654 -0.01891767655858143
72 0.04644882544701063 -0.010402211937450863 -0.011456162352354412
73 0.04523440214846199 -0.004800065893111592 -0.011682866190042976
74 0.04373293205600532 -0.005336691564693157 -0.006925730352413143
75 0.04832818348472528 -0.0009229543194714863 -0.00901213471285752
76 0.046687612174522324 -0.005524966671118885 -0.0029907556598588628
77 0.044490428397206294 -0.0007875493952406469 -0.016969573794749497
78 0.04832801039487989 0.0023327964699804637 -0.008652749867183607
79 0.04572408019942084 0.006887188276851113 -0.007326112908686911
80 0.043733207717788075 -0.011531753882965193 -0.020480222423293733
81 0.04296270415449117 -0.030201793458714408 -0.017260003754088444
82 0.04620846456699784 -0.0027210994876115733 -0.008044699783935577
83 0.04572402583207128 -0.005316412398673329 -0.005006537112724653
84 0.04572448662849316 -0.011473243964106572 -0.02302844148327412
85 0.04692577492202509 0.0005131220023177099 -0.007560030541892155
86 0.04449025931168097 0.006297423397282225 -0.021475518845878054
87 0.04498763488349089 -0.0031744151588969003 -0.010352105216099224
88 0.04809701270902587 0.006986474599114209 0.00041265620738087366
89 0.04347774000313578 -0.007660894249478097 -0.007686822739241333
90 0.04572396295313457 -0.00015609145178479715 -0.0031043833061515716
91 0.044239426403364236 0.004249234806073088 -0.023934238557912345
92 0.044739394688682994 0.00027758354712495155 -0.01034042235203598
93 0.04322101845856357 -0.00568632360313133 -0.016903973503161158
94 0.05013680129440825 -0.012567410717049653 0.0028997281766693084
95 0.04572353608442963 0.005359627792727578 0.0032022961904087507
96 0.04473925415438232 -0.0007336500721553922 0.00015493308330225802
97 0.04423919265349125 -0.00835085426965456 -0.012286792070031428
98 0.04547953224889732 -0.003954866073745602 0.0068537358096540674
99 0.04523434907142682 -0.013869806645333708 -0.005059023215432917
100 0.04498772002461572 0.0004590155892173203 -0.009290032926365648
101 0.04668779825190224 -0.002881433018909592 -0.006832554831865763
102 0.04523455441006864 -0.012086200313951115 -0.013523894264447726
103 0.045234566488036934 3.181065051599712e-05 -0.005997727470072997
104 0.03651855028200371 0.00398239712722846 0.027427725353209115
105 0.046449238780429086 -0.008676888099851409 -0.019987778250100324
106 0.0449875638649383 -0.01869452984472632 -0.009032250149165316
107 0.045234318465690225 -0.005281718593981342 -0.005211953880390444
108 0.04620814811624012 3.0009230580407832e-05 -0.002419913630425624
109 0.04692595964287907 -0.005429060026022 -0.011816885285530588
110 0.04668784390704201 -0.0067746618638918205 -0.010883739470491835
111 0.04644893148031531 -0.010755191968646697 -0.018795631938209476
112 0.03196733261364179 -0.001483701816291852 0.02986694327684924
113 0.04322099442716115 -0.006188438948837839 -0.012621169482527835
114 0.044239200348547475 -0.01233574381737141 -0.012325499641935425
115 0.045234176019783724 -0.005767497647272068 -0.001700596838431402
116 0.04692544645995716 -0.013527868741392873 -0.004160082084996853
117 0.04547992583089539 -0.003324639914374341 -0.006805542699384501
118 0.04523477739340535 -0.0022236582167287217 -0.017457177247837005
119 0.044988037377365994 -0.007008940208903833 -0.01741828524189492
120 0.045234142717492466 -0.0033255506602175855 0.004111060208464325
121 0.04523485382884553 0.002754005316119615 -0.019623812989493485
122 0.04763213908076868 -0.0012477816312782223 -0.020631876015737738
123 0.04596709996682301 0.001684576835540932 -0.013780654807044585
124 0.04692574214053414 -0.00026945258409997536 -0.005380237203453763
125 0.04692615388645543 0.006836885414621833 -0.025903271304734847
126 0.04692558287491466 -0.015479281039617548 -0.004593104594653974
127 0.048097016976860335 -0.005861687063914893 0.0010093397009835416
128 0.04716253642808433 -0.006727904712521241 -0.011850049335186031
129 0.04620868736643123 -0.009636375288789105 -0.01675510540036459
130 0.045723948066633484 0.0006021319525787967 -0.0036039010412097405
131 0.044490105781136914 -0.0005635107335964215 -0.00921089090620956
132 0.04523413454696598 -0.0025770571249690856 0.003404382634718524
133 0.0454795515480398 0.006348698969737602 0.0032875079176940725
134 0.0346410732918351 -0.002440955860708852 0.038553106577744564
135 0.0444901690152667 -0.005352334356026694 -0.018341827969167588
136 0.04809699876581125 -0.0054039918530439345 0.0015220398758417754
137 0.044739585576748196 -0.002598404901035078 -0.0092795819868331
138 0.04423922893826926 -0.0058432525236295505 -0.01719943844377176
139 0.031616926962802216 0.012474760562947381 0.031202499681833574
140 0.03231265881256416 0.008611540510474996 0.05375187161583047
141 0.04547980299895523 -0.004060475590970301 -0.0002996336096167826
142 0.046687984505682005 -0.014413899378862758 -0.014197236772780735
143 0.04596682974382838 -0.00973792625533165 -0.005113998020895346
144 0.043986747607012835 -0.012351708270784448 -0.004834973634937202
145 0.04523487118971332 -0.002684881445039547 -0.024190648516642023
146 0.04474004154783718 -0.013856512288131185 -0.018736902775378296
147 0.042962413206775775 -0.008563391390862766 -0.0034600134411288596
148 0.048328081976727576 -0.009314592831989444 -0.009959063752697802
149 0.0452343106155176 -0.014157220527260884 -0.0026479307311233938
150 0.03265529509058377 0.008304430334052156 0.06524674876906578
151 0.04763217130564641 0.0054365188484122385 -0.011313643685709196
152 0.04644894453771463 -0.004605636617905715 -0.013143125232496491
153 0.0439866840211586 -0.0014931096005131332 -0.005327449743682797
154 0.03265570384746264 0.005549892888855959 0.042943374709842
155 0.04620871075395758 -0.002050774123851032 -0.01396437962712949
156 0.04620831569723663 0.01751325012701631 0.003629442124961873
157 0.04572442919299241 0.0003226750869397334 -0.016309238432228822
158 0.04296247420422942 -0.0024049160642450247 -0.0071414412616541975
159 0.043733006428586296 -0.0010645058626540978 -0.009567305077938213
160 0.046448867569025463 0.0047731890287255494 -0.01745813777530883
161 0.04763207723634999 0.0032064621219744477 -0.01038364714641929
162 0.0434776227937035 -0.0052395074361761855 -0.00446315724719487
163 0.04620847552612398 -0.005024843992718419 -0.00481417537339128
164 0.046687503278940654 -0.003579014315350707 0.007316012284531796
165 0.04423916943312186 0.0010181533672844164 -0.011295434743881535
166 0.04217793582315962 -0.00676269201156886 -0.004675200659043909
167 0.05013711959051201 -0.0047267434373092975 -0.00964868027413435
168 0.047632133591739394 -0.009141566439784289 -0.010590148309320174
169 0.044239125737206925 -0.006725980146914573 -0.00832294479205316
170 0.04716237568197536 -0.00989672200626565 -0.011429213730471217
171 0.04217811576786658 -0.020480131893411874 -0.013609923640604267
172 0.04809749632448459 -0.005700829280404459 -0.016817824972463053
173 0.043987251694265116 0.00553685484591807 -0.02816077510234071
174 0.04644873365651443 -0.009365822639605857 -0.011331110103548024
175 0.04716258345205888 -0.004633136122222012 -0.01740386491903957
176 0.04644877942910128 0.010459071114558032 -0.009752857553424492
177 0.044987765445525595 -0.002639852334205174 -0.009375922806212557
178 0.029427553787334096 0.004893511541712249 0.07125593180066274
179 0.045724175530544406 -0.017616122036955506 -0.013608236051393016
180 0.049240904631000164 0.0035300214033348533 -0.008684260170775737
181 0.047398116333925884 -0.01345729389041521 -0.01268272237694005
182 0.034318532668131486 0.014063281484653354 0.021020539271245035
183 0.04523404945277979 -0.00908584672891941 0.0001821316051993713
184 0.04244128676160428 0.00031874442911375997 -0.018442202183375046
185 0.04373338814853421 -0.0039068123772731155 -0.02574226074981647
186 0.04423938264833501 -0.0005284095997924154 -0.011656389085201009
187 0.04596684037906673 0.001040618623846652 -0.011609255101207387
188 0.04716264563826893 -0.0034131818636927817 -0.022234466386000667
189 0.04449005627993758 0.004567048025806947 -0.012790975623453524
190 0.04644859901775762 -0.0020821835998402864 -0.004978300641309409
191 0.04596712213819941 0.007492122543844639 -0.019228585004231604
192 0.02664961434553716 0.00631046144490455 0.023722659179970542
193 0.046448996107090246 -0.0010609923759363107 -0.01815172967407266
194 0.046208449656028695 -0.012525421430432296 -0.009846178795442551
195 0.04523467421532513 -0.006718369378368213 -0.01781970290982647
196 0.04523454714708994 -0.003835241479274983 -0.008548042795218173
197 0.04692582376910571 -0.00465865079584118 -0.017596402927156054
198 0.047397864566285336 -0.0025185927159987933 -0.010545725709187322
199 0.04668831056193795 0.001279660142784765 -0.021975933035522335
0 0.03888174320810871 -0.031185814651897674 -0.0036508064747388077
1 0.04137815073268842 0.028975491978044516 0.0019223982377442213
2 0.03830447191816938 0.03362542438570036 0.008175348976629507
3 0.042962180639577956 0.037894769752704775 -0.0009688985412046914
4 0.04083630949786078 -0.018866918302387767 0.01145829420509103
5 0.03830502213957757 -0.03224053617469091 -0.006822389371414589
6 0.037718398453349594 -0.014858948084005742 0.014289329743613919
7 0.04083637151135224 0.03463018150054866 0.006987840946112419
8 0.03888182358335799 0.025470497959517068 -0.009234126845339726
9 0.03801229365124339 0.02842232506109457 0.01002026532886347
10 0.03651896532685916 -0.028536099124060067 0.006676524267392685
11 0.042440262322900546 0.030510865381714925 0.01749932061026913
12 0.041912180002212356 0.02879207597176972 0.027133931731532508
13 0.040287459628349356 -0.029025643121701146 0.0066587758609313276
14 0.038881435547164146 -0.028052858184183762 -0.001398758765418647
15 0.03771834645554552 -0.028160705625008796 0.02428700063985497
16 0.040563481976134165 -0.03567732720791273 -0.008072606398644102
17 0.0402881271254219 0.025627130888600323 -0.014503259767081063
18 0.04296192651590722 0.0258398712981425 0.010201219627569874
19 0.04056272443892915 -0.028362243582043725 0.022296461675301412
20 0.0400099749632883 0.02699551730848809 0.017088636057218373
21 0.0383046943359754 -0.03500105098967077 0.002129458890835528
22 0.037423203840480916 -0.025004259321832895 -0.015589608493527128
23 0.036823185138094794 -0.03521793387397967 -0.013155646718573409
24 0.04270139285093518 0.044466946795580824 0.028155056503506564
25 0.040836580151110795 0.027202717709966295 0.0029792995726120966
26 0.041378415071721686 -0.03099025626012498 -0.004185594274746576
27 0.04137743429779657 0.0360868898246146 0.021630132985282238
28 0.04296195620739908 0.03260091228039557 0.006971161916689775
29 0.03973110228188663 -0.03300855479162135 0.012905689971390794
30 0.041646437491793316 0.03125012080631854 -0.0024471694553579015
31 0.039731420980355585 -0.02743058336905572 0.000689719523633864
32 0.0377189921439238 -0.0302246130337907 -0.001679045951752793
33 0.038012835466860316 0.03757268303347079 0.006988432424286384
34 0.040287226340163 0.04396650817597631 0.011088207039426328
35 0.04191172542842158 0.030472338990360226 0.030331420311368686
36 0.03651900487475515 -0.0202188134929312 0.011381278854747828
37 0.04028671005953449 -0.016076844986199747 0.02994831564154778
38 0.039166882947094334 0.024424444351901234 0.005106033488508243
39 0.038593527970775275 0.033679480238583796 0.020866883383171383
40 0.038012842709418994 -0.02745038346125432 0.004320284947206963
41 0.03830452677903874 0.018703778483915086 0.003613401191100932
42 0.03830508641888656 -0.02515864436705322 -0.0104654725560663
43 0.040562628566351955 0.03823680804615263 0.007549624798542423
44 0.04028715270758916 -0.02680654692484476 0.021079771114905305
45 0.04191202048232038 0.04325062254462933 0.02703314230609965
46 0.0402880513037423 -0.027313956846946826 -0.007058504393854107
47 0.03888104805436216 0.0397508376540048 0.01654720084521811
48 0.04110820860315633 0.02134766323294243 0.010588918357543307
49 0.03496186435283559 -0.03296682105825603 0.001998441922512167
50 0.03859398061427753 0.03843221468175642 -0.001036680662782583
51 0.04217667960805699 0.03749712184662953 0.028800269341754257
52 0.039166262748087426 0.0441369304773655 0.016673027318519877
53 0.03801257783043619 0.02755572500471482 0.013040637721378943
54 0.041377799726481305 0.030219887157621056 0.01248148854480041
55 0.04270151467819849 0.021449523556099533 0.02457813482705323
56 0.03682286958328979 -0.027707737445833987 0.0020162082206977077
57 0.036823206629068135 -0.030334973918551764 -0.007510686856058806
58 0.03742285913755261 -0.02769922354707384 -0.0071237488443625565
59 0.03859464558572889 -0.03579387845353681 -0.007605113270607747
60 0.0371239847353112 -0.02702300505156566 -0.0010953805998272605
61 0.034961935753447984 -0.026412929784646877 0.008053481439376942
62 0.03859358423644644 0.032499788686110115 0.021963479881328612
63 0.036213225048165855 -0.03492198034455824 0.003886049146005749
64 0.033993046876339514 -0.02006535469316746 0.008000024172265856
65 0.04164586204939265 0.037999372257237415 0.026244146701580363
66 0.039450203391408104 -0.022688824635717413 -0.0033449743348098328
67 0.040836319723162644 0.034995181954134286 0.008775533609327717
68 0.0374225807888985 -0.025482212421520878 0.0008724269912038543
69 0.03945046556795774 0.03211220963675849 -0.008192316162356675
70 0.03973109362491134 0.024096186677255948 -0.00046755211114943274
71 0.03771895806394863 -0.028715913110900604 0.0010760968320583637
72 0.036213069535608926 -0.016243095272153632 0.0018748816237174665
73 0.04056264359062467 0.0233047670882003 0.020627373477498625
74 0.04028730717081543 0.03274119781487785 0.013721617266249918
75 0.04083612442081606 0.04312406004241846 0.011410113427731973
76 0.04001000650702425 0.02971358351949268 0.014002543075429716
77 0.037422619460129855 -0.03793564317455562 -0.0057285186995905705
78 0.03682284401448288 -0.029919066280250144 -0.0004269397286354679
79 0.03682246068243115 -0.03198371517824401 0.022998478757524754
80 0.041912879722864435 0.031077668029365603 -0.0003703177566511448
81 0.0427017266772749 0.0319319339152007 0.016614711394749262
82 0.03973123987063745 -0.032273218612028184 0.0063517776889458885
83 0.040836322785263876 -0.01695236769241659 0.014948730000937232
84 0.038593628326466255 -0.03037145201203264 0.011072756532492135
85 0.03742265371817962 -0.03404760515794111 0.0014018252460523965
86 0.0411077176655719 0.02485889122248175 0.020028755988818165
87 0.041378477730990425 0.03146793153508667 -0.006873669344471054
88 0.04056272658175805 0.045356747321903305 0.01478925710851186
89 0.039449615356269466 0.027890555469084293 0.003963497753702113
90 0.04001009700158593 -0.028893715235808876 0.008023555386307321
91 0.03916631016326735 0.02799649959976516 0.024407768715639582
92 0.040287247591127354 0.023538942644433812 0.017390571103753957
93 0.0400097932656323 0.029787474580879582 0.03055521235666949
94 0.041646119295072136 0.033230551156400376 0.009011254672568475
95 0.04056254284496866 0.026393411717338947 0.02235561399868376
96 0.040836239483954394 0.02850598118051977 0.0057978101874085666
97 0.04110816019716315 0.027097622547372156 0.006372892209894817
98 0.04001060054226052 -0.023901263367147933 0.0036498456548030855
99 0.03651938051409957 -0.030409168822086555 -0.0006747808460219489
100 0.03464206887487915 -0.0233842859708583 -0.0037046676146146613
101 0.043986320177062894 0.019463413352182133 0.003379415733906643
102 0.03712373887959154 -0.030879391565579714 0.009919209024435808
103 0.03944984836640861 0.030100357488170106 0.012822450308164486
104 0.03771833519560308 0.03358590686325807 0.017703549105961773
105 0.03888131304036275 -0.03928169749258395 0.011343549126236925
106 0.041378114796680535 0.0234213503514852 0.0059309246159820065
107 0.0411079785800711 0.03711929399188154 0.013322531220610195
108 0.03830460690304148 -0.04764807584225572 0.013209382847323791
109 0.03651915181905241 -0.025262621914678495 0.006006532947239898
110 0.038012774046555745 -0.016985251397197393 0.004964486335108121
111 0.03590415611324857 -0.019407194162881995 0.011875544271234212
112 0.04000975046114176 0.02924816405839806 0.01624289912140855
113 0.04056300132205015 0.02474234055964503 0.004121447075988163
114 0.038593989722959486 0.03261089251593353 0.004452301185960012
115 0.040835799511160745 0.031141416137398084 0.029297411327547453
116 0.039730979346395225 0.028293469424730773 0.010934740130328725
117 0.03682258094975485 -0.0215778443929398 0.013587906212385365
118 0.04056285133037888 0.02361117885225344 0.007325441823859275
119 0.04137801231247942 0.023581876958832255 0.012687602412444304
120 0.041912582233032535 0.03429082949683334 0.008018964647269065
121 0.04028763323522369 0.026516736225173185 0.003655312926530662
122 0.03559298468830236 -0.03066544550176339 0.0026167959509815026
123 0.037123508918150784 -0.028565851408072437 0.020309605790969534
124 0.03888166121501141 -0.03623321826779441 -0.0006236362194014281
125 0.04270138413450736 0.02360541553020508 0.02622911101673606
126 0.04244050098887329 0.03344177813572659 0.002055332275930807
127 0.04137771446841031 0.03872830285471856 0.015954903183127773
128 0.03916706177996854 -0.033343421015980236 -0.002628172162003124
129 0.04083627115565058 0.03284742136663887 0.007590119532332929
130 0.04056229969220774 0.040598188379417546 0.01489761977901624
131 0.037123894970990855 -0.032982198308769105 0.00425380583008008
132 0.03830464257567271 -0.01805443416090782 -0.0011062501278561849
133 0.0405629299183092 -0.03922839798708989 0.00848047023787398
134 0.03859419252915688 0.029035495744961254 0.00024414892315803035
135 0.03712415252435627 -0.032964806128101924 -0.00030436795373804383
136 0.04322093598976809 0.03135636273272029 -0.015272165753814687
137 0.04083670253686149 0.027801538748875667 -0.004516611628929913
138 0.04056273823486454 -0.018810709592931255 0.014557770281247185
139 0.037123606444658876 0.02978260939111895 0.016636458804725404
140 0.041378518227085596 0.028178517182145393 -0.00897490412156237
141 0.0397310148373883 -0.031970782426656394 0.009556487932755906
142 0.040563177028915404 0.020093310872438833 -0.010890535959357413
143 0.03621353117228154 -0.02753683052401771 -0.0036769590066963896
144 0.03399314129294103 -0.036668335839059166 0.010573029195097857
145 0.037124008855198364 -0.028058161323900578 0.0021895449375606084
146 0.0397301486719589 0.03794107115175542 0.03772913104690119
147 0.03973079575989608 0.03154273583615231 0.012958091054759681
148 0.038012497483135135 -0.029011018265038373 0.010890753569673638
149 0.03527905341931832 -0.019026700186428012 -0.003993881522952114
150 0.041377909771012605 0.036614142696431484 0.004662703291748943
151 0.04028729636434028 -0.03325483833510108 0.01760413024209956
152 0.04028806726351808 -0.031831528327797745 -0.014145646317985316
153 0.038880815130509845 0.028928540271747172 0.027548431434213858
154 0.0402873519808049 0.03345213248405614 0.01803281939426389
155 0.03859415490648933 -0.032928886970122834 0.006717687437609002
156 0.038303812394514594 0.030475197399939067 0.022246198324114293
157 0.037123299844343795 0.03476595557430851 0.01475744274740781
158 0.040563392349543405 -0.025186965794391992 -0.005933586829774835
159 0.04028705924081075 0.031289223724641275 0.018744220124894264
160 0.040287257166344057 -0.02784910144571986 0.017765010824585023
161 0.04217742321700395 0.036062911824534874 0.013494524008716965
162 0.04083640171101795 0.03707640412234348 0.009313050259486096
163 0.041378031023633355 0.026749362595364288 0.012278526316563825
164 0.03888106037844873 -0.03890862001362189 0.018262680062405823
165 0.04028687411534695 0.030771862111195116 0.02641983971039467
166 0.03830516138483371 -0.038444041908879165 -0.01654775765731399
167 0.03888182739190203 -0.03675085665430352 -0.0028446074084184088
168 0.03527891649526832 -0.02093348867172855 0.0016835327449021874
169 0.04137791411611339 0.03886621735697564 0.004926576282091419
170 0.03771894628642156 0.029198437940479754 -0.004448346062548232
171 0.03859404632566521 -0.019599188040324733 0.010630045144294305
172 0.040836737570870515 0.03144983614187126 -0.0016808633137395613
173 0.0374226803126934 -0.028420294479455117 0.0030898541370834236
174 0.04056304378967925 0.027693139290899 -0.002808431268656199
175 0.036822605575887714 -0.04172198096425739 0.011046338969807242
176 0.04110820055854625 0.03549676532083317 0.004234128080790095
177 0.03559245548565084 -0.03757302422202487 0.02779265043519874
178 0.042177096837158874 0.03331166233883462 0.013723627916345406
179 0.03830454487823365 -0.01731539696030727 0.0030211028326478572
180 0.03682302081944004 -0.02995389118758902 0.0011309445904216784
181 0.036822872387530736 -0.02192830452278244 0.01121078000731251
182 0.04217674009481785 0.02378236128843259 0.0250311116066754
183 0.04056232455431377 0.029654351765762282 0.021817412262892615
184 0.03973106004550998 -0.0354940415963153 0.013359928700221757
185 0.04028800869182741 0.03225880729558951 -0.011684581161278367
186 0.0385932571203843 0.032596574607496334 0.03243615641920139
187 0.04137841041413316 0.022399077821882364 -0.0069407898270032525
188 0.03944978874659455 0.028954374159205817 0.006889740056181452
189 0.039731803113807196 -0.025164551540130965 -0.014564113010211774
190 0.04137819877014208 -0.030410349634498512 0.005265174474633877
191 0.03944930661672408 0.024706680867878014 0.02509225862238658
192 0.040287898723414095 0.026773891168490688 -0.003655380491175606
193 0.040009921118381635 0.016865940148609114 0.0201215784082565
194 0.03299605462101574 -0.028720601837205994 -3.269637985925841e-05
195 0.04028758905898469 -0.038168286290084626 0.001689526970444745
196 0.040835708401866275 0.021713899156926134 0.03432312913448177
197 0.043219758178900045 0.028066510376290255 0.023708946313406865
198 0.042961884724130525 0.04864594338177934 0.005920221804743895
199 0.04000998683623179 0.032356973833081774 0.015789773446409073
