200 3
0 -0.5038079362454098 0.544485943697652 0.0727616747096038
1 -0.21628942731372625 -0.10221305898526914 0.6005692102090207
2 -0.5525437755888218 -0.4399244518834129 -0.2551734822859755
3 -0.5251602866717743 -0.48594871537211093 -0.2531668892026773
4 -0.4787294264337962 0.5736141201028944 0.2384265427266499
5 -0.506254403269583 0.5404932914925037 0.10419465246406326
6 -0.5132586455253895 0.5285866441167554 0.1315158472683959
7 -0.5515907053890547 -0.47332197036120044 -0.1123501701187036
8 -0.540829534290814 -0.46655125205668097 -0.21114258894017676
9 -0.5203003420508622 -0.49200857548391613 -0.25726089669723096
10 -0.5152828941376968 0.5239821586993118 0.16833445528125396
11 -0.178585775011447 -0.07780695542130414 0.6159743541742075
12 -0.5475378576969969 -0.4277850194438247 -0.31709954718384137
13 -0.4625661064862843 0.5993104392043859 0.14177735291951019
14 -0.4916149977290383 0.5609807310399417 0.1182389214795297
15 -0.5177933566860687 0.5231280049031258 0.13396272400956893
16 -0.5232401971994917 0.5186085023976731 0.04945290823748546
17 -0.529761380255276 -0.47836813488305874 -0.24591346082776847
18 -0.5388948137885522 -0.4487547969395926 -0.322457303719853
19 -0.5057105534610183 0.5391327053822151 0.09549794292485662
20 -0.5339353858890584 -0.4682690330323668 -0.2548491558925303
21 -0.5321517615236212 0.5011573574659137 0.18967725047119055
22 -0.5325408272559534 0.5021097057712942 0.10869686278793526
23 -0.549603348059488 0.48064944751444727 0.1455109487740352
24 -0.5244522718369931 -0.501551766827819 -0.18608572391199635
25 -0.531684269616666 -0.5159833517776213 -0.07749095391151546
26 -0.5112653269847387 0.5359870419205732 0.020400988407819242
27 -0.5293767822816159 -0.47855008928245507 -0.25981344065324696
28 -0.5614993164379583 -0.45800224149392327 -0.10396047289154359
29 -0.47933898052591206 0.5749995338136882 0.16048839840816675
30 -0.5090126765017234 -0.5200128153105894 -0.21279393149905146
31 -0.5084079500865059 0.5353469702404683 0.1333783908311125
32 -0.5059788717968061 0.5381080695684369 0.17211077185810592
33 -0.2456848013639121 -0.12705026348867335 0.5717607699551915
34 -0.26760279418211774 -0.021088535816795363 0.6075352023376517
35 -0.5472650771214346 -0.4627700039703908 -0.17984111975714664
36 -0.49192841882710275 0.562131723530337 0.038684628222461985
37 -0.5089958309698682 0.5371409933795153 0.13530553477320387
38 -0.5317875025193005 -0.4829569367815561 -0.2118537067170628
39 -0.5292428664003491 -0.4952231072321907 -0.18279047516318472
40 -0.5173569863312235 0.5205288636793611 0.2020158002720693
41 -0.5266460891563023 -0.48895461206065965 -0.2179721367291661
42 -0.5301817488720341 0.5057445805610565 0.156213516038454
43 -0.2250287844179266 -0.043840419914742926 0.6238998357602036
44 -0.49860220778961517 0.548452375031136 0.22306573169754798
45 -0.5456831870382424 -0.4597212375013113 -0.20294742824850892
46 -0.5257407876177425 0.5143868372997404 0.08817599020020073
47 -0.5381148637643249 -0.4782250299558868 -0.17045875272442368
48 -0.5290310477994836 -0.4920018854409294 -0.18163324756840413
49 -0.5203600466855145 0.5177326481721812 0.16992918234245438
50 -0.2023784214618694 -0.09671645711348069 0.5990202017438273
51 -0.5157565138995056 -0.5000628914229533 -0.2616972911318205
52 -0.21252523769881254 -0.12592645002678846 0.6058004066892961
53 -0.5156638352525474 -0.4994728502724568 -0.2627503629996804
54 -0.5020594644217372 -0.5228170885173542 -0.255429506871695
55 -0.2070698465116483 -0.11664392855731189 0.6005038835812714
56 -0.5159436753329946 0.5280340664142653 0.09387255314105163
57 -0.5253432049640192 0.5138108163329452 0.16930403754291654
58 -0.5086602053743069 0.5384122888657693 0.06260477820286384
59 -0.49162692744123265 0.5597535554755297 0.1901210883866388
60 -0.5003973781554681 0.5443881614820185 0.17953537508833028
61 -0.496054091776167 0.5518434463739371 0.18628804616171768
62 -0.5320341042530475 -0.49930789759442873 -0.14916469617694597
63 -0.523228937506736 0.5171214939786644 0.057329795347790834
64 -0.5010949086243404 0.5448643343087692 0.11098281182386589
65 -0.5183418333536005 -0.47222572334693913 -0.37104592346897924
66 -0.4848691659078772 0.5718062960157951 0.08054178529663934
67 -0.508575254212031 -0.5022178769786103 -0.2873857491304587
68 -0.4963361032042806 0.5514049654613123 0.18000984974847042
69 -0.20735321710469343 -0.10299118809275737 0.609542839808296
70 -0.5045589192288985 -0.49439032338922845 -0.3627779443366217
71 -0.49453771461606477 0.5581327713999336 0.07011213894687444
72 -0.46758060707676197 0.5926555705730834 0.12915422095604182
73 -0.5177073329236083 -0.520592114072485 -0.14253029007991913
74 -0.5139431343017272 -0.4978091366915314 -0.29871849481963225
75 -0.5338587576320074 -0.47035130278447096 -0.26006887805648143
76 -0.5431562869438625 -0.43876232144032407 -0.3259988863658556
77 -0.5033019684761317 0.5411405664763921 0.1307927230766957
78 -0.49877882042096106 0.5490787532638463 0.1429436875404638
79 -0.5042584654557013 0.5465028545308164 0.07080042503798002
80 -0.5527083121317343 -0.4408127039960105 -0.25474373192629
81 -0.5683194539690274 -0.4386752482749814 -0.14648366841709515
82 -0.5256307620089935 0.5141716596535804 0.17416482801977157
83 -0.5592913245044067 0.46701666789182483 0.13441901114391708
84 -0.5008515630736347 0.5459990239977337 0.11550265141965908
85 -0.534554686200453 0.4952698629805715 0.2262657377043258
86 -0.5359715924551565 -0.4737283467923426 -0.2277724889321755
87 -0.5244431691382939 -0.5032152538162677 -0.17900676183309558
88 -0.5134901309829613 -0.5448957340644882 -0.08419721121496974
89 -0.5198769210925341 -0.5241503007345802 -0.11267093241340236
90 -0.5250823421850513 0.5114196498200908 0.15189178898120223
91 -0.5105039114674946 -0.5234885990236672 -0.1848190030696417
92 -0.5362279889062671 -0.4739012560594166 -0.2132202192265669
93 -0.5336343407553573 -0.48307503540176056 -0.18380545756519265
94 -0.538265064111246 -0.49698016502012266 -0.11907062219552778
95 -0.5314281683354722 -0.49841145179274465 -0.15278466213303515
96 -0.5436238488460684 -0.45627004235746615 -0.26027497701692504
97 -0.5294557075440617 -0.4942762089942655 -0.17550446595216102
98 -0.528793982752311 0.5142433976106985 0.04808513846715969
99 -0.5067918419586684 0.5440043482491957 0.02305178555786664
100 -0.5064032609784281 0.5415340300455911 0.10528195533395049
101 -0.5160928335590794 -0.48502795113309133 -0.3161794289161829
102 -0.5136102397761465 0.5313204161997586 0.05048058231164901
103 -0.5404225887664974 -0.46496086753508914 -0.21995919983830386
104 -0.20665222427394914 -0.0605108072402448 0.6200797694120246
105 -0.5131416667578729 0.5270118283494387 0.2021088944057681
106 -0.5175959921572801 -0.5050830241518817 -0.22671486664445342
107 -0.4858314353553323 -0.5578426393102367 -0.21877501818009643
108 -0.5282673043976315 0.512872832478607 0.041254553146719844
109 -0.4696760702000451 0.5895098389047548 0.1712968721221375
110 -0.5281462379010393 0.512735016881701 0.04728815440221241
111 -0.5175252937156086 0.5212819840792083 0.21346118479478504
112 -0.16932702107835157 -0.09346631105977736 0.6233282715465737
113 -0.5023344018458379 -0.5062774143407995 -0.32633008876914504
114 -0.5633222574615274 -0.42842184416314416 -0.21482221324480918
115 -0.5593250325406591 -0.4364272072349801 -0.21270803781338138
116 -0.513309519630853 -0.5118631257764967 -0.21896066592179037
117 -0.5104211045917235 0.5319413251352919 0.17140635623370884
118 -0.5958053104641214 -0.39266021634174214 -0.12940910578598347
119 -0.5317487356814417 -0.46505725039972895 -0.2903661276395664
120 -0.5407552333057559 -0.4849188528482932 -0.13915128880870697
121 -0.5251387710790388 -0.4859206479074809 -0.24151029467522034
122 -0.4965280462015904 0.5537556080685284 0.11346273990668398
123 -0.4962939608732508 0.5539356518575987 0.1902726731674524
124 -0.5056226980127276 0.537361369193045 0.17256469399323862
125 -0.5246339012429995 -0.4836286912916476 -0.25756355776090883
126 -0.5230403475898544 -0.4806956864970054 -0.28086406406620235
127 -0.5182231209025081 -0.48870122834568464 -0.29318430405779383
128 -0.5517740736337305 0.47631490760176814 0.09924570954420014
129 -0.5324130453228993 -0.4674129029193073 -0.29029639623672854
130 -0.5451623400015677 -0.45890534872568534 -0.21931756650604772
131 -0.4918152639838321 0.5594260503675896 0.18523054396876992
132 -0.4969939536219389 0.5556281328845305 0.12030483590010872
133 -0.5212051442766096 0.5235344838924235 0.0047458522531608
134 -0.24823205999023762 -0.021150366810995646 0.6295822722604543
135 -0.5157769308221598 0.527489951611222 0.08654269226178216
136 -0.5572253254536539 -0.43322819580172467 -0.2510529189976277
137 -0.5384029739482835 -0.4797791672503339 -0.174046161991957
138 -0.5402234929602493 0.49513993190492706 0.0737732609828695
139 -0.2247669896258615 -0.02973230602688326 0.6272222059367185
140 -0.19582300495051497 -0.005120592520611559 0.6519307109777384
141 -0.5298993566187676 0.5056088134469393 0.15697999685953845
142 -0.499348569524594 -0.5353469123567358 -0.22007207138221366
143 -0.48196915553088937 0.5729377517876436 0.12465170657021628
144 -0.50627481758498 0.5411381163735657 0.020736556182710846
145 -0.5060252435324211 0.5410739155349834 0.10344154732959615
146 -0.5220804853205433 -0.5117921184879781 -0.15457167793567866
147 -0.5092018986904523 -0.5029833377916034 -0.28938106377092354
148 -0.45981563363196715 0.6013172399731705 0.1783908273667917
149 -0.5155664865667351 0.5252300537078932 0.17194932330601737
150 -0.2154636089104181 -0.043417498172919615 0.6143491201843334
151 -0.4647318895405612 0.5948700867835094 0.17605643177311703
152 -0.5144960428680484 0.5215669811440538 0.3198221369210079
153 -0.5470453275843014 -0.4991530540148276 -0.039520343277429384
154 -0.19754623403368568 -0.10422452485190128 0.6139223172370178
155 -0.5227106533470218 0.5168236881967113 0.12449011035542985
156 -0.5173166249284303 -0.5033185198488308 -0.2166707116207974
157 -0.5292883271885351 -0.4954611415222757 -0.17798578304503324
158 -0.4917677864149731 0.5604987466832572 0.11183392938174219
159 -0.5222419913247119 -0.5292177609685219 -0.07510035332601511
160 -0.48196839935490404 0.5741219095926057 0.131243327068972
161 -0.5268893253465966 -0.504501330251452 -0.14763979215260678
162 -0.5521028309796265 -0.43859781269903264 -0.25307600871244157
163 -0.5115265736940322 -0.49228678831464934 -0.32955112853808494
164 -0.49232113488062823 0.5631613732690557 0.04084836394485094
165 -0.4899664263679373 -0.5487187326426678 -0.2224907000395944
166 -0.4865738700438959 0.5642381581958109 0.19081532640788873
167 -0.5546960883143227 0.47507836360774 0.062396809014884876
168 -0.5202238992296437 0.5187074807203947 0.1580927435688436
169 -0.5221036581364086 -0.49607665408584856 -0.21730689166157027
170 -0.542781978446587 -0.47059403826876944 -0.1807442826837649
171 -0.47153226046735763 0.584306892710805 0.20948308140316205
172 -0.5085717270580034 -0.5021594387253776 -0.29301519587166724
173 -0.48526145749873634 0.5744177122747975 0.007959261111109377
174 -0.5429938578135509 -0.4388619058753633 -0.3265319627898289
175 -0.5126012100107157 0.5262942191106029 0.2071697064245443
176 -0.5065901838996469 -0.5143972156554423 -0.2560346173643607
177 -0.4992936514020135 0.5512886634224448 0.14898437426126193
178 -0.22136554569598976 -0.08108738390878108 0.6090394508465697
179 -0.5126058254821998 0.5268843592984258 0.21788766032582216
180 -0.49879729407847506 0.5492022852519183 0.15127059578457086
181 -0.5180366018690622 0.5226916010016175 0.13651553498439445
182 -0.27399192581310766 -0.12596063094423615 0.5879602195804907
183 -0.5478580187552827 -0.4645681971105239 -0.1822396219532336
184 -0.5077045500362964 0.5321246640719755 0.21461309046336435
185 -0.5199242364238542 -0.49240047124619296 -0.2513945849817836
186 -0.5594159767952092 -0.42131251112764995 -0.2870893076499039
187 -0.558771638208162 -0.4359079649710223 -0.2080600345962268
188 -0.5359297127245392 -0.49220606482764173 -0.15367958021137665
189 -0.4915283397599252 0.559824244879542 0.11556324664458366
190 -0.5019640296127286 0.5495100761327345 0.033723479047517026
191 -0.5205371034528825 -0.4943516232953874 -0.25597993702656957
192 -0.17795670626871335 -0.050785056329771795 0.6342209768706668
193 -0.5380568280882436 -0.48023618584413247 -0.1830080290924384
194 -0.48840601820821 0.5609515256695106 0.15909096262451472
195 -0.5378676421192502 0.4995491318314202 0.044707265412746965
196 -0.5157259032698498 -0.5011683087350476 -0.2518608769655967
197 -0.5658168103412109 -0.45287651116715494 -0.10309749195844573
198 -0.5337479739331156 -0.47026277625415375 -0.25469851284667283
199 -0.4969844429129282 -0.5457154974953413 -0.18541648065306943
0 -0.8698141592833655 0.03800070695745734 -0.014753786040370148
1 -0.17854636753953718 -0.06569827557230921 0.6343144246210181
2 -0.8702221079276073 0.03768962553624952 -0.021785375388443773
3 -0.8590277388181146 0.06031437283996495 -0.1935089122372808
4 -0.85931044581655 0.06019365958635069 -0.19593837950559223
5 -0.8616205742338044 0.05602155435565358 -0.16290292024630115
6 -0.8636185456472838 0.051250115154839945 -0.12496537744186108
7 -0.8637044389436958 0.05136989633729032 -0.1252089981181651
8 -0.861229602078033 0.055720207855212776 -0.1592867443740864
9 -0.8548161215579521 0.06905901840415793 -0.2651996440777993
10 -0.8568494142649861 0.0643733881072048 -0.23025784607054453
11 -0.17824587659739224 -0.09358763545625617 0.6086994719870589
12 -0.8569504237805547 0.06456013217600985 -0.22960654358776814
13 -0.8594480550952934 0.06147783171916628 -0.1944989326791903
14 -0.8548867273085013 0.06945707452109384 -0.2649099993172667
15 -0.8591286966052347 0.060055208630251225 -0.19530951493734194
16 -0.8570472468248395 0.06487741181129032 -0.23021637894222846
17 -0.8636848230221067 0.051872853097278786 -0.12356509555656936
18 -0.8656712563029566 0.047072587366822696 -0.08719939506620025
19 -0.8613678869020649 0.05528389404811973 -0.1608819678753459
20 -0.8637636300686241 0.05120051049453246 -0.1258215052355407
21 -0.8617446151196375 0.05701606632024121 -0.15926019024582116
22 -0.8588668463913206 0.06072589401872562 -0.19141728312428222
23 -0.8633596607314898 0.05214856690427782 -0.1214482941937543
24 -0.8615999815127908 0.05517761357990479 -0.1636282525341857
25 -0.8573020646036226 0.06536393230455743 -0.23048388235442094
26 -0.8548867273085013 0.06945707452109384 -0.2649099993172667
27 -0.8614218373991764 0.057405194486453405 -0.15628840404178285
28 -0.8611585574564624 0.055860551798181446 -0.15729787577180293
29 -0.8613633031312131 0.055439784988834916 -0.16048638423209563
30 -0.865834932853916 0.046796891614057826 -0.09150208499518975
31 -0.8635396212825488 0.05088110495009138 -0.12474442427414967
32 -0.8639894930665102 0.052045191894785715 -0.12725957034436186
33 -0.19757291260327778 -0.10380019658131728 0.6059917916082159
34 -0.21561722660030888 -0.03201895554554823 0.6220727837736868
35 -0.8570472468248395 0.06487741181129032 -0.23021637894222846
36 -0.8618694728825518 0.056749615033816106 -0.16106412160791353
37 -0.8634455544038909 0.05297274404453227 -0.12029747370019174
38 -0.863629417224349 0.05150573336072876 -0.12409407504865916
39 -0.8676589724761504 0.04216154820583139 -0.053093420414015345
40 -0.8595223081180223 0.06008991437025255 -0.1984816191686478
41 -0.8658660869405926 0.04773898083823469 -0.08786711808219302
42 -0.8615974648173669 0.055779979878647884 -0.16229635146614982
43 -0.1929203853103939 -0.04359867403207568 0.6457118945566285
44 -0.8613422575103845 0.055816498687100716 -0.15962890798158771
45 -0.8592603551406333 0.06060267010535728 -0.19393365458712564
46 -0.8593677825131909 0.060409334090195194 -0.19467406968739118
47 -0.8548274182746863 0.06879185999715305 -0.2658508800045852
48 -0.8592833065064397 0.061014295928691155 -0.1939775952535133
49 -0.8657050790427423 0.04807858086174252 -0.08592214048558905
50 -0.26232140289450806 -0.029009046958783452 0.6073506760812616
51 -0.865818343170429 0.046669905691488586 -0.08922925199907343
52 -0.22607714222221348 -0.08645869615107708 0.6171881577629373
53 -0.8591796167848911 0.06057575189814488 -0.19483004456803885
54 -0.8616932118381724 0.05608472942398536 -0.15977204716546678
55 -0.239435490911164 -0.03749253399321836 0.6306055551194966
56 -0.868353791085192 0.04321190500362194 -0.05521127688353987
57 -0.8595140070360399 0.06150887966308563 -0.1947828403203699
58 -0.8549611701290454 0.0695379013960521 -0.2644638196660182
59 -0.8683952626441153 0.04307994596017718 -0.056381554083075824
60 -0.8591589176784051 0.06077392712272453 -0.19537023593681643
61 -0.8616883741474174 0.056736547810633385 -0.16123195226655476
62 -0.8637179645010459 0.05031838887686531 -0.12777744435332905
63 -0.8612653318579035 0.05703440054523826 -0.1557300122677145
64 -0.8570534321724264 0.06436733589070566 -0.230938470887938
65 -0.8656718807241959 0.04681897143993687 -0.08943563394597558
66 -0.8636726274747802 0.05157030889126076 -0.12555056097073106
67 -0.8594687694675475 0.06027419367416925 -0.19651235392509228
68 -0.8568960233298881 0.06473379188310166 -0.22946477775038598
69 -0.2255023365602316 -0.061517856993212425 0.6075230571102775
70 -0.85702495069727 0.06512856860953761 -0.22877362321238184
71 -0.8637909213456109 0.05198063019483258 -0.1253325237753466
72 -0.8635099858674882 0.05071236939264507 -0.12610693563887354
73 -0.8640672885511053 0.05205465558859003 -0.12649066438341952
74 -0.854873786419934 0.06884293881896288 -0.26706179658181683
75 -0.8591027933331266 0.06128161772778772 -0.19220955219972072
76 -0.8631951287024116 0.05133203691273397 -0.12253785086467912
77 -0.8682366138705921 0.042699818099698916 -0.05538069834789775
78 -0.8609931822135108 0.054845145826950985 -0.1603075296367629
79 -0.85691808144299 0.06520400428128062 -0.22809783141047435
80 -0.8549611701290454 0.0695379013960521 -0.2644638196660182
81 -0.8637362080253249 0.05159163816978075 -0.12609772144016637
82 -0.8548274182746863 0.06879185999715305 -0.2658508800045852
83 -0.8617305681579712 0.05650852565177328 -0.1597792371957467
84 -0.8593422223012969 0.059969649712642924 -0.1978173582563846
85 -0.8638633103049134 0.05161595487305867 -0.12660242917291353
86 -0.8618402894957261 0.056204461900179206 -0.1613668167794523
87 -0.863566794680783 0.05006212688473738 -0.12886898654792536
88 -0.8594600274352053 0.06074461165615934 -0.19392610761579007
89 -0.8613976176913668 0.05649167266039201 -0.15881512367860784
90 -0.854873786419934 0.06884293881896288 -0.26706179658181683
91 -0.8615032128176142 0.056219409190076404 -0.1605098160018514
92 -0.8588519973404891 0.05976137293550236 -0.194556972220128
93 -0.8570343589550984 0.06532394234128568 -0.22847330105506894
94 -0.8640338678945271 0.05139737135316185 -0.1274147188239626
95 -0.8635224699127678 0.05155288338135063 -0.12307831292659072
96 -0.8615790779621917 0.05599551271029508 -0.15939169389438307
97 -0.859557307119693 0.0611742624705625 -0.19496287556418626
98 -0.8548228345038345 0.06894775093786822 -0.26545529636133497
99 -0.8658645957308199 0.04653194958952566 -0.090765718461915
100 -0.85947553160863 0.060178064181135686 -0.1979252329971576
101 -0.8571290289360043 0.06465326898496782 -0.23154078979158194
102 -0.8569437108346721 0.06467139964229968 -0.2293508913042325
103 -0.8616950170543488 0.056102381230611814 -0.16245674059505244
104 -0.22036705509510737 -0.05123380947626369 0.6108570074707497
105 -0.8550049873959888 0.06951449095350574 -0.26518323984881226
106 -0.8572891237150555 0.06474979660242643 -0.23263567961897094
107 -0.8639137914474818 0.05163426025229446 -0.12692646538657737
108 -0.8615386241471245 0.0574899654921341 -0.15779967128222727
109 -0.8681770682861469 0.04174846021597465 -0.05685672929809439
110 -0.8703563504024561 0.03908716445943053 -0.017406632757227498
111 -0.8635784072114705 0.05138438281589025 -0.1258499960962175
112 -0.23897092309202272 -0.02272384128416078 0.6350768017280807
113 -0.8571244954823203 0.06464130134820469 -0.23115152251019397
114 -0.8569260685169062 0.06528956461356351 -0.22733458317267377
115 -0.8612727301945777 0.055954634270186515 -0.1572741012184047
116 -0.8571115545937535 0.0640271656460737 -0.23330331977474383
117 -0.8612322460577764 0.05579609951135149 -0.15888808650674321
118 -0.8662651619468088 0.04714615318474012 -0.09344369552267022
119 -0.8593657999378107 0.060471855717788264 -0.19477629880044028
120 -0.854776057994442 0.06903590074875143 -0.26489891018984474
121 -0.8593390114542049 0.06005038915830597 -0.19578536374376704
122 -0.8613735676917665 0.05578338916780211 -0.16035214757817176
123 -0.8614680183965749 0.05709190937519814 -0.15808931604275975
124 -0.8590385275624447 0.05970409371193827 -0.19389053214363577
125 -0.8612939401927712 0.05577901367112764 -0.15952160460127243
126 -0.8660300972046122 0.047704951722180214 -0.0905384787962263
127 -0.8569349708758184 0.06387637296783748 -0.23086271663339877
128 -0.8591884316978604 0.059961184702738805 -0.1959669363588635
129 -0.8548867273085013 0.06945707452109384 -0.2649099993172667
130 -0.8570313005105121 0.06484623091475637 -0.22937790339961006
131 -0.856957306430973 0.06414279129560645 -0.23095020149443454
132 -0.8547984792401858 0.06967718337542177 -0.2631833359462408
133 -0.861100166738246 0.05498231040775515 -0.15970828289165964
134 -0.2503061640899986 -0.10599376119772745 0.5991613713771876
135 -0.8611193421695984 0.05510150816255762 -0.1594358043613489
136 -0.8660730680191119 0.0478956267355183 -0.08805396764664924
137 -0.8615378485527693 0.056472142334299605 -0.16016130602878664
138 -0.8662588121335659 0.04742849087952129 -0.09283941533544215
139 -0.19675503964657864 -0.0369709692824391 0.6198607063045422
140 -0.22451288674386524 -0.002311985358644539 0.6336059008480597
141 -0.8570857288523511 0.06498788617749099 -0.23136075454776567
142 -0.8614112849158432 0.055787490939154825 -0.16193395238497366
143 -0.8634347903187152 0.05265060607017304 -0.11961243303665377
144 -0.8635475472024957 0.051698482421518095 -0.12349013261519304
145 -0.8617420190098285 0.057251875917069574 -0.15907459635343277
146 -0.8570313005105121 0.06484623091475637 -0.22937790339961006
147 -0.8634361002114185 0.05171466326893917 -0.12340410050390999
148 -0.8611814362615516 0.05637774376541497 -0.15608499791098707
149 -0.8682625188753168 0.043042368546656086 -0.05418818745926105
150 -0.2786474232439027 -0.1034381293814654 0.5922657184080299
151 -0.8636362674550917 0.050689706526868286 -0.12645757489252482
152 -0.8616327684215139 0.05647435175652215 -0.16019900444778495
153 -0.8635327847283516 0.051390141451810124 -0.12244588248383767
154 -0.17406649050692613 -0.0868915735919445 0.6287093176755095
155 -0.8613097703631895 0.05552382290088582 -0.16056210780944652
156 -0.8591558043853055 0.06069852996957598 -0.1946452571054502
157 -0.8569349708758184 0.06387637296783748 -0.23086271663339877
158 -0.8548448926169376 0.06941796333604713 -0.26408835002142345
159 -0.8569349708758184 0.06387637296783748 -0.23086271663339877
160 -0.8683470090971508 0.0425334194742325 -0.05807254411094184
161 -0.8616740093690881 0.05661801020330532 -0.1595498350063537
162 -0.8569483646444757 0.0650384078153162 -0.2287773389025204
163 -0.8657938930539426 0.04864862254784213 -0.08471363627798316
164 -0.8614930819842561 0.0560668785326202 -0.15927689775401427
165 -0.8525896501008677 0.07360763317004217 -0.29960935681165807
166 -0.8613454930164707 0.05575364111465374 -0.16200924380665227
167 -0.8676592967051394 0.04214322234850472 -0.0528501428075833
168 -0.859431714341687 0.06020147462368204 -0.19720581281436333
169 -0.865476618119519 0.04610771678345567 -0.0897404987320284
170 -0.8640271549486443 0.05150863881945167 -0.127159066540427
171 -0.861328502946721 0.05597352125165461 -0.15894996743376696
172 -0.8634480284174878 0.05117549322668164 -0.12526597112610097
173 -0.8678000480695963 0.04198605063127198 -0.05402035638979761
174 -0.8593333246216389 0.06071085155358435 -0.19472550164477626
175 -0.8594914317396466 0.06072746051492987 -0.19561040172130387
176 -0.8594254097599487 0.060173513457278824 -0.19629563012508622
177 -0.8592627889100407 0.06083569455038024 -0.1940460103603467
178 -0.2115847608406903 -0.06455597929132084 0.6250068663330004
179 -0.859291200346245 0.05955156271781649 -0.19717999408086476
180 -0.8654727613122064 0.047294607154774126 -0.08692046416091319
181 -0.8571731125614629 0.06568284875458025 -0.22876277763196698
182 -0.15603341397346057 -0.12905662445403532 0.6213954357956205
183 -0.8612500124355171 0.055973131729903175 -0.15768679372679628
184 -0.859473423277351 0.060641201847185806 -0.19593880152338025
185 -0.8569345133164741 0.06400046362727421 -0.2303600202506105
186 -0.8635836905482313 0.05119363371158946 -0.12500726658796515
187 -0.8596735846318004 0.061294200530567465 -0.195338345208781
188 -0.8590268419682349 0.06027997084131814 -0.19325374128490805
189 -0.8634385133947811 0.05116817006479018 -0.12398950868361554
190 -0.8591027933331266 0.06128161772778772 -0.19220955219972072
191 -0.8545523370573523 0.06852394675615311 -0.2649572035649361
192 -0.16457036246164336 -0.05744514535560455 0.6527711753129392
193 -0.8638069821273792 0.05144982193436284 -0.12819247362448782
194 -0.8572169298284055 0.06565943831203391 -0.2294821978147612
195 -0.8616660780198473 0.05698770460888065 -0.15978919653670812
196 -0.861531868606144 0.05636575386941831 -0.16067356049248688
197 -0.8653578675430897 0.04678407030378644 -0.0875324513796526
198 -0.8639849596128263 0.0520332242580225 -0.12687030306297364
199 -0.8635713057050892 0.05089557051775008 -0.12729432096701115
0 -0.5250149666625648 0.5127812791372466 0.16064550203452507
1 -0.5599408075847085 -0.5553199306750288 0.31481891425984615
2 -0.5646202517162379 -0.5482552884179825 0.30969577084876043
3 -0.5508612674216423 -0.5705013292317741 0.3054981597704812
4 -0.49594397974519955 0.5509545872295981 0.10567944939700717
5 -0.49190817827429767 0.5608893437155751 0.11652198914125528
6 -0.5150004098290182 0.5251865517417831 0.17162314215065458
7 -0.5646302653281232 -0.5484253689677298 0.31015504290003204
8 -0.5691401614884444 -0.5405470586288899 0.3147520730033514
9 -0.5830663358366772 -0.5190523586280631 0.31368401763534615
10 -0.5063554075895662 0.5403598211013796 0.0985742188755283
11 -0.5919818344313555 -0.5031678175759439 0.3078014428919655
12 -0.5462573769729204 -0.5780194824877779 0.30411292122507005
13 -0.4941288481278096 0.5578941159085945 0.07777431643666766
14 -0.5209153227573011 0.5205219245934011 0.08856696163074965
15 -0.5108478913120515 0.5305284895647253 0.1678428081153914
16 -0.5280557570148647 0.5116619075901827 0.11977749112263132
17 -0.5832178805973293 -0.5197375358731027 0.3183289715410146
18 -0.5602112133563012 -0.5566951841213342 0.3135940960702753
19 -0.5088522643340808 0.5378299341683268 0.05793448967474555
20 -0.5876605415320264 -0.5113405957899285 0.32126939676169786
21 -0.5302607063385679 0.5066594210776986 0.07808817123927632
22 -0.5011774677798765 0.5453769276752 0.10616138864363528
23 -0.5228945849707791 0.5166202427246543 0.12815972808144363
24 -0.5740058776760709 -0.534316643407204 0.3186621989129123
25 -0.541532501002574 -0.5847100897484984 0.31369060870428805
26 -0.5082673543855831 0.5354872198462436 0.12947760902264396
27 -0.5782342098638245 -0.5252331829267947 0.30779979098502785
28 -0.555362844732967 -0.5627918418219708 0.3190114257788626
29 -0.4871307538978882 0.5692071429988964 0.04506869728869994
30 -0.5597974748167289 -0.5546472445161291 0.3134089408760984
31 -0.49524621771762 0.5484768609134404 0.26186469170433824
32 -0.5036098420565613 0.542747614484781 0.14311149267572343
33 -0.578415448285327 -0.5261462322161963 0.3250133406999906
34 -0.560085983548594 -0.555958736703483 0.31454112189534933
35 -0.5692773101095167 -0.5413578452515018 0.30642274903419653
36 -0.5197089094416005 0.5165001439922159 0.2418536156236002
37 -0.500336544571616 0.5428432213017612 0.1788352094004526
38 -0.5786168083431242 -0.5272103211756097 0.31978048578886403
39 -0.5781190886298351 -0.524792212043341 0.31811585216639265
40 -0.512396146982765 0.5262518028569093 0.28207450291486613
41 -0.5506244197332488 -0.5692622273128465 0.30761332754900933
42 -0.47462813781183194 0.581514566060686 0.16531211175955793
43 -0.5506309815074288 -0.5694517013889532 0.3101234368975388
44 -0.5005485508880093 0.5443861751053259 0.18330762771367803
45 -0.5740294025132061 -0.5344563498267242 0.3222406778370974
46 -0.5160378457069583 0.5275561590660721 0.09980067126623177
47 -0.5599606574996898 -0.5555291185347956 0.31741005388799715
48 -0.522846383581292 -0.6130894797317503 0.29988560586555163
49 -0.49159407713139486 0.5587182260044775 0.10897248299136832
50 -0.5416741430058744 -0.5854526145161233 0.3069829252509967
51 -0.560210631312638 -0.5563840884697436 0.3160325978477914
52 -0.5691839130501151 -0.5404610002409499 0.313434933559201
53 -0.6058693915303555 -0.4810593280353507 0.32258065267769614
54 -0.5827768779308173 -0.5176939755698526 0.310259642605504
55 -0.5508197491960914 -0.5704119590947696 0.3198846928375676
56 -0.5086650226968445 0.5363899398100741 0.14316299268466479
57 -0.5079237718652896 0.5338774842654889 0.21977363860095944
58 -0.5084731931108257 0.5362250658707483 0.1407605062376619
59 -0.4840924194665329 0.5658372805040004 0.23024644840998879
60 -0.49921005271727226 0.5523117032224513 0.07372515661104655
61 -0.4888233849666562 0.5623963416184764 0.15322503556202413
62 -0.5598677827006642 -0.5549744606709672 0.31459692714546045
63 -0.5082619584220792 0.5374052669687306 0.138722006657795
64 -0.5304615979427902 0.509080364045472 0.08825650644716822
65 -0.5782327315784959 -0.5253075258012766 0.3200053286631296
66 -0.5206583645401175 0.5211604415147761 0.09336235776673785
67 -0.5552055680781565 -0.5621494591015301 0.3279178709372386
68 -0.49091074490367664 0.558494114827604 0.19486357652223393
69 -0.5693221652533335 -0.5412361121696715 0.31653700348218167
70 -0.5461404444641038 -0.5774486612120558 0.30485253750631985
71 -0.5113253473502113 0.5351047013646634 0.10279798845644891
72 -0.5186633884222499 0.5256735257458262 0.05492679959076842
73 -0.5599874251337341 -0.5553373222042205 0.31779741610431955
74 -0.5461310428108884 -0.5774605253505015 0.3127321402188413
75 -0.5325292080660495 -0.6004725019993284 0.3102086677752292
76 -0.5507900967506768 -0.5701204736182373 0.3077951952520396
77 -0.49421970407597504 0.5573779714601679 0.07445257372527556
78 -0.5282157413648705 0.5117431416535947 0.04697690658134031
79 -0.4769710308818018 0.5795100455877947 0.1991007115840388
80 -0.5461784596664406 -0.5775548046461234 0.30728651646950256
81 -0.5687394051273891 -0.538770996247384 0.31449874012123574
82 -0.5108915308335521 0.5327989050647829 0.09434643748492845
83 -0.5351035843301403 0.5003079118290006 0.06919222999640101
84 -0.5163035399409619 0.5302283014826598 0.018991556984439873
85 -0.5203618258434577 0.5172635762839508 0.23461304800936514
86 -0.5646215270152017 -0.5484368776394016 0.31733271739268465
87 -0.5369732044782983 -0.5923350973205846 0.3115979358389253
88 -0.5827847087308409 -0.5175429686959208 0.324374487104615
89 -0.5734047536265721 -0.5312431859495912 0.3157985915844457
90 -0.49105619029051384 0.558524542300298 0.19017127948454432
91 -0.582826716300939 -0.5175210776572391 0.31905950542475087
92 -0.5555181272876143 -0.56360110378917 0.312307527562939
93 -0.5511471738945847 -0.5720674233688808 0.31274642872365616
94 -0.5869788015853356 -0.5082136941817659 0.3278315670503562
95 -0.5511797800990076 -0.5721553740548488 0.3144168369904243
96 -0.5870564149106299 -0.5088189332833631 0.3101389510976093
97 -0.5459158360237252 -0.5761532622491097 0.3173883329933802
98 -0.5052559080793948 0.5353545902311142 0.25134107912066406
99 -0.5197918341994644 0.5157656099416438 0.23158997705410825
100 -0.5084501234867727 0.5363265076764534 0.1386296655803498
101 -0.5645015313537917 -0.5477901913792605 0.31025646277546437
102 -0.5321454615652416 0.500347519123047 0.18809193927179396
103 -0.5550627040408445 -0.5615708521456145 0.30155097953642024
104 -0.5784334842082489 -0.5260057524559983 0.3197482604935104
105 -0.47041475092385676 0.5914566010976154 0.09737135656839034
106 -0.5690278591198042 -0.5398654080519479 0.30755142053813167
107 -0.587567857286864 -0.5112020897490365 0.31361445330220933
108 -0.48710268568867715 0.5687047261568319 0.041078509011818656
109 -0.5366685860092264 0.49535864522497325 0.18849970923235537
110 -0.5394045376519985 0.48895515985799143 0.2252887861644287
111 -0.482083001024301 0.5742480718453972 0.12580803076506797
112 -0.5965629907689464 -0.4952204363899046 0.3273291407139907
113 -0.5741329886889812 -0.5350608560321167 0.3169170514011279
114 -0.5779143593350483 -0.5239210902377132 0.31000700429794786
115 -0.5692945944181024 -0.5411759546699668 0.3154976389866139
116 -0.5785165997341044 -0.5267622361975735 0.3128819446316821
117 -0.5398536238679243 0.49415146070408517 0.06305416538918072
118 -0.5554818875925824 -0.5632267516170367 0.32350402618346225
119 -0.546208094837554 -0.5774912080295115 0.32116135501080506
120 -0.5650248620922586 -0.5501725507587932 0.31908598602789234
121 -0.5552752893740212 -0.562181898149823 0.31264491752934087
122 -0.517641162720498 0.520535041763697 0.19669286400494967
123 -0.4690087565177693 0.5853988318413916 0.24763535315915725
124 -0.4867955669840181 0.5667297160082216 0.11679607057912851
125 -0.5693135261890113 -0.5414506069441224 0.31502855670511054
126 -0.5739236775838139 -0.5340028780819333 0.3139554868285965
127 -0.573870682518483 -0.5336856873476852 0.31618700254983
128 -0.5211350178374381 0.5226451807836618 0.016194376966110303
129 -0.5640558979954051 -0.5456094495887284 0.31382304217800666
130 -0.5417797565125632 -0.5859721608704819 0.30704738057008996
131 -0.4727741429038993 0.5895721227625097 0.05565295397080165
132 -0.5385405029821365 0.5024779915043919 -0.03497057705357405
133 -0.5030243270558913 0.5414597470716349 0.22123851962583566
134 -0.5650416564569483 -0.5501640119879371 0.3140201769397197
135 -0.4989296774075032 0.5503560717590806 0.1455062184334253
136 -0.5965289728255008 -0.49516526986447845 0.31493216126223067
137 -0.5555178298460567 -0.5633990343019238 0.30994325133267187
138 -0.5085244349252561 0.5374965477017352 0.13640373585703996
139 -0.5879806447005146 -0.5131407236980566 0.3151543556572414
140 -0.5733359906205951 -0.531006634754614 0.315078839335222
141 -0.5204478172304333 0.5194190375554301 0.08434679433286804
142 -0.5599832776354775 -0.5556311970403588 0.30919977338572263
143 -0.5203082219389914 0.5199800375878703 0.17246975394165195
144 -0.530433732753647 0.5079633883946988 0.08170245899585539
145 -0.5011113244915495 0.5480515181019674 0.10846509968078344
146 -0.5874070709229087 -0.5105985154004931 0.3128617912174535
147 -0.5463575531976589 -0.5785861816810368 0.31097591953427434
148 -0.5589544490412458 0.4647490376161115 0.2193960268553549
149 -0.4980416563803049 0.5455606221069235 0.2236929722154448
150 -0.5738513088456341 -0.5337198571101788 0.31802513626017365
151 -0.51619855287476 0.5271502851881926 0.09566621439954937
152 -0.48382701704796643 0.567482615956221 0.15463475386374523
153 -0.5460423157295149 -0.5770363745673895 0.3071807628635583
154 -0.5233756319782924 -0.615476119604192 0.30759573958025055
155 -0.4914898593649417 0.5578238642181365 0.18111331705336736
156 -0.550971005465352 -0.5708910805718735 0.31793848465228186
157 -0.573703479216543 -0.5328789764259705 0.31894925583626693
158 -0.49881514703417695 0.5483977601078118 0.14343151311928554
159 -0.5736474140754259 -0.5329194047197242 0.3053093672725992
160 -0.5137649334583819 0.5316757654122488 0.056727186412663166
161 -0.5694124789533033 -0.5418545240175762 0.31583646195670956
162 -0.5508903360797437 -0.5707237041132335 0.311399491145761
163 -0.5738410879448422 -0.5334446323697721 0.3262240433023222
164 -0.4863090357830167 0.566014164642078 0.20050447627991122
165 -0.5829116139236926 -0.5180974564593962 0.325204570185998
166 -0.5205511906251767 0.5206967288480289 0.10224327892630283
167 -0.5157849744033358 0.5271375109684668 0.08901224477563226
168 -0.49365597139069317 0.5545474953932527 0.14872049663431883
169 -0.5553871035956655 -0.5627279246875253 0.30990075040362874
170 -0.5782191949031171 -0.5253580921351939 0.3158620773095449
171 -0.5172598352980659 0.5183508950270798 0.19618660661015438
172 -0.569162867214766 -0.5405581849598214 0.30990801789721295
173 -0.5460392848947699 0.47872730516523393 0.2565475501372053
174 -0.555439743813458 -0.5631967527748427 0.3116629858525954
175 -0.5022742804842761 0.5392140642369556 0.21624456713837545
176 -0.5600443336797806 -0.555720630205063 0.31495188639720717
177 -0.48709834157795934 0.5685510978875611 0.046495676313980355
178 -0.5553114478375384 -0.5626312859743363 0.2997060307535002
179 -0.4898790641769246 0.566755995897139 0.0023382239765372273
180 -0.5470550974728857 0.4816947259972586 0.17915192549063372
181 -0.5104164877744045 0.532353281466389 0.08843241745051182
182 -0.555408577900759 -0.5630338808457762 0.31122160474290067
183 -0.5786475823537603 -0.5272118557258977 0.3178004730024216
184 -0.5427331947414612 0.49373808373936406 0.03116740092323999
185 -0.5419056650409599 -0.5866530587341503 0.3018412334836504
186 -0.5370337039821668 -0.5927634170494981 0.3056617920671546
187 -0.5645598228535567 -0.5481329913295697 0.31121650740797807
188 -0.5556604702135036 -0.564129410969234 0.30512551748660954
189 -0.5144294972707116 0.5354122404584026 -0.009409561926553197
190 -0.5050458099418105 0.536674199783212 0.17734841257188536
191 -0.5646892218656366 -0.5486462643125332 0.3126682271558422
192 -0.5874861126542953 -0.5108098699494713 0.32670194850324336
193 -0.5737116767754062 -0.5329606779269063 0.318001218039245
194 -0.4995372948880983 0.5526265937645743 0.07346686590799012
195 -0.5198822445475085 0.5181528349328386 0.16694519779548098
196 -0.5648404558932274 -0.5493706080045223 0.31694792498388424
197 -0.5504532672059865 -0.568727663590733 0.3061907924746888
198 -0.5692494670908491 -0.5411715193892563 0.3135815809192871
199 -0.5693061320407956 -0.5410328440546346 0.3137291301353491
