200 3
0 0.040703030158094365 -0.031481782365093094 0.015004465255044806
1 0.030803153526917024 0.018070207626132845 0.052693517470687665
2 0.04307989574174403 0.03190344555714526 -0.00848677504834356
3 0.039602497971467386 0.03477244640634235 -0.024279539247205655
4 0.037889497751966095 -0.01983826354624328 -0.00787552678456441
5 0.04177633789174523 -0.016884019348975963 0.008055741001564426
6 0.03670271073749072 -0.025405760483838313 0.01278932261186677
7 0.039322379332631274 0.026903288695991377 -0.028349792654751488
8 0.038469110628103126 0.019342475420074456 -0.022031723510421035
9 0.03875510127569473 0.02321347810978159 -0.00818179746963107
10 0.03932111258594813 -0.029513386423304415 0.019814320368715402
11 0.03355342293101445 0.018832120340856254 0.032769354126380754
12 0.03875499875487621 0.025281456600112075 0.0015476533882100361
13 0.03932151380635693 -0.0287530284382798 0.010402445011516024
14 0.03903906439535896 -0.026065714276013396 0.011577385045014071
15 0.037596210890442745 -0.04049183113810314 0.00044459599365651346
16 0.03987970111374362 -0.0291907326419472 0.014200384526248147
17 0.03846878453647188 0.026554599141943927 -0.012249342255980076
18 0.04015733979666333 0.025685729708164403 -0.0251514864304971
19 0.03759579753030642 -0.029944195462809735 0.014202049393723246
20 0.0357869383508874 0.02785546240317163 0.013153825803258207
21 0.038179577860607904 -0.031011039695417703 0.012815760040937678
22 0.040156248528316826 -0.042770569263442026 0.008589742757634215
23 0.03759625439390995 -0.03324232616087412 -0.0017802973086944033
24 0.039322413912545394 0.020828883289247018 -0.020538714149612065
25 0.03932133464881412 0.02392985791769107 0.0010856379332973016
26 0.037595531558302475 -0.032040834811525074 0.021542588066661768
27 0.03960230751318371 0.018799210854016098 -0.01409551925276355
28 0.040704025650952526 0.030987709076017222 -0.012183155195952842
29 0.04070381936555936 -0.030554689128330564 -0.004621378246848546
30 0.03700318387642844 0.02379181960775804 0.002200885940104816
31 0.04097441435244336 -0.03864166723854457 0.00665741164924042
32 0.03609544500139999 -0.032626560119310304 0.0009190185739007523
33 0.03186186407949661 0.01479066986362118 0.05815776345089086
34 0.032548955272054036 0.010228464361548912 0.04836134634816645
35 0.035788287311597056 0.01962305959808401 -0.021009872488693102
36 0.04043106383739441 -0.03666891829220515 0.0006063511911203174
37 0.03903909841682478 -0.029190313394193597 0.0033851834621078268
38 0.03875581639595536 0.02902517788167162 -0.02803001826335626
39 0.03960199827322561 0.02983517896343617 -0.0051490321061305735
40 0.040703706096966046 -0.027677507502520272 0.0027346035463846137
41 0.041776871664819 0.025136506424242897 -0.011896211009777717
42 0.03903917565729749 -0.033270858176079464 0.006414921361325327
43 0.03254951469467039 0.01024653544733016 0.028340867987292684
44 0.03670340296362909 -0.0326940894009317 -0.007414000406995825
45 0.040974441059916385 0.0190271363323933 0.0013037742896233977
46 0.03788942611816587 -0.0341098396624387 0.0025737379258754267
47 0.04070371176425002 0.030611625912331915 -0.0031081893560055466
48 0.03788951733899557 0.034437576151934456 -0.01105647877429955
49 0.039880476786934994 -0.026412760359592464 -0.006289731972935979
50 0.030076335535813268 0.009306455008645043 0.05200229128207324
51 0.03846890638226475 0.02309967680093922 -0.012076428507751811
52 0.0322077447358602 0.0060111997748950804 0.042676060344691735
53 0.03484852928395421 0.03798127191848184 -0.017937726392417266
54 0.036095672475757574 0.022495485545622758 -0.013143839762974233
55 0.03220767777593778 0.008755335785497764 0.04563379046457835
56 0.03759625438798174 -0.040407135698530966 0.0015888093298261521
57 0.04043016174319576 -0.024297977890233417 0.03182414355312661
58 0.0375967627090586 -0.028634657504677065 -0.018298797873586216
59 0.03903863723445389 -0.02937793527831485 0.01835611977927369
60 0.03700279242386969 -0.03231773559288905 0.020432198953748187
61 0.03484802587946407 -0.03651677551783547 -0.0001047556474615339
62 0.041244058288250056 0.027177303029548783 -0.023358661430828438
63 0.037889297483590226 -0.017132284269984352 0.0020329796328219
64 0.03670281976253733 -0.033570620106675136 0.005400582762806297
65 0.04282271164635645 0.034641052454880646 -0.013902893132481678
66 0.03818028595222133 -0.03339000395808189 -0.008320566720224935
67 0.03420826986022116 0.028260430456998713 -0.029436162407553514
68 0.035476970213305516 -0.03307318758941156 0.005969960124284592
69 0.03484635439936979 0.013857617004712915 0.045300504189131
70 0.03875560128884354 0.02618886888663721 -0.020863886951712686
71 0.03788902628303324 -0.024457950224314514 0.010933659739195741
72 0.03700282639086435 -0.032233785711173156 0.00667693506285597
73 0.036703638069692394 0.02405908738849193 -0.02194327839843184
74 0.038755472235320915 0.020735632166705622 -0.019410805043983827
75 0.04307995102005199 0.019082020352914855 -0.007379027878083608
76 0.04043136453011072 0.028687711379192175 -0.015290456915605337
77 0.039039631771509264 -0.0328165556423748 -0.002188513548317407
78 0.0417760254601024 -0.03830233157398156 0.018377751099558772
79 0.03875433528210236 -0.02331404431849592 0.01952854463742636
80 0.03759679265891327 0.030852043497700144 -0.02387491545569149
81 0.03932188698088147 0.027335112059686525 -0.01288314235790157
82 0.03987955863327475 -0.03452559500544569 0.018564789905776154
83 0.040431191870343254 -0.02780183151429942 0.002194023561984159
84 0.03700299337842267 -0.03307052265343826 0.0037303093232758334
85 0.03730068221806249 -0.03552965684751948 0.007976798908089867
86 0.03960218750378024 0.02567879374356481 -0.00938707123131391
87 0.036095871904359415 0.018544039132986533 -0.020453620727966054
88 0.04177673533520993 0.03307314946058952 -0.00819244790257516
89 0.0378897767613864 0.024003829295495032 -0.023567094827762446
90 0.036094649628903415 -0.012781550464480769 0.014813190543410674
91 0.03700330904673827 0.03500792260201865 -0.008683416837030895
92 0.037889633039724036 0.039431389397045144 -0.017002801001996644
93 0.04070441126113529 0.02553098384897424 -0.025207857780866618
94 0.038469021440449815 0.015713580840283375 -0.012583603968183886
95 0.03960276743601304 0.028329072632867835 -0.026582152430683483
96 0.03759672284887437 0.01619155414632406 -0.019315247774107855
97 0.03988067631834196 0.025193700025928755 -0.015799529435441016
98 0.04070392409264219 -0.0309025275225599 -0.004408106744130226
99 0.03846865753182732 -0.031666663922891816 0.0010209966654702205
100 0.039880329541314034 -0.024400930594042983 0.003125897312949644
101 0.03960230148190389 0.025197529666112863 -0.010337625492303963
102 0.03730078070757589 -0.028935568838633303 0.0062236878128265685
103 0.04097501671082393 0.022354769157353783 -0.018301639644077824
104 0.031513161752126824 0.016108660372291188 0.0463335459061565
105 0.038467903150901886 -0.02272553070228569 0.018465080486214182
106 0.03903944208488723 0.02188697364341607 -0.005051404241303735
107 0.03670390684589785 0.023012617140023957 -0.026395961338121447
108 0.04015642502089042 -0.030686548526710978 0.00873153891038098
109 0.0367031727909464 -0.023927875992036354 0.005308019261527357
110 0.042302225702979826 -0.016120438215235275 0.009787714631816685
111 0.039321405149439735 -0.026712917516833495 0.005957674440261392
112 0.030803617550400314 -0.0037358740400624353 0.03744868433222908
113 0.03903923566807821 0.024505399137245715 -0.004470386380669383
114 0.03730093605181084 0.015599036755423477 -0.001499026584833445
115 0.03960269360304661 0.0181725994759861 -0.0288473143481381
116 0.039880812596398786 0.02651840009158581 -0.027026984568087553
117 0.03670250944169467 -0.028212963155441185 0.016191130025508194
118 0.03670365858112293 0.015274960650482436 -0.024281396568508543
119 0.04043181796129445 0.029903377565010887 -0.02214141302491909
120 0.040704191805663384 0.021155454449092535 -0.018470162181240337
121 0.03818004190914605 0.033667238723741125 -0.005481766208331216
122 0.03846842455072004 -0.01623710703882838 0.0010658166134582762
123 0.0378890479936324 -0.02984894879286381 -0.001295879766742178
124 0.03788918802426488 -0.021374044331383825 -0.0016723661947172183
125 0.037890102274083556 0.022080625121495796 -0.028543248127575707
126 0.039880727783281264 0.029830088377953756 -0.018616379094419842
127 0.04015677398196363 0.024374269241274935 -0.014072579966083557
128 0.03547731778993536 -0.04111646006782402 -0.00047670221327131436
129 0.03932247772178878 0.03390045544139971 -0.02754607268683875
130 0.035788264041006865 0.02211723690481935 -0.020536488007067956
131 0.039879767064775314 -0.037871645458905076 0.01636200866421483
132 0.040703404243614016 -0.020793526326641068 0.009575556200005194
133 0.03700280303823423 -0.02107209576270749 0.010702906462676024
134 0.035785753123843994 0.016237180138401808 0.05438242266125665
135 0.03846862836773534 -0.039874027656105114 0.008012300775613903
136 0.03640145899732682 0.02419067773111329 -0.03533763624017912
137 0.03788949163667082 0.021120421303705856 -0.01598125451989006
138 0.03670226409458688 -0.011412979242917969 0.024608328091500254
139 0.030803325908112245 0.003949791160765633 0.04609111447528476
140 0.031160357887417802 0.009468190475261871 0.04860470716404099
141 0.04070337709470406 -0.029018639186184757 0.010703078526203537
142 0.041511070862558966 0.026616007213862043 -0.010186117587544117
143 0.03875469203053194 -0.02129469960465657 0.014893664439384339
144 0.03788935731964123 -0.037769681654919555 -0.003736174520452456
145 0.03700260099205788 -0.02075182849392938 0.013884691383278198
146 0.03988085763207063 0.027248571501886653 -0.024053136452402743
147 0.035477472908817156 0.028288891769366057 -0.006755089752592942
148 0.040156565861576 -0.03849702795373675 0.005792580172379865
149 0.03875473965594472 -0.0300922131525733 0.012820970580892287
150 0.03151270287602093 0.0007731406419202622 0.06446186547079029
151 0.0360948986797509 -0.013983695634738787 0.01141589973096888
152 0.03875503940983328 -0.024041033814391568 -0.004962897957034947
153 0.03932195890271431 0.018120863698920898 -0.009538157848889157
154 0.02970720850455443 0.009772159809511514 0.04047605909088106
155 0.03875552123956685 -0.021674584820794363 -0.00956481984686973
156 0.03759652584373915 0.026604189292200316 -0.01599329503247847
157 0.037301734914084714 0.023572682513765375 -0.02985015734869548
158 0.03788901527396412 -0.033507370414055264 0.009097981454184039
159 0.03788930005093978 0.026000643493079015 -0.004557016070433559
160 0.03640060861220532 -0.033442549858546944 -0.008895911297840977
161 0.03846904718823078 0.032984250306906195 -0.018803153323740624
162 0.03903934509082257 0.01778609718585506 -0.003274058403792735
163 0.03904035619264367 0.029887337385654772 -0.0328866751474552
164 0.03388209954272134 -0.03656642556880563 0.020222703575178923
165 0.03875552612451351 0.028628298539214243 -0.021029148783916086
166 0.03875461083564151 -0.020841333076720196 0.014345999732268713
167 0.03700274136878004 -0.02554106298863415 0.01575593248252757
168 0.03322357626751597 -0.03732922190630058 -0.008563014546637795
169 0.037003570665644143 0.02288263435808172 -0.02021768901055482
170 0.03903988217717969 0.017850361096910152 -0.021733536942295507
171 0.03700350695442373 -0.02495656287958884 -0.009575827723005234
172 0.03818051714611745 0.0343542681977751 -0.023304713019158957
173 0.04151109196174828 -0.040373536089760284 -0.009287974643767813
174 0.03988013594188557 0.026485689332658775 -0.004288699195588382
175 0.037300666047807185 -0.03239372473774304 0.006126317179468525
176 0.037596824636493685 0.022408693430284097 -0.022192783764735737
177 0.03817955206618637 -0.015828008748767716 0.006638091960452559
178 0.028952960071636922 0.005787876224339793 0.03994687098849013
179 0.037888897542812744 -0.009089266960484144 0.01442365348508859
180 0.03988000249635842 -0.024787130638989255 0.006525901495727823
181 0.03846812633060652 -0.02361004756744414 0.011209508511767345
182 0.031513077743781065 0.010078979291360732 0.05602883286626447
183 0.036703117037312015 0.031108351772899098 -0.012684176774394472
184 0.03788919908116708 -0.02807722262807402 0.007045397310628696
185 0.03932161916717491 0.025006752749466416 -0.007914432701726945
186 0.038180699424049724 0.023128182420945442 -0.022098808433627666
187 0.035477389795564196 0.02598285063219782 -0.007976680836451646
188 0.03903991282570988 0.020263500915809987 -0.020788124520133688
189 0.039601630962632486 -0.03313667201910869 0.010338652304048582
190 0.03547698035102257 -0.026415120913542516 0.008769152172771666
191 0.040703780098959856 0.028142226437138276 -0.005267751210073071
192 0.03254872176979096 -0.0016722424503139012 0.053010540011134095
193 0.04097530059476919 0.015680770558833906 -0.023174970278812563
194 0.03988061985277499 -0.034427483916680046 -0.011820549832271232
195 0.03988067046476972 -0.029100387992184396 -0.008591838539408451
196 0.03903995849708837 0.028091075351573506 -0.02288331581028791
197 0.03700338525346876 0.027596327800435617 -0.011184112127377509
198 0.03960199521371049 0.02496447648978324 -0.004659117447069335
199 0.040431452310790844 0.028418720344501384 -0.020597485894692177
0 0.047008839252944384 0.000368467692778618 -0.016345629557830296
1 0.03044238926278678 -0.00299667744747512 0.043287548803440046
2 0.04359090763964291 0.000839529638454536 -0.025595537385545035
3 0.04282243998449252 -0.012381885276894865 -0.008738158062400166
4 0.04653570244655255 -0.0016609375455063358 -0.005305256489145492
5 0.04308043583749163 0.002629074335699686 -0.017741917774312704
6 0.045332142821667816 -0.007661216313112128 -0.012624103584215
7 0.048170776128040424 -0.0060116866461806875 -0.007950529104882646
8 0.04434520963062359 -0.011748199394466174 -0.006708678735604301
9 0.044094958717636974 -0.0013784704603426255 -0.0041378501921608074
10 0.046535682205148594 -0.008795078590178662 -0.005251730006661873
11 0.0342059949086387 0.01167358035490973 0.04840684831529106
12 0.046772750898685524 -0.011521960113310704 -0.005323054904332332
13 0.0483995238165323 -0.004991899923832636 -0.0017105729641019311
14 0.04409499286354244 0.00045025777944775614 -0.007433638957261625
15 0.04605836740512952 -0.006674833112027615 -0.019276471185743528
16 0.046058038711569764 -0.022100037594848347 -0.01086319377862272
17 0.04581753713566877 0.00043602688676525156 -0.01696315681167054
18 0.046057671066157345 0.0030878384145754056 -0.0027051598459655202
19 0.04581733636947619 -0.007438744185481846 -0.0071826923627997695
20 0.04282271696893032 -0.004672751124686259 -0.014456294409150907
21 0.04997407591722025 -0.005681979240474627 -0.016285180013866567
22 0.044593916247434646 -0.0025302998857761076 -0.013550698786656901
23 0.04605831055152107 -0.003887655942743408 -0.017862903726021607
24 0.04817072579744886 -0.0011696683863036685 -0.011852707880119258
25 0.04508701922382106 -0.006711782666029739 -0.0048311010121378254
26 0.04333638392858313 -0.007130051654446522 -0.01473850071081279
27 0.046058329248691646 -0.0003914996703855055 -0.011480461419732003
28 0.04581737948187089 -0.00761952437109945 -0.011870753289680982
29 0.048170426826890204 -0.0029290889856710654 0.001413072162286448
30 0.04484139419416197 -0.004173509551303687 -0.010251737277664529
31 0.044593976807480354 -0.014118821244352672 -0.010713315544212766
32 0.04459337193958759 0.001577724274854221 0.007118634654114172
33 0.033880219848379016 0.0013020262534127857 0.07006543544466247
34 0.032886969555360586 -0.001920660698936146 0.05006743469013969
35 0.044095223346629395 0.0009173975500572978 -0.01633967427635768
36 0.04885506426785861 -0.004523931056822327 -0.021171370042101127
37 0.0455754948572486 0.00372252747606366 -0.014894296734714329
38 0.04581711307654123 -0.00892213403373128 -0.0034047473945190395
39 0.04724361478418888 -0.011213183378783876 -0.012627259528193666
40 0.04557513809386683 -0.004602302589756305 -0.006857290114127727
41 0.04770973752790344 -0.004996979295006598 -0.019634195119864056
42 0.047708763230642035 0.003372786589248945 0.006975722449624559
43 0.031513210203245295 0.015612039250977629 0.05125769254147842
44 0.041243861776113416 0.00025855666804968215 -0.009219600057191774
45 0.04653586892817827 -0.00282956418010552 -0.014142183770470051
46 0.04508751598429628 -0.004811984416567775 -0.016998678354345632
47 0.04677310895859388 -0.012511943435861135 -0.017158175627614063
48 0.046536042818979884 -0.003234256872451606 -0.01012691611472188
49 0.044841474582902094 -0.007520997019687596 -0.013837127529552655
50 0.033880950630772 0.0007213814350113571 0.04952420865335755
51 0.043336489958291924 -0.0041626701859014395 -0.020524752312691397
52 0.03420612851302942 0.016192752952122927 0.02692333557041861
53 0.04459422981495716 -0.015123280954733797 -0.019372884386244568
54 0.048627725322914664 -0.0007407844527556052 -0.010065189139920385
55 0.03322115550662946 0.007761852179961086 0.06563321676613629
56 0.04484116815466791 -0.009335306604916138 -0.008801035226259492
57 0.04724358135889739 0.0017924166244262184 -0.011207299660023989
58 0.045817356359023044 -0.003739552178992934 -0.013974011183339019
59 0.04840008552220463 -0.009609068649206083 -0.014402695693314276
60 0.04459407110406912 -0.00032821541332421207 -0.012049618805770596
61 0.0467731297635944 -0.003876999912497012 -0.016482428163177687
62 0.041776454571268544 -0.0034616310702767264 -0.005446089752021086
63 0.04384327245436257 0.003728897555371796 -0.004789723006359854
64 0.04533154018532872 -0.0071169993081776255 0.0016449743501109977
65 0.043080084047726785 -0.022805384580993248 -0.0040716351308510345
66 0.04581753322155043 -0.009255853076869455 -0.015490084674453479
67 0.04817112886560011 0.003469713724866646 -0.018689973477939652
68 0.046773076481056504 -0.003213104128934618 -0.02033912647051492
69 0.030803762616552068 0.013301099319627658 0.04251199994815445
70 0.043080278470945005 -0.010614280763913308 -0.016977433591803
71 0.04653565351331821 -0.0024979928458307783 -0.006606404538665686
72 0.04724297026890742 0.006040414130820157 0.005609356132735815
73 0.04653608423971226 -0.013564005247804838 -0.01576225236539435
74 0.04629775875163873 -0.004062215840892296 -0.017525046709404846
75 0.04629738368202245 -0.006364874396006779 -0.003331527491055426
76 0.044345319384341594 -0.004037995321439997 -0.012787758821011406
77 0.043843321475262514 0.0019633812617436378 -0.004793736500419952
78 0.04700867536011457 -0.004761288915353176 -0.009722700073150493
79 0.04908075409642349 0.010768750190203213 -0.013799561107693748
80 0.046772707430632124 -0.003954592997502839 -0.005831521647258758
81 0.04700906990307139 -0.0032660857597998257 -0.015995737322723913
82 0.04484103586604158 -0.006643134098425682 -0.005739139544933596
83 0.04770956780003343 0.004833706398124864 -0.01976944180894162
84 0.04629750640177051 -0.00481985227868806 -0.011132028215145967
85 0.04700840588508592 -0.005661684405442497 -0.0032427410277659167
86 0.047243361137575816 0.008456214827350404 -0.01088077352949576
87 0.04557528327081088 -0.010827167653467591 -0.008460758086596456
88 0.04459407823347508 0.0028679563071036924 -0.015263964307508
89 0.04770926097718959 0.005847925320116748 -0.011060567598394362
90 0.04629741331063874 -0.007925907813620256 -0.007235994966535585
91 0.04459401992909389 -0.00974774147914442 -0.013856397643128578
92 0.044841624997540144 -0.0014606450320284448 -0.019926507423154674
93 0.044094978659973805 0.008806903834304203 -0.0052649891179918085
94 0.04605799767361589 -0.002067815251565317 -0.012403201491823456
95 0.04629806629751966 -0.006481483510329491 -0.023830244429605754
96 0.04700867114836245 -0.010230884052958323 -0.004839539394706256
97 0.04700859833800046 -0.011954000383425506 -0.00842627729319972
98 0.04653594205294126 -0.014260621930339964 -0.012069463364525
99 0.044841425401962384 -0.0003191475799525418 -0.015475493441814413
100 0.04581767409311629 -0.0009196262935721915 -0.01777268410222497
101 0.043843588529435144 -0.0031874183995291186 -0.011082515680567255
102 0.04533218239231494 0.005403298544556276 -0.019024643850928814
103 0.04409497720883031 0.0014789478196620077 -0.00679504664719119
104 0.029706994202272685 0.004059324329379533 0.038047468384017555
105 0.04677339228487687 -0.005335214611570114 -0.018621248718982335
106 0.04434523494139211 -0.013298297464419453 -0.012244518066619171
107 0.0428221791325133 -0.0030974586977575657 -0.0031543499701834517
108 0.047477028798586056 -0.005716856724687462 -0.012730342987261844
109 0.04885472808490898 -0.004499605665295255 -0.008073753342526005
110 0.04409527584604558 -0.0019830943275790805 -0.01362009017147104
111 0.044345644629562496 -0.011112719908655781 -0.01643374189545401
112 0.03288761390019652 0.008720452887886355 0.03842920753818552
113 0.04533200201956787 0.007804393635976738 -0.0162083351082781
114 0.044345160691991035 -0.009063975257089359 -0.009242897931118344
115 0.045087845568240366 -0.009141353705353432 -0.025388126088016112
116 0.04484129082401323 -0.007059521141187954 -0.016257171397183138
117 0.04409520098912135 -0.010210205748453218 -0.015125787133415619
118 0.04557543814093217 -0.00786150830771993 -0.01666076881258605
119 0.04508769067781839 0.0024364964069562268 -0.020851322826939064
120 0.04230312488315027 -0.005815123158038821 -0.013178399887680799
121 0.04700887252973714 -0.007914556236927913 -0.01669246253282186
122 0.04533184218079273 0.005642327099621073 -0.00756692401688492
123 0.04605792644258629 -0.0023442047051941643 -0.0047524228119178525
124 0.047008817717232504 -0.01025260649061447 -0.012008035231403326
125 0.046297418347713865 -0.007568472333713801 -0.009109274903042525
126 0.04629815605768115 -0.008402398269321987 -0.029505704723308792
127 0.04384316437073606 0.0022836485146955467 -0.004390829995876789
128 0.04653576313260744 -0.007541696165715907 -0.007345053019768905
129 0.047940447260612265 -0.0017365755282814097 -0.00834222031140786
130 0.04724326653966129 -0.005308005725769424 -0.00707323809759138
131 0.045817123425518455 -0.0007068265703268238 -0.001694962698699466
132 0.04724348431813436 -0.00824022393899388 -0.007472478828715501
133 0.04459402697360418 -0.005692873284082494 -0.006251912547945864
134 0.03355346493607892 0.001030146127650766 0.02954146060064569
135 0.04724364479097845 -0.01514933222016963 -0.011756231978861708
136 0.047243706444186975 0.0007498406475834791 -0.019436401044679214
137 0.046058222498657014 -0.006850892080208429 -0.019645170733354995
138 0.045332062208337284 -4.201463316341811e-06 -0.019333329335658678
139 0.031159965781244987 0.006479200976603209 0.056693029840450354
140 0.029332473667209265 -0.005148528953134827 0.03360898222978733
141 0.04557505551193368 -0.006937026739600223 0.0008267255291836788
142 0.045575164436991215 -0.007504067618077558 -0.000547172077054209
143 0.043843897901033844 -0.00018602877177038943 -0.016520423740650145
144 0.04770913071675677 -0.0006377013762516206 0.005406407827520148
145 0.04434545841594113 -0.01484856439062414 -0.014726949248977505
146 0.045575237477460034 -0.0037342320345028863 -0.012175529053173269
147 0.045575326475568036 -0.00363709930657306 -0.012795228819942347
148 0.042302808889659635 -0.017183582268662425 -0.011492989796214319
149 0.04384349726775385 -0.007682572549069138 -0.009439144190632489
150 0.030077183907568018 0.01919460940626212 0.030439744391338522
151 0.04557526329498654 -0.0020028640382201025 -0.010867314440493742
152 0.04230303299321284 -0.005902071927772841 -0.019401987237505705
153 0.045332148714436304 0.0069615028535604095 -0.015246180914880869
154 0.03288715100386998 0.021948145016400696 0.046801920526462835
155 0.0417769399579871 0.0014747755579687784 -0.022851196754048664
156 0.047476958238236375 0.005730428138129857 -0.009621463469147929
157 0.0465357636150456 0.0013345616256617873 -0.0063901166585231695
158 0.0450867580942454 0.0008840603939566515 0.009213801562298736
159 0.04256379125053715 -0.005808164100191285 -0.012720009952791772
160 0.04434483240481144 0.0002786234509223344 -0.00025755481786070403
161 0.04724389986488728 -0.0010926401151580786 -0.021256682265619515
162 0.04557522318897625 -0.00603965044624627 -0.009092198710535121
163 0.0445939443409128 0.004527100417610985 -0.008727774813699093
164 0.04653592267224663 -0.0051944997577307835 -0.018112227687853397
165 0.0443449097129087 0.006309658715455328 0.0013706577670991754
166 0.04653591938143649 -0.01109384298188621 -0.009520899827036761
167 0.0453323954199453 -0.003759008384885818 -0.029559346750537032
168 0.04794029474376143 -0.007070909387071991 -0.001647568499354887
169 0.04557570837098569 -0.0009656211462251223 -0.023097160532023233
170 0.04770923140830896 0.00010985244310707617 -0.0015152051854970532
171 0.047008791739912105 0.0009347618670264801 -0.01102986719748601
172 0.04770956801021668 0.005642805339408721 -0.015638200489963693
173 0.047009156835015976 -0.005330352654654152 -0.016503470785558392
174 0.046535897368753874 -0.007697188630584877 -0.0172359126264006
175 0.04459405313539274 -0.014702631230626298 -0.011581629532507968
176 0.04677268260760982 0.007113722330675012 -0.0030356664956915115
177 0.04724337508258028 0.0004441232333826673 -0.009403340541139817
178 0.027382167805699027 0.001472670663512503 0.04235510693985141
179 0.04434520469344148 -0.003610563664329833 -0.009948041614799613
180 0.04700881389276431 -0.015611146706463325 -0.013314570958628156
181 0.04533184361062098 0.0059644244049728385 -0.007269727857939061
182 0.034206211302921494 -0.0006827048594484997 0.033030440316883694
183 0.04629748103198835 -0.014761519045336907 -0.008337731671257108
184 0.04677274367108829 0.0006040223336308979 -0.004687569691144947
185 0.04434557232833166 0.004723063752847508 -0.016326489374096673
186 0.044841233231282404 0.01396320886444323 -0.01314649710648933
187 0.044593383959999906 -0.006497674316189564 0.0029531672764162987
188 0.04653588217822701 -0.005959555007715338 -0.01398938669982229
189 0.04557538852499179 -0.005371648664461045 -0.015096076655372435
190 0.0448411941179332 0.00692804292189609 -0.006345039781139583
191 0.04508727263068715 -0.005022827061696313 -0.006563617179125557
192 0.03080296643886544 0.01338088426481602 0.05478693016834541
193 0.046773082634938866 -0.012377771604848622 -0.014510085256202093
194 0.043080320653866584 -0.011443732667857478 -0.01356708164086794
195 0.04605831196743265 -0.007374488539061107 -0.02102408227322749
196 0.047709322522712 0.007789171030586675 -0.005838468893805269
197 0.04508738375393367 0.0016883373465192168 -0.012926702862352165
198 0.04508705737397108 -0.005943204047856767 -0.005004807151210187
199 0.04794109910052022 -0.014665390824729119 -0.020546618837478072
0 0.037595745034083194 -0.027804879101023146 0.016099956413203564
1 0.042821819746045174 0.03363540617014481 0.009609041077772286
2 0.04151054398510144 0.02789934465714837 0.007815858110226911
3 0.04230225696917258 0.028051832123016294 0.010071081461214002
4 0.03609542834171324 -0.03338519724964293 0.0007636683375438911
5 0.040156612045480655 -0.02872572943546173 0.005568300666779193
6 0.034847585929947404 -0.03115864584150147 0.02068045264105356
7 0.03875370372201551 0.018414312576483852 0.03089463862012477
8 0.03875493643752159 0.024266421548550108 -0.002109244570835998
9 0.040974007828553566 0.030187396178804102 0.012081253214138778
10 0.03960161965381739 -0.029236785864060397 0.009827291915635143
11 0.03817917666581065 0.028237359060496604 0.017633979265712082
12 0.03817875572314581 0.03453139281142385 0.028421682155481635
13 0.04015666901437637 -0.030789794486262748 0.002715855355793717
14 0.039321333619632616 -0.03373112166831833 0.010855794015260751
15 0.03903933259462423 -0.03163188533324671 0.001658822838882204
16 0.03987997255304198 -0.028694261887264084 0.00994266558073234
17 0.0354765658365114 0.022944707669167407 0.01513337949500607
18 0.03932145465885928 0.024701250051773906 -0.0033067519156731776
19 0.03817962262974557 -0.029871084574685864 0.006544266550158104
20 0.03987932269527293 0.021979092654639976 0.02095940041990849
21 0.03875495669799742 -0.03748786083807033 0.002885951403154681
22 0.03670306818692545 -0.036796145305460076 -0.0005616380480629245
23 0.040431576797552105 -0.031144407653099913 -0.010240448350336794
24 0.04177592573000981 0.02932397863238379 0.01388289549148204
25 0.04124293711488778 0.0269035387678344 0.014053672083446872
26 0.03817955126351496 -0.0334479908922399 0.0027436896315097266
27 0.04151058366081794 0.026413284435914862 0.0012852717494916976
28 0.04097450748458566 0.028190084030107258 -0.0047837832648555175
29 0.035787485195849233 -0.03412639649266844 0.005563442212745867
30 0.03932068282259656 0.02650817057085709 0.027933700797762445
31 0.04230236318383727 -0.03062861081287765 0.014161110808614007
32 0.036703094131828685 -0.03877038289629062 0.0022950895495041606
33 0.041776551500176264 0.029073432677553947 -0.007783680143678976
34 0.03700309034911388 0.034594747770140176 -0.004871510332028137
35 0.04097343524347579 0.032574696438962054 0.027413950005139815
36 0.041243670579510346 -0.025661974494914648 0.002623864523470198
37 0.037002968109626506 -0.02422627454304288 0.003212607731071742
38 0.03875470302560246 0.03406367089294 0.0019480621341667005
39 0.03846797925255492 0.027240581102735785 0.010011378390411864
40 0.03818058140675969 -0.03810135173609134 -0.009324539804629857
41 0.043590283202759345 0.031782548310262365 -0.0010984042349101797
42 0.03988028931815877 -0.03532633171564473 0.0006824612886763674
43 0.03932088626951928 0.034633779810613954 0.016503017860984882
44 0.03640068687722676 -0.029553914666790047 -0.004414226454173776
45 0.04282122006928971 0.02846933384298061 0.029000177983293317
46 0.0375965414000496 -0.02441595538425896 -0.007169804062549603
47 0.040430268046318295 0.03225644279162911 0.024874847869616912
48 0.038179228896105366 0.02356925012384939 0.019736655651747426
49 0.03700280966079795 -0.026530810588533724 0.0065165483449043
50 0.04097380102303515 0.03363021444366563 0.01700676206690794
51 0.041510259180572995 0.028954298652212097 0.012257563372334704
52 0.03875377207091671 0.037106008727380985 0.031092662402555114
53 0.041509183423001556 0.034235055967296465 0.041981620713600384
54 0.03730010557251361 0.02545606377590752 0.018224083130494072
55 0.04097423115035736 0.03350679624398426 0.003889315252434881
56 0.04015620747530766 -0.036933003823249586 0.01989466596379764
57 0.03817948018753848 -0.026718248237643776 0.019785340820310457
58 0.04043096613430862 -0.02475750142912367 0.0076561836220666694
59 0.03578713082992016 -0.023564602656139605 0.012932889629539824
60 0.037596701302437634 -0.03949706479672429 -0.009337802856155137
61 0.03932130629744486 -0.0293858388628887 0.008949784133910885
62 0.0378887891467627 0.019593080711222434 0.008983526637163262
63 0.03846850452615023 -0.03421194243544448 0.004151871610405613
64 0.03960206849623659 -0.03614090687126795 0.002059463593417398
65 0.040155962533330467 0.039763559692459614 0.012528858540135227
66 0.04124365157089265 -0.0315239231596868 -0.0027547220286960657
67 0.039601206534524376 0.035398481766949444 0.01693632990368889
68 0.03640023349723647 -0.03451916286697177 0.004560445320549388
69 0.04043029645318596 0.018996332118004805 0.023019424360773734
70 0.04203997824919644 0.02868693801906282 0.009333235984968049
71 0.03578770494986522 -0.030491043270658706 0.000644138829489089
72 0.03932200973055189 -0.02452601308690641 -0.0035749054990653856
73 0.041776612355949844 0.033601904974965104 -0.005030039344275738
74 0.04043084878458929 0.02368463425728794 0.005202305957159823
75 0.0370026300924432 0.028034728362746304 0.010904168169056809
76 0.04124277393656921 0.03597794050157513 0.019909796921905826
77 0.037595665052597246 -0.008327702599665159 0.02228029645948441
78 0.036399963305035095 -0.0380334728394308 0.014649507307068937
79 0.039039102411010454 -0.024931406791608417 0.010631064075278342
80 0.04097387808659216 0.02294078456863938 0.011139975562668063
81 0.041242613708850295 0.036302277622498054 0.022120970009512048
82 0.04015662498472473 -0.03656496206322384 -0.0038572596925840127
83 0.036400319210502324 -0.03598649711350504 0.006405249619714617
84 0.03932154858234925 -0.029362130362042767 0.0030292284490582087
85 0.039321852373202515 -0.0363183243539952 -0.0013026190421536127
86 0.0375950623931509 0.03030501239175551 0.023951823470235712
87 0.04282192311895585 0.029249131728144945 0.005306042514526724
88 0.0398795377705295 0.032532690018241814 0.020665431459259278
89 0.03817992991599745 0.024351096877542923 -0.003074758724466689
90 0.03640075748095532 -0.03643687150612711 -0.002393416637520432
91 0.03960131520760242 0.022523612145668864 0.01464193210075172
92 0.040703351474341835 0.031745277199706955 0.014198944704330495
93 0.03932095638198072 0.027753328746723458 0.01638541728045833
94 0.03932189183292836 0.027351779063438365 -0.006452569183466017
95 0.04015657504827497 0.023885016376276807 -0.0036321857356527206
96 0.04177646617120518 0.028847052870910682 -6.6670246079649246e-06
97 0.0412426022915363 0.032399556895295036 0.025035182415529916
98 0.03903957235871288 -0.028197801854828085 0.00288912176608755
99 0.040430998165496806 -0.020138117670279627 0.002270814639395578
100 0.0407037450803984 -0.0234394248877271 -0.005095583862825818
101 0.03903905241210944 0.03268516363277183 0.003963887758475897
102 0.03932140964347341 -0.02932901266233452 0.010047046400570721
103 0.03817908392182426 0.027983235701741896 0.02068643411607832
104 0.03759553983095986 0.0356387130013405 0.008068753698541249
105 0.03730022837665193 -0.028028725219887467 0.0185481492095528
106 0.039038473881848404 0.025874897798264317 0.0192158893488981
107 0.04070302707078771 0.026923237100343236 0.013340641688204124
108 0.036400767492661135 -0.02385480129899366 -0.013261576278258183
109 0.03932155457609581 -0.037287856024666936 -0.00022165900035845144
110 0.04043126499513444 -0.033825469206963714 -0.004036871841881011
111 0.037596370258948734 -0.02719553900282393 -0.0029671198706559187
112 0.04070286961702808 0.018456389015605028 0.014980976524586805
113 0.04043017943496926 0.028247659750236898 0.023220731115133716
114 0.04097377329392172 0.030252342269818128 0.01399272675362298
115 0.04015565634405184 0.0364070461073184 0.018677020820606516
116 0.03846805738891498 0.034672294342596985 0.014106095355320952
117 0.038754646517520225 -0.03142358473475849 0.006450353174446643
118 0.0407032919215142 0.025657388418688493 0.006293101852450485
119 0.04384305517277449 0.0352710409432927 0.0038880162969371127
120 0.039038227569837866 0.038485068040910377 0.02593679884340911
121 0.04124371562248861 0.0357655204782109 -0.0077542923950093354
122 0.0384683117447787 -0.02492926255279576 0.0066715319065794275
123 0.04124357686275183 -0.033333218069584454 0.0015536051344500592
124 0.03670214264828659 -0.01879844506882275 0.02421532252644003
125 0.041509819003505956 0.03121737860015846 0.02468086365163114
126 0.04124299199676727 0.037977805307424124 0.015007425786934895
127 0.04097370383122672 0.03021041493901322 0.018201311984977056
128 0.039321787302714 -0.03613202204452058 -0.006668342544034067
129 0.03987963139861714 0.0367386432255696 0.014671704840984543
130 0.03987960939272825 0.027340612803689834 0.009013065576275042
131 0.03987996188486786 -0.02770066949145937 0.008087559547076656
132 0.03903954119996123 -0.03885793467410796 -0.00030850008958037243
133 0.03932155849755084 -0.029352281409964074 0.006030453477964505
134 0.04177650484650764 0.03805097457528578 -0.008179351494846838
135 0.03875526197993077 -0.032387685783044275 -0.003564716254490545
136 0.040702716626780724 0.026982027066824402 0.028386001028955207
137 0.04434383312819482 0.03300966453625607 0.02818404271390251
138 0.036703490250511436 -0.03302420410612414 -0.008332326725635088
139 0.04177613516823655 0.03663320172382083 0.00470956312272091
140 0.03987911179989728 0.03161695355631256 0.02426893372157277
141 0.03817961468767134 -0.03078010079980532 0.016603734151654274
142 0.04282236771762544 0.035223522432349975 -0.010128065799290407
143 0.03700288393990274 -0.034945623474394456 0.009092806043792308
144 0.037889120224395424 -0.03605479709302347 0.004443849206096059
145 0.039321378200855454 -0.02701377075039118 0.006821217792080107
146 0.03817983909718476 0.03598213751373708 -0.002643890928576787
147 0.03700276622362231 0.033070484951226456 0.00789294435124581
148 0.03670312546310221 -0.03159155751998972 -0.0077111246013521545
149 0.03578703713768005 -0.02689923741462555 0.011628973141729514
150 0.03875465803876446 0.030240450897316556 0.0045287522267485015
151 0.03452965880781473 -0.025402424957991294 -0.014334569613274504
152 0.04177633796157101 -0.026802135987206346 0.007539186480028165
153 0.04124269470873408 0.029672781175744893 0.022879121357961232
154 0.03903892768331269 0.0401861786788327 0.010196771851539737
155 0.03818039364003107 -0.033360997312530824 -0.011675023394128535
156 0.04282170988551515 0.037799053770443035 0.01255908963625934
157 0.040973987439242326 0.028751005935272023 0.012655565383925836
158 0.03817972789661039 -0.0257004815877045 0.012525429681886644
159 0.03846839977194221 0.036396873868401174 0.003931416826243684
160 0.03788876298089342 -0.03043589055360904 0.013338678153505798
161 0.03987941215932859 0.0315812584865033 0.028236944391649716
162 0.039601485837752096 0.036458943104168175 0.00541416088155505
163 0.03846754745913614 0.036553815933102245 0.023595330244117915
164 0.038179757640112055 -0.024811306666171633 0.011516193375602505
165 0.04070315001621116 0.03131690175433635 0.011122152114230701
166 0.03355468428281073 -0.02913163332598583 -0.0027479418641934207
167 0.03670285709926022 -0.03370019511495591 0.006386636918837733
168 0.036703038057402985 -0.033351695545051026 -2.452885393617837e-05
169 0.03987936349095972 0.03369325462306413 0.020679545887213956
170 0.04151048019264881 0.02472843494123354 0.008330105769244677
171 0.036702628735011976 -0.03667192991934536 0.013909041773861958
172 0.03903893442394813 0.03440977262756172 0.004683607666706879
173 0.040703613739999485 -0.027469327509971032 -0.0014592610722719964
174 0.039601254319633974 0.030893652817144998 0.009496451208980324
175 0.03730004246640499 -0.01993575499926976 0.026191895667102835
176 0.04177577632747268 0.029149842173045507 0.010934802396763815
177 0.03987942795254401 -0.01654528464698097 0.022262392536264445
178 0.04070308411838734 0.03744770748987639 0.016821053867840607
179 0.0423023352453881 -0.02630628167532685 0.016400659537177745
180 0.04203994748026481 -0.024578711829848252 0.011662340985551408
181 0.03960179454434891 -0.03103043224028905 0.006633300766715118
182 0.04097472580787676 0.032626115436944526 -0.012851077857443029
183 0.04256275438410161 0.02334938798117 0.013888193350279718
184 0.035163951695650744 -0.01769414741565709 0.004861082701380137
185 0.038179240452196866 0.04057589856235174 0.013551720517280319
186 0.04070326627558281 0.03788195644854814 0.010609274706488838
187 0.04124280034001149 0.03199471315124563 0.01939775563929362
188 0.041776123682752644 0.03473961135788202 0.00999843675121862
189 0.03788888046560921 -0.03271408355531226 0.011724004149009848
190 0.04177620333300633 -0.02997524724028616 0.011456003338694468
191 0.042040201149462095 0.02700509488583419 -0.0012812054154139596
192 0.040156691219482024 0.03581476221247384 -0.008268286346671292
193 0.043589121970890106 0.02268481128669835 0.028445570197614647
194 0.03875472503013993 -0.034924610583841977 0.009896790388970426
195 0.037300958298147134 -0.02559412163957058 -0.0016875580070687972
196 0.03903877723760456 0.03576121839181988 0.013026285517725363
197 0.039602192976314364 0.025679379615391518 -0.019788009176084632
198 0.04097336746949437 0.027389416976594493 0.025309062045191663
199 0.03846768367023138 0.024099542167734238 0.026795005124433766
