200 3
0 -0.0015259649086482446 -0.008482863001745979 0.0292201356548914
1 0.014788713155130695 -0.03276105210105032 -0.015918596616065255
2 -0.014053489576955222 0.003938452952703089 -0.03034502776803208
3 -0.007850210230696805 0.014158277073574123 -0.033707436025257075
4 -0.004173064232525267 0.005103051414150032 0.01868220267176813
5 0.008109578638762382 -0.0013619487629601326 0.01463531561059106
6 -0.005721291740348416 -0.010314136461020171 0.02348237959833751
7 0.009080288779911141 0.020101612025097318 -0.02679974868301388
8 0.010489573749322564 0.01669489959956401 -0.018875995551932267
9 0.005488041622992237 0.005404525434863197 -0.024535968392033487
10 0.000912251808253061 -0.011126513543921239 0.02675971576663378
11 -0.013147521546363679 -0.02264463354012046 -0.0180959051272149
12 -0.0035589106649405924 0.004582995182197314 -0.02372324114434685
13 -0.007814029292065433 -0.004709765474039127 0.026670562788869874
14 0.003315564557393822 -0.00719882485917164 0.025503340843110893
15 0.0022411075388691984 -0.00229502416567684 0.03957386161523185
16 0.0061732801696822125 -0.010289665069153874 0.027056288113153727
17 -0.007993941802779306 0.008404814833664783 -0.025856258261015844
18 -0.003183949285126803 0.015521473757028247 -0.025242688396170478
19 0.007824385045406546 -0.00662028791174812 0.02708288774022763
20 -0.0029417813264834974 -0.006690736490800139 -0.02433340549136973
21 -0.008913566617999233 -0.00802471834283785 0.02904783001141266
22 0.01199269605851691 -0.00577088778102902 0.04095401033595873
23 -0.003839066846419126 -0.0016269011097964567 0.03126767765681955
24 -0.003384603213718706 0.013344964025234291 -0.021003677855582825
25 0.0025771838293132034 0.0005625488082402121 -0.022597893337289045
26 -0.006719175561686122 -0.01559089019537111 0.028470362607467728
27 0.0011340486840281522 0.010077584691535767 -0.01883001438574161
28 -0.005899885504917737 0.00809525689742295 -0.03046023707987993
29 -0.0013508339911119036 -0.00038299032920696176 0.02855276052334349
30 -0.005291741209279648 0.0008294133728274878 -0.02390129262236568
31 -0.0085531090987137 -0.007680275277833633 0.03679943318014763
32 -0.013325410007443486 -0.00313951653054737 0.029904487547497353
33 0.005003972030002357 -0.03885721228600361 -0.01680904291352419
34 -0.0018705052560997401 -0.03391171971742542 -0.010827281166812953
35 0.002081431690577122 0.0129307050260393 -0.02003304517019633
36 0.0014124899247020162 -0.0007566091452026608 0.033844074254092214
37 -0.006858856161824176 -0.00453136349502902 0.026863005009606943
38 -0.004203500674619939 0.01767276322837146 -0.028123354749630312
39 0.0007897291230225915 0.004384145305530603 -0.029929487249025017
40 0.005372121994398363 0.00013724441395731451 0.027730593219020744
41 0.006407192591659498 0.009001472327843353 -0.024283720312688377
42 0.007166765131418243 -0.0015429503881173607 0.03159822675670006
43 -0.002062676163325637 -0.019274796196697058 -0.012409105738296296
44 -0.0010937651567533109 0.003904280746887128 0.03105079215685462
45 0.013908432618236766 0.0021409273109153117 -0.019658718612599414
46 0.003891402537935528 -0.0019977730571675636 0.03242074969922805
47 -0.0033309284064572744 0.006056399690174505 -0.0295314587072427
48 -0.0029545803846410604 0.01120496588098831 -0.03329589375111143
49 -0.011975939116536521 0.0039141137809962975 0.02526791100638439
50 0.016068696421825734 -0.03515805504291805 -0.010755435583553997
51 -0.002718611205958961 0.003424626960700238 -0.02329879440184299
52 -0.009722531409164528 -0.03258918765534613 -0.006846054451212412
53 -0.01357270083375467 0.011810400042110626 -0.03622965405173002
54 -0.0036210459075058793 0.0075383781711027345 -0.0228156663683844
55 0.005541115966853246 -0.033721028783516876 -0.00938610608757661
56 0.00321819347138267 -0.0015336479599347141 0.04026704357730569
57 -0.000524133003050405 -0.020028244782623716 0.02134615325986864
58 0.013724205367161374 0.012496368043637698 0.027271433318120375
59 0.00986851207342345 -0.012018615798415795 0.026812069641265167
60 0.010642152784008742 -0.011954067081978192 0.03050090733167634
61 -0.0073606746492808905 -0.002666752094472787 0.03473857131193983
62 -0.0020547788597225607 0.01510173841731996 -0.025803093458084726
63 0.006382021381962755 -0.002149093852111865 0.016470063673701955
64 0.00844892021531729 -0.0048187204778173814 0.031072304619677873
65 -0.001367847892263109 0.0075406966236742715 -0.03298568421613632
66 -0.0018398710472557842 0.0013003881870971255 0.03200267168243418
67 0.0018660268095473526 0.017104624379714634 -0.02703242177690989
68 0.014377185658307576 0.0017407814103484014 0.0298333368101113
69 -0.004169485424128077 -0.03232395669831631 -0.013070197025998369
70 -0.005602975058552041 0.016765779579693905 -0.025471879262013823
71 -0.003942531757482368 -0.004240269358898003 0.023124608256335145
72 0.004214921286205722 -0.003604195835478237 0.029890880178672273
73 -0.003052235451289617 0.014844268255395358 -0.023243553832392787
74 0.000807434551082762 0.01610028005616706 -0.019178513011994785
75 -0.008379702821851302 0.0032722182016995996 -0.01858721304483059
76 0.003145494164407389 0.008445851856464154 -0.028669500725265355
77 0.0075004289616053925 0.0019624296248935587 0.0301251084157858
78 0.0020941933922171696 -0.012878750773183255 0.037275428649391595
79 -0.00031610745754910574 -0.009665056314015825 0.019628901465767377
80 -0.0001834359293665013 0.017036735478208675 -0.02878330474610568
81 1.5566576628975315e-05 0.004142210076359045 -0.026807974090351974
82 -0.008935990411296252 -0.014925921596806899 0.03334829885245104
83 0.005785565682102714 -0.0013801017960216547 0.02577834931154723
84 0.0012511721261982956 -0.0007811502645333115 0.03074129173223842
85 -0.005426621655108663 -0.002875948400305082 0.03495397905184935
86 -0.010404641952877713 0.00396629312623595 -0.02609732405999212
87 -0.014559646896032494 0.014927653654691064 -0.018935696680084355
88 -0.004888478960829459 0.0035940728898690147 -0.03168060695930437
89 -0.016891617380807952 0.013162450647427361 -0.023720529562437337
90 0.003893442030789014 -0.009419381340825681 0.011704074811991011
91 0.0003883683183605411 0.007086840514874432 -0.033505551871533965
92 -0.0015012651097951746 0.01122134237662624 -0.03822254167193408
93 0.0012413569971424995 0.016103430401581614 -0.025230370069561088
94 0.005790713162200218 0.011575076108151922 -0.01550507398866698
95 0.0036601582433998803 0.018468621659155846 -0.02829989861836344
96 0.0025082006958234496 0.015710943970032185 -0.016885876293095733
97 -0.002673018111425619 0.00988419627283142 -0.02509336188417064
98 0.0015945495554664409 0.0011851230828659604 0.02889361650508354
99 0.0036739144298530754 -0.002964965583311635 0.03067204289668506
100 0.013335652498191061 5.6104589305064345e-05 0.023267100944267583
101 0.0026237804604813397 0.009134916452053582 -0.024705509677823888
102 -0.006063115011651136 -0.0037910962329272616 0.02687242303466305
103 0.002788246134594014 0.011983493798340055 -0.021534230838351945
104 -0.005185458480980065 -0.03192130740233261 -0.016874130509519317
105 0.0013559714081588237 -0.01106568644278656 0.02092369713609943
106 -0.007647349292585773 0.0004249239077955703 -0.020321950159279182
107 0.011102419287045084 0.016582955186696342 -0.024129191212258295
108 -0.007165835490002978 -0.008301121103939773 0.027616188998343588
109 -0.00101746210265408 0.0013453328120927224 0.02365113354873171
110 -0.002375109636063232 -0.009893500386779906 0.014509922780625004
111 3.0413890763233975e-05 -0.0024118012880765503 0.023978954293916617
112 -0.00017645074579103123 -0.02594002436906223 0.0009114730262437427
113 -0.00027543420056247436 0.004181222994629977 -0.02438900932081344
114 -0.006487567689508464 0.001889441756532325 -0.01677029263274713
115 0.0002581602594164123 0.019126324050082112 -0.01745799854981227
116 -0.012484550575812 0.01800700226367715 -0.02568254528068986
117 -0.009503462843160969 -0.013494831919908027 0.026837086823943174
118 0.00679591140157989 0.02095538867539294 -0.014739806184674832
119 -0.0011382999985350868 0.014937611842526254 -0.027964055247535355
120 0.0130511749083696 0.012806602324373173 -0.0229560084954131
121 0.00691639617595406 0.002383742257426019 -0.03311825452751583
122 -0.007802488299180288 5.4960863428915336e-05 0.0134923831645354
123 -0.009598645305405204 -0.0016864290223528814 0.027622167504307932
124 -0.01494097665803873 0.0019036827123893423 0.02115069594258901
125 -0.009950317968708308 0.02040659302257937 -0.0213642098163719
126 0.0046278119532615625 0.011820174009381214 -0.030956268514911706
127 0.0030095935239519353 0.010797596847743458 -0.024611959253037698
128 -0.0040352482711476486 0.0030474970850054295 0.037920221749870094
129 -0.006592075238710096 0.017340362996406778 -0.031567931479472025
130 -0.010976005159046967 0.01154594874065118 -0.021936168964866457
131 -0.004620730814480138 -0.010318233753928083 0.0344815243254099
132 -0.0037485664107015787 -0.006706654633270947 0.02113827915043833
133 0.013953180875378446 -0.008020695064454353 0.01782171777957737
134 0.015537984021106482 -0.03368452767987949 -0.01829881876952278
135 0.009117963805789185 -7.105189016522878e-05 0.03749836983188411
136 -0.009219161246424346 0.016315929732177766 -0.024083610027875662
137 -0.003995905246004069 0.010058285378278952 -0.02032306884393213
138 0.002510538593390779 -0.014188841273729243 0.009628701983253753
139 -0.0015508403349449654 -0.03483217959551807 -0.006824770923521302
140 -0.015040818624590863 -0.03551778419260382 -0.011067032435917362
141 0.0005158214130466438 -0.008684388084858857 0.026656888217002503
142 -0.0045172464186918285 0.005361885876473356 -0.026718514816818306
143 0.010674474306150358 -0.01034894818192463 0.017558391518135777
144 0.011846679624151854 0.001775964780606717 0.035820467250287286
145 -0.009680518874852204 -0.009351214063824241 0.018539787695942694
146 -0.0032672586587907592 0.01673035190303717 -0.025670531189342677
147 -0.0018398263136079063 0.010930958969002938 -0.028147622562746687
148 0.018502675045015654 -0.005342582003300067 0.03590962570540479
149 -0.0033627230938538324 -0.004449935406435613 0.02689147175415607
150 0.013258566856103049 -0.04344891012149542 -0.0013386848406514926
151 0.010208481840258667 -0.004556116107052359 0.014112117873937825
152 -0.0055558677938271905 0.00013098444610267976 0.0223784994308361
153 -0.00799210036325966 0.010826228137304644 -0.018978010354871372
154 0.02000133149873859 -0.02774734989161938 -0.01206776535240052
155 0.008180553614567841 0.00602499649116052 0.02067135750094163
156 -0.008898332249921058 0.01352270385563447 -0.026534766399160185
157 0.004201904056441608 0.021569153006235013 -0.02201160162432518
158 -0.012720688881479071 -0.0074345734941756655 0.03126052347408207
159 -0.0016623632338660377 0.0010269925950477168 -0.027187498215583805
160 -0.0007633637614066699 0.003994892853532479 0.031049066969288608
161 -0.0014305631320133128 0.013644737041796615 -0.030901208048286208
162 0.001966187093191595 0.0023344681727182 -0.016229167991488935
163 -0.00528947258354609 0.021380746820177477 -0.029238379793777684
164 0.001188886779068761 -0.014280602435134643 0.03475329256753198
165 -0.005324746636840259 0.015025796785495099 -0.026676811166223897
166 -0.005086343657246271 -0.00791046698893206 0.021320490738730033
167 -0.012235561710771864 -0.007931049847402415 0.023613771610284044
168 -0.010890945618250714 0.0030817231926335395 0.03525364100205342
169 -0.00039887727393435844 0.012334767075657702 -0.022115624103961666
170 0.004160982894628101 0.0157911641958365 -0.017434170115063416
171 0.007797007201391669 0.006618253164399653 0.02432168638878822
172 -0.004859021371237416 0.014631963206790208 -0.03169140364899367
173 -0.0010349721388140719 0.0031199274641944275 0.03644677162088311
174 0.0005827859760842938 0.002179948449201583 -0.02840101700928141
175 0.008098826119365292 -0.0029665098973869555 0.029559130011025267
176 0.011246190411155876 0.01684698111961785 -0.02234229801546722
177 0.010448627787915665 -0.002626435968681515 0.014457056050105829
178 0.011105120966257284 -0.03036768237091353 -0.008285878116415811
179 0.0016792119046397554 -0.005197496819841177 0.009387883112745118
180 0.0006752600331675976 -0.0043976785793487985 0.02175383879367484
181 0.01309740117177377 -0.006156271236890552 0.022340020549609776
182 0.004635563587136973 -0.03585761136394411 -0.011645362088360915
183 -0.018808482192673864 0.004703812775533135 -0.029245981574990546
184 0.008746243465945078 -0.004668452528332701 0.02562719187426065
185 0.005569498217911875 0.005091344431709218 -0.024535208427560726
186 -0.0014128943280650175 0.01676008858586326 -0.022788452449596236
187 0.0007819603774214742 0.006599513214940422 -0.026895878230444606
188 0.0018038325435733304 0.013496700315849708 -0.019532987200071284
189 -0.0031634163265060397 -0.006999163172802511 0.03129933788084001
190 0.004966355409857098 -0.006108825507436969 0.02421329323436891
191 0.003216859315059525 0.006966647692724155 -0.02723548602419135
192 0.0018536174120916916 -0.0375295747483346 -0.0004570617314530595
193 0.0029788787996370084 0.014457045356212141 -0.016119240233323298
194 -0.003989516036396653 0.008210243053978942 0.031608344494907355
195 0.004544699013857525 0.004524194156001735 0.02850011381641123
196 -0.00985219093270773 0.012080348358244154 -0.027590567476512236
197 0.011371572545009345 0.011875044937163758 -0.028221692731214346
198 0.011251517213840184 0.004505810969882193 -0.023885152474272763
199 -0.0023119244212041305 0.014854410848319122 -0.027272342413061028
0 0.004427274768378127 0.007740318861424577 -0.0007372149671220768
1 0.011360136912120872 -0.02730107855893911 -0.001886847443189267
2 -0.011691067337989594 0.012632321946977915 -0.0028863847479172478
3 -0.008076537233355871 0.006181232273268847 0.007753672261372947
4 -0.014916235754079452 -0.0009887839507066037 0.0003336139661185705
5 0.0041885619483673225 0.009170181983265392 -0.002948974721588997
6 0.0010032059657812458 0.006825244723435882 0.0054647529030446285
7 -0.0032429554986193685 0.0006020326626161657 0.0034823329760309205
8 0.005700882805949992 0.003289441918168212 0.006742464430707425
9 -0.00246556196741682 0.0008826471303881147 -0.0018740772851701532
10 -0.004914958303196795 0.0014828815319019653 0.006100699868184858
11 0.002227097573962951 -0.028661297873790792 -0.013976971953863347
12 0.0006178407222363395 0.0006232080872090283 0.007498956353546228
13 0.0021574517013367434 -0.0009308330937927642 0.001654043611642994
14 -0.0057527649708819266 0.0007796294461576807 -0.0014607537076006122
15 -0.00768133394572134 0.010672871648681671 0.005351545387561177
16 0.003422461523812377 0.003114415782507266 0.015200456069942747
17 -0.0070684197853461556 0.011052631843147441 -0.0011737452485899233
18 -0.007319156521739687 -0.00016260101449627057 -0.0040930723764211405
19 0.0002987556940842982 0.00407998529936821 0.005134993400733839
20 -0.009473382099502381 0.005122227079719675 0.0017826745781544043
21 -0.004017982735434772 0.005105413473127979 0.004149763946502363
22 0.01078515812712827 0.008157710780534651 0.0007904698527286674
23 -0.00011106643559015417 0.009164181178499209 0.0033357927735525733
24 -0.0048527331297943364 0.003413926657280634 -0.0010031601136525486
25 -0.0032948940714862766 0.002011292955838245 0.0028661638656824126
26 -0.015959824097605713 0.008602925482313388 0.005052202128243602
27 9.301986574015335e-05 0.005127983325481679 -0.0022219068441959797
28 -0.0013626734645902604 0.007598257627844336 0.004811228572188096
29 0.008212769432711597 -0.0007425817862424869 7.251035330395339e-05
30 -0.003160246846460532 0.005583555904001825 0.0009590208598983518
31 0.0012235969410515773 0.004224561417353549 0.01049430658666381
32 -0.007394654154888408 -0.005876427806169754 -0.0016765002810080754
33 0.01719402590552197 -0.04396068810768669 -0.0070697651587248375
34 0.002141929612986055 -0.03380056153315131 -0.0032208961756445553
35 -0.009013473837551824 0.006430738494782345 -0.0031722168082238544
36 -0.004459349726897242 0.009306239396824637 0.0036645194169252215
37 -0.007644195462617437 0.006126109015086805 -0.004125254754676344
38 0.006545230539963523 0.0019040408460702096 0.0049716150759830866
39 0.0050831716712495464 0.007737034126370853 0.007462928107229788
40 0.0008834185031215171 0.0034822152648669794 0.00198255783183246
41 0.00246035188571141 0.010413210718451735 0.0013852724051485396
42 0.007220400201276178 -0.005301432090153419 -0.0046021540447607895
43 0.0008283742395351068 -0.03166906044815074 -0.015786688168454473
44 0.0008299595709546472 0.005967256342135598 7.667845108715043e-05
45 0.008877872754713786 0.0048711244725345125 -0.00026122486027777003
46 -0.004290947564592222 0.009902794724601038 0.0039061068987722714
47 0.002239895100194034 0.0074618078238087695 0.0073378553240975655
48 0.0005012945000289724 0.0010721971061968703 0.0001557436130358858
49 0.002402341884150949 0.005181661505042824 0.0054564708207588825
50 0.01923065119193393 -0.02976375608104931 -0.004590882956814549
51 0.0004593086313744027 0.012684688820101063 0.0016207797521111747
52 0.00320916425122654 -0.02061926183382376 -0.016712536583034295
53 -0.007623412373835389 0.01070535581920866 0.011561377036026062
54 -0.0028409863086374994 0.004101071627043335 -0.0014634990388427346
55 0.003466024150036214 -0.041293551855979854 -0.01119122424883693
56 -0.00160800931313769 0.0010803845627185456 0.006488669189473745
57 -0.000856366410264966 0.003806956939575251 -0.003842179038116962
58 0.0038261795209090926 0.008038765658972782 0.0024366676250184086
59 -0.002036139414769685 0.0064700463955481916 0.006192459889537566
60 0.0028758570735740174 0.006843466139870294 -0.0006400335445998911
61 0.0031910305033130693 0.009926680300692957 0.002872003653998992
62 -0.0008732744675817999 -0.0004347666457412587 -0.000806044182478656
63 0.0064071195267992875 -0.0015135657912416136 -0.0043529095564603035
64 8.542447889690885e-06 -0.002185197154921284 0.003730003766155357
65 -0.005771202907006483 0.0028001412391610338 0.015905774372545978
66 -0.0014726236609295812 0.006324687257920847 0.006159494373666474
67 0.0007152291488190347 0.009371616565972699 -0.005084955763770091
68 0.001990175033717567 0.012884405272712285 0.0016787189949219877
69 -0.000838013218927413 -0.028636963985746916 -0.014183977390039786
70 8.454165513257367e-05 0.0082591403105121 0.007172715113510052
71 -0.0036997641599033 -0.00045644228213370663 -0.00041675140753569956
72 0.005691132133471541 -0.006198478960670888 -0.006306041171726513
73 0.0017757474833746878 0.006512292017623961 0.009041230312489913
74 0.006036737391241196 0.012114624739812091 0.001372343709218779
75 -0.001798607628557207 0.0008050678226197974 0.0031372523295624954
76 0.0018330029663337008 0.0047328027040844 0.0006648036817391983
77 -0.008839955314122742 -0.0006843374232683407 -0.0032022075003921915
78 0.005175193417920325 0.000178171444363856 0.003087153633727524
79 0.0030246005965791772 0.005933022782461512 -0.010867275228819362
80 -0.006154044991086681 0.0018369622402268915 0.001412176732319366
81 -0.002226216944670366 0.009912360377901266 0.0002835217062184675
82 -0.007531953203229649 0.0023876983966245463 0.0036408690670559907
83 -0.0005921482107293791 0.008674014875631485 -0.00598476541271982
84 -0.00028053735131233553 0.004018443069199053 0.003275474540000489
85 -0.0016891459121080952 0.0002671814507718955 0.0037608613989899703
86 -0.00013325599903422913 0.00805626953227655 -0.009017119156939146
87 -0.0013748143608677682 0.005289097838615052 0.007703278096726593
88 -0.0036267634017018782 0.005610889711710581 -0.004021336491221494
89 -0.001006401710220317 0.002996234771774034 -0.007377464969850096
90 0.005519599167826461 0.0025196584443800685 0.005864910462543067
91 0.002211675231763961 0.007515273243590016 0.006109054823112393
92 0.004500597606319066 0.010042126855320181 -0.0010606328529021714
93 -9.671489418793325e-05 1.393739204437125e-05 -0.00936198913171328
94 -0.00016327526559749284 0.008511573903091207 -0.00044586368088372214
95 0.0038029579417439424 0.015231022702846542 0.003270616859240072
96 0.004699895390258967 0.00047606208560132396 0.004356555306529876
97 -0.000732794066493455 -0.0021795093226166535 0.007674666631965997
98 -0.006207085622234914 0.004974675389930372 0.011080599523650994
99 -0.008075667685940577 0.008681667640639832 -0.0001571560163257102
100 0.0032875456466247358 0.010500155157249644 -0.00015320368762513498
101 0.002523758901504601 0.0037728103456385643 -0.00017035230523246986
102 -0.0012497902851559863 0.00992521949862425 -0.004573930971752654
103 0.007704781180104706 0.002087671665923399 -0.0038930175167468176
104 -0.002473207425268159 -0.028375494260250655 -0.008486759490714237
105 0.007942963366861747 0.009222676286883964 0.00379383092607833
106 -0.006781297135695627 0.004726935747442557 0.00861233102606105
107 0.007490107172263394 0.0005391556521974171 0.0003241713382494474
108 -0.00862057837553333 0.0032003050855046273 0.0039369179612225025
109 -0.005945329082904394 0.004489408202540559 0.0022486365153272236
110 0.002693280163189881 0.0046051936261380134 0.0008159988422837203
111 0.0041329914552488065 0.010671936554881405 0.009227905981007846
112 -8.37193548714997e-05 -0.024141125249790188 -0.009615421345858698
113 -9.518706363515969e-05 0.0064403883487368346 -0.008696319784382608
114 -0.010146791267523741 0.0013588285569040084 0.005104301789517117
115 -0.0006156376762012743 0.01486404838801713 0.005374549049263162
116 -0.0051056199817823 0.006712259864637027 0.0044743521975694756
117 -0.0012456528038045783 0.003672893015843611 0.007475586960720093
118 -0.010895859046008965 0.006526305546865466 0.005270798908052522
119 -0.005593038484269956 0.009629386962072196 -0.003956886947287949
120 0.01197625172986641 0.00630710868706735 0.00337130805260287
121 0.0035875460624093416 0.006393585224212378 0.0050622327938808775
122 0.00123389896948704 0.001338414153857838 -0.004961213211043064
123 -0.005354360380335488 0.001208394509735651 0.0011998069249319343
124 -0.008212203433693416 0.0037732482717832312 0.007255413956862265
125 -0.0002965882618430338 0.0032373985919701698 0.004080936643358617
126 0.0025497899590431403 0.013757763871913992 0.00535863443136779
127 0.002296730402495957 0.0019970965400280608 -0.005307122116573783
128 0.003991721708917597 0.0004288984982501014 0.004177095025248712
129 -0.0014976022007763962 0.0020790707382247822 -0.0008608840773761672
130 -0.00293031258011147 0.001139557983857828 0.0026070898864106115
131 0.0044711040024513855 -0.004246547166811478 -0.0015342235164541723
132 -0.0035241544946876605 0.001323534727743391 0.005239049707066901
133 0.005448508932730606 0.0014292917412180722 0.0035438293930585285
134 -0.0074099183365154 -0.022653814136330344 -0.0038484831743974893
135 0.0011301899224421125 0.003536036820771849 0.010724232845309475
136 0.0006077917259479527 0.00910089726878268 -0.0027542850063181773
137 -0.0020634957727804354 0.008613775541016682 0.003802120618866235
138 0.0013020368603334949 0.008867599056130519 -0.0006267937751208638
139 -0.008253100224304567 -0.040553328828002 -0.009866148138605965
140 -0.009310459407665478 -0.02548093630065157 0.0018547439728167914
141 0.0005003385974277274 -0.004435714024446653 0.005345313906916435
142 0.0035790740195425323 0.00019420211885256763 0.0035122055703579458
143 0.010922468238443797 0.006681182273049377 -0.001710572776044507
144 0.009987810414265968 -0.0021155447747332455 -5.7483823848972215e-05
145 -0.015310559900221204 0.006330475401197381 0.011034876638087526
146 -6.490378291453946e-05 0.006930271097083711 0.0006581544948024709
147 0.0033787115385309815 0.005278805723659935 0.0007549469141926862
148 0.003379079922954692 0.007679519747466248 0.012717376327796459
149 -0.0035329760758191567 0.0037994608082562477 0.005814304527156866
150 0.007182543560039695 -0.02275998639024432 -0.018660358953530687
151 0.0013080719115300676 0.0034666136502811556 0.00035365426451024196
152 1.7751086731500332e-05 0.011185013064986442 0.003977485765205138
153 0.0014483173090071438 0.00954505699203076 -0.007970420534131065
154 0.004699015384745889 -0.03219640081596166 -0.022328161587432047
155 -0.0003952061216870679 0.013430653854746823 -0.000896720498950121
156 0.0011931850875837313 0.0030579576875751635 -0.006705896051770091
157 -7.099164492858911e-05 0.0021949105702901567 -0.0029985124283025896
158 -0.004885964321119957 -0.007314470096028133 -0.0017114781449689143
159 0.006813960776934212 0.0064365838395518855 0.003127535201693017
160 -0.0009607990188499199 -0.0021473243777878365 -0.0011164928997504514
161 0.011002792095280059 0.011968264644523195 -0.0009534339693555022
162 -0.004043105530046736 0.00436606973659648 0.0034809616775216476
163 -0.009323616726940223 0.0023194542430279505 -0.006180048838714786
164 0.0036003792386521544 0.008138787567010173 0.003650724852476195
165 -0.004967713997461036 -0.004505683923607822 -0.00745784262918546
166 0.0017499230565757723 0.0036002747006324606 0.008237198584666677
167 -0.002658389834625949 0.014569743865271047 0.002937285917085891
168 -0.011057990243713484 -0.003234260581269065 0.004265523314047823
169 0.004916857153949653 0.010629764692073572 -0.00100391351442429
170 0.00363072718647163 -0.0009535924569274851 -0.003040786935530962
171 0.0018522472559881972 0.005344826775289595 -0.0015931106990124677
172 0.004063776966234574 0.010259013312590645 -0.006340119497750221
173 -0.001311443275858837 0.010715366713209662 0.004842356760791006
174 0.0025642412474242877 0.009358516089517975 0.00412656319862667
175 -0.00299662154759385 0.0018827932938435751 0.010114686977210165
176 0.004087639992959094 -0.00020674473267592863 -0.009376725934638598
177 0.004384219623108324 0.004071987824397522 -0.001969924549072667
178 -0.0034469272109622535 -0.027062799431173762 -0.00481429145772657
179 -0.014521832927898957 0.0026972666664252555 0.0007256873110855211
180 -0.006907888526842652 0.007534397370188864 0.011893057439609972
181 0.007407124357442715 0.0008429695253897689 -0.006695434156130713
182 0.009113760890903592 -0.021956660008046844 -0.0030378898130087387
183 -0.014228001232992699 0.00018978525239399377 0.010061062455574303
184 0.0007420151510494459 0.0014314669519110415 -0.0023617675755775377
185 -0.001878594027393321 0.007045090767313016 -0.0059429568916127
186 0.011915258127760668 0.005608732072372315 -0.014521768268803123
187 0.0018788493206270546 -0.0033088128240150883 0.0028373810527811127
188 -0.0025381807191283343 0.008153625366538651 0.0033511777748272617
189 -0.006720867051513729 0.006253539248953721 0.0038836576160410086
190 -0.001086887403311818 0.0018246630085789195 -0.005980091734532539
191 0.0028183149515737544 0.005631138294225971 0.0020521340198767085
192 0.0013875419844132206 -0.03816292278380806 -0.016492108383473106
193 -0.0025238989271566294 0.005854141678505027 0.008872369998803541
194 -0.0003479982897789183 0.007650444756822843 0.010031670181890995
195 -0.0007084461600449731 0.01052306347534928 0.005327810947489756
196 0.003255526965927971 0.004031918151100256 -0.009403380839868664
197 -0.0016866272610298362 0.004788136946007923 -0.002666405917685806
198 0.006777828397422289 0.0024771563892442595 0.002638475286733527
199 0.002579722661470281 0.010472815157225392 0.009722406390182757
0 0.003714791451394861 -0.006496806147427302 0.027861369226496686
1 0.006077421539877073 -0.0008335720875144725 -0.029067443364351422
2 -0.011052011780603346 -0.0008635934670219725 -0.02220481816068714
3 -0.005911924991295156 0.0003276677564377009 -0.02495120927295355
4 -0.005003518810066068 0.0003443594544368135 0.03367482438111663
5 0.0124999599314468 -0.0015433881116946793 0.027771599693304515
6 0.0025262229553578404 -0.01054479018360559 0.02924370490029552
7 -0.00224804244786401 -0.011057201192031817 -0.014977560045893401
8 0.011696528005393683 0.010113853649398492 -0.020757851468052785
9 0.0014327290399201754 -0.002698790010833888 -0.025532700558619136
10 -0.004109107146914249 -0.004342986466493153 0.027981865285449298
11 -0.004010898737417848 -0.008677469068599647 -0.02584574916994587
12 0.0026597067257985146 -0.008921750314461381 -0.02935123508598473
13 0.004210861742507927 -0.0036369167307525804 0.027585122037350265
14 -0.0010880056810013156 -0.004123858968764986 0.033065374145213586
15 -0.01136812107518255 0.002379787783428962 0.03075825143990798
16 0.0015140726296199308 -0.006272002359857885 0.027834249308436254
17 -0.004958381157175347 -0.00549872651227681 -0.021125462812359212
18 0.010305236359330302 0.005222000557987536 -0.023332793794458795
19 0.00029033117135213865 -0.001875741599035391 0.02868960017645808
20 0.0012915256096045352 -0.006660045686728316 -0.018291556289303092
21 -0.0010951489383091914 -0.003123436578702097 0.03575268360706334
22 0.015177815533784028 0.0004925038978387166 0.035882661138904044
23 0.006568098511068139 0.009176481667973607 0.029302292796411604
24 -0.001610986287698405 -0.00462888754000524 -0.026006640805764602
25 0.001076442628265045 -0.0032818198293918105 -0.02422534926761135
26 -0.010482391798244839 -0.0032523565453435564 0.03159327208045371
27 -0.0007362048230578917 0.004058241876981644 -0.022073710229266612
28 0.0013855439804343755 0.007216621444099645 -0.025077363122903082
29 0.004538005633808635 -0.0032865678329507394 0.03322232194991231
30 -0.0008749459861870645 -0.007495293605728176 -0.022631154093748974
31 -0.002785289130060181 -0.0041881365214509764 0.02966094519377519
32 -0.012049951888708235 0.0017028021698165634 0.03659732117800395
33 0.0011742534874556038 0.002865731860456966 -0.026271635797842967
34 0.004659119164784453 0.005583222516287817 -0.0314854011939098
35 0.008368021718439153 -0.009762628313061572 -0.02839687923234214
36 0.004368164734966707 0.0014767506596106914 0.026088113540787182
37 -0.013352194450574548 -0.005515166775820875 0.022089649453075424
38 -7.685955251418748e-05 -0.001092972690225666 -0.030270880961804653
39 0.0036741758484559635 -0.0032242456915278425 -0.023441864266350518
40 -1.8014476768930116e-05 0.006107380488686715 0.0369124603200134
41 -0.0007918935707263083 0.005537320065621756 -0.028644945280012282
42 0.004939914889835063 0.00041876541726434784 0.033075340153481084
43 -0.013221140388364014 -0.007052890868566225 -0.02934324741895703
44 0.0015645194957130313 0.001259609017250772 0.02944533045684817
45 0.0019005743549598136 -0.012658402130652764 -0.02425151247455399
46 -0.003722507703734534 0.0045530347386865885 0.02394861696161779
47 0.004274109490120661 -0.006757348896586036 -0.027184880940893667
48 0.008127904163824678 -0.00586864739031441 -0.021213765863029956
49 -0.014516566581515067 -0.0011016737934096549 0.026561884657900395
50 0.011844447728652008 -0.008684481214437212 -0.028703352528354133
51 0.00626105433035863 -0.0022177359398855845 -0.02492162530001483
52 -0.009494700953252631 -0.01744590303719054 -0.03369851216310051
53 -0.002320345456510761 -0.014412964384467005 -0.030366393873139705
54 0.0015857561669168057 -0.00430399822544586 -0.021829589474756942
55 -0.016613099356372188 -0.0035878533301479387 -0.029700790209598392
56 0.010416625638804505 -0.007295994493666859 0.0360577799471005
57 -0.00018371889488063339 -0.009958401942758398 0.026916448073502252
58 0.008006611533226085 -0.0018473364935834846 0.02532277300878892
59 -0.008502244820137585 -0.007163811966691341 0.024855395641874854
60 -0.0036064653004457548 0.0042726960895834954 0.037467177989237085
61 -0.009891767276156926 -0.002292177059885773 0.029216727275151233
62 0.007346151358682138 0.00017572792456610475 -0.017151401367609318
63 0.010395382055093175 -0.0012895523986804856 0.032437971968286065
64 0.00204940060735272 -0.0002338578033526037 0.03551075957601379
65 0.008927473852364932 0.0036463163472168596 -0.0352926891478255
66 -0.0006372792962913328 0.004853295948502777 0.031550667202586535
67 0.0036693741860662626 -0.005239861489951536 -0.031043163247368805
68 0.01287553763594429 -0.002054219220453138 0.03227334820005851
69 -0.0014673204797364219 -0.01187698025567735 -0.016243982116562368
70 -0.00804331516717579 -0.0001786503833260053 -0.023854293435430902
71 -0.0081954536843767 -0.0037516374437326708 0.029185389196027506
72 0.009982201094325016 0.004346831563819415 0.02268258208393167
73 0.002711285203608869 0.00853868844370241 -0.028808173780969774
74 -0.0021852976462790035 2.1619263348565676e-05 -0.020708605756458384
75 -0.0008234126079204943 -8.175261111944849e-05 -0.024986622919064845
76 0.005398465116100787 -0.005755083678284553 -0.03199504739278554
77 -0.001724312902796869 -0.004161400829915955 0.010220276462368394
78 0.004543664203974028 -0.006513773966276441 0.0360019965197297
79 0.010632830042371949 -0.007517150009831587 0.024554478871101
80 0.011142277772302757 -8.949747818871173e-05 -0.018951779460394884
81 -0.007863097452131224 -0.008494607041022308 -0.03240105567613612
82 -0.00120060963959049 0.0012075063889816703 0.03462880496192316
83 0.00477522330752219 -0.003597868910183223 0.033441935741895135
84 -0.0005243618094985161 -0.0011861701277077119 0.028278011609793714
85 0.009829345274595225 0.004443791293636125 0.035588099045473436
86 -0.025966932964066936 -0.010048639584902807 -0.02714288672208521
87 -0.011297680205596405 0.004060545329702167 -0.02373167232670622
88 -0.01036475243271709 -0.009211278576050377 -0.029639210917904987
89 -0.023237353376806685 0.001478065482315015 -0.021379871360181955
90 0.002554686093990309 0.000324130091059081 0.03407616186221568
91 -0.0015421273611084165 -0.0019417206502708173 -0.01909045256538503
92 0.01416577221140737 0.0014644661270530462 -0.02774321679626377
93 -0.007932141478372826 -0.0021756620769615813 -0.023235144431573575
94 0.00466781570502434 0.010934745921734337 -0.02412067928314463
95 0.006759112895891518 0.006127117280548364 -0.020439296190762252
96 0.012312877780095197 0.006916906206735511 -0.025666496125170205
97 0.0004918128624470577 -0.010342012115803385 -0.02859187195697164
98 -0.0007126762816020496 0.0008179376722813186 0.026123899773761283
99 0.006151504940763079 0.0011391052478280823 0.019964197183926793
100 -0.0037563923629852433 0.0030948218860911564 0.022496680026537298
101 0.010384529316574624 0.0030343660764492186 -0.028149027925301735
102 -0.000719352794749252 -0.002537415940935933 0.028602697159333116
103 -0.0020292451953305736 -0.007441846191445577 -0.025468854068515123
104 -0.014653147220223664 -0.00628032397430231 -0.03154649337105492
105 0.0044867248868293436 -0.007122729047520654 0.027496627974635146
106 -0.016173633346136113 -0.007064112278293435 -0.02104238621675461
107 0.005459902261245972 -0.004150568271659036 -0.02380013157662772
108 -0.009904221699288784 0.0069542719246482015 0.025125612109695383
109 0.0009030319836175575 -0.002450408609652066 0.03689022594963423
110 -0.0037356097863454774 -7.905843201007172e-05 0.033434691263484584
111 0.004428177969910331 0.003209404010258963 0.026390315481516727
112 -0.008254942052272334 -0.01102019279073091 -0.0154792951036777
113 -0.004423426261850914 -0.0106221952463363 -0.02506342682810188
114 -0.010827827662989592 -0.00595271565983136 -0.0270942722810886
115 -0.006018078492446911 -0.0025264566926763155 -0.03049175505676195
116 -0.00454821827525366 -0.0019902620809591487 -0.03107060026568912
117 -0.00554800323812181 -0.0031883941504869985 0.030893506793733046
118 0.0071207603625171 0.0033213374529328515 -0.022559570266264612
119 0.002733482766203707 0.005024168495445819 -0.03190871881913864
120 0.02266368947845429 -0.007895139595940008 -0.034306638697287874
121 -0.009229066294281501 0.010705805298398166 -0.03136738835102483
122 0.0035221899513962554 -0.002206179829973694 0.024659172042499695
123 -0.00690591992424254 -0.0025150370448157704 0.03232316215076877
124 -0.011244425577416173 -0.010943559161245483 0.01720141397860414
125 -0.011025648432090585 -0.008584494780838323 -0.02811296542160075
126 0.00647341912332533 -0.00314540056346891 -0.03325990369945206
127 0.005018642909859861 -0.001533041457628774 -0.02698717176303473
128 -0.0030456427439937263 0.005967959669031034 0.036564611350493895
129 -0.0012421200210652288 -6.593540502652234e-05 -0.0336924893883599
130 -0.0006547201936091332 -0.0006592269302421357 -0.023807492558178923
131 -0.0013805062881863369 -0.004606025998378706 0.027968599129896417
132 -0.008126508899487246 -0.0006267623418417002 0.03802024498218442
133 0.0021566727916781103 -0.0017812709787494302 0.028543796444885614
134 0.010676556204622767 0.0062733545574467225 -0.03373832443914862
135 0.008837420913854567 0.005140608356559329 0.03191820650319303
136 0.004036578508988271 -0.005334427543049976 -0.02301493882078899
137 0.001232903347935483 -0.00821274303139043 -0.029070237315338067
138 0.0006042007409174412 0.0029143949651869797 0.030511333539699405
139 -0.006016968389315647 -0.0025760391052999654 -0.03216553494236891
140 -0.011629208314892975 -0.01382521215309479 -0.02731743885638217
141 -0.001282579103079997 -0.008880288509966236 0.02964279932009791
142 -0.0033246386914371207 0.00765016795476315 -0.03167049591020087
143 0.0065874067945784764 -0.0017273207757224004 0.033854980440858176
144 0.013209639538243764 -0.0025909720065794327 0.03457125545617669
145 -0.006498940674259379 -0.0021637660105745353 0.02600994825800619
146 0.005164476078496274 0.0039044084986343264 -0.03342042460629409
147 -0.00491054255158252 -0.00017422304877461742 -0.030544251387369152
148 0.006872545291015983 0.005941577584875762 0.031593138054664474
149 -0.007170333837594474 -0.006576389506678423 0.025586779839621467
150 0.008309139817584854 -0.0033921785694991657 -0.02607201622782411
151 0.00874713972539988 0.010744412114097704 0.024171170655310634
152 0.0007876328865981351 -0.0012030477559802494 0.02514352382123057
153 -0.010959510538527402 -0.005233818920161892 -0.026060177229210175
154 0.011076044436656135 -0.0007550935408748016 -0.03619045140601261
155 -0.009483235743184836 0.006606740060362548 0.03311976326107488
156 -0.00810433526022853 -0.0005762484714255736 -0.03426968139242152
157 0.0073301891131877656 0.0006639964696263656 -0.025578964682710762
158 -0.004609242851795967 -0.008411916860299788 0.02601333616279715
159 0.005493284804946905 0.004315698710953313 -0.030956120152157793
160 -0.01606029641846838 -0.006893647769226629 0.0299931247941898
161 0.018331833038476644 -0.006115769603031472 -0.02704059094596442
162 0.0026750896797319342 0.0016698162856276268 -0.032566778826224184
163 -0.010723139762710582 -0.006213007698931926 -0.03280351901905203
164 0.010931844217514884 -0.003788424979049937 0.026147380813167018
165 -0.004775671559345329 -0.0021097430045179145 -0.027969645543063595
166 -0.008991744453342644 -0.0007563335821402367 0.02906489929331895
167 -0.011012652766218281 -0.002547166289739406 0.033450908477631935
168 -0.0052240347911024915 0.001072696825790343 0.03213965174567531
169 -0.0031127872926715455 -0.005927670908684769 -0.028789162025401206
170 0.003452246691933801 6.831481309241272e-06 -0.02068600699188394
171 0.01007024336839625 -0.004888523022801516 0.036103222177454306
172 -0.0012271777658589876 0.004023091923736399 -0.030501083510261665
173 0.0025967331027897077 0.004532434728662091 0.02774200607747255
174 -0.008085951004910254 -0.0005330174822548057 -0.026972423211865534
175 0.01055055022837998 -0.01463093785413639 0.019425179470983205
176 0.0073768826211688815 0.003826963322978612 -0.025167078349924564
177 0.011489818223021739 -0.008591347234661496 0.01712024729249256
178 -0.00026706892717775696 -0.00895013394182384 -0.0327096920638075
179 0.003879009349037569 -0.006716966405801711 0.025210460489534008
180 -0.00010875352552492182 -0.004010154837573344 0.024228414458777027
181 0.016664946981822748 -0.003778501188726427 0.028486861314878587
182 0.0003154294561544743 0.006256649802569944 -0.02996082772392887
183 -0.010720704439109996 -0.004419804026339854 -0.021174181185194495
184 -0.0007178909412289859 0.0007483457472459041 0.017515110399795742
185 0.004106790784099548 -0.00016363774125248073 -0.03421696447942755
186 -0.0028868615366696437 -0.00037237981080281285 -0.03329535108943753
187 0.00953039768167143 -0.004829782322941685 -0.02757180251333035
188 0.010103900708683083 0.0028294603371417995 -0.029794366198006003
189 -0.004454267493747298 -0.00940676941870041 0.0313967349517236
190 -0.0011789137501234167 -0.0037670669079356376 0.0285431517228299
191 -0.003192179058200373 0.0073174632572239676 -0.02334567022042532
192 -0.002018558078981038 0.0038954879621620475 -0.0328341104146054
193 0.002408533924855104 -0.010243686037241878 -0.018616139856821912
194 -0.0009891915162942022 -0.0055305355218377705 0.0348589478795941
195 -0.0047072318103988245 0.0026701007897543053 0.025645218477885437
196 0.003528744676832089 -0.0014909808760586798 -0.03193743997117787
197 -0.0017244566768069222 0.01334366036215124 -0.023716649566382794
198 0.008961524066827806 -0.00965455586906867 -0.022775838000187336
199 0.008512287870833347 -0.006184795383003733 -0.021798840247728334
