200 3
0 -0.506879415530019 0.37653669103151444 0.07949434224681932
1 -0.2393043384778042 -0.011130928411431672 0.5408106046754564
2 -0.43271881018749664 -0.38161479717426217 -0.15610297224251785
3 -0.49367719687207057 -0.3074510427831951 -0.08596987362321268
4 -0.44407019402783093 0.34994319951165315 0.06756277978700306
5 -0.4053109267948681 0.44215006460642087 -0.011543307006290467
6 -0.4491435849068194 0.3589603852358383 0.016016405219343263
7 -0.43746980301076877 -0.40847052712353826 -0.17369976052112612
8 -0.4594539156129073 -0.40454200364760134 -0.08188609408364478
9 -0.44619059591106425 -0.36924820533765246 -0.05526596074047618
10 -0.45663040111752645 0.47416037897081786 0.044362098796563804
11 -0.2842796860851845 -0.010300391814804112 0.5009789521917558
12 -0.5119756859420282 -0.43427799161353964 -0.15920147645797622
13 -0.4945801863920388 0.4100724155588756 0.10899438573166728
14 -0.50760251201466 0.3972436289001366 0.18447999277280638
15 -0.4526294706230766 0.4266964714435233 0.04540767364538368
16 -0.44169923481825724 0.46303484205781215 0.0015717720136690448
17 -0.47729341850627005 -0.43487903488135426 -0.1435156998697324
18 -0.43630164270080135 -0.31982547439898695 -0.1021143606474318
19 -0.46927406770624674 0.3860173114458613 0.1432741226793715
20 -0.5061263523058119 -0.37597779204479737 -0.35801378173016263
21 -0.4686459792627916 0.45145847694092633 -0.007214576491413434
22 -0.4475635183931583 0.4846788580378996 0.08188573406309155
23 -0.4047268300933189 0.34127696337426183 0.06637655354376898
24 -0.4856330237192504 -0.463043570342122 -0.17641011498825293
25 -0.47612966787918803 -0.45120245850725865 -0.27996883663240946
26 -0.4376629444172854 0.46348800703617904 -0.029340781063949117
27 -0.47885619961915193 -0.3759143306522138 -0.2769522993672769
28 -0.47118041929679005 -0.38666177024299225 -0.2548396116800683
29 -0.47103870708939755 0.4982357150222396 0.09653725259979776
30 -0.44227383197794123 -0.33249238428474176 -0.06116646415104127
31 -0.4538808483276769 0.42729096507675074 0.07372634089785576
32 -0.4339495506542962 0.42942923579090786 0.09538620342561581
33 -0.2033003175166493 -0.04721003223245469 0.6224803466427111
34 -0.24579248737057352 -0.06006500209359633 0.5869879346852895
35 -0.4786453332517177 -0.3686393473014392 -0.22187544206996354
36 -0.4064730057419136 0.4236798365879249 0.08434610106881837
37 -0.48486219303217837 0.4664414348341657 -0.041762268856119285
38 -0.47885074591534604 -0.35187445896777503 -0.2910430936324488
39 -0.44734326957166365 -0.47665771134447815 -0.07886983982075417
40 -0.4422035725244063 0.36817433339590944 0.08714671515315066
41 -0.42274047308325674 -0.3969234046971175 0.02588864485676805
42 -0.44179894507767625 0.41979657670204834 0.19738528960893711
43 -0.24326733818374596 -0.06917447124330381 0.5079862227473112
44 -0.4593689219220547 0.44557036584431287 0.16725202277016984
45 -0.4247557732911128 -0.3698934451939197 -0.13202884786714253
46 -0.48253225595284444 0.5302137216594002 0.15765125648295863
47 -0.5039810609648082 -0.5068947824446368 -0.07076984449734003
48 -0.4867954881684952 -0.42925676324890144 -0.20853443983843412
49 -0.39948838825915667 0.34162242685969796 0.005324960128405177
50 -0.297945106556896 -0.062399948391508114 0.6444142780765593
51 -0.4548571996588896 -0.41748791362380994 -0.08468739275352134
52 -0.2689041361664018 0.006651331972825398 0.4604697005800337
53 -0.48161494969989577 -0.3870952022206037 -0.2167163987450873
54 -0.5156723732047868 -0.42100528333140524 -0.00732125900114973
55 -0.23495720932629321 0.00420925464060981 0.5143971172460687
56 -0.43536088918569926 0.3883454541257892 0.2620601215251066
57 -0.44938358240500687 0.430838651922783 0.1011571165530583
58 -0.44521151659742264 0.4490560948509511 0.09939994563715271
59 -0.43030860951127664 0.5144142091372114 0.22189100589076732
60 -0.4531960404760549 0.3345766030939769 0.19476047323251264
61 -0.44296347790852164 0.3867721181891557 0.011338407946871734
62 -0.4300635159884089 -0.4194297254462893 -0.12338075861958406
63 -0.42334795935404873 0.46378712311396103 0.0033398661594068965
64 -0.4578199795733542 0.4259725358007672 0.08744233511271295
65 -0.4720327819202087 -0.3847969082427537 -0.18208501999957785
66 -0.41600375797827505 0.3148008625077708 0.026050601042239323
67 -0.4504912708825978 -0.3293804718420345 -0.02370229541828977
68 -0.42935584825446355 0.40616022555843284 0.011837577798632171
69 -0.21401818926723828 -0.039652306351129325 0.5227870453972423
70 -0.41742879672757593 -0.4185059065218334 -0.07017487693637954
71 -0.4331246019767247 0.36014422874325874 0.045923104340711535
72 -0.47626148506743815 0.4978857039910145 0.20790435312554123
73 -0.4402676718950774 -0.4176101852802029 -0.3341209682440155
74 -0.4723946268991698 -0.35511833878893145 -0.2817014687946544
75 -0.43898176510272846 -0.3281476056381337 -0.23293464577372905
76 -0.43018132173514634 -0.4144623365186039 -0.13300470097342648
77 -0.4693649268234015 0.44850305312987554 0.144071200088902
78 -0.46969160056681225 0.3895617995456995 0.2899883290926503
79 -0.4635865024144574 0.33873000495987227 0.00554783726626392
80 -0.4251399844224802 -0.42561096215238436 -0.16115477691333233
81 -0.47362493810652895 -0.4273542255475423 -0.17442427379422026
82 -0.5077350437119741 0.4410429044428658 0.04502844666622783
83 -0.4732263325872179 0.3662648445903612 0.02377786039246366
84 -0.4756607053922704 0.4587668989373378 0.15305103095142344
85 -0.4630020059799339 0.4046417398688598 -0.07461746957214531
86 -0.452469878727307 -0.3775612816141768 -0.07036593321952293
87 -0.47028894552313594 -0.3500156986060941 -0.3013255965365586
88 -0.4824896229854745 -0.2920974792864942 -0.17673795799725298
89 -0.42766257072960223 -0.3702287332737999 -0.11904737499064966
90 -0.47889204656603224 0.3471016955503379 0.17890087978143626
91 -0.45914399582221593 -0.4076743580804258 -0.12840643274185265
92 -0.500728091062692 -0.26036187689483187 -0.17757320690022455
93 -0.4388610260799857 -0.3361025374500134 -0.2730414869534451
94 -0.48302881224931243 -0.4584298335375313 -0.20510496894504623
95 -0.48527725785510184 -0.41305511117161126 -0.10167650796505892
96 -0.43219606759348445 -0.32910807137166165 -0.13911880792579606
97 -0.5014584996736563 -0.4321684533953147 -0.2874044710134098
98 -0.4630626626771802 0.45818389007871346 0.10273866195983454
99 -0.4147286202700481 0.3753299689205447 -0.027077631572663984
100 -0.49109853904798756 0.41575564987017316 0.16099921407435755
101 -0.44672594396193865 -0.3137309975628181 -0.2227691800617101
102 -0.4357316791199377 0.41886231036271465 0.0699296522097596
103 -0.44683251725946715 -0.3361716233570823 -0.1833190193542775
104 -0.18712799448699963 -0.10739696649307892 0.4058743204628984
105 -0.40270185051722823 0.35995604744416987 0.08504522446458442
106 -0.46018050528692866 -0.4421782305762117 -0.31804150083189286
107 -0.4988158070859883 -0.39150722782861264 -0.10460005565286609
108 -0.4951155893739817 0.4136573233922204 0.21350239904532073
109 -0.4242777398385906 0.4433297898239987 0.0715473656478878
110 -0.44804309216568616 0.5017500948775487 -0.00912537958549601
111 -0.44140703608755927 0.38567644330819306 0.08977880873626852
112 -0.23696252652261135 -0.04325501365217516 0.386592229756252
113 -0.47476448539602356 -0.404061247732262 -0.14878090160784502
114 -0.5270548609836788 -0.35410782808452784 -0.2621331113375174
115 -0.43599416914109773 -0.3892257175840223 -0.20132138664969207
116 -0.4328306476000905 -0.44035042143942055 -0.20648084071524211
117 -0.3965772974569024 0.36577099618370706 0.2433730055992899
118 -0.4289323989324004 -0.35661413013161697 -0.1550552997710131
119 -0.4649758102364443 -0.39361173501246133 -0.1684547403301408
120 -0.4802249239635032 -0.36615376974758057 -0.1440772130496484
121 -0.5138572690962304 -0.45287297802539495 -0.1159480003679908
122 -0.39328019409174253 0.39204676979088665 0.09918461571868066
123 -0.4581435059722217 0.46441104440234154 0.09645925923086858
124 -0.4540426507051624 0.4910477665312705 0.06411154973179323
125 -0.4297926843198378 -0.34055907245368716 -0.18175826214336502
126 -0.4763891359090716 -0.4681393095165884 -0.1851250438475307
127 -0.46154506726469774 -0.2979660910637384 -0.05500083201044187
128 -0.443571242698895 0.3680370817868566 0.07540293481370026
129 -0.4407880349396077 -0.37677265035233276 -0.25446204072833695
130 -0.4708544506592173 -0.4688815937109511 -0.2051134322700766
131 -0.5271045319727968 0.45276061754074304 0.19032140118536398
132 -0.4985549446820285 0.4734173666849221 0.1208660068613888
133 -0.4307038458314553 0.4776573124219502 0.13136663884425692
134 -0.3052325297794554 -0.05978453688232898 0.4955005000552948
135 -0.44326893172745196 0.4262169957692335 0.1219148352507795
136 -0.3867240526276692 -0.3449682067679815 -0.15172907453562595
137 -0.44590050501099465 -0.3670142537988457 -0.18999946452665564
138 -0.39142714041359083 0.479125427780624 0.12151128774128386
139 -0.20474308772830155 -0.011423836451608405 0.4088498589930469
140 -0.24064198325922573 -0.04609987177940893 0.5509905539699843
141 -0.4507310391285467 0.4790362179421521 0.10843710399521067
142 -0.4844257872192217 -0.34036992750637957 -0.23213035475222446
143 -0.41974896316195753 0.3615054473186119 0.2614928402972502
144 -0.4605064348090504 0.42963926121369633 0.05917034672410749
145 -0.4286606499775583 0.39262209336164494 0.1147343839924266
146 -0.49381711566944936 -0.3746073982761996 -0.10659879137704904
147 -0.45630481093124853 -0.3512283499037735 -0.309477178019405
148 -0.4846138591343454 0.42391844314063026 0.049328321372252334
149 -0.4422655759173091 0.47562747775612174 0.12122446110811005
150 -0.27285380753959065 -0.02386451149496833 0.5402395387957795
151 -0.46018727874561893 0.4732279369478949 0.11294316269663338
152 -0.4625518749388635 0.408706985495325 0.14000522589777623
153 -0.4744145099773155 -0.3633967973686087 -0.14904524511357867
154 -0.19500913574528303 0.0861254238346495 0.4649540829501366
155 -0.41172851799913596 0.4168082680986236 0.177991083744692
156 -0.46196336216828465 -0.3597160388373802 -0.12950687491941612
157 -0.47931040416297865 -0.34947625932598647 -0.12366958692926897
158 -0.4268088400332958 0.3766359786370872 0.08599192796441522
159 -0.4660844983450206 -0.3969021951127633 -0.14841266007078227
160 -0.389647865636492 0.47560449555191225 0.054856885206258255
161 -0.5189488361286761 -0.43674609371915046 -0.16839299286635148
162 -0.4823175543828583 -0.40104138564599034 -0.10203947216679975
163 -0.4963877307272574 -0.4620645921925083 -0.1341487804372984
164 -0.4372196099434931 0.4834707116818271 0.004366609632041761
165 -0.4588281833069371 -0.3545642223370936 -0.15940273162781876
166 -0.4273482367822766 0.4031433049895628 0.10664260619059006
167 -0.4617352618869224 0.4929423142784535 0.03458902034159909
168 -0.4903300132733166 0.4416491776694346 0.027334380238726377
169 -0.4953693051155511 -0.38769728783194574 -0.17005640116279724
170 -0.48278012912715185 -0.4457679164027823 0.021774616569370596
171 -0.40935854249671944 0.40623296387759456 0.07930858610598651
172 -0.39144423649412285 -0.35874952358950835 -0.18298604510023272
173 -0.4681853791512197 0.4144050607451255 -0.01723636395593371
174 -0.5112190303158785 -0.4688514196266915 -0.060154286221087316
175 -0.4590958650086859 0.462008572982233 0.10080695444339019
176 -0.4623586921391565 -0.34015627893217715 -0.22260392599166193
177 -0.487131294429685 0.4726750766199499 0.12754399557829008
178 -0.22789582382331322 -0.027523950481557174 0.5743296083908668
179 -0.4119890480236417 0.4046534129542976 0.12848028308543696
180 -0.42320509500256237 0.48627079376660054 0.04091590855919158
181 -0.43617311931471514 0.39363521369060295 0.2793123063438973
182 -0.29352981613940105 -0.09380891470017902 0.6320369440236198
183 -0.4800406763435238 -0.42953145713650076 -0.07666522968160057
184 -0.41102338689350304 0.4601459571277853 0.019613319295900874
185 -0.41124203885949173 -0.2853634506585012 -0.09819524746181564
186 -0.47011302899853985 -0.31166759957694534 -0.10533327250507783
187 -0.46565852195110624 -0.42211312287425873 -0.18440638017927274
188 -0.49933534382737 -0.4895638289836252 -0.17988989986276616
189 -0.48970168742709214 0.4260040717153006 0.0785264315721119
190 -0.4863054383527995 0.42282476605831987 0.2640899332411016
191 -0.38330840324969373 -0.41322344961621993 -0.2374197172059507
192 -0.23938121881362606 0.06889236989566506 0.42237526459561797
193 -0.4866928191259624 -0.39030597672769285 -0.17197893981437967
194 -0.43821197576620075 0.4111096355743757 0.04106762235124097
195 -0.48589706485584055 0.4065570156309003 0.15112325119419534
196 -0.43241503220960426 -0.41887004878068035 -0.15275070241913455
197 -0.431568106334972 -0.36337143942735656 -0.2654717302663397
198 -0.4196015226854564 -0.40598311038085705 -0.11507854835371302
199 -0.4590548080248051 -0.37199723569872906 -0.10386900344272944
0 -0.6994333406162451 -0.014813317796829817 -0.14066952060444304
1 -0.21960352971894564 -0.020524267234076368 0.5174120531167092
2 -0.6863072730484033 0.09129689189883025 -0.07678639582238288
3 -0.7089006676485713 0.08235107470019472 -0.1897586270478312
4 -0.7181572497294013 0.10294783474197412 -0.10481044673266203
5 -0.67651829115195 0.05762391899683194 -0.23546060795504042
6 -0.7581995229803269 -0.020326998880548987 -0.2628214911024878
7 -0.6905418353274873 0.02714517586708545 -0.0803928906198567
8 -0.6790028431976833 0.0013523262618071448 -0.2177212703677125
9 -0.7032898013985626 -0.00749653518677372 -0.10022834042944875
10 -0.6960795399767009 0.053909413518132034 -0.09260767951277292
11 -0.24970057761125894 -0.04238603627992635 0.4809620756936923
12 -0.6907684034591318 -0.0014096961944416392 -0.08846595454129008
13 -0.6881893721128395 -0.06848918658290798 -0.1336632785808696
14 -0.7262105031176418 0.06551308621356472 -0.12271938391676553
15 -0.6943712670319108 0.009734986427410853 -0.23130765990439092
16 -0.725761501921517 0.09753319751309877 -0.3213365525046578
17 -0.7082290616806423 0.04891792772407641 -0.10990981318446218
18 -0.7108448167600687 0.0033502932403957257 -0.1434389879362052
19 -0.7332202928261752 0.04742501618951791 -0.14688116407702465
20 -0.7308785565232329 0.0791530780377769 -0.19885959061390973
21 -0.6769330732254056 0.03496808347347452 -0.2184295370064378
22 -0.7228019326076318 0.026963848699312516 -0.20635645301270567
23 -0.7150813328990259 -0.003167447056577734 -0.1280620118466691
24 -0.6974891571346874 0.021494191799785144 -0.09422387024370078
25 -0.6975286813697228 0.20517827574392114 -0.10443645075561561
26 -0.7751890339772128 -0.12826326105758115 -0.2293396879103906
27 -0.7877781883368343 -0.043617949936432455 -0.1878102490090187
28 -0.736401144978044 0.16221404523587357 -0.09605916794467732
29 -0.69443627515426 0.06278618364835808 -0.25700912095952716
30 -0.7215888183109072 0.16600676277443618 -0.18119865575644267
31 -0.7112649545076646 0.09074841150269952 -0.23295626109686735
32 -0.6597295727961378 -0.013066029842881362 0.009672214240757333
33 -0.26115379347992773 0.030513245902539867 0.5117312953970956
34 -0.25996102143656385 -0.011355933140699312 0.5671396143743475
35 -0.635616532046323 0.04268704071067049 -0.16944408022727175
36 -0.680769731768696 0.014173238602197474 -0.19210322486607795
37 -0.6845357208445573 -0.005991290086128198 -0.1867864842676104
38 -0.6877245536205395 0.08993117300486883 -0.12340373626370175
39 -0.6964187742110935 0.013638355032542336 -0.3136156767653578
40 -0.7131208035736796 0.015760442406494556 -0.10874507180850773
41 -0.6980778488681253 0.06021252009642358 -0.08264516957171633
42 -0.7562612779552729 -0.000687445661115047 -0.20087916112215914
43 -0.28309781203432594 -0.010856809657487872 0.653348419879522
44 -0.7573121704465609 0.018445718277507496 -0.13309406962047174
45 -0.6998931088926549 0.09285387903140786 -0.22510019200772347
46 -0.7283601402002416 0.07408044279648296 -0.11132480277550225
47 -0.6783330277968143 0.009394813150702404 -0.2576851015501126
48 -0.7649420337482945 0.08204523218141646 -0.12044328212936195
49 -0.7186784907758221 0.15797966453972104 -0.06302501583684467
50 -0.2462567355600453 -0.057719772496258516 0.5273557613814723
51 -0.7096854998882313 0.12492059824719542 -0.20924101414902488
52 -0.19830652007791807 -0.10553295317730556 0.5942596675356614
53 -0.6698103221709001 0.07339981230725166 -0.13527148640720527
54 -0.697791185592516 0.0847416493561262 -0.13105611235939277
55 -0.26666769321349343 -0.0682055365654258 0.5445520865961023
56 -0.6685838326050957 -0.000536739773740036 -0.0383978499894631
57 -0.7034909861499223 -0.04465815199228733 -0.13989186554388264
58 -0.70380742732241 0.006814836681116755 -0.08758322738858942
59 -0.75079895980658 0.10095722273052632 -0.17688240336655542
60 -0.6709123226582374 -0.022257456067960462 -0.2157845965625969
61 -0.6738730754515563 0.020742860871884844 -0.024643252848030487
62 -0.6198808736019634 0.07462136252684498 -0.05581857511516021
63 -0.7132532790296815 0.13054551327262706 -0.08327311032297625
64 -0.6478470194371188 0.06660192762435686 -0.15605235931563746
65 -0.7666135852628921 0.10917883682266115 -0.05941417202993952
66 -0.6842172757048743 -0.002998598596027079 -0.19980440366257063
67 -0.7263899167601766 0.06674252596699057 -0.16400515701810908
68 -0.7074933463484024 0.006245933231188464 -0.13681582369035467
69 -0.23525046581453757 -0.07787247267670552 0.5202678181126307
70 -0.6367941942071127 0.06923570060188679 -0.11865763881728271
71 -0.719919373711429 0.08039536973462387 -0.105842526032477
72 -0.7267098149837836 0.013525429695640957 -0.23796030714204633
73 -0.6694258500762882 0.014165233035114341 -0.18426742333477808
74 -0.7426858929590493 -0.06226769082169738 -0.17868941068414726
75 -0.7290136405227573 0.08773475854292961 -0.1357962797835291
76 -0.6607731255682522 -0.008812680922215986 -0.11442635466084637
77 -0.7248458833611103 0.02766059525410858 -0.3119951060101405
78 -0.7027221804464514 0.05046844118309606 -0.19636358074870577
79 -0.7022706635977933 0.06699065723677998 -0.18268582536761582
80 -0.7381183026304032 0.11748390362836332 -0.12912719231725267
81 -0.7054611202129836 0.08503225758482422 -0.1585500881896928
82 -0.6775315737363278 0.011534020792363622 -0.018699866701931793
83 -0.7602602428480926 0.07303750909457994 -0.1406350086183871
84 -0.7025970341994642 0.031606335279681035 -0.20537570853684417
85 -0.7678232651323533 0.07323076210667985 -0.20588022994349667
86 -0.7766807149475293 -0.014491931820538552 -0.07083142582980172
87 -0.723814054289238 -0.018460846896646923 -0.0903234933134066
88 -0.7620441131063636 -0.020046310133237273 -0.20666885338714513
89 -0.766254576000226 0.004454341057041455 -0.09925082142434981
90 -0.7122242139605284 0.025634582110984183 -0.1727199925429215
91 -0.751829193862289 0.102641862326643 -0.10241279379325037
92 -0.6363073554179529 0.0627928562655575 -0.17466620529095891
93 -0.6587030241670117 0.07927362466305388 -0.05669387868060684
94 -0.7557390958158312 0.02398917821562865 -0.24522823388630238
95 -0.7378256011361812 0.05650613744270969 -0.1256224106234975
96 -0.6892460937699894 0.04210770353366047 -0.14590779474758014
97 -0.7160226741667688 0.05217356792747606 -0.2203910842972954
98 -0.7524139205825492 0.09659499777660906 -0.10748019411876611
99 -0.7229606695404648 0.0709326003762426 -0.05985127733834596
100 -0.7313178246436277 -0.016430343865483085 -0.1075145048856781
101 -0.6743277196139134 0.05278085635763943 -0.10883705952010461
102 -0.7272491821461107 0.06049953330795167 -0.241845483764931
103 -0.7220199541302724 0.08710141861752572 -0.1989326905179705
104 -0.24512744096202443 -0.0444199835691273 0.5765906154425554
105 -0.7586517700301445 0.11088301099815763 -0.28290115367704194
106 -0.6714504043848962 0.03347946286097624 -0.18975015854173546
107 -0.743521480829611 0.07310917957266365 -0.23204433431308982
108 -0.7443990894263444 0.07113857358494652 -0.001682166156923663
109 -0.6813943126013636 -0.007317247467288051 -0.15021036340412103
110 -0.6886196260756291 -0.04290708726546847 -0.09884190254285974
111 -0.7048696738512004 0.12192898372242941 -0.2112070379200352
112 -0.26803557145236645 -0.10854276738990198 0.5825349415267682
113 -0.716414442825859 -0.011735974297353525 -0.21617316151619248
114 -0.715267532328598 0.09432082359204483 0.058674016073579256
115 -0.6281183285042412 0.08664099474054088 -0.22037887848789495
116 -0.7433841035722304 0.05848524347023405 -0.24013154182685958
117 -0.7100334133840809 0.12668194559658166 -0.2648604504049653
118 -0.7501689111329842 0.0516400033031555 -0.1600127042208555
119 -0.6504597665007348 0.025476726475976826 -0.12837586165850265
120 -0.699297028101042 0.008770137840445714 -0.11632567415236769
121 -0.6950255757831858 0.008811166967287532 -0.15905993837998075
122 -0.7166448328647119 0.07734334096822039 -0.029323039239928166
123 -0.6249137179662584 0.11761076915148078 -0.21451253558029165
124 -0.6921892353263612 0.09135909344312337 -0.11621576502454121
125 -0.6753092398075055 0.024323141143656964 -0.07768583630594735
126 -0.7611646479751764 0.04106303194137613 -0.18622357496216915
127 -0.7343225394853483 0.1256955047482253 -0.1976909854342143
128 -0.6999296910596835 -0.02371711371255553 -0.18717441576888924
129 -0.7207224065059936 0.02940301212900787 -0.19394218038371247
130 -0.7618308301140078 -0.03430162364886765 -0.19648188766726313
131 -0.6919303795329619 0.03540905201904506 -0.21011916714340825
132 -0.6738074387628458 0.06351694697712348 0.00575235105937843
133 -0.7365605039154275 0.027018100021349117 -0.20464001419586553
134 -0.2125275219012787 -0.07925915001409142 0.5504620776474601
135 -0.6831640061727967 0.1325036573629474 -0.1555432689550304
136 -0.6469904486314799 -0.02079137485569705 0.08576583482072724
137 -0.6983121918192866 -0.08808332264896784 -0.2409805386921474
138 -0.6414553117614491 0.06027890489438395 -0.02897124728629027
139 -0.264382353705871 -0.017998798771034174 0.46007041725747616
140 -0.2694159410467239 -0.10567234646499518 0.5406616460904707
141 -0.7646779604164734 0.02769262209067601 -0.21966346364704264
142 -0.6698471580020421 0.15575703100204988 -0.12665302396342853
143 -0.7437821273972185 0.05309596285330091 0.022891548680291866
144 -0.740781892003027 0.05692946829878222 -0.20702665441207016
145 -0.6728850222616766 -0.07570359301695705 -0.05045240079248199
146 -0.7234720230406734 0.041026753218155625 -0.19202416427743263
147 -0.6964197579906571 -0.009178946688646463 -0.09645771040733132
148 -0.6751630262436668 0.0031394089931468237 -0.1814009417017459
149 -0.655323807810855 0.1322486324965478 -0.13068631394870506
150 -0.1677438181280313 0.007981954978151578 0.3481234265679402
151 -0.6825370507784861 -0.02816596841270546 -0.1840295917417547
152 -0.7088217441864817 0.023991740324565382 -0.27458888759038236
153 -0.703766817244296 0.017222817854104563 -0.12033601623190067
154 -0.23991458169029634 -0.046456207936924246 0.38406329168231745
155 -0.754721734490192 0.025087973258038104 -0.10766698755698555
156 -0.7069200663138868 -0.08309270056333215 -0.16402559814048612
157 -0.6594437077083442 -0.06908613108963499 -0.20173269963662455
158 -0.8001405974642427 0.04292538572393149 -0.096585840097259
159 -0.6541396195580461 0.014782724948803746 -0.08787862598643909
160 -0.68934925792672 0.018622458276220742 -0.09704824416805719
161 -0.7485045665446101 -0.05251196401948642 -0.07103026591452215
162 -0.6866337996762784 0.07440083045986713 -0.19196749363262372
163 -0.7752962588952208 0.1424155387474594 -0.047692552050078094
164 -0.7478190825301052 -0.007155196078043867 -0.13776960643524633
165 -0.6667166866882485 0.06995904939788497 -0.2690178625164855
166 -0.6959320305120189 0.0027547834737039934 -0.26504367872431556
167 -0.6573247584925014 0.055517781858616035 -0.1709700833820183
168 -0.7081649639020517 0.1321967759286507 -0.13975503483864965
169 -0.717831260129464 0.08424423114696164 -0.15929762587935753
170 -0.7124199928992271 0.05581484648097685 -0.2941686344322693
171 -0.7558801939267851 0.029726897049736297 -0.18925584571450216
172 -0.7540123917623522 -0.017065729830347938 -0.22341137321899635
173 -0.5989869007213103 0.011798233628915428 0.06006941437011781
174 -0.7482171359464903 0.036089023457659526 -0.15305847864332126
175 -0.7218487540130658 -0.035946620751138296 -0.09651999453177217
176 -0.6987270770054691 0.010234663059214947 -0.11901828360120008
177 -0.7583931943685595 0.017408269880389383 -0.2561567289905373
178 -0.23104537708925313 -0.06973510680059583 0.5226713186375688
179 -0.7581992760575821 0.08292463456022924 -0.062274309601305096
180 -0.6955727106427856 0.06534467996388531 -0.08083209713936242
181 -0.6960375943883963 0.12070646123042258 -0.018146013978713092
182 -0.2686450692056901 -0.014759995060063277 0.47605513917377157
183 -0.6929001756774857 0.053057473477684025 -0.1260666733361156
184 -0.7182464129210727 0.008252880146976577 -0.1789533599413389
185 -0.7477231634113087 0.08525609298934085 -0.10656191904094367
186 -0.7000009480048184 -0.012823599053604326 -0.09969103392696213
187 -0.7235726201065585 -0.004054875612516358 -0.14121482262606927
188 -0.7599460733371871 0.14040202143787367 -0.18096867608565123
189 -0.6538455587366272 0.06768663620441155 -0.04775534242484457
190 -0.6767311483205558 0.01843398188411101 -0.1287280453816871
191 -0.7260001903396511 -0.08441895483772521 -0.3222654410879197
192 -0.3149875071238672 -0.10422567318348329 0.43686753183238214
193 -0.7149732697652585 0.02762194786309647 -0.13317019329658034
194 -0.718396253626112 -0.007106330094578873 -0.13126476941127477
195 -0.7013017491799541 0.06191238823347873 -0.24999124277423387
196 -0.7005920072981999 0.1371009932857112 -0.2434532912306517
197 -0.6519935150495578 0.05339287748753846 -0.10250341988102703
198 -0.7205990939636006 -0.035705838155564336 -0.17201370801639795
199 -0.7185060811729357 -0.025051950929840756 -0.23199666327799728
0 -0.4811125508252131 0.43322848009662346 0.2781823662921539
1 -0.4711903540836386 -0.4147477109005049 0.1374688697557981
2 -0.5292936298830687 -0.442387208102532 0.31406293703212845
3 -0.49146101175228274 -0.46173341802489964 0.3519229633525731
4 -0.4581146397005983 0.487790625520457 0.22255894352235375
5 -0.44432760986062037 0.3870535275682743 0.07271617965417664
6 -0.47151893181052845 0.38980290351453317 0.10085494781956722
7 -0.5159487357584293 -0.45131362639055045 0.2391312889278619
8 -0.5959624989039825 -0.4279053142726477 0.18197342345237455
9 -0.458008161012915 -0.4264342935263359 0.25034719809454936
10 -0.4270822333616819 0.4836201034972305 0.1914784583362714
11 -0.4964626955176415 -0.33837855685366114 0.14408439769789808
12 -0.500986444266278 -0.3683690939748708 0.17177816794723047
13 -0.4825385670613063 0.403316455821713 0.06287440477380768
14 -0.3887655579229618 0.35653814797723066 -0.03174853300440743
15 -0.48428308017721156 0.3462980250596945 0.09754174901251078
16 -0.4520504543188331 0.3708512302791362 0.0011145383002443283
17 -0.4735364260160021 -0.4588656937008772 0.2174838713150979
18 -0.5037595580434239 -0.42357286950335954 0.17684492755852435
19 -0.39446696207029364 0.4546164092216081 0.0870580989433223
20 -0.5031390459588122 -0.3318391161749638 0.20553803386455785
21 -0.47384618285257785 0.49857325164208527 0.1158303588639834
22 -0.46323103419687345 0.4757045051087945 0.09321603359386672
23 -0.4894446933834784 0.45802389949101757 0.02168837707633706
24 -0.5084561405833103 -0.46599074720308764 0.23283300401631407
25 -0.5485981607842144 -0.422067839899503 0.25361039998347984
26 -0.3989988545935286 0.40670319861764814 0.20442358569068242
27 -0.5282448331743591 -0.412350675077231 0.25335836176750176
28 -0.488672739965674 -0.4384339595730254 0.32235287780077254
29 -0.46702525994649136 0.2792930412613649 0.040065499458617766
30 -0.44231039246607956 -0.44455068633259126 0.10445321295036895
31 -0.4657874809239588 0.41391299858004615 0.06763258496170813
32 -0.4568553808757437 0.4342849618070675 0.19212454804452705
33 -0.4983724634333225 -0.2940626660396407 0.2289362973855321
34 -0.5214343639935282 -0.3747422466754771 0.3243659833090123
35 -0.5049897890891242 -0.4818540913082556 0.07411689954799887
36 -0.4224786390934253 0.4295421943974797 0.04680643904041596
37 -0.41899289483343805 0.4080370979435834 0.1719866362684735
38 -0.535145292846793 -0.5169396337324781 0.17996593455842147
39 -0.5031953371360245 -0.42243061794254483 0.22870530960269514
40 -0.43151689062003595 0.4826993807117599 0.08019681585780482
41 -0.4630293506215494 -0.43046364702810685 0.24467566923956055
42 -0.4399729396180528 0.3965802914524982 0.022037286083420517
43 -0.5153037285318828 -0.4382177164855244 0.17262024454137884
44 -0.41502696763811847 0.3725002795893206 0.20117582593520797
45 -0.5432337962431736 -0.3645510633817333 0.27609408105110284
46 -0.48036127301964293 0.42175462236012706 0.0948404539328585
47 -0.49798140856408984 -0.4112299468623447 0.165114416850348
48 -0.4992496831265007 -0.33017950230373394 0.1325352262945469
49 -0.4274029880911103 0.42196706342202284 0.12402568305128579
50 -0.4843080302678648 -0.42270628702557816 0.28152386122581546
51 -0.434664701647547 -0.410163348079242 0.37385472372843875
52 -0.47040314311042036 -0.44433184269705056 0.19694699903218219
53 -0.47089357277611227 -0.4213195676859864 0.1894685183398959
54 -0.4656889358125501 -0.4244320829811505 0.08404089518205309
55 -0.5146771957539598 -0.4562529764988467 0.2442081724859979
56 -0.4057834346667864 0.4280972204972568 0.06086813290622712
57 -0.47133399415755156 0.4492912959429549 0.11108073635875296
58 -0.44436298689071757 0.3979524798512776 0.2353050891496088
59 -0.400204024300885 0.30146547205757046 0.09471048814527686
60 -0.45308813587654584 0.3864781649506623 0.024327796306405355
61 -0.4560516176908745 0.38759554249003414 0.15614811657099423
62 -0.5246532868062511 -0.4838820130770105 0.3036706379746951
63 -0.4896582107986309 0.4730674346353825 -0.006071694741399015
64 -0.4804612048753848 0.3314109711727817 0.24011819783108035
65 -0.48288045871868934 -0.5700537353879425 0.10711884180211118
66 -0.48220904282656063 0.5208941373129015 0.21213226455769163
67 -0.5287245589477121 -0.4083159864375617 0.17628544068466065
68 -0.4625075024103423 0.43298619511485503 0.02961244823256669
69 -0.5784079526042551 -0.4239180655872278 0.26489963594466703
70 -0.5093470690683077 -0.360852601816456 0.3294669770583594
71 -0.4643772110124726 0.4570837939186825 0.07150083957224365
72 -0.45868089793717987 0.4269074603851227 -0.026424156799003458
73 -0.5260143993153514 -0.431505167021073 0.17549004266551296
74 -0.451378000327914 -0.36211678700978345 0.27817027847099746
75 -0.4712051535043109 -0.36168956547750086 0.3076450968166448
76 -0.48144355504880965 -0.4768745361146615 0.3246168766952335
77 -0.5255033995322514 0.409156459253657 0.15244790570474584
78 -0.5075775141472388 0.472745209020798 0.16990892123428133
79 -0.45774261482502493 0.46915548383099576 -0.005027547793384998
80 -0.46160678529552845 -0.3799042125185451 0.2929052223097563
81 -0.4806408467451072 -0.4595556612363008 0.3639052381075178
82 -0.44292277627942206 0.47683263580845153 0.15435348155278944
83 -0.44241402718656314 0.49163228401632514 0.13367247751211642
84 -0.47153013403998323 0.45082387583097167 0.12183316743326993
85 -0.4204945157276581 0.3641839005248122 0.07319589465516398
86 -0.5376066851727853 -0.4364754741663576 0.14478692456735953
87 -0.5632748284102246 -0.41461870557199776 0.17742751995433728
88 -0.41866827686680835 -0.4093491256901365 0.3506300703827822
89 -0.5506308873667267 -0.42811793082388583 0.24195149712509578
90 -0.4874872053102727 0.4764473524157162 0.12513086856719963
91 -0.4851752867308477 -0.43818148040677946 0.3491628123358375
92 -0.5070413421148146 -0.4403096866308917 0.27281107228201995
93 -0.4911011335452706 -0.38849293336737406 0.17884131191134436
94 -0.4542427774467872 -0.3503500550392201 0.220886984942684
95 -0.4912236138588659 -0.4254527671714268 0.28404560790734995
96 -0.4516951712776267 -0.2984370685739287 0.3251383855805072
97 -0.5620557152109925 -0.4103403561791304 0.19095182548760523
98 -0.4102762762956564 0.34461713384020726 0.10626829467790459
99 -0.4045194072665243 0.34360889586092525 0.12891757024135603
100 -0.45609039294901665 0.3971829818591623 0.20480546632505517
101 -0.4599855996585383 -0.4460081582198452 0.4139264025755851
102 -0.4745989005658832 0.47806404912102257 0.12322735079319025
103 -0.5143050344506093 -0.45349232097228337 0.24369606133220525
104 -0.47732356597497116 -0.38364073856530695 0.2843264534792154
105 -0.48118245095816126 0.41656445524982955 0.1715753778385371
106 -0.47504188324387847 -0.42956217623057386 0.33489874913405054
107 -0.5190446210260066 -0.515396885989006 0.30626494552340683
108 -0.4142276081061644 0.3117294973594216 0.03582432358279316
109 -0.4771074105177177 0.4332013288235679 0.09240211270758923
110 -0.4648788385081724 0.4674128450463696 0.1494797160782736
111 -0.4362783958806594 0.42639305159318286 0.006771797968480371
112 -0.42390096809665273 -0.46181363283544613 0.1601757858244852
113 -0.4699480857978945 -0.43591154478569977 0.3277574936057744
114 -0.4828398553499188 -0.4093872292900594 0.22492471617525076
115 -0.4693798888254945 -0.41678082126856275 0.31517381945715167
116 -0.4770615685933024 -0.45092067048930284 0.18692481060899283
117 -0.4093696506938761 0.4219476486767978 0.10582476509829258
118 -0.4906330430756816 -0.3881583250390722 0.3708373021435307
119 -0.4873893382695394 -0.4169911350982597 0.26671546257495615
120 -0.4962304802911687 -0.4691414683279212 0.24652873960230157
121 -0.5184927406402006 -0.3255931579732769 0.13840425359190708
122 -0.41610669729239447 0.3497730641284176 0.15948601881112542
123 -0.45553985660941904 0.44838247633679257 0.07097207768437742
124 -0.5167003419864648 0.36426765719116017 0.23018319130690248
125 -0.4739288820537612 -0.38648973461058694 0.055872270382959596
126 -0.5191343237469589 -0.4509061371264046 0.20691363590287204
127 -0.4792068521050252 -0.54483082964524 0.24205765502433718
128 -0.48892175813714006 0.4923180564219015 0.10415662259519938
129 -0.4755198383524169 -0.3962597430493768 0.35990233628363794
130 -0.4549765965370395 -0.396688289270192 0.15122200373077704
131 -0.4643702559517799 0.4413241737525094 0.04364274396231147
132 -0.41470690771936725 0.32449442792564104 0.08628949207216179
133 -0.4771170631933755 0.43993576786951855 0.12855178547489657
134 -0.5563402268373338 -0.4526196391983663 0.2579257575289469
135 -0.40376307253946675 0.4854765134819419 0.06776754858715743
136 -0.5451970517523597 -0.44011237517841134 0.38601781828101694
137 -0.5327374497579631 -0.4167188928687626 0.35160751257016015
138 -0.45863173232668236 0.3981337807555978 0.09370785966386996
139 -0.49484156939665064 -0.4453734141610026 0.06266905449914281
140 -0.5047308778466585 -0.4225100827355011 0.10543106690747725
141 -0.45253604348375426 0.44027712937928265 0.043463417012878446
142 -0.47703989772394756 -0.3937698089760196 0.32598190011089634
143 -0.44667689754095385 0.4331753957551662 0.03164639490255458
144 -0.42764802863828816 0.40189882836882374 0.16841554585270624
145 -0.4377372237164232 0.5167975665360205 0.06985107192258912
146 -0.5114113128983959 -0.45857318339096603 0.23690883194249954
147 -0.5218320797192181 -0.4298639788709848 0.3459018621221032
148 -0.46246918356862793 0.4253147127236269 0.06063958039062235
149 -0.4448212242171066 0.44135256509800364 0.032608363724840606
150 -0.5177183489788034 -0.3324343758694728 0.24195652470548298
151 -0.48224544416468534 0.4821966838331817 0.06947656215479987
152 -0.4853834183823861 0.3635282517004009 0.050127930417634206
153 -0.4892747719402776 -0.43991782628745085 0.18074851846502296
154 -0.539401775362627 -0.39460162697558426 0.21001598616100167
155 -0.4722630672950878 0.49504600588586245 0.08722398671949694
156 -0.4980963788521442 -0.4709741172558662 0.30840204693969825
157 -0.46120752077642385 -0.4263942248882034 0.16253976514020269
158 -0.45920519682648475 0.42059676159636744 0.03495018152194288
159 -0.5287995191625818 -0.4947000840499618 0.2017555999602211
160 -0.32932547987156724 0.3530951513453978 0.1388317642152774
161 -0.5028874087575367 -0.4965295424737458 0.29538850133390077
162 -0.49531318969850946 -0.4760906464240729 0.18710825934388667
163 -0.4529910108119789 -0.503447837956092 0.13855561616899095
164 -0.43923244507621273 0.413286207579338 0.13798763521536916
165 -0.41325738782680793 -0.3386773446404526 0.3411981680271671
166 -0.47723748319218173 0.3670976160103943 0.16684283849257667
167 -0.47357616211080017 0.4663790703841842 0.10010576367751117
168 -0.5425797792958245 0.5165732725919155 0.10993998093559579
169 -0.47771600605201664 -0.5504479683241883 0.21754934531382444
170 -0.5112510526971562 -0.5172042595954462 0.20238407260704896
171 -0.4156877427406994 0.37235437891595746 0.1733342028302629
172 -0.4967305716311946 -0.39775160483857736 0.22581340178673323
173 -0.482261092707141 0.461821199616427 0.15498531899622195
174 -0.42336179803021234 -0.41965260200884996 0.22164006432095454
175 -0.47916422974281325 0.5734911327637613 0.04770856110852934
176 -0.4598297780006678 -0.41864628468540976 0.29752376188824603
177 -0.461480846013887 0.5165032455626722 0.024204226715663
178 -0.47452114093651093 -0.31667239821683996 0.3033674647720559
179 -0.4487918660122102 0.39476093127063117 0.1650331233026625
180 -0.44158720656966377 0.42025926424922055 0.2546201319989401
181 -0.48291130148405653 0.44748581557238737 0.033802389487953714
182 -0.5887516595360299 -0.4807577057223211 0.22329735638333453
183 -0.4560121620764621 -0.4377027103624635 0.2831261334604571
184 -0.4317427861809601 0.37626431396863186 0.0670080228758388
185 -0.5074718142336476 -0.433642712740421 0.22292306981469273
186 -0.48140664150031875 -0.3560660802873915 0.20760732333713586
187 -0.4303728147746901 -0.45603127890533335 0.25729596713939507
188 -0.5082323128041979 -0.4133674353630303 0.21162019596615878
189 -0.5134060730623387 0.37604412837857154 -0.010233782592947856
190 -0.44764728543488747 0.4687692951992963 0.0921235822221547
191 -0.4640298444863496 -0.4845005483545606 0.2788170035515275
192 -0.459202396676165 -0.3384304239442475 0.3725155353850267
193 -0.45611509152244495 -0.4050485770095692 0.33054774726987024
194 -0.48610311144192137 0.5150875371858661 0.07915905269491275
195 -0.4403642837566836 0.38131703988648263 0.03449977846155951
196 -0.48227346344057864 -0.3766786092262424 0.4173950026811751
197 -0.4815698521018622 -0.4640306515578737 0.2873365946561342
198 -0.5140486627522023 -0.4369904566923826 0.24376587992448015
199 -0.48647538159969955 -0.39840928707694595 0.4356988581332787
