200 3
0 0.03747311044125124 -0.003921991144442526 -0.04011365990853225
1 0.0349458554941476 -0.03306369489082501 0.03647229865649662
2 0.03554437609490244 -0.035779360397922844 0.028605857988991845
3 0.03858176773085288 -0.0013553642207743445 -0.03567914393173851
4 0.03632726559551712 0.03638837841323078 0.025078608543078314
5 0.03671197983125946 0.033638393823360965 0.02650362226242863
6 0.03690283985936998 0.03279677105649762 0.027503151135126136
7 0.03514667303000892 -0.03584453742742613 0.029854462187146047
8 0.03766015621679029 -0.004372549989099098 -0.038986786041824824
9 0.03784231945995939 -0.025715735869316393 0.0324318015470627
10 0.037092755129353006 0.031936672264845443 0.028006427318949475
11 0.03494591082716163 -0.03378299458797051 0.034872419689583205
12 0.0349462306226841 -0.037811544783650265 0.028650102228940343
13 0.0378434497318254 0.03394943249393365 0.019508504054253556
14 0.03613309747623356 0.03509474803772231 0.028415312071111462
15 0.03534683933100607 0.039574586868288894 0.02507317088422424
16 0.03671549168002702 0.0004880518984353026 -0.04330764709052243
17 0.03747310290619551 -0.007633533866425918 -0.03996746517214462
18 0.03652366375119882 0.003944488398673844 -0.04411217515772633
19 0.03671202870830729 0.03429652447343788 0.02603120007366213
20 0.03690632139094186 -0.0032052382671772946 -0.04210959106523468
21 0.035147550839645596 0.04103394007675082 0.023560532031196332
22 0.036520014838180445 0.034134740101391337 0.0279176030288383
23 0.03747314445846008 -0.002511188196021032 -0.0398871773592786
24 0.037473140034482856 -0.0022651009142912243 -0.04012783890268703
25 0.03413195098083728 -0.03534890787770168 0.03785554482298594
26 0.03593795456644347 0.03461810226875055 0.031078616544249267
27 0.03784628213535044 -0.0024285775288242248 -0.0381413802890575
28 0.03671545951900137 -0.00224726748563306 -0.04289885725707727
29 0.036520033043525316 0.03408365246313607 0.02745849141855076
30 0.03894428632386053 -0.003426458193110272 -0.034692471123682456
31 0.037281994890507354 0.03373565310442062 0.022919407042555105
32 0.03534691079898306 0.040307290141078124 0.023720632083723936
33 0.03651927005685994 -0.029202800598712397 0.033168354489037565
34 0.0341323319393143 -0.03997744708123852 0.030150396124025966
35 0.03413234035332562 -0.04006926625206114 0.030080796283922503
36 0.03671542416972862 -0.004848052823921229 -0.042659916761996736
37 0.03784322399420502 0.03166522995547215 0.022836093907949072
38 0.03574582944660249 0.0012105799235650604 -0.04701610249616078
39 0.038215810408022945 0.00025644989490736453 -0.03733253243663974
40 0.035938208382416015 0.03669062600898258 0.026514480255764118
41 0.036715477847538217 -0.002420450011963027 -0.04319515563368035
42 0.03494693333552932 0.04068289450272092 0.02568852018227497
43 0.03593782449828438 -0.03708103917733336 0.024386589929117915
44 0.03433801165963362 0.03942678512988947 0.03244866553996489
45 0.03690638311814601 0.0009801894506931545 -0.042612512108202605
46 0.037660201297050055 -0.00034628259591008365 -0.03951046245396813
47 0.03690637792870786 0.0008988753780164826 -0.04268682134530767
48 0.03633065917742058 -0.0065860008872908405 -0.04408199597029746
49 0.03474499627806356 0.03914600290575893 0.030637149834159515
50 0.034541611516492425 -0.038114198952696764 0.03093003983599665
51 0.035741461332833284 -0.03392162860285705 0.0300172656033253
52 0.03454148732121507 -0.036447471615692624 0.03334912758958502
53 0.033925661162338146 -0.0384569628044958 0.03342862675030688
54 0.03690631791207711 -0.005833858418555803 -0.04208922955240953
55 0.03454156502707878 -0.03738608991270673 0.031665101312543624
56 0.03613341551894086 0.037785921244813905 0.02264956919793341
57 0.035938190516344726 0.03655323942791452 0.026709285337895246
58 0.036902635318640804 0.030990954673778916 0.031074620187558032
59 0.038581860874923 0.0038578735104003695 -0.03637315716078222
60 0.0370962875989656 0.0016003382514292047 -0.04219881118926886
61 0.03747005995834864 0.03365762166718811 0.022335657181386148
62 0.03350873878034565 -0.03911103328618723 0.03592263875839426
63 0.03747318765752989 0.0005471219033931554 -0.040601393276859236
64 0.03709299038911808 0.033933223506665444 0.02384503072887314
65 0.037096266841774486 0.0002583695422517124 -0.04159592274454993
66 0.03746990456078696 0.03234933115923322 0.02484100848982864
67 0.034946105662725435 -0.036286266921107604 0.030775324687544455
68 0.03574201143845196 0.03632289850067281 0.029151538815935147
69 0.034337528447311125 -0.03813871521325377 0.03142492822168652
70 0.03474419769994748 -0.033860405700218255 0.03595886509827685
71 0.03690272580224688 0.03178581327307735 0.029673084861220698
72 0.03671205911263543 0.0347888669243853 0.025690889741215334
73 0.03433764372275219 -0.03966597325527009 0.02908666101641059
74 0.03534597311876192 -0.03446900813482118 0.0315895652917708
75 0.03514639859544573 -0.03313786310667075 0.03549239557615061
76 0.0351465947419498 -0.035365260827450846 0.03133259008472286
77 0.03652002096790493 0.0340104265212077 0.02779344711428172
78 0.03876348639363296 0.0010967807399336513 -0.03532151521585885
79 0.0359379714461362 0.03466799685244321 0.03088861558547903
80 0.0349461722512178 -0.03686402222119872 0.029751332273974314
81 0.03709622500222076 -0.0023188347508881334 -0.04126163006992842
82 0.03495070496218905 -0.0002119380509671949 -0.05004419872833251
83 0.036903010438108654 0.03443686976530154 0.024816336709697195
84 0.038581769682970564 -0.0024520396651555375 -0.0361070484578644
85 0.03652359114007187 -0.0017175687135967397 -0.04342609564933984
86 0.03514642549489366 -0.03302863212216653 0.0347644459852577
87 0.03766021857478793 0.0011032251343704575 -0.03966842094441785
88 0.03514649248350156 -0.03396217115033372 0.03365360250883036
89 0.038581801240667644 9.860695105649659e-05 -0.03615177787726999
90 0.035938196365040545 0.036557391244891796 0.026521944663876428
91 0.03514679183002648 -0.03744944026282816 0.02773267236224424
92 0.03613270476792538 -0.034707657071107165 0.026672915572775267
93 0.038399198816555895 -0.004645484851639713 -0.03627353029008054
94 0.036519450650965485 -0.03142745589094952 0.03017056927870623
95 0.0383992050912613 -0.003310844474044345 -0.03670449003818059
96 0.03728516778176154 -0.00430514146684309 -0.04090150657473613
97 0.03709627581334032 -0.0015532271722205255 -0.04181259326853637
98 0.035346669771470995 0.038212218254733296 0.02788823852120356
99 0.03593795738910774 0.03471630973542641 0.03084766176912672
100 0.0374698087593735 0.03152385487323088 0.02668643429267163
101 0.038763463620066316 -0.0018542954289644084 -0.03525528762967756
102 0.037285146266860254 -0.0044528928204314675 -0.04060070881716006
103 0.03652358893582261 -0.0031780815004276253 -0.04341580130245289
104 0.03413201457266426 -0.03597331152283286 0.036722143125947064
105 0.03494701463753114 0.04145890426991562 0.02415961582041005
106 0.03858166716118114 -0.009000704209842808 -0.035121807883230195
107 0.03534624846204301 -0.037937361305966213 0.02581657639065557
108 0.03652053385910502 0.038443030730042134 0.018947578350479423
109 0.036520171305668654 0.03547264892702923 0.025310836422099737
110 0.037657403567566056 0.03512142634613009 0.017215189899695508
111 0.035938033598996694 0.03525530842981382 0.029467481963850416
112 0.035937398457301394 -0.03181436659540979 0.03274078761836518
113 0.03413229065689778 -0.03902018911950612 0.031436702737367
114 0.03709614262032024 -0.00940318437401403 -0.040617844885013264
115 0.03574136268378714 -0.032817546203429145 0.03207910484472044
116 0.033925322147449824 -0.034701463385734245 0.04025316818238091
117 0.037092899436177405 0.03348238272205241 0.025814779727142516
118 0.036326539534505556 -0.03246028858351135 0.029511416256388874
119 0.036136778302649344 -0.0030880808589651585 -0.045494145186707795
120 0.03514640133468806 -0.032910184613806716 0.03549517306819451
121 0.03651952175948821 -0.03184376627693501 0.028409490887517663
122 0.03728511244404949 -0.007042980758801378 -0.04034994515052235
123 0.03514725497997789 0.03851575321944397 0.028692749866417074
124 0.03632749146509942 0.038169062525469026 0.020555698581182835
125 0.03671549705643652 -0.0025047442738085814 -0.04346237949419902
126 0.03371769823294398 -0.037123497409845475 0.03735640267108578
127 0.03474458130631896 -0.03857444656224172 0.028080363947098494
128 0.035938363148988406 0.03779738065964959 0.023478246437888657
129 0.03709623057767974 -0.0039410772198080765 -0.041246590171062206
130 0.03747320304104274 0.0028481621158111736 -0.04049804530319998
131 0.035544992033762685 0.038091613335047105 0.026722364878813007
132 0.03765702304321051 0.03241817247462753 0.02444692325790813
133 0.03728518868566686 -0.003192066715020616 -0.0408765480275526
134 0.03613287444927906 -0.03674251608001223 0.023351189284825217
135 0.03803143698592289 -0.005828620699510793 -0.03773701869457592
136 0.03652356329561785 -0.005740499826606778 -0.04351954626247561
137 0.03632604477644719 -0.026224823247825532 0.039758536323195
138 0.038399232294947565 -0.0017864710302210776 -0.03663517600854941
139 0.0339257338185747 -0.039315993217347675 0.031992520910375216
140 0.03392578312904743 -0.0401405822185857 0.03087629896555106
141 0.035742168617206665 0.037811210014666266 0.02624656948582335
142 0.03728515979730741 -0.00439011717061741 -0.04069129092462911
143 0.037285210050781885 -0.00039675768510771716 -0.04109671213811393
144 0.03632700777026589 0.0342326259889813 0.029000904209922823
145 0.035147247649483494 0.03830848589568499 0.02875576274748519
146 0.036906277921846246 -0.007078101061259169 -0.04172581938468071
147 0.03690636994294952 -0.0015355894517408476 -0.042614046174602085
148 0.03593829111894587 0.03740401807836614 0.025050197289305437
149 0.03534673936897742 0.038606878417070424 0.026396615088160665
150 0.03494616209024225 -0.03697879695593681 0.03007233661471794
151 0.03632727397427309 0.03624472202863795 0.024766805306744532
152 0.034946773234925094 0.03945304645559572 0.028628493024174907
153 0.038215740084728646 -0.007822137712771456 -0.03669136668409431
154 0.034946043070368825 -0.03553285379539221 0.03253574333468639
155 0.03671168557713559 0.03123439772901395 0.032115833086163004
156 0.03690635616322217 -0.0003948030346957451 -0.04248995210634213
157 0.0347443841634491 -0.03640139497971691 0.0323316245797984
158 0.03494677192904835 0.03930905472130245 0.028200921071255002
159 0.03494611385451796 -0.036087540986297684 0.030699434147747177
160 0.037473122083483495 -0.00364539364891167 -0.04022405960268004
161 0.03821571489476323 -0.00658139991204773 -0.036499079370062006
162 0.037846330717504185 0.00011007933369906342 -0.03900839497608493
163 0.036906360733578183 -0.002928485572892855 -0.04239756558629777
164 0.03593827841714089 0.03747358423235905 0.025384329286872637
165 0.0365194989306115 -0.03221381476325368 0.028974835325132783
166 0.039124321350880405 -0.0018728815005759384 -0.03390510450972133
167 0.03746996783455535 0.03272380062015414 0.02336142964876835
168 0.03651993752329158 0.033603552688388744 0.02956730586653631
169 0.03839918328842131 -0.004138303351000923 -0.03639807953557866
170 0.03652361889936431 -0.0003157060864079017 -0.0440483838651643
171 0.03574177427597435 0.034336100027206294 0.033117892297646265
172 0.03747318745844097 0.0016272391719664803 -0.04033324468107206
173 0.03554456880330057 0.03422267753612933 0.033841102747701225
174 0.03894433384252941 0.0014429602883793203 -0.034839851784507
175 0.03652016720202174 0.035325497637128944 0.024808576182666204
176 0.03709629725563492 0.0030467660223610516 -0.04182288520940063
177 0.03652355678224128 -0.00441044258551183 -0.04380971607495145
178 0.034744504219502516 -0.03784061296251795 0.029622980270450912
179 0.03613356713187963 0.03906676752222987 0.019877941422641987
180 0.038031485513601145 -0.004490315832104777 -0.03789115075174371
181 0.035346742299014536 0.038673277127616326 0.026615765825134866
182 0.035346017120379845 -0.03506870913171483 0.030749159962083977
183 0.03651938550116374 -0.03055175087072367 0.031195108470370582
184 0.03554503972076825 0.03844968109971562 0.025544988241303232
185 0.03690632807620838 -0.003105205449589669 -0.04235973854735783
186 0.036326564391901135 -0.03303677283045988 0.028792290099618083
187 0.039303472665036567 -0.004829134322061335 -0.03306805907438739
188 0.03633060456007972 -0.010762742552894137 -0.04386547176747456
189 0.03593797384015444 0.03459851022769102 0.030363233890782382
190 0.035544737391002425 0.0358781130838404 0.03131810827894775
191 0.03613245789016803 -0.031900698486445375 0.03198174007458371
192 0.035741354810645824 -0.03254949949661412 0.03213278592442218
193 0.03858176560836729 -0.002255937556194233 -0.036338942657307666
194 0.03784625932796322 -0.005023678212054202 -0.0385945004929131
195 0.037473148795132874 -0.004761520284674525 -0.04022683059176529
196 0.03433772335504751 -0.040655485592436535 0.027748139979346907
197 0.03514684221414273 -0.03818523192726636 0.026652483340145115
198 0.03392534281600081 -0.03480696944114535 0.04037328161687613
199 0.035146529291199546 -0.0344209443000924 0.032843889630417226
0 0.04559387345416213 0.028387710532684757 -0.015431133149980583
1 0.03593745742902454 -0.03225607799465738 0.031172810349307075
2 0.03474444697770242 -0.03714299288865458 0.03086166024738824
3 0.04543950273787288 0.0290075834999686 -0.01597729978648699
4 0.04605385980725322 0.02638270589842245 -0.013955227918471973
5 0.0468104541452849 0.023223139350257327 -0.011557036480028853
6 0.045747715534868186 0.027734330559022996 -0.014977166077658293
7 0.03474444728110588 -0.03718027861921357 0.030989606040872735
8 0.04635798225889189 0.025164501610398245 -0.012931134088313295
9 0.035937576194778144 -0.034096419186255354 0.029127130801141776
10 0.04620617437835518 0.02581682586388374 -0.013504265433407544
11 0.03474446106491785 -0.037103272337203154 0.030406066101200818
12 0.03454159728879171 -0.037835364103086314 0.030881527573436634
13 0.04740701810696312 0.02077504924362864 -0.009229130748160147
14 0.045439490137973486 0.028835816196963886 -0.015775265681651527
15 0.046810428290528915 0.02311073804280714 -0.01121438051797404
16 0.046206164452498956 0.025860620281516918 -0.013321918031649513
17 0.04650927599084565 0.024442611908218694 -0.012225861222220328
18 0.04620614745344725 0.0256729223941925 -0.013183595717894969
19 0.04590103133331246 0.026913475435645793 -0.014536196461826977
20 0.046357960439762785 0.025083781165492435 -0.012683618042677732
21 0.0471096797458798 0.021975653464016816 -0.01040334501403244
22 0.04650928252963247 0.02439669858546718 -0.012426588058610293
23 0.04635797458098318 0.025171517569158284 -0.012810796213424394
24 0.04590104109719891 0.02704689061495494 -0.014341221380837576
25 0.03613268926436023 -0.03464466757097479 0.027185022453066993
26 0.04605387049444615 0.02640853338119063 -0.014110355435620952
27 0.04590102921200149 0.027018289501618612 -0.014309030236273118
28 0.04559386937305798 0.0283085938048938 -0.0154646787205513
29 0.04590104664618555 0.027058789251781738 -0.014411721664134364
30 0.04681045764029144 0.023345939705282835 -0.011255778886546624
31 0.04681044008249573 0.023260502104237257 -0.01105598224565569
32 0.04574770974261479 0.027595395282323736 -0.01503706057409311
33 0.03534602011132443 -0.03505370167803925 0.03031000071381272
34 0.035146551659613015 -0.03463190733279507 0.032304557690827164
35 0.03613227693310321 -0.029564973277673077 0.035515866451093836
36 0.04666012115140713 0.02381066718526672 -0.012057256945193844
37 0.046206166638191666 0.025929547067805207 -0.013318314151342974
38 0.04590104141711159 0.027145137496332506 -0.014301582292714325
39 0.04559385316169536 0.028280566193793887 -0.015186394730039294
40 0.04696030371036217 0.02258135204739063 -0.010927642077967661
41 0.045901024742663214 0.02701850218246818 -0.01417201966391297
42 0.04650929360953593 0.02444419230471502 -0.012326067232098383
43 0.03474433198065162 -0.03573577716355656 0.0334239026247313
44 0.04605386212261603 0.026502840606222145 -0.013973064187964115
45 0.046509275526362505 0.024516330543766562 -0.012158765109174187
46 0.04650930889679087 0.02457798520562103 -0.0125814979249544
47 0.04590103485275741 0.026917600150070393 -0.014432764765118119
48 0.045439495062973005 0.028927978642710628 -0.01579474395602272
49 0.04696030900003686 0.02273632237169365 -0.010790117226375422
50 0.03371771798479766 -0.037183771318620586 0.03663443988472456
51 0.034337271776350105 -0.03534495096408841 0.03689783689397138
52 0.03413222275344195 -0.03821994982334994 0.03234938802197534
53 0.03632665065936109 -0.033564559057700324 0.027259959043529895
54 0.046810448571301566 0.02334405843010806 -0.011198366851347922
55 0.036132637923580846 -0.033776908316136584 0.028046487284898825
56 0.04559387188877301 0.02828661075144435 -0.01548460380138082
57 0.0455938630629792 0.028230023748931087 -0.015434586181081575
58 0.046810452826681 0.023250915821330573 -0.01139021091801681
59 0.046660112089463426 0.023845498921607897 -0.0118084965747937
60 0.04710969058582934 0.021939479163825305 -0.01051759069081716
61 0.046960293912001544 0.022622292712924444 -0.010745781208761835
62 0.035146714983300596 -0.03667664285480296 0.029349289402792345
63 0.046960305022224626 0.022649527139641492 -0.010839348559539769
64 0.04590102980298895 0.02680766793345515 -0.014430903741006043
65 0.046053848892062745 0.02646702011226067 -0.013806099378919091
66 0.045593859161200075 0.028242426143094652 -0.01537770161139453
67 0.035544266051768865 -0.034286129122439446 0.030838822342421884
68 0.04635797674170967 0.02513961403883422 -0.012996720346690895
69 0.03709229892404654 -0.030443906507854127 0.02884278161031754
70 0.034541675174046375 -0.038677152045249026 0.029379864992903366
71 0.04574770946272062 0.027754209876090785 -0.014740119162256973
72 0.046357978649833875 0.02510872208724155 -0.012843002598865021
73 0.0349460488449532 -0.035284976884013254 0.032223343076617394
74 0.034945978745124416 -0.03469391770031148 0.033768623599307594
75 0.03474429506369641 -0.035046425831560854 0.03394796458384873
76 0.034541448769476214 -0.03557117678471452 0.034167036045501364
77 0.04696032911112854 0.022663245014061344 -0.01122405443069134
78 0.04559385936719018 0.028217138466156484 -0.015352802528937524
79 0.045593855217090154 0.028293262291291383 -0.015230128898476351
80 0.035543945219027935 -0.030336968345889205 0.03714321102911699
81 0.04681044025298493 0.023137833728030757 -0.011440036380707713
82 0.04696030721064872 0.02260869410485229 -0.01095633864303876
83 0.04590103835270071 0.02715750815676428 -0.014289131773354453
84 0.046960309197100314 0.022604923073962814 -0.01096623135622309
85 0.046206161564445104 0.02575767086461353 -0.013282938412864822
86 0.035741325590339455 -0.03264796223013766 0.032792224479514825
87 0.04635796184689798 0.025018300375090338 -0.012794582958367192
88 0.03514678998811351 -0.037600243918043195 0.0280861708885033
89 0.046660110117926604 0.02386753831686667 -0.011704842221646321
90 0.045593875135460336 0.028281118896823745 -0.015635416532694384
91 0.035345975745093995 -0.03465865503809549 0.031557091176996004
92 0.03392554640262758 -0.03714745509851581 0.03592761207733243
93 0.04559386858368466 0.028386714425762054 -0.015301144029051817
94 0.03613251727149656 -0.03243353963726312 0.03072193803544948
95 0.046357972430986015 0.02509557459588335 -0.012864233144170165
96 0.045747717512354825 0.02770649631420976 -0.015076870087682305
97 0.04543949789900993 0.0289644438045722 -0.0159213840278393
98 0.04590103276462935 0.026996962000178155 -0.014374261689154146
99 0.046810446575246106 0.023119165993992948 -0.011524275887407311
100 0.04620615410308342 0.0257153281791607 -0.013237150988652057
101 0.04620616098585526 0.02568822520859373 -0.01336296017009467
102 0.0457477076361865 0.02772683511014748 -0.014845669427236256
103 0.04666011461219265 0.023868275264549745 -0.011856107580834815
104 0.035146787399504636 -0.037525600120057574 0.027880816766142142
105 0.04666011728798503 0.02382457437915787 -0.012037804365164419
106 0.04710968032256928 0.02195476092017717 -0.01024193522799748
107 0.0351466640796385 -0.0360046929980951 0.030105816641606588
108 0.04605385039301932 0.026367608351722787 -0.013811465267516082
109 0.045284614331203454 0.02959547181692292 -0.0164517573713707
110 0.04574771445761846 0.02773337638368722 -0.014904492699136513
111 0.045439505558374955 0.02911882036218951 -0.015832712318705876
112 0.034541489627800834 -0.03652780961814637 0.03299606065100409
113 0.03613263653021621 -0.03384560222008603 0.028161314550367286
114 0.046810449985598676 0.02314487489020293 -0.011503095617894105
115 0.034337345249373596 -0.03610986867927472 0.03525511902090798
116 0.03433766072418745 -0.03980383587115881 0.029036677434741465
117 0.04605384122421339 0.026309365824554398 -0.013808069032365205
118 0.034946342758446214 -0.03905040852032378 0.026315897935044918
119 0.04650928585362455 0.02448135318343177 -0.012201582834486207
120 0.033925608723392155 -0.03772798401336136 0.03448390136697546
121 0.03534608124534512 -0.035962318707880865 0.029041073968345897
122 0.04605385649088059 0.02647561267162429 -0.0138064705889509
123 0.046960301214807654 0.02249205398168459 -0.010995750918053401
124 0.04696029956270602 0.022523668583180837 -0.01090420647323092
125 0.04620616508078982 0.02568724945244015 -0.013564556887883371
126 0.03821213124104534 -0.02672649958916124 0.027753119706357555
127 0.03534603264185119 -0.03516800448420887 0.03013726170309722
128 0.04605383730076778 0.026303379650881222 -0.013631858327249695
129 0.046810459635848546 0.023325458113293278 -0.01138802807384415
130 0.04650927855673136 0.02434814955601553 -0.012391854191198981
131 0.04574770991345949 0.02773756481739428 -0.01474028214680607
132 0.04650928349518978 0.024452928418314628 -0.012396837803416851
133 0.04650927568675073 0.024393998455313783 -0.012226824098873268
134 0.03690238766853825 -0.031319761506439635 0.028406058016604285
135 0.046810457571141204 0.023287341526857692 -0.011466402430461266
136 0.04559386435135029 0.02830508064081772 -0.015290231570036299
137 0.034946161190382886 -0.036941712159676225 0.030063542933261217
138 0.04605386191349164 0.026385064476521232 -0.014007823681462642
139 0.03651973389104209 -0.035182546948157124 0.02415262033640845
140 0.035146602123473716 -0.0354100461617412 0.031289807227496226
141 0.04620615193099086 0.025617100221538645 -0.013310498127983175
142 0.04681045631918467 0.023356421144355665 -0.01132334430508381
143 0.04620613442147343 0.025479203213628804 -0.013100462880525798
144 0.04620614968380735 0.02555312439451945 -0.013371153191568412
145 0.046053873987626455 0.026455492215791465 -0.014080156379371479
146 0.04650928797858699 0.024488525015608314 -0.01236822159630865
147 0.046206168029746 0.0257732370254393 -0.013434375252264139
148 0.046053850542017 0.02631047103608352 -0.013863515354723563
149 0.04620615632930904 0.025668692191599864 -0.01343472640537106
150 0.034946048848423825 -0.035419323156969225 0.032281092269425646
151 0.04559387196424033 0.028298422547053625 -0.015569970250749559
152 0.046053842091781434 0.02627415675865954 -0.013847794586097396
153 0.04590103251433784 0.02698258605739291 -0.014334829358005594
154 0.03728101903265539 -0.026771882104493445 0.033703976143622846
155 0.04666012224330542 0.023860533691196038 -0.012062328445899283
156 0.046053853108085824 0.0263591067176246 -0.014006543890835825
157 0.034744323571201524 -0.03562472596009664 0.03342490526111231
158 0.045439523219264887 0.02914269809347889 -0.01602457133189889
159 0.034946164236742024 -0.0370217329641734 0.02992425916491017
160 0.04740702880530438 0.020868842956420684 -0.009383841175369443
161 0.04620616154619452 0.025798174246391362 -0.013416096760383588
162 0.0465092940657175 0.024515231596400146 -0.012523345930452937
163 0.04620615729602963 0.025682032279284367 -0.013433738145649889
164 0.04635797005914898 0.025099863534489727 -0.012846518717470726
165 0.036519603898318036 -0.033511680757028706 0.02680971239642634
166 0.04650927629171082 0.02443864200550951 -0.012244055617595038
167 0.04620615432362311 0.02574192155501638 -0.013101727350595753
168 0.04635798129852607 0.025196254430795116 -0.012966543435910275
169 0.045439510068993764 0.028967060663518465 -0.016023344245111395
170 0.0468104519872871 0.023244744251579665 -0.011410164193387072
171 0.046357985019140256 0.02501884949760772 -0.013068827475145548
172 0.04620617517548925 0.025829626884023123 -0.013513333071585263
173 0.04559386322790719 0.028343706264931896 -0.015252642515062618
174 0.04605385819183481 0.026368608441435733 -0.013879580152001282
175 0.04559385367918828 0.028272885232294008 -0.0153223535328505
176 0.04681045277962831 0.02331600528635591 -0.01131904554411497
177 0.0460538480863174 0.02631771457704137 -0.01392819342888234
178 0.03454156507690944 -0.03727771108391242 0.032025891236723884
179 0.04559387167665782 0.02829524044198631 -0.015370224684406717
180 0.0459010501181241 0.02714030924570814 -0.014487475822377405
181 0.045439522004601614 0.0290731667244572 -0.01615206629041057
182 0.03554424175464118 -0.0343860717372156 0.03166178558619208
183 0.03514658675435803 -0.03540019711807974 0.03170598824254086
184 0.046810449263029255 0.023312092724146995 -0.011384751342999369
185 0.046206174461969514 0.02577383906587925 -0.01343288068380569
186 0.0332984441614193 -0.040849042751140145 0.03385366387092465
187 0.04635798227372996 0.02516950716932714 -0.012887347950193282
188 0.04635796586469246 0.025021927933528164 -0.012920223510023737
189 0.04650930864780837 0.0247590749508048 -0.012424376678311623
190 0.046357969089645464 0.025086439577612644 -0.012847275469830425
191 0.03371792913053171 -0.039880442531153845 0.03276794930322264
192 0.03494604408636803 -0.03564559247809099 0.03245010171350143
193 0.04605385804658814 0.026315052101728 -0.014016551549779158
194 0.046053853361233126 0.026375241135698575 -0.013959723106988781
195 0.04650929754330742 0.024461214931308182 -0.012551559909076316
196 0.036326876617250835 -0.03656998198224475 0.022453306753649933
197 0.034945927235794656 -0.03395710152695385 0.035004891809647415
198 0.034132146472299785 -0.037641207499164865 0.033998368229706366
199 0.0359375241262942 -0.033307996377375 0.030481685327240337
0 0.044501297919587325 -0.033461774174195116 -0.013140325543981765
1 0.044972506548522674 -0.03148066415122102 -0.011910340985116072
2 0.04665953108321226 -0.024335779731368124 -0.0076327861973432
3 0.045747055903820326 -0.02839509779396024 -0.009719062601413428
4 0.035147050485786493 0.03650058776920248 0.03244918603248928
5 0.03765674694061251 0.029681793977737972 0.029244592925323463
6 0.03554457660716063 0.03465631788019824 0.0339159113418441
7 0.045438815375816316 -0.02948207972216856 -0.01069726917635376
8 0.04497251086415373 -0.031493668912188716 -0.012009938926814774
9 0.04574704922974053 -0.02831392025369498 -0.009820109634093325
10 0.03593813701067347 0.035985784623023744 0.02794213728553972
11 0.045900399204405536 -0.027696265733299853 -0.00937802180662849
12 0.04497250372488831 -0.03140281885207951 -0.011915733226508088
13 0.03554489753655306 0.037304575979868144 0.02825130491769007
14 0.036520076888448806 0.03460410740056126 0.02671090110012056
15 0.03652008556019166 0.03463058504303297 0.026396904341452733
16 0.045128471947402306 -0.030820816602939328 -0.011377215508892384
17 0.04590040454705841 -0.027655519384124735 -0.009503941185962168
18 0.04481598054514959 -0.032126113645525985 -0.012063672153633142
19 0.03574201263596604 0.0364176534148586 0.028878665236389014
20 0.04574704045945358 -0.028152921807460055 -0.009657425645741865
21 0.03709269932910722 0.031482257521414994 0.028889604142566524
22 0.03494677177899744 0.03947340441785915 0.028389089507698584
23 0.04543882200012681 -0.02947318092552556 -0.010701328299436695
24 0.04497250074284247 -0.03148567088422064 -0.011750593192814636
25 0.04650870664912519 -0.02513738077724098 -0.007809834016421729
26 0.03651992686499206 0.03329042999469421 0.028913814443424408
27 0.044501300541533506 -0.033416250936674816 -0.013182249313312877
28 0.0454388067739304 -0.029436160826204486 -0.010725430367565294
29 0.03494663133027567 0.03808769832896895 0.031123750904305955
30 0.045593191926653204 -0.028905859021729225 -0.010275173491464234
31 0.03534637485355383 0.03538458128909379 0.033196911022914694
32 0.03534660061691372 0.0377089753504791 0.029552942918341662
33 0.04574705434507737 -0.02820248528083395 -0.009941394161546524
34 0.045900406038097724 -0.027656314772245404 -0.009611861173304327
35 0.04512848310806958 -0.03085306159194839 -0.01156736748544843
36 0.04465892036135273 -0.032853451450710336 -0.012620126076208068
37 0.03454232733478313 0.04131688123978195 0.02753377210496608
38 0.04512847738939851 -0.03080030939340857 -0.011519154424457483
39 0.04528390017527485 -0.030084949661837727 -0.011014796562076656
40 0.03652024138021263 0.03599963850338109 0.023757018604566308
41 0.04465891933647168 -0.03279425868941735 -0.012550343091945401
42 0.03593788830970137 0.03398986695189259 0.032046703387036246
43 0.045283915829728405 -0.03013290120810795 -0.011138569031917478
44 0.038028423438806795 0.031086467913216446 0.023934107719362267
45 0.04528391007354429 -0.030221119634633826 -0.011113852248187677
46 0.0451284749485072 -0.030845043229174935 -0.011466605722470484
47 0.04559319499887364 -0.02879409932118803 -0.010334397013436743
48 0.04559319635793567 -0.028882741001545902 -0.010200804511621916
49 0.03454211038545624 0.0390510692439869 0.03132877861466322
50 0.04512847748827134 -0.03078845263803878 -0.011463682023088312
51 0.04543882099828629 -0.029492450823264325 -0.010729685193937804
52 0.04574705871701407 -0.028402292662525697 -0.009760650364975716
53 0.04635738654126394 -0.02586943401770327 -0.008293863397378257
54 0.046053232569539033 -0.027033952048917936 -0.009171374907149397
55 0.04605323432339939 -0.02708757823648424 -0.00928134469374556
56 0.03613310217518599 0.03511682110836167 0.02831685896398535
57 0.03593828964877314 0.037439381485406785 0.02511871149829624
58 0.035544891517169566 0.03708546090161141 0.028335300316799907
59 0.04481598131299187 -0.03203645403652952 -0.012319429036314633
60 0.04512848148175387 -0.030938890140604042 -0.011381348429460515
61 0.03514733092289822 0.03894157338909081 0.02741220683519911
62 0.04497251098796125 -0.031382578541548564 -0.012136558671876026
63 0.04559318946844053 -0.028718002109797826 -0.01032209960963132
64 0.03632748296772569 0.03786811250404115 0.020845711664244888
65 0.04497250747846481 -0.03147490562408108 -0.011916987677995585
66 0.03514734002592384 0.039048255079335834 0.027080867520669908
67 0.044501306133618565 -0.03344787778132153 -0.013156941672484225
68 0.035938268793473484 0.037257455158224304 0.025018638214988106
69 0.04497249320565591 -0.03145406088278472 -0.011778874870597781
70 0.04497249644175144 -0.031385621951623734 -0.011742361756605339
71 0.035937850686151934 0.033602868576824145 0.03298452592368026
72 0.03574216672712894 0.037571150328638704 0.026032974440410733
73 0.045900399372493086 -0.027668688615170835 -0.00944976718259757
74 0.04528390026148218 -0.030040590807955646 -0.0109279384247928
75 0.046357384153744345 -0.025671411249478818 -0.008359078861294257
76 0.045438820614463714 -0.029511309704742795 -0.010762757327547409
77 0.035346654338248906 0.03822122522704681 0.028644515570497305
78 0.045283915806106245 -0.030091527002652278 -0.011186208248909923
79 0.0383961861918186 0.029317113888917317 0.02437714932482557
80 0.045283912315084926 -0.030210069793622722 -0.010990356913636848
81 0.04450130623679683 -0.033549436123964646 -0.01306136181555146
82 0.04574705088057279 -0.02811273995988688 -0.00986654880244662
83 0.037842928896450606 0.029524805119312436 0.028490408411353155
84 0.04665953970375989 -0.024557725541464855 -0.007342869171799009
85 0.04512847155527244 -0.03084318934636588 -0.011301213609654505
86 0.04434313154374068 -0.03417182656529621 -0.013655293735012154
87 0.04543882408700192 -0.029600492512286955 -0.010646876255063088
88 0.04528391840380651 -0.03001905896669356 -0.011308389254839206
89 0.045283908435938575 -0.03022355280431224 -0.01098103723570148
90 0.034338243328897275 0.04160594177379467 0.028529574883319836
91 0.04559320867429087 -0.028899003988194394 -0.010428206184760912
92 0.04574705964617888 -0.028265274960529135 -0.010073179667653252
93 0.045900390953258006 -0.027470247110221297 -0.00953521790183092
94 0.04543881200572318 -0.029410128945918667 -0.01070027249296497
95 0.04559319346063913 -0.028919269399780678 -0.010150752310806529
96 0.044658915487709 -0.03274877704638253 -0.012679449200871506
97 0.04512847912604829 -0.030793363410569156 -0.01152543588404025
98 0.036519858307613534 0.032673529895698133 0.030937686164454144
99 0.03514758290420064 0.0410648433102586 0.022733638390203058
100 0.0351472494775714 0.03849532189813913 0.028856225085962355
101 0.04543882824361171 -0.02952182780516977 -0.010745121740310018
102 0.04497250513567363 -0.03131054192991784 -0.012178967954917
103 0.045128471936324736 -0.03071188718546649 -0.011362838259359393
104 0.044972502667678854 -0.03144230489476503 -0.01198300276265442
105 0.03613324378748926 0.036472366786944745 0.02600223096610737
106 0.04465892081142182 -0.0328225935604527 -0.01265702272512449
107 0.04559318951117665 -0.028890776197229254 -0.010416106905293387
108 0.03671187566351984 0.033108129924079334 0.02880837266778736
109 0.035938353208118105 0.03810394022325334 0.023920319864277954
110 0.03433817393434002 0.04083783401768885 0.02966508049365338
111 0.03534673953626951 0.03887399477177472 0.026685111515696237
112 0.0455931849146019 -0.028794062265169975 -0.010068898228203234
113 0.045593200404464414 -0.028878481473827707 -0.010298752194377755
114 0.04512847986936981 -0.03083744922914538 -0.011558859983297816
115 0.045747059459622104 -0.028262466228925108 -0.009897167660838129
116 0.04559319561782254 -0.02886490484065379 -0.01029424962606544
117 0.03494676878520808 0.03911880094257565 0.02838587074024717
118 0.045747051619266024 -0.02818317765014276 -0.00987225753676198
119 0.04497251281991139 -0.03157537525023106 -0.011924647831352662
120 0.045438817160235755 -0.029447911622528973 -0.010704217939406138
121 0.04512847711611836 -0.03074697754371944 -0.011593928240258018
122 0.0449725116447733 -0.03146990099956763 -0.011981912823103609
123 0.03652008589729913 0.03458181013910309 0.02622869781371984
124 0.03494663436468631 0.03812211908905977 0.031121966276667475
125 0.04497249400341705 -0.03149976023127627 -0.011761297386327585
126 0.04512847359507015 -0.030760393282668795 -0.011339392508259435
127 0.045128473721107794 -0.030637028536264817 -0.011619684651960392
128 0.03632731400840459 0.036608560573667806 0.023790322439240688
129 0.045438837473470654 -0.02972283367589005 -0.010820288223688726
130 0.045283911439860776 -0.030065950973588308 -0.01124794015300232
131 0.03514734756054929 0.03914243422643072 0.027525077906099475
132 0.0359379853183071 0.03462309814055956 0.03043003976734351
133 0.04559320521948404 -0.028917686623495316 -0.010426310739530785
134 0.045593183867349 -0.0288795088577734 -0.010042535109860301
135 0.04528391624214426 -0.030213338815075007 -0.01108077016623461
136 0.04559319960803578 -0.02897166705452893 -0.010177840294594852
137 0.04512846542948262 -0.030739445244608806 -0.011365324374106256
138 0.04528391570980378 -0.030135483444014396 -0.011010883542736844
139 0.046053229390117065 -0.027006209328266986 -0.009011230029893775
140 0.04481598195200101 -0.032128641853218176 -0.01226829934035968
141 0.036711447272072414 0.029101830926862218 0.03615871618044298
142 0.04590037907954035 -0.02748396655495204 -0.009314900620758128
143 0.04605322289113039 -0.026998298743979996 -0.009114293227908896
144 0.03632718931825089 0.03571847073103952 0.026322333812845915
145 0.036903228032923056 0.03627035383137482 0.021277407027633848
146 0.04680988721736479 -0.024029238835704386 -0.00705319793182093
147 0.04590039785486053 -0.027587253360067978 -0.009499750322295357
148 0.03651984317786224 0.03248367971504462 0.030599403112711185
149 0.036327194243148314 0.03542060165547233 0.025591845542538013
150 0.046357376306497854 -0.025760689377709617 -0.008286220250640321
151 0.036520078714597864 0.03464248187138324 0.02676983971564821
152 0.036327105669427845 0.03481993013633465 0.027069774072718378
153 0.045900410258132116 -0.0277330083754006 -0.00957153295144301
154 0.04497250101077969 -0.03155627862196124 -0.011885454283113304
155 0.035544749030539446 0.035827606580421965 0.031231452518569507
156 0.045283925310126455 -0.030201602172772835 -0.011215002771875588
157 0.04574705791145619 -0.02829148677039363 -0.009774701713255556
158 0.03494653508940283 0.03730097274381341 0.03257476619681781
159 0.04418437476868735 -0.03477394605546859 -0.013984767999416564
160 0.04528392145004486 -0.030176967193670825 -0.01114813648253777
161 0.04465892595872979 -0.032769477905329754 -0.012829041813970357
162 0.04574706003048907 -0.02824751386846219 -0.009994070491908832
163 0.0445012937308068 -0.033471682062784676 -0.01313017678311394
164 0.03632726598205119 0.036141942345924986 0.02497511348000579
165 0.04543882695048294 -0.029588146411755643 -0.010632651046027264
166 0.045747051841210536 -0.028160289101045854 -0.00998707618907529
167 0.0351473233231368 0.039098208673559766 0.027532806244474274
168 0.03454225778205784 0.04068869119349065 0.02870939037665994
169 0.045128472848081476 -0.030826416368996665 -0.01149332427405844
170 0.045438816485535834 -0.029467297677111894 -0.010849079192683986
171 0.0345419340183445 0.037776950521144485 0.034427029000186134
172 0.04497251059575224 -0.0314685402168417 -0.01204719372913381
173 0.03574202064467157 0.03640897870354743 0.02907801811306686
174 0.04528390301018139 -0.030082120277249855 -0.01114276257308777
175 0.036133106612732446 0.03496113055270039 0.027990675244078906
176 0.044343122670879524 -0.03408466670322139 -0.013539946071936468
177 0.045283908513430435 -0.0300961959690593 -0.011126571160961156
178 0.046357382635491926 -0.02582926200175325 -0.008209019781630392
179 0.035544512741353784 0.03371108784155102 0.03461793367766061
180 0.04497250443920558 -0.031431078867020935 -0.011882509798580068
181 0.03709252455977761 0.030030542877038335 0.03169871823047345
182 0.0457470608430519 -0.028298330883466814 -0.009944824597469775
183 0.045128464115013395 -0.03075743531598895 -0.01139424140702505
184 0.03613315945301497 0.03561641653229601 0.027334286848770657
185 0.04543882055878179 -0.029583338756434218 -0.010587462454478688
186 0.0459003999800567 -0.027521678742433494 -0.009604971561213895
187 0.04680989184044698 -0.023971566308273722 -0.0071345970185424015
188 0.04434312568816451 -0.03404852598705921 -0.013660533979884653
189 0.036902852201065074 0.03295059554305032 0.027817683743672033
190 0.034946870808568065 0.04005307256054091 0.026933487924389606
191 0.04559320005407697 -0.02897163218043148 -0.010311472494615498
192 0.04543882475716162 -0.02968794293408502 -0.010600831281637954
193 0.04559319961626313 -0.02893324848990297 -0.010201468118845073
194 0.04481598847153018 -0.03206094931274109 -0.01230200214352827
195 0.04590039013727514 -0.027601338509509552 -0.00944859095109056
196 0.04574706089559167 -0.028310907565686473 -0.009929134290984298
197 0.04605322702220795 -0.027039399002015494 -0.009047288749836247
198 0.04559319371762133 -0.02888244855703213 -0.010265464527574195
199 0.04481598998074547 -0.03222315701750997 -0.012234105737852174
