200 3
0 -0.3935273441749103 0.10381116727183592 0.20122716437405322
1 -0.3441853482106554 0.2274928431508396 -0.31441553314947823
2 -0.3217306613032 0.27073160478112934 -0.15397754845183134
3 -0.42825156093601663 0.06924111596606769 0.19153891354592903
4 -0.3179293055728238 -0.19704602816815897 -0.06530022152164189
5 -0.34050704347554717 -0.2768221204006475 -0.07060183946615722
6 -0.4282070607662041 -0.1955568956760057 -0.1836565362166829
7 -0.3700359101570351 0.1708300880373174 -0.190725037874039
8 -0.3245636790832473 0.11476564730262441 0.367982938066002
9 -0.31620602563203176 0.21932835506635157 -0.25089975701816986
10 -0.35520292080641425 -0.254712247270113 -0.20859973938438303
11 -0.40761978467950594 0.3312045199668284 -0.0464128580906474
12 -0.4024522052202903 0.17412607862331983 -0.21307092542941142
13 -0.36311014676798525 -0.07363614319548419 -0.25017055111446973
14 -0.3947629199149254 -0.25486488933765516 -0.1224248635560392
15 -0.33508647462577396 -0.26704529627035684 -0.07631302801955256
16 -0.27293875054055333 -0.015895819123794726 0.2654805231833332
17 -0.38868914114803693 0.00310642244749186 0.320687241907284
18 -0.37380460249720326 -0.0415499516154594 0.0850180795960165
19 -0.40827168694706684 -0.3448644612518703 -0.3550893589995223
20 -0.4103752068817052 -0.013801334749763267 0.32111195591691755
21 -0.39801998008524525 -0.17105396904346903 -0.20853718060172516
22 -0.3283745501477021 -0.020450166693011276 -0.16123949262988185
23 -0.39693132373400863 -0.008908871703068161 0.30854504873711996
24 -0.436394549939078 0.04463435010279862 0.33449704302962285
25 -0.30240918253316046 0.1545300532073551 -0.3399322431176715
26 -0.3379528661600612 -0.30192068245912823 -0.11070606278840421
27 -0.32403034463017993 -0.022643752191651913 0.3763172351221894
28 -0.32723257929412064 0.09684896133501084 0.16642648392143622
29 -0.3736986704092776 -0.10030286823706128 -0.1966579071706943
30 -0.38499194312169716 0.06927407035526334 0.32758351442138467
31 -0.34324797463410656 -0.23908640514582774 -0.20496345325925405
32 -0.2728679839480012 -0.2381863175689586 -0.054964006478028606
33 -0.3648184385146702 0.18850835522010098 -0.3147343108231923
34 -0.32842539538508614 0.17728084466601818 -0.032134088649985966
35 -0.4016004729570875 -0.004728926893185598 -0.28759201618101443
36 -0.3898767789118053 -0.007930866906738112 0.3534710059827915
37 -0.29451375583823974 -0.20953438516905468 -0.15946332132419758
38 -0.38317722278969923 -0.0457792280902033 0.39329832857652447
39 -0.3981556738289295 0.053882366605124576 0.3834042094511337
40 -0.34998968123105556 -0.1383148956650384 -0.3450760752721289
41 -0.40199715011277914 -0.002942836940284744 0.23954022457733057
42 -0.29968524748065345 -0.20681103178513 -0.016779566928206143
43 -0.3868713547074701 0.15050827325840885 -0.04444122942421744
44 -0.43316408543420964 -0.2711553199984481 -0.25160136504098035
45 -0.426880626507703 0.22103347848738175 0.05134190043895072
46 -0.3822853784212601 0.09010352793166894 0.26699519588434856
47 -0.4224148806094266 0.06950770788865288 0.23601134344904973
48 -0.38695923075014826 0.15587317530226538 0.2785983302656406
49 -0.34723594395260227 -0.3156627660701479 -0.20486174023531648
50 -0.36691941162233677 0.2317638650888452 -0.07095626363967836
51 -0.4177969118949752 0.21226713960007226 -0.26929839189355764
52 -0.3402420287089112 0.19828833353332478 -0.021270806203398107
53 -0.29436649180749863 0.21227837991461393 -0.10913990380669807
54 -0.3773008891800327 -0.08829639508650632 0.26348421319664367
55 -0.3943842594420177 0.30319739383056166 -0.16829778569861187
56 -0.3438860118173389 -0.30493463363342777 -0.17720186811295202
57 -0.3402549826946853 -0.298296620231246 -0.2752718980718171
58 -0.3746268125653549 -0.20400985640036226 -0.18131345396088341
59 -0.368023248058641 0.1502228016949318 0.28506378677741057
60 -0.346182991801002 0.08971342286613039 0.23022393170702138
61 -0.30213806489561157 -0.26332133885177894 -0.03483826802520318
62 -0.43309738299513606 0.2351053216956159 -0.24797877847337738
63 -0.39473993599589613 0.03760374892163969 0.35834016571134564
64 -0.3495229737252944 -0.3049067787401165 -0.15317632049760002
65 -0.39783351294854125 0.007409116020071811 0.3100011453277493
66 -0.3630848430656983 -0.22538832931886696 -0.13672307387741608
67 -0.3624201148709627 0.20350713425370195 -0.34964275946328055
68 -0.4937278423611619 -0.4011364992303136 -0.31049227608087526
69 -0.3406432216207171 0.37219949579892925 -0.4254091377098617
70 -0.32810845413638723 0.24812507055511757 -0.09209823558885422
71 -0.45274139676818176 -0.3882528351222326 -0.2653983254584989
72 -0.4122216922184872 -0.10048006963236321 -0.05488013857602845
73 -0.3022317488883018 0.2889399790869961 -0.22930094904373285
74 -0.2982230440780798 0.19047949066295375 -0.11740363654829312
75 -0.3195088733569237 0.22300519843580993 -0.15471126548474373
76 -0.34884060303415604 0.2678897147550082 -0.1889604320972111
77 -0.35517799512864007 -0.2141042316408693 -0.4002982336306277
78 -0.37057389848281075 0.027195440762847422 0.5275992798573497
79 -0.37344411696880564 -0.2586632631272786 -0.09133621152881827
80 -0.308602800235535 0.1949517939869648 -0.22696659103402891
81 -0.4289754657594996 0.0947511809351493 0.2995079692297522
82 -0.352642651622234 0.14546642147298125 0.04330346618093781
83 -0.32656223514059624 -0.1685335964996904 -0.11781579298401869
84 -0.37019034367158044 -0.05082911181413055 0.19899115604087003
85 -0.37825193246140426 -0.07489723526037181 0.14398314776629978
86 -0.38443247120804214 0.3225190719467412 -0.19719948560369566
87 -0.45856169436381833 0.05691565716442913 0.21305890310066114
88 -0.3585043023415205 0.2409887849040843 -0.21459120369039175
89 -0.39934879099838144 0.15745857681094796 0.35879984344529153
90 -0.3793475857171471 -0.3603115934662355 -0.25833888415095607
91 -0.35288450945971767 0.2689394774056363 -0.19436005712591561
92 -0.3542844906268841 0.348993646945646 -0.272194602810284
93 -0.3769966732634564 0.10297635899114327 0.18772790396713862
94 -0.3868587191173719 0.2646437326045513 -0.33137020633449993
95 -0.38738190548810386 0.18973989315032105 0.16674389796067218
96 -0.3826923046000204 -0.03313786459326174 -0.06851291355838636
97 -0.3413124508583102 -0.018923921372664805 0.2753788910706956
98 -0.4417330828748227 -0.2503576136843727 -0.11040551791414563
99 -0.3819010474902292 -0.29393722480129203 -0.1945446066984516
100 -0.3935517710650209 -0.28869999489626313 -0.07256879852927328
101 -0.38897737952039063 0.06388432477506605 0.3077820343584413
102 -0.3861463144805598 0.18646331501793723 0.2041421586899565
103 -0.4222667380220871 0.13932642826363675 -0.010052568720530859
104 -0.3443476091404011 0.1104351385503834 -0.1845535487702176
105 -0.39307358772178336 -0.29210259801856675 -0.2328388504739627
106 -0.3570069718724809 0.15888320759838753 0.3897478417799671
107 -0.33964659484777887 0.08550408636171464 -0.03834626239308332
108 -0.36357898057192545 -0.15427085382405736 -0.25603751755767806
109 -0.3526478211141818 -0.27708023020952394 -0.10054200310308797
110 -0.36669182156152264 -0.17100991046417796 -0.19188161470631362
111 -0.3321219519778213 -0.2703387803225974 -0.1702228772161073
112 -0.4513980323533856 0.1392914523652937 -0.22385801505489797
113 -0.3539529767414548 0.008624203955204773 -0.2518712185441986
114 -0.30605612948263367 0.04418739006299686 0.23451343376443345
115 -0.35337142462634424 0.08470508376338204 -0.2827773517787745
116 -0.37705146506987347 0.23739089022149956 -0.12855464884867743
117 -0.34416026082040285 -0.34812071994018035 -0.25881896215616423
118 -0.3238015878242786 0.06359514345440806 -0.19851229364453454
119 -0.34263973298777783 -0.09500988629820974 0.15474469637508856
120 -0.4162091786244137 0.15151129220375123 -0.1414650460895514
121 -0.34812427905130394 0.26957779589131564 -0.08755155263419175
122 -0.37995213554104623 0.06572942322175102 0.3403888691227058
123 -0.3619182933064483 -0.42063549709026715 -0.2630906355271486
124 -0.4423997178776789 -0.1794855042275661 -0.22701061261091524
125 -0.32036809823068385 0.08413695489755231 0.2205517109746763
126 -0.3309477812602493 0.11169608847578102 -0.1828898743046271
127 -0.30072633555206374 0.1356726846603637 -0.4343455775439701
128 -0.2923722494751321 -0.19012081945497372 -0.09749243372616388
129 -0.3361659584279445 0.09639013466681465 0.3372803455025932
130 -0.34086997568104926 0.04456581210601156 0.3121181192981905
131 -0.4152269258032769 -0.33972457738401773 -0.26535368582951396
132 -0.35581594614908263 -0.25010961767462914 -0.18600788402595855
133 -0.32763754387596483 0.031378744379287477 0.0858656626491263
134 -0.3235329344771718 0.1194578600965424 -0.2693511713444069
135 -0.35240573474563186 0.07690833077279419 0.24860173463213314
136 -0.41727708544448333 -0.024272527967832403 0.12741984271409593
137 -0.3411388206171964 0.19407298956664706 -0.1487939798909491
138 -0.37741369990743456 0.12666360108597233 0.20846991045490804
139 -0.3998233945397408 0.17325274322413659 -0.0705571009815117
140 -0.3631826973269277 0.17366412288304117 -0.33409358761716584
141 -0.35718836094869666 -0.310505165761845 -0.229513224875018
142 -0.3717758168788857 -0.0442136409748998 0.23894447426514745
143 -0.3433473868869642 -0.05668274575933019 0.22885380929757568
144 -0.355520229324802 -0.34250137924621527 -0.25810710271500914
145 -0.3342364266597456 -0.24682985691806764 -0.09823954557826517
146 -0.39546473148868827 0.01824383586705072 0.3866123289416385
147 -0.40787289170445595 -0.0048287937248648214 0.20894989733241942
148 -0.36156921626948535 -0.31806088547683864 -0.27080792694830014
149 -0.3304324387086329 -0.2632930544649857 -0.15719163929822658
150 -0.33511760007001556 0.05738708905407578 -0.16458331344348
151 -0.4052602627155075 -0.12531285590377708 -0.15479155572956912
152 -0.3929086414788899 -0.2776776358305142 -0.28043717324492445
153 -0.4338204127618076 0.13488327499869676 0.3142719105141526
154 -0.31265392936668407 0.17140302066351276 -0.2722944773719773
155 -0.3389095075279108 -0.08137427442724678 -0.22838086169792923
156 -0.3927503130104844 0.0430004096161161 0.27723734387501203
157 -0.3341159397074574 0.3131670476748673 -0.15885934714536853
158 -0.40447448573069583 -0.22041835850301725 -0.12415097922786414
159 -0.3662502348559812 0.06098822259991235 -0.3243623452215744
160 -0.3987668785652503 0.04386034864247164 0.07678088531298827
161 -0.3362956349912995 0.04882070530247445 0.19728265096456676
162 -0.4248124986773577 0.20483273524811715 0.16290082174496534
163 -0.3868633057959586 -0.057429989529045204 0.2766752912701537
164 -0.33470090552560156 -0.2413216513229894 -0.07342367777179601
165 -0.461693980222449 0.3195723680003515 -0.341241553705887
166 -0.3227910098415065 0.09386788934088201 0.21409653160654096
167 -0.372784557554783 -0.10366346445601296 -0.10132933208069768
168 -0.3613931027270827 -0.1743987498875339 -0.1267445130864194
169 -0.4078249332985218 -0.05243623228591316 0.2949408926711933
170 -0.3593581567181847 -0.012291498816952176 0.20346133511572576
171 -0.3343623780132327 -0.21961816235597273 -0.041128923536668256
172 -0.5166088694089069 0.03093701894132248 0.27050119675543177
173 -0.3999897603076886 -0.11205357377373662 -0.07835127019625011
174 -0.4541095117137116 -0.01734247358928569 0.35138027646603687
175 -0.3182782362022619 -0.31889152633682827 -0.2837290112907238
176 -0.38803396531848466 0.06890176803241828 0.13167073720740982
177 -0.31275913401513233 0.027314400233261395 0.2667011912246218
178 -0.25099234571605566 0.18379004474261615 -0.20636249932659123
179 -0.3383244010258829 -0.26839672326150177 -0.14515237693627508
180 -0.40255234714163735 -0.01142417393053077 0.20296844619292964
181 -0.39891074972573154 -0.22249598571253287 -0.01698259319071984
182 -0.36498281870963434 0.07135065575612229 -0.15114809084725567
183 -0.3628830357747737 0.27551892761253804 -0.19277955247215334
184 -0.3556266541965314 -0.24131320775905288 -0.11722286118374242
185 -0.3860200590417726 0.08715464219169608 0.18256543273761178
186 -0.3504397811938828 0.2690116113309163 -0.19010783595065017
187 -0.40500853469769915 0.16050142582187885 0.20334953962320573
188 -0.35009742054150633 0.05902210215192199 0.364191496076437
189 -0.33125440683602075 -0.2909437226689227 -0.07878415641569735
190 -0.33907218649270976 -0.1395299615875976 -0.016883479347501125
191 -0.32902775886416785 0.0723242605650774 -0.4718435464687086
192 -0.2824646729118758 0.20434407559720813 -0.26960367179563777
193 -0.4253305966386177 0.01114175511984791 0.13104705721452434
194 -0.3651445936646391 -0.05889864027341588 0.17183400737644822
195 -0.38893348599281363 0.09378928076687383 0.3542447086682563
196 -0.3727144108346546 0.2135007195199547 -0.34648955749048055
197 -0.3354608331258799 0.18900672850395608 -0.12255962109285068
198 -0.376783362327364 0.11392501771177801 -0.3222191914298045
199 -0.34018704395779203 0.24023505371378032 -0.18740699165672878
0 -0.43492083695327577 -0.08770928706690928 -0.007188298691872695
1 -0.3764723207103163 0.2093453758580071 -0.2872122335234444
2 -0.43572860532129165 0.14320644675208935 -0.14940807818565835
3 -0.5109839847636304 -0.08824257269231968 -0.02839452147428606
4 -0.4567405433328662 -0.18553609658224735 0.0667716772183175
5 -0.5369475780002525 -0.17010986663692634 0.2919264408629691
6 -0.49296615103909963 -0.22926016102213473 0.04724637911927751
7 -0.37360831362493974 0.1807576416712532 -0.28279241031673885
8 -0.3699619891041729 -0.24329331994432696 0.1800247200387063
9 -0.32326432676569894 0.1282831506255289 -0.28177954739871125
10 -0.44142937079553385 -0.2966997408208558 0.06662216907236733
11 -0.41529544660677187 0.17275950221904435 -0.1564161500638777
12 -0.4487290316985355 0.2775121177392624 -0.3473437944311879
13 -0.5367220792056643 -0.16526886420204312 0.18983776571480163
14 -0.4441873499406402 -0.17630812218717876 0.15092979747593113
15 -0.4945665142115338 -0.36146964327654063 0.15905373512718118
16 -0.4881054131131905 -0.11807211854421573 0.09314910689200837
17 -0.472056548830581 0.0356854773820572 0.3330077665323137
18 -0.4646708274678886 -0.27411151825002245 0.1306068882979859
19 -0.4447926272898253 -0.05047734602947446 0.1816896561641848
20 -0.4188479385008036 -0.060863781630798176 0.09732341492170883
21 -0.4976918078138314 -0.09620024964392501 0.011211048126931362
22 -0.5280924739989875 -0.28289193496656934 0.1625048249128318
23 -0.43780332137928446 -0.28082105958528214 0.0953353848291641
24 -0.4944604757140604 -0.14790365761352595 -0.023722884742141133
25 -0.36635302687384824 0.22735687517956868 -0.40281677977607605
26 -0.4878683374333601 -0.21830581670952828 0.26832028992845336
27 -0.5005100237154677 -0.050081000473768095 0.2520751794216037
28 -0.4472792157587555 -0.205741524725789 -0.00691426427780924
29 -0.4402995328114637 -0.29636801388245887 -0.09595242217083741
30 -0.36036351440725234 -0.08953499969292548 0.1634281961857058
31 -0.39689249518177816 -0.09058653734214142 0.01317072802172931
32 -0.4978597180635913 -0.23224580456876662 0.02930535745777747
33 -0.37490743422416994 0.15559813098374645 -0.28891336470858553
34 -0.3330762235377594 0.18492223606020153 -0.36288048745465384
35 -0.3875879392947737 0.3919444183232016 -0.10036366989722774
36 -0.4631383365937512 -0.24174855034442627 -0.08177081303057546
37 -0.4735289604037435 -0.23834184707608236 -0.005502130268420399
38 -0.4632265742705793 -0.22790877017919314 0.062299275166203344
39 -0.45541564459436534 -0.18343145603588593 -0.011937259038196141
40 -0.5497464477719336 -0.20595483882367258 0.15431040861961567
41 -0.463709342605168 -0.19867806475711852 0.08057259918440245
42 -0.43777499002931747 -0.2735580666174775 -0.05611752699447984
43 -0.34507609427073854 0.23056926882449819 -0.21443564905700907
44 -0.4993153030450495 -0.2858646052209633 0.02742962507765355
45 -0.5138230892711054 -0.33908772591225483 -0.049277608282324525
46 -0.5045298063288529 -0.25361870725024377 0.21227411193831022
47 -0.5356890072701328 -0.24842761875314567 0.1735710479595462
48 -0.4927367043380149 -0.3011052102178093 -0.04333566990796987
49 -0.46537448141580023 -0.23121307784627704 0.23884921730126876
50 -0.4251008984461683 0.3106865530829861 -0.168306933762689
51 -0.3182572411648601 0.15758003451495586 -0.19600864403795965
52 -0.3541090986720903 0.1331858964369209 -0.2857871322982923
53 -0.2956268028642639 0.269267984462863 -0.2238889224963746
54 -0.39210593839060087 -0.004553009274432689 0.16720144527605607
55 -0.507895355918827 0.2963366500471241 -0.3298621717439878
56 -0.5032485644648322 -0.1991889192767508 0.2827936397056482
57 -0.45670618879656943 -0.25841961886468523 0.013664529947926312
58 -0.4544337745464854 -0.22655537313715873 0.10562472796526479
59 -0.5558620299500379 -0.34562822320881076 -0.002525885000163289
60 -0.4042128234945048 -0.19395269085814792 0.12255594400806746
61 -0.5779890981281424 -0.19961781048196134 0.290868742933316
62 -0.38959990458472504 0.07206821299341926 -0.30407320444317126
63 -0.49539064941046024 -0.02370807913942183 0.05115308419354482
64 -0.47528334492949403 -0.105611981545915 0.0212221913439692
65 -0.5119681387007669 -0.1636951845629508 0.040954082146567386
66 -0.4726896139994833 -0.26398191410590927 -0.014189708172922751
67 -0.36576711067654544 0.18994758803158085 -0.2399194180067089
68 -0.4398010995226073 -0.15804097606935427 0.07123946499282702
69 -0.34973332069120083 0.09156239069992252 -0.21250880240198783
70 -0.3829535971195538 0.32965036005192483 -0.1813272850289162
71 -0.5248873560142722 -0.1298618616857402 0.26948797904242217
72 -0.47911950994699226 -0.29212540169273954 0.188700389519034
73 -0.37654343013736086 0.11795644220144562 -0.11663576000717041
74 -0.34885661632924864 0.13731598995384092 -0.27673493586941744
75 -0.3787234931954907 0.2869658481796931 -0.15789824366427854
76 -0.33852600957382933 0.2394841965169879 -0.26559654453777504
77 -0.4632394353141636 -0.06471539943975452 0.3200539483919971
78 -0.4715425323590763 -0.25169748695432015 -0.030789452657987902
79 -0.5478201754824653 -0.2399979194464659 0.1622654628604181
80 -0.4225973557083555 0.46272146459652136 -0.15221420277590844
81 -0.4070747531436009 -0.19955813178171058 0.12597027633044464
82 -0.5614161788495629 -0.4096422280286289 0.1695496130050785
83 -0.42975219301491124 -0.21542871498949687 0.013418161833527356
84 -0.47892313473903575 -0.2355747663404673 0.14458484179986056
85 -0.43899834609845273 -0.13802082065753385 0.23801171557478698
86 -0.3091366873988432 0.32048990172181285 -0.36598405419484886
87 -0.4302087107470197 -0.2649347389088387 0.08791573816509828
88 -0.32103270039073956 0.1063970888995302 0.0009599463328723447
89 -0.45955335040232387 -0.23815112376454006 0.011432741179759032
90 -0.5092572869172456 -0.14424216854655528 -0.03329269770507755
91 -0.30102285247934474 0.16546615133729092 -0.041163867756315184
92 -0.2970387558598536 0.048519886413742996 -0.1419800686960628
93 -0.4530666053513395 -0.19583292904035388 0.12226654471645773
94 -0.4050490310019707 0.16484020149936698 -0.11301288729391973
95 -0.4540315804277109 -0.16461510601581356 0.08860223618036218
96 -0.5038273339980062 -0.288344109883638 -0.03581801533752508
97 -0.5222022390573962 -0.1282741468682838 0.06806403665179439
98 -0.45667799788743596 -0.3101646103087585 0.23689342296907123
99 -0.44014743389208066 -0.13594040460784243 0.12478973310595844
100 -0.5682972663912134 -0.1346923005013792 0.1285501760036792
101 -0.4642363685894931 -0.20536215138413366 0.0726464653900476
102 -0.4417253673194868 -0.20706895636040534 0.047063373532794904
103 -0.6298805424683831 -0.39437442983183074 0.21914696593077748
104 -0.3255071225930529 0.15307264799464154 -0.21065106290299965
105 -0.5405016860572713 -0.3006783290185674 0.18083731047639792
106 -0.48863524866114805 -0.14966586761327505 0.05724368187509996
107 -0.3786004931930152 0.3321708348602605 -0.26853107712446056
108 -0.4608171109742737 -0.19692239769040407 0.21169608071356605
109 -0.5055605229894995 -0.20882200717248223 0.1082044843333859
110 -0.40023873068387655 -0.07310803260456737 0.10257263321266546
111 -0.5115803647017265 -0.20010820164731127 0.24795761149137094
112 -0.3967781678298301 0.21387816888455785 -0.4767017929335085
113 -0.32498246291663724 0.23754174796231683 -0.2671916442931545
114 -0.5145501871541628 -0.25687719686528593 0.16176811286352785
115 -0.3356805254470342 0.12736667807312932 -0.021668606858583166
116 -0.387315909026563 0.14452640565008704 -0.3052021585066483
117 -0.46548613878246453 -0.21492716339716525 0.19690440594418399
118 -0.3688560377103538 0.2111594904254104 -0.1847210501930228
119 -0.4433707474730866 -0.1946097801514265 0.22126969272591837
120 -0.3306033194111287 0.1718839611718227 -0.1327735232145219
121 -0.4290942700828199 0.25720226431764553 -0.1695430146401186
122 -0.5128054410295998 -0.2343827377218845 0.1355514989173415
123 -0.46536555576395755 -0.24049491092624237 0.22153268080754207
124 -0.4344225705332485 -0.29566844107486767 -0.021225308773343915
125 -0.46800687588661866 -0.18043114919412925 0.2052470276503042
126 -0.34977515419936883 0.09218114440226738 -0.3232550919328969
127 -0.36660597675254897 0.2463935106137693 -0.23560157491973097
128 -0.44357503858877495 -0.12946437873283542 0.19435370007087074
129 -0.4210139766921388 -0.24225547795428118 -0.02160603305319106
130 -0.4261125528817677 -0.19754612834673355 -0.07631740904961434
131 -0.47345121687327 -0.16419931679114028 0.12489763306991407
132 -0.4464203805465809 -0.21499828603131937 0.0846728775109064
133 -0.4666547517441106 -0.16655361642701622 0.028553817510989433
134 -0.40125970297374136 0.2574982422309035 -0.39935724443135473
135 -0.4954457019046552 -0.24844078315158438 -0.0894327372077688
136 -0.45097964512578426 0.014508011736088657 0.0029952444538635967
137 -0.2910779643147972 0.3118051840931127 -0.2090548286582168
138 -0.5125748014259217 -0.17554781831853214 0.22163656766950235
139 -0.4593073462703418 0.35932345690505374 -0.3483573333655164
140 -0.35173031850926784 0.2001199952188466 -0.15195271580057218
141 -0.46591617008207536 -0.24885412309843424 0.08829262962105061
142 -0.4820128629549238 -0.15884280522661784 0.22473509932588112
143 -0.405095615708463 -0.2548396524866875 0.14467810217066837
144 -0.3808366684503324 -0.11481452082353098 0.07910455413442413
145 -0.5333066878579311 -0.11450574722001092 0.2635691279334444
146 -0.4523822940951094 -0.14889995022852676 0.12358467343493448
147 -0.45542392012023375 -0.14145776805194843 0.1303186462798769
148 -0.4563824906274969 -0.16964927917682732 0.02024966500478761
149 -0.4292933088281597 -0.2145056850570297 0.05501676762902987
150 -0.30162271038965593 0.1821438907849077 -0.11624454695363828
151 -0.5652293000773055 -0.20208703962845465 0.2507065457329883
152 -0.480816324546766 -0.05066360832972535 0.17627118492755073
153 -0.400277979284368 -0.1702041605865622 0.1887752485764384
154 -0.3650962569938314 0.10440364390916708 -0.08928297575148174
155 -0.5919021639787 -0.17035820495875678 0.3477246936071883
156 -0.5030887291184142 -0.19400214304973906 -0.11535171475652796
157 -0.31408416319718957 0.17939831212676066 -0.20946794143830388
158 -0.47270831347773773 -0.1799802065473322 0.262186183460761
159 -0.40005967348039184 0.24618643559591927 -0.17230380735355028
160 -0.38273003272054734 -0.06054221782568661 0.07468125780715908
161 -0.4247566011337772 -0.21083155276484483 0.039323880981005074
162 -0.4757867250580407 -0.2945015422249493 0.038465558885702175
163 -0.387408656451706 -0.09489096990589883 0.19525033498571712
164 -0.5058176071059582 -0.1082916772683262 0.08003070053778308
165 -0.3268201240803377 0.12480644970871932 -0.2666469455246049
166 -0.46789852462499254 -0.2647648726700762 0.0042985432769633075
167 -0.5058190761763275 -0.19794765034351594 0.053384167841707866
168 -0.4209992354358605 -0.16447218507047928 0.07837672326756281
169 -0.44829467240167603 -0.07267669819837824 0.30760317284681643
170 -0.46192164721057205 -0.17450856867623432 0.18028852596688924
171 -0.4629658963320416 -0.19387000644868 0.2837220458850625
172 -0.46907134278809454 -0.1780559527246126 0.01964829389628207
173 -0.4332689457127634 -0.24819190445902645 -0.03441976254725372
174 -0.45112235057062633 -0.04805381238625864 0.01704945515452771
175 -0.4944407971566322 -0.2812541019854044 0.307879157274057
176 -0.4545389996520978 -0.22876951660993886 0.13889396586408442
177 -0.39271442043382715 -0.09704848965778216 -0.003277360065083598
178 -0.32923157611898346 0.18438801862637869 -0.226406716063976
179 -0.49285340308226505 -0.21024446165577093 0.016030593273208518
180 -0.5266018536454388 -0.3388110768501549 0.007559283023225025
181 -0.44310590538740396 -0.12149756903182042 -0.07533311023966842
182 -0.34621602693140807 0.2797824616612249 -0.27316286751427227
183 -0.4603606719296907 0.05227151551575641 -0.15196920243778467
184 -0.4029473342944064 -0.1635989814295725 0.27243253647522664
185 -0.4617375508012455 -0.08630539720945538 0.1580888827510862
186 -0.42399739850526086 0.27654131261642684 -0.05438210060392053
187 -0.36503213622909225 -0.07905453320541662 0.18884583472710442
188 -0.5068628466414893 -0.2982754356365721 0.17106363866449853
189 -0.5158911238900324 -0.17662337111834742 0.09795214285424272
190 -0.4416347844211962 -0.12797295491877247 -0.04865010200761506
191 -0.3491559586115611 0.27456747021390226 -0.0012240463335456216
192 -0.330026574752611 0.2781022764717832 -0.3709388355292416
193 -0.5219402327369593 -0.1022523497651217 0.03696080852310768
194 -0.45189172501753205 -0.34160793840844866 0.10454521939884175
195 -0.538932476733084 -0.33875441008550117 -0.05315320583302013
196 -0.30938736721621063 0.2710756218591041 -0.30780811847324097
197 -0.33953894925906347 0.1368090076955466 -0.27900703155499285
198 -0.39585254421034327 0.2223546803012452 -0.09116206084155665
199 -0.36545252526057 0.15488389714979706 -0.28566424154691916
0 -0.48627241260061416 0.25478258166075507 -0.01621825906997357
1 -0.44008475427722643 0.21790762416865816 0.05935704027565832
2 -0.41964584641815955 0.17273849802544006 -0.024418600589534666
3 -0.4722812398795213 0.16934415293578878 -0.05203049512106252
4 -0.3802551503082028 -0.1737955884794563 -0.08169469997126853
5 -0.39068923110865367 -0.22828011224909833 -0.2025069706138496
6 -0.4099877332628694 -0.2504387551732303 -0.0032034759676393657
7 -0.447850225355013 0.376460774387956 -0.16394082543801958
8 -0.45425819412974844 0.23460190068691303 0.18126701468137515
9 -0.41421367847793394 0.18066856932448527 0.0648495230101778
10 -0.37336357045674123 -0.34929303183538774 -0.18072587488739528
11 -0.4405283622629809 0.44977441921879413 -0.14047307082692767
12 -0.47444806692392133 0.1660942527296613 0.25355969871698886
13 -0.34541521510355794 -0.22850316447352323 -0.27753661478101843
14 -0.38494132151133614 -0.17634759997272617 -0.24542134332129595
15 -0.2777104847413115 -0.31359465050375945 -0.003008088484887067
16 -0.44674785817449286 0.26551105395540314 0.1303672258264066
17 -0.5110964661817827 0.2519901612140759 0.24618328663695652
18 -0.44648993795443315 0.24256643336864112 -0.07283472758775468
19 -0.3535305762701696 -0.2920766756560415 -0.20223658527478158
20 -0.46914833963911523 0.3743744725008217 -0.1889993009828784
21 -0.39793287158977736 -0.2940419951734486 -0.30666573239585726
22 -0.3734884366751594 -0.2481239052851735 -0.2298657429745678
23 -0.45086268826141956 0.2247673552547512 -0.0847433146401598
24 -0.4766350551286356 0.16169972134471788 0.04077334486670263
25 -0.5632668499241338 0.24681135116007574 0.07401108885899527
26 -0.4098198012397033 -0.2243148550221062 -0.13004972534015533
27 -0.45550263207599045 0.22512436789285403 -0.03126885001276093
28 -0.4814991202234288 0.25919075934530106 0.12253804559210593
29 -0.42360256159138415 -0.09034243467547055 -0.26836377736912265
30 -0.5056865524303462 0.346818042041648 0.1375293621480303
31 -0.3680047507285988 -0.2511833720640531 -0.2075882112068513
32 -0.3570462447664628 -0.28950353170520216 -0.07813065432598737
33 -0.5327762788512013 0.17194795755863707 0.021759719119581883
34 -0.4659825434495179 0.22267717280309807 -0.011924429811780195
35 -0.4578427762442437 0.32720092639483644 -0.07191921188515993
36 -0.48201887814003613 0.31008238169964797 -0.09831470710031716
37 -0.42904004093101994 -0.2689313478054779 -0.19378036177829214
38 -0.44407616438255254 0.22245480662510184 0.02370146922724216
39 -0.4704984047525776 0.149960276063133 0.10709722861254077
40 -0.40649261102242285 -0.2517623400830355 -0.19329728244283015
41 -0.4305077768442501 0.1592476151866767 -0.029468792714842273
42 -0.3205215977810861 -0.2123932239836336 -0.21028636578623205
43 -0.4758230898115108 0.19365454444642458 0.12864152746451524
44 -0.36553026075691214 -0.1968888599122942 -0.2786570020867005
45 -0.5001222613695766 0.20374548363258335 0.014039608580923279
46 -0.48351838220478804 0.18274176804789036 0.09200384529904337
47 -0.4728668952124077 0.27638948192252 -0.010301787794262749
48 -0.4747313058417622 0.11482949481959902 0.14668988552258314
49 -0.3738729357412655 -0.4126329655252894 -0.07444555297625366
50 -0.44859991676369876 0.14806403006367594 -0.054029692425362486
51 -0.381349864321681 0.28265025550683615 0.06376179998391687
52 -0.5246636638278248 0.28784642665760535 0.12891180253544815
53 -0.49313427371122276 0.20740197211796646 -0.02884874496210473
54 -0.44243458115356077 0.17608465224312786 -0.06099615568775623
55 -0.42120104544817855 0.2535286721925739 -0.016203004261916978
56 -0.4322676752740901 -0.16011489499048764 -0.06586923892265945
57 -0.3445738013882069 -0.19147447454231484 -0.11772167283454384
58 -0.45966353822444467 -0.23737905713863888 -0.24598327241795342
59 -0.6072996593124489 0.19542528790951694 0.11212217990568282
60 -0.43729168137749796 0.10193539887919417 -0.013758677539323801
61 -0.44817973689007223 -0.16711771578647808 -0.03930559557368476
62 -0.5469467338829509 0.13870205650322556 0.04785720858121148
63 -0.44655991334020706 0.1866436963819041 0.020734996396247284
64 -0.3430668676927185 -0.3601535555557696 -0.1138267157603171
65 -0.38579842446846074 0.2583580558296375 0.07658534781902909
66 -0.40322660569343555 -0.32396612361792715 -0.30558765804278104
67 -0.42868650906453726 0.37698531864576673 0.07752637474358823
68 -0.4169503220627424 -0.15353964860377683 -0.032157968912782185
69 -0.4332673321360155 0.3864294025306042 -0.0518715092484522
70 -0.4752897099555035 0.2885138730523051 0.026195300689718874
71 -0.21377204944834666 -0.19083264148304063 0.03787270657545687
72 -0.41269303614879393 -0.3632363449539234 -0.10859438468831069
73 -0.39672291350289496 0.18226745121670607 0.1225799598988973
74 -0.5400277137971727 0.2701360265815013 0.2561467727851317
75 -0.4222922497171713 0.2649451036045638 0.08231328025175208
76 -0.426941020084144 0.220774858529024 0.1400361326630655
77 -0.4421468384160688 -0.28205541846612336 -0.28254065831323705
78 -0.47827305385700714 0.32009191970264245 0.037590059711727256
79 -0.4078174310136613 -0.2679331028266331 -0.2429761856878712
80 -0.4874422186615233 0.19454918732633217 0.025582840858769742
81 -0.4984870179007338 0.21795950140937168 0.004136574401738994
82 -0.4357373505219833 0.2869008068211853 0.006474166927457054
83 -0.31445501756233946 -0.2516280684941206 0.06409901359287935
84 -0.42172773425625953 0.11626025228581482 0.1777914008111809
85 -0.39976205118429997 0.3804366344239964 0.01086693696286496
86 -0.48722099265121915 0.12882767769835 -0.11254282468216505
87 -0.4251163781243075 0.28054287954605023 0.24182781117176685
88 -0.46159475458718713 0.38009431335379495 0.22594899275338431
89 -0.46778524525401477 0.21846132177304126 0.23617584883361303
90 -0.33856140767082754 -0.15331552268464219 -0.21628515579923813
91 -0.5270745395486937 0.0921516643641836 0.08782743139272944
92 -0.42585432390155786 0.18425522935721633 0.004215837010531892
93 -0.501682907369931 0.2684929945100694 0.18748302946605688
94 -0.4924768124025571 0.29337030447241264 0.2365050801402771
95 -0.44037384866160045 0.16563041305157977 0.23041791760181937
96 -0.4324754585384698 0.2838203024324081 0.13214139534079503
97 -0.4730138653713136 0.23214108358433663 0.05800097483456344
98 -0.38017429812018794 -0.2614818422282588 -0.038004577449213324
99 -0.3552720919416024 -0.10494572909582799 -0.12366558363050921
100 -0.44881396253047917 -0.20222593420818313 -0.3841645800875493
101 -0.4823145637091357 0.36930851865799935 0.12662817869601878
102 -0.41361252314604646 0.17039481027697545 -0.08705107398736583
103 -0.4562528963466503 0.20476544441721217 0.18125620984881358
104 -0.5437744879051314 0.20252986778921941 0.08604348342536904
105 -0.37769696293563004 -0.3235628380424176 -0.19365771463418868
106 -0.5495108556730202 0.28695974912379485 -0.02481919300027226
107 -0.42107336750417906 0.2283579365178203 -0.15534989517707784
108 -0.3716246441783512 -0.2862276906797011 -0.17778235053430086
109 -0.3211036937710693 -0.2705685067852146 -0.14450371532695802
110 -0.37651954048768105 -0.22133754296722252 -0.13037611912866387
111 -0.3635377020367721 -0.37907877134840523 -0.09079067681729178
112 -0.4113605139063689 0.26488954532932646 0.006108250143623809
113 -0.5069700411626273 0.3139520785518925 -0.1307387504464108
114 -0.44635325302107676 0.05784899130717186 0.34884399705494856
115 -0.48927455524254365 0.28017244658330054 0.05625771076951625
116 -0.4902300759630995 0.3068017425516525 0.04411182256589466
117 -0.38875275656480385 -0.08815813254770061 0.0014199202470047
118 -0.4170877195465905 0.2101680164017763 0.0732171250501302
119 -0.47282806945545786 0.314971830249504 0.13375580134456078
120 -0.5018822507692442 0.2268567404206001 -0.06866310654585922
121 -0.3962432966934999 0.2813058931716163 0.02544826220944088
122 -0.42513014166757385 0.12500193019902875 0.04013274226776399
123 -0.3987338941325519 -0.07285664188906008 -0.11934019207199675
124 -0.41831588585036084 -0.21274873458804638 0.007702313988901529
125 -0.49834718417758944 0.32555838409747584 0.14317540164178721
126 -0.457674589166685 0.3434073798030553 0.2785711177993445
127 -0.47149112092215717 0.27821639794984554 0.20388138379269524
128 -0.31230105997080415 -0.24793225725146056 -0.14602655671462705
129 -0.61391806680031 0.2564587828555609 0.10789271605100348
130 -0.4083446914115724 0.17494409828454244 -0.06152920489835658
131 -0.38883504881152453 -0.1544683644597263 -0.2337131480748698
132 -0.4066590700765468 -0.2624358904922759 -0.17652164955920918
133 -0.49633696106281416 0.1945660221281635 0.12160862295779351
134 -0.5043291326881284 0.38098623860908243 0.1299898541035136
135 -0.43711540921830544 0.18757894199297376 -0.22457768530936376
136 -0.4941172380527126 0.2132993627586145 0.23538886273936244
137 -0.3540088926668326 0.12213622033868707 -0.04223381875520074
138 -0.4052998599792401 0.2721548551318234 0.07871922636657602
139 -0.423239051589205 0.25507176337239473 -0.0030703385198068847
140 -0.45138523664887514 0.28971199471223186 0.12335496288057109
141 -0.38318448754908335 -0.30130263888469416 -0.07473287395914888
142 -0.5289453430734188 0.22684733592260278 0.1737159153354424
143 -0.4583193685346488 0.12188383210972525 0.204332355142567
144 -0.28247683449638605 -0.07599209797731542 -0.18105474329909996
145 -0.3179840242767033 -0.13993587288629997 -0.246512141921742
146 -0.4461864693766193 0.19069771026485707 0.18729612192893078
147 -0.4637443134444339 0.13001356754024618 0.13906148675038763
148 -0.30810773647993 -0.24301918476168283 -0.2936117239044642
149 -0.3843393671598926 -0.23060889265713924 0.02463252081884783
150 -0.5040379393677966 0.28345305278608296 0.14512488410000107
151 -0.34917740737422437 -0.22190981707291352 -0.1957168328541998
152 -0.38641951028771065 -0.1551983065221102 -0.3267018814919666
153 -0.43732085572996154 -0.002116347848195033 0.19553173150375816
154 -0.49711736559813596 0.29697321751546696 -0.05839077691484613
155 -0.42403653069124425 -0.2939852596863724 -0.034587240987468425
156 -0.46683367847077906 0.20800133418425748 -0.025383727931169917
157 -0.4399968530614036 0.24099096394218347 0.23059483390838684
158 -0.3562775122721257 -0.27436546810591345 -0.13413873800808487
159 -0.4902457464812883 0.20266938056448985 -0.11905935673886793
160 -0.4703097647607981 0.3043947017174128 0.05145328552191511
161 -0.5232382316265205 0.24388957363142724 -0.016421911597886495
162 -0.4819470792593488 0.33109070336541435 0.1517492620709731
163 -0.41051936865024063 0.22045036374514776 0.1031074656588261
164 -0.36188963710658806 -0.2713320420007494 -0.33912375351331836
165 -0.43092316473971937 0.18907956951102378 0.1970368769202861
166 -0.5346305832133732 0.3711835636087751 0.13651687935065154
167 -0.4262280980821426 -0.4464396604597181 -0.14117676070251717
168 -0.3555757908170494 -0.1305693796568833 -0.16174716833805472
169 -0.4511242085909947 0.17026367101097606 0.07245475191191177
170 -0.4657243329509191 0.2016982979902467 0.0492849173014312
171 -0.4126701325144559 -0.40203283211274404 -0.18369089559152021
172 -0.49194145331309946 0.23083833165864176 -0.08230899821647093
173 -0.40714294769947745 -0.38103213146058607 -0.24182304879895886
174 -0.44366785245673096 0.048000670320644395 0.07307531065726929
175 -0.3985411047007459 -0.362919991276251 -0.2598620842497214
176 -0.4286115525936386 0.3347400791645616 0.1989442695351936
177 -0.48360138158172866 0.22213648201786396 0.14358254459213943
178 -0.4694163853359018 0.37925144164210195 -0.03994597489013079
179 -0.38698520344682735 -0.3313565650151022 -0.1427125318359491
180 -0.5099964745029475 0.10158903003152803 -0.022626207886512022
181 -0.37801675055526274 -0.2625063510625123 -0.21958302432245005
182 -0.5434762410567391 0.25606146318065076 -0.04160384920190041
183 -0.48072691066044343 0.08985149584192648 0.16059647444530123
184 -0.3926875347998032 -0.22873994182253993 -0.08026560943865181
185 -0.5066772727398424 0.23667018168497134 0.17697477281109458
186 -0.5253035797095438 0.17013366751589162 -0.012031828331448719
187 -0.4468675115966033 0.3439333386519832 -0.04829665081310376
188 -0.4149517367636689 0.19429675643974137 0.018515297440840704
189 -0.36061822953420397 -0.055497936300292955 -0.22156739362431468
190 -0.42327096186468566 -0.36445872925995876 -0.3358903797484798
191 -0.49685282104670664 0.13558040478098263 -0.023702875702584284
192 -0.4418142182626864 0.14764920103428036 0.05234865791808532
193 -0.41394697348634685 0.3325322027913163 -0.25037416706267446
194 -0.41718222842984704 0.41185725006116247 0.0529139915168899
195 -0.44396555222288864 0.0452287960730491 0.2559987394443402
196 -0.5411789057716946 0.3137744491196819 -0.03434334876205702
197 -0.47073386796615085 0.2387032626890752 -0.06739505951538233
198 -0.4779229707907839 0.2909666491268959 -0.006035836710210806
199 -0.478436191770168 0.09954232048751822 0.04652197761879165
