200 3
0 -0.011162877986347096 0.0063390846015392915 0.02569148939534565
1 0.006340496148678751 0.033284153402478436 -0.015176065797917429
2 -0.010635661525305026 -0.002758474968788272 -0.02635918994783476
3 -0.013541047151490099 -0.010575739361265643 -0.030310675359622067
4 -0.003082885480732038 -0.00816402443359129 0.017646351802095152
5 0.0026371329632732463 0.0002508366451693788 0.012564113837287075
6 -0.0071199267319610945 0.011961321445016118 0.01973294577577161
7 0.01084555276933516 -0.016004872806022107 -0.02181769793832298
8 0.014016178834850665 -0.017145759259191568 -0.01659517169156378
9 0.007297593401254241 -0.005093001855319096 -0.024348858833917526
10 0.004506018286776632 0.009750311440341653 0.019403611429164795
11 -0.017236186866265192 0.026232930697749013 -0.0174508869746249
12 -0.009441961647706493 0.0006703520515745492 -0.020322980387513984
13 -0.007448333353797017 0.00471253669007159 0.02593149797695151
14 -0.0018338246749863008 0.007221055847643234 0.025287366842219272
15 -0.005270069401905157 0.00037711336498257725 0.036734308742576785
16 0.0036427819518635163 0.012009175379045903 0.02536670025428689
17 -0.006870604328156463 -0.004728156209928612 -0.02060381928021997
18 -0.00941054512001717 -0.012898846074063934 -0.02276957609126047
19 0.00016478278356680913 0.007793112269786059 0.025895667545976747
20 -0.0038545865549861535 0.009026540737495245 -0.022578988331181642
21 0.000575742380293547 0.006887909731219259 0.025458538874685896
22 0.013011882842121 0.0060418447942366775 0.03522979242264779
23 0.0005821405594538531 -0.00014686889115752416 0.028761631168152973
24 0.014781117568408782 -0.011512832439395784 -0.016020560210004524
25 0.0001243197769716705 0.003544615362418284 -0.018370682544261826
26 0.0033531564483580342 0.013511250423688812 0.02713390033749013
27 -0.0007151156275687909 -0.008907190046322212 -0.019236882790237567
28 0.0033289799680794596 -0.004693922067331852 -0.024966510918701786
29 -0.006553777673738537 -0.00033005404024932794 0.02437468834205512
30 -0.010266911976420101 0.005411668647759797 -0.020842274404337283
31 -0.0009948578091541144 0.005627011597905856 0.03409738723878812
32 -0.021426634159526614 0.0052135685367337235 0.027752395945311627
33 0.01273370942221981 0.033730986807149366 -0.014858569404255478
34 -0.0004042087737135486 0.033467510874594625 -0.009542629500219946
35 0.001813588490748825 -0.012115913377666154 -0.015346446935769267
36 -0.004696301154282139 -0.0016575596708724091 0.0327426236189399
37 -0.005214050442418003 0.002836213943877611 0.02375648248727443
38 -0.002099622158849856 -0.016939226663402696 -0.025327356844766738
39 0.009986291479110773 -0.0011063818674273886 -0.025869532229918852
40 0.0030506722745308494 -0.0017203096790858081 0.025155539099975442
41 0.00013864916574683576 -0.009697674162905283 -0.021407951641289835
42 0.0018550391361975768 0.001116170184522619 0.028778060066927947
43 0.0025848815725349316 0.01691254091619443 -0.011280955419274645
44 -0.003094195386918029 -0.004394834662404479 0.029287946884132374
45 0.01599902545829169 -2.9668691516448326e-06 -0.01653792625739054
46 0.004442159888279262 0.0025267389720287046 0.03286712519766621
47 0.0019484767930911355 -0.0032293498338426957 -0.026800884164134706
48 -0.009970669608307198 -0.007004248965386015 -0.030236913698764738
49 -0.01494349154279137 -0.002638532934023748 0.02196769219020287
50 0.015265576501989925 0.030252129226604224 -0.009175823039186404
51 0.0013880501101474 -0.0009595705473270308 -0.018636287809168352
52 -0.0055576548518939985 0.03138778744756307 -0.004914975634101017
53 -0.015605242574483855 -0.01118957312451779 -0.035459127406949585
54 0.006386314928758914 -0.005593486675262809 -0.01995365609842275
55 -0.0058407446901757865 0.025859067495978827 -0.005162484235699982
56 -0.000622808801174107 -0.0006560908771329945 0.03807454552049076
57 -0.0028107515875121624 0.018650339035945727 0.02057336338577473
58 0.005876466532364441 -0.016867436195695806 0.02185115878605258
59 0.009739872603624102 0.011000384447284794 0.02354896703381349
60 0.008150745525741368 0.012193641002119006 0.030061639518055246
61 -0.009577244702006958 0.003854886119696123 0.034666129121108065
62 -0.0003949417180666437 -0.014164754860693764 -0.020353953955196315
63 0.003004857694741278 0.003006968251259445 0.012719322609586987
64 0.004198004692828879 0.0057951679763776805 0.028045113465932463
65 0.0028576129805762823 -0.0053226212472616 -0.0298534439884971
66 -0.012588723248485909 -0.0014019040559331147 0.027255388037707468
67 0.0024963797948156473 -0.016220144380317235 -0.02256685340849176
68 0.007125484569511268 -0.003202422208303926 0.02789094873206681
69 0.001839706459308507 0.031591897914704264 -0.011200567802242357
70 -0.008208295384096793 -0.013986297464405092 -0.022401897927753107
71 -0.007687570469078336 0.0018994306692017501 0.020850342520116173
72 0.0037594544225825824 0.003759965279670362 0.026838049987584666
73 -0.008194673334304056 -0.013464577973398624 -0.017140022992416817
74 0.001047844581287219 -0.013860538051379247 -0.017506275730656724
75 0.0014481303489247248 -0.0005880903495852359 -0.01360895355538887
76 -0.00695907651469279 -0.00684612363497096 -0.026702567552854273
77 0.008814035871023921 -0.0034649364234375962 0.028462512711161455
78 0.005609990427574582 0.01110095944975828 0.03781690585132255
79 0.0007270153102627158 0.007534414605661347 0.019486853487575534
80 0.0035919111411522008 -0.015057151496915305 -0.02697118613983437
81 -0.0014645993909346636 -0.0001602255358989892 -0.024058575274243203
82 -0.00495640965471205 0.012736665505814159 0.03113084671326058
83 0.003904337325672542 0.003030930446243499 0.021138755039870387
84 -0.005193568559063732 -0.0016795212957197783 0.0261360670986898
85 -0.003580978037592837 0.005234706888633641 0.027395928116859543
86 -0.0020678912140643865 -0.002566419212082902 -0.02083031430892257
87 -0.012792789872996917 -0.013950346399764842 -0.01552030198959516
88 -0.010044399932828962 -0.0017564170347444813 -0.029765440734818467
89 -0.017223588026047204 -0.00970009854057071 -0.02080540295312583
90 0.0047336134732747035 0.007810132402802421 0.008782692179324751
91 -0.004883488509447705 -0.0029384933229898618 -0.03136193506571586
92 -0.0025463929237067324 -0.00879496227210036 -0.034929585315112165
93 0.0028772379705135076 -0.011222006099579277 -0.021926440956467876
94 -0.0018832206855580926 -0.011494819478100285 -0.012214475016673405
95 0.011322261422807137 -0.01484218576016208 -0.022475817064493243
96 0.0034291124566937434 -0.01584039736008478 -0.01397748401339009
97 0.0013324485711879311 -0.00859991117062347 -0.02456793526415931
98 0.0001675887978383299 -0.0005813889368634084 0.026733144240228893
99 0.00186276606633878 0.002079675116184003 0.026374397900326033
100 0.009791794221291054 -0.0020545382769667497 0.014630730597274759
101 0.005007496509133208 -0.008246168961316 -0.02150325294576569
102 -0.004874062522067589 0.003129062370596543 0.02352258024445116
103 0.005200028088568509 -0.009323062256709154 -0.018416055713804634
104 0.004450024544129398 0.030405881571852283 -0.016748257856628992
105 0.002956034444740725 0.010937041140153186 0.01417194390605727
106 -0.006544682751740652 0.0013142166879105376 -0.019088308513723812
107 0.006058996178369309 -0.01726101488052887 -0.02219145501775374
108 -0.015673138542788123 0.010070584997247185 0.02355256234722381
109 -0.0017661909922359635 -0.0020943407998423756 0.021121550469866093
110 -0.0032636153217670064 0.010572687238002913 0.010351560535130214
111 0.0072946030705020315 0.0008708374768182474 0.01651368706175197
112 -0.010308858222895567 0.020455584827604498 0.0015926388214370264
113 0.0057976111165258404 -0.0033444307637606058 -0.022208727281426296
114 -0.0058791937881773615 0.00011701408522685197 -0.015546071696845385
115 -0.005390316469950418 -0.019382601408100393 -0.016382654110190756
116 -0.013550639134789683 -0.01766228602636296 -0.0227940468344665
117 -0.0057706701162239405 0.016852602570077597 0.02134354895170859
118 0.005474297176314127 -0.020633247184558022 -0.012530032193386755
119 -0.0011688204273072426 -0.011967142098242768 -0.02701334441524575
120 0.008616203558917054 -0.013426961876032557 -0.02209291580696366
121 0.003079473974006812 0.0008317165247649569 -0.0311110105402339
122 -0.0026365490823854493 0.0013731821045780135 0.010482125164176442
123 -0.007408938655630366 -0.0016193584689056274 0.02439070339583211
124 -0.02110695711464411 -0.0025095156033931934 0.0193449310735581
125 -0.012714745219838487 -0.019895098576706252 -0.015260751639533082
126 0.004465180459104106 -0.01011493615345873 -0.03063452649984697
127 0.007520001419172723 -0.010550190075362113 -0.02072971834755269
128 -0.004805186848830457 -0.004746998921738854 0.03494739316882625
129 -0.006774234599979681 -0.013023717253540307 -0.02755214510715088
130 -0.014856194399640608 -0.00842473324715931 -0.02156270798042042
131 -0.006183487735999875 0.008579055857865468 0.03500379994386824
132 -0.0010934589652581567 0.002679926172565535 0.016234562207938202
133 0.014998785080775512 0.006499301183233188 0.013256178672935548
134 0.013478496552196597 0.030833086777870458 -0.017305600171016754
135 0.006548643206173054 0.0015628830027094344 0.035488501166424484
136 -0.005797635710937481 -0.010582094606122399 -0.01978876503656289
137 -0.0015928733130009072 -0.009367362606788561 -0.017942203903620203
138 0.0043125039859304645 0.012450218273330779 0.005953305799471294
139 0.006641062713843328 0.02910553910231664 -0.004736118158394705
140 -0.004349020443547513 0.03312266994738619 -0.008966633991557182
141 0.007289225724450857 0.007702640801229559 0.02300448616207413
142 -0.007756629762893688 -0.002146665731657048 -0.02518462696519984
143 0.013017472308055611 0.010030069950594843 0.017025933680632148
144 0.016285575711598527 -0.002252936437433327 0.03085293184725879
145 -0.004022417512919332 0.0060474118932099755 0.012759763697763792
146 0.002722493611990562 -0.016127033127369662 -0.023773436395167512
147 -0.004015286777255472 -0.007403914296109655 -0.0246905038106359
148 0.02735819254686145 0.003127921549587895 0.034359931924256126
149 0.0013049266445084653 0.004049900063317409 0.021216792295444084
150 0.01955475264538581 0.03368374083984821 0.0030715719170869363
151 0.005702176520478932 0.004351427626009912 0.013528344788553512
152 -0.0035803695064773097 -0.0018256762826489893 0.019445907947747733
153 -0.012981993325432054 -0.008267416058404694 -0.015194674277014167
154 0.01859442794007539 0.0209772858128318 -0.011328880037107414
155 0.00888471551818111 -0.008391674142184516 0.017937133511955486
156 -0.007722697894791165 -0.009613727216277061 -0.024661244964763705
157 -0.00567487682553559 -0.01960293882439921 -0.019539842066894707
158 -0.00956941921399572 0.008261138092860158 0.027987820632348046
159 0.0019780766345298094 0.0014324796072744759 -0.025592382737722512
160 0.003927604216306351 -0.0040466885693432215 0.027061063960702056
161 0.0006108282104412693 -0.010470299977439868 -0.02707206927163195
162 0.0054494502585147875 -0.0014501447582317799 -0.012197579296557494
163 -0.0002589931312486967 -0.02195642102734246 -0.027665146483186014
164 0.003257378056259034 0.013430651259003577 0.0325991398233341
165 0.0006161591843444995 -0.014007443236521621 -0.02559202490547465
166 -0.009867292059498309 0.005767623794802983 0.01902734018592927
167 -0.005368147910077184 0.00674784675839071 0.021673661715837136
168 -0.005436279129839183 -0.0048649540754515065 0.031753949410492546
169 0.00043561451510753645 -0.010310631710210781 -0.02056535526321241
170 0.0008593733714621007 -0.014136850867777892 -0.01589692244135412
171 0.007796945095607306 -0.006246142968080633 0.022206838444080675
172 0.0010443811874584798 -0.015634949552148378 -0.02857457606916148
173 0.002647851188045787 -0.005896871391334643 0.03340973679407941
174 0.011879223296207206 1.0738473233001117e-05 -0.02540278241770339
175 0.0073649257937242266 0.0009483954855804763 0.023572665742684337
176 0.008605743225179801 -0.017917712975925343 -0.022606195451584793
177 0.01668677297437164 -1.5561060534376864e-05 0.013028960240336247
178 0.006139729454538103 0.024577290792398426 -0.004515916677229843
179 -0.0014133065962037145 0.0035929244251722376 0.007703345653076954
180 -0.006454367649543404 0.005541537416820429 0.01789032846426799
181 0.016394846680637773 0.004491081470738786 0.020260406989726833
182 0.010828042348829725 0.03149793001262691 -0.009229714220402453
183 -0.02196151668687328 0.0008753538762480209 -0.027154210749234034
184 0.004840960819450312 0.005165133674901241 0.022737526600853347
185 0.00817351426361039 -0.0019747143436351852 -0.018804963784912816
186 -0.008689265306827652 -0.013901064896361528 -0.019811259296273143
187 0.0028907914385512337 -0.003897919364077478 -0.025445046993157007
188 0.002656826868143905 -0.01385051247466492 -0.017312887382431943
189 -0.0002397960413394809 0.0052693513615765415 0.02768526339653716
190 -0.004510643244582405 0.006202529039023234 0.017088984101194433
191 -0.00013383452017905195 -0.005277618566493766 -0.02457216249460175
192 -0.0025199327402367147 0.031180629521111503 0.002130419515550888
193 0.004207594345159944 -0.010701232795419327 -0.01033822440944379
194 -0.0027732228949901285 -0.008725756650158312 0.030707434512174267
195 -0.001406313973449114 -0.006049595217701313 0.02386859097355895
196 -0.0038795139589465656 -0.01143626308166263 -0.02396759509825748
197 0.005466393874296434 -0.012505317863020414 -0.027344912847216733
198 0.011385735805904254 -0.0032510316709093295 -0.021840930605704943
199 -0.003461162325940643 -0.01480756037624057 -0.024492044709119053
0 0.002229568644422489 -0.007103535274031703 -0.000539901062653475
1 0.006404032605789214 0.027749095627066594 -0.0009977501829292953
2 -0.011459741444231702 -0.01249024643925059 -0.0024833763026976957
3 -0.011181805702600467 -0.009806430952083015 0.007200928534810649
4 -0.004859928606406154 0.0016979837479581192 -0.0021075512932850204
5 -0.0004470897290349343 -0.008512120265181814 -0.006012387486700813
6 0.0017546420471698403 -0.006120193764670302 0.0028953812332533843
7 0.007758499880594363 0.0022001688255673065 0.006232373037855593
8 0.008405178231137428 -0.002733451085710978 0.008039063152376989
9 -0.006116672320278883 -0.0010427118326176371 -0.007334546217951585
10 0.0014307657407640912 0.0003149326911175629 0.008371203011046567
11 0.003784658647891098 0.026665992047044063 -0.012919038003645099
12 0.003907662838299165 0.0006249046323348051 0.005881530507589633
13 0.0006248427240407965 -0.00029586905453491373 0.0004034059528646994
14 -0.00742065902597195 0.002338321208286656 -0.002566689645615308
15 -0.002875752989615961 -0.010211364906325668 0.0042656915851031485
16 0.0038725998585319235 -0.0018655157198318104 0.015203506734215555
17 -0.009335411278462054 -0.008535741818405454 0.0006461784243597321
18 -0.007279831086153607 0.0006386876417876566 -0.0017105553016033767
19 0.0012397417686780834 -0.0030414962130412074 0.005525264865229876
20 -0.00348795453266972 -0.0032580476141465115 0.001366347675481612
21 -0.0009709295404790219 -0.004119193880440409 0.005031464736298202
22 0.00833382537547192 -0.007102755095576316 0.0010788642388507574
23 0.0032340330055794855 -0.009208217441851949 0.00212054989679783
24 -0.0017754499073269966 -0.002613924344854676 -0.0038121145164204395
25 -0.004927380838589445 -0.002668573722660092 0.00017351158616192575
26 -0.011114826719262845 -0.009448990283212258 0.005030429946194279
27 -0.006648471132969621 -0.0004970377933866468 0.0011241586070800946
28 0.001937427582221908 -0.009633886014127402 0.005492092389509262
29 0.006356020725005327 0.0006270538555843037 -0.0013436936709892433
30 -0.007142569364206604 -0.0068259101744711365 -6.623926819720322e-05
31 -0.001787497711422231 -0.0021582935541462588 0.012692230881270708
32 -0.007608994190584362 0.006433047869883588 -0.001147886411336202
33 0.01437979298456122 0.03624308857732836 -0.004126963122367058
34 0.003556690510889988 0.03092534625600432 -0.0010762266548743835
35 -0.00435090760758991 -0.004533202175913947 -0.0024761917943733752
36 -0.004248245677304363 -0.008864203955745678 0.004942203146161062
37 -0.0073459708150708375 -0.004344130230349357 -0.002275234114410128
38 0.005157581642515202 -0.0020562060135823 0.004388559108076263
39 0.004872589170654307 -0.007025700726537293 0.006850673149120377
40 -0.0010977424892210253 -0.00048558838612001304 0.007538932787016506
41 0.0027893674597029494 -0.008589418700500236 0.0005555716736162439
42 0.00435345036523715 0.0060597679314481545 -0.006196566774560437
43 0.005774303320590752 0.0299689801159755 -0.014779119419874538
44 0.002960924587749614 -0.0064386047936732145 -0.003668433011960931
45 0.007224676826356136 -0.004807365420523737 0.0008671382112411807
46 0.00034635057778584916 -0.008629404173744946 0.007383971888897875
47 0.0010095803000111092 -0.008206201652819142 0.0025528052472133175
48 -0.006732449820292329 -0.0014844321096086736 -0.00467007545459712
49 0.0008617388711254503 0.00036658302980079223 0.008612724429031444
50 0.015770238452304575 0.029956028996914602 -0.002618393330111969
51 -0.0016242728626738659 -0.011608344506251799 0.0032123216464595428
52 0.003739548544210835 0.02065908898402724 -0.016026128650473447
53 -0.007658794004074945 -0.009133060191760443 0.012121155453819782
54 0.0036576477355798817 -0.00339517918237234 -0.00010506255123123726
55 -0.004336106490866437 0.037980029737028353 -0.009838343262734313
56 -0.0031696684032075616 -0.0001396888788720435 0.008470236382475682
57 -0.0057218050821334545 -0.0005427120820044457 -0.0037838157540205086
58 -0.00022249829825207387 -0.00752044433066059 0.003585784761725823
59 -0.004274063837107281 -0.00652344487115222 0.004134952844413647
60 0.005933613026456744 -0.00866213715310068 -0.00016965105028914074
61 -3.0280968663087826e-06 -0.010432432817385285 0.003182676078087837
62 0.00344442649588754 0.0002572223999938311 0.002159366408917701
63 0.009821086307275566 0.0005512275117533954 -0.005725045586315827
64 -0.0013984662087888726 0.0037733407001472596 0.005903044408668873
65 -0.0013475969645843425 -0.0023374225519495542 0.018312476111422837
66 -0.005731575029950503 -0.004128739418115257 0.0023537207784532915
67 -0.0027922164293873557 -0.010843479956929525 -0.005515498111791715
68 -0.005505856579732262 -0.012717116803758137 1.8558612653790663e-05
69 -0.0027016791761494325 0.015967682325057492 -0.011337821351083889
70 -0.0010052903511252667 -0.008096532432909885 0.009652814830982001
71 -0.0067134404670243925 0.0019516927149769124 -0.0017496321560158817
72 0.006228586722424045 0.007860860782695642 -0.004165522788248006
73 0.00042147753995299894 -0.0054096196495975885 0.009352334001220583
74 0.007687426056555674 -0.010873969269136988 0.0006364261130387822
75 0.0027077628468936688 -0.0010237561306939925 0.005407933404783662
76 -0.003478883793965687 -0.004330494516678009 -0.002786801812149728
77 -0.00498588397012752 -0.00038380459625529667 -0.004071941368586664
78 0.006800633214358517 0.00107637632386013 0.002620600527360406
79 5.901042375092147e-05 -0.003915060067256629 -0.007770824115497253
80 -0.004007416600710818 -0.0010413235109289279 0.005335893806153791
81 -0.0010400755246984944 -0.008453460419999982 5.929691628314693e-05
82 -0.0024301782769669614 -0.006052787303549179 0.0009667408681688083
83 5.287768594560132e-05 -0.006448743596104832 -0.005229852190324909
84 -0.0011064444945492885 -0.003795273838942504 -0.0019941041554682667
85 0.004278017319718715 0.0012773850957633198 0.005780219657451291
86 0.0020033546978435943 -0.00624287444055828 -0.0059409584294352474
87 -0.002860611009668168 -0.007691344493722808 0.006774467985948364
88 -0.008332303419496478 -0.0016344530648260205 -0.004631060837608683
89 -0.00012552609368784995 -0.0032311745222447334 -0.008707753979949204
90 -0.0007190636323305161 -0.002236612835693403 0.00818174089544279
91 0.0019324620313916647 -0.005665731574238849 0.008935234370535693
92 -0.002314749443667387 -0.008147418192936972 0.0007109530318605006
93 -0.0005310046439793784 0.002438189650053218 -0.01018974506635089
94 0.001645023122511309 -0.009328827984209892 -0.0006369787099165525
95 0.004660216567455175 -0.012615185115773031 0.006380887496555805
96 -0.0004935062031632617 0.0016258928021196384 0.004870885964348821
97 -0.001195981042849393 0.0019555588981137358 0.0036536418777610435
98 -0.005133254418129233 -0.00426061987104172 0.010358205701021847
99 -0.006423680820203878 -0.009506336939302635 -0.0009182912116714667
100 0.0007783177841898521 -0.010093110664587249 -0.002474560282042876
101 -0.000703724556033139 -0.004764143167623493 -0.0012295860836316341
102 -0.004327422753007661 -0.010074012722434463 -0.005843690699001987
103 0.00816092647638815 0.0006499613036752118 -0.004352864206461297
104 0.009211298880477961 0.02481874767691869 -0.006673964163483391
105 -0.0020190002899642574 -0.004897504966964172 0.0027066871934199044
106 -0.008393978408822514 -0.0009570419879732887 0.004133257930498263
107 0.00635861749460424 -0.0025477931648369145 -0.00022251512596892925
108 -0.01159503704983468 -0.0007070417781649407 0.003565872622599546
109 -0.00518338408442169 -0.0033287542796635186 0.002594961690412151
110 0.00386861290937366 -0.0038260272052791436 0.0008016662516308337
111 0.006723823650027896 -0.007142322572724796 0.010824600740972821
112 -0.004258053554808711 0.01938750882861419 -0.007016126356479118
113 -0.0023796979526357013 -0.006048977076580789 -0.00914558925380042
114 -0.01700517078514205 0.0012073464099950186 0.0029242369350353237
115 -0.00751260854570996 -0.014809837499312806 0.0036102086436084965
116 -0.01121072049481224 -0.005198399251435747 0.005578163239020967
117 0.0022210872316183617 -0.0011541953646237307 0.006458287383537473
118 -0.009749328459260216 -0.005386764712333861 0.004677024310535925
119 -0.001616333803461218 -0.007464491018881844 -0.0032396557303996792
120 0.01778552281457256 -0.008766364412008343 0.0024608331240192904
121 -0.001175757524604108 -0.005687858127071364 0.0021115267059652887
122 5.809240554658507e-06 -0.0004056155591691179 -0.00448780402740645
123 -0.005739812938982659 0.0005643784367687851 0.002426959386104835
124 -0.01882565955514448 -0.002101457340428485 0.009708979065341926
125 0.004599573419028273 -0.0029663626829919618 0.0023738910953911216
126 -0.0009281171397674086 -0.012631214506240232 0.0011819916604403624
127 0.0017957391344706891 -0.002369515770679377 -0.0073676042219377805
128 0.003037375587353428 0.001490549503212306 0.0031139183842205514
129 -0.0028331367716530123 -0.002283453624481461 0.0005946375950656169
130 -0.006204506980081098 -0.0007467144918188624 0.0029374859709742143
131 0.001749164286094309 0.005388672026283806 -0.0006440359560021675
132 0.0011637280487191391 -0.0011636088088865096 0.0028951586598805895
133 0.012703097227944757 -0.0011078448724156677 0.005018521948071605
134 -0.010886442181847027 0.022813119294694567 -0.0024446510095571528
135 0.00016521045771300188 -0.000848543986188461 0.009381802814578108
136 -7.781280758678696e-05 -0.0065629041701747645 -0.0024910915777149184
137 -0.004949770058042504 -0.008152297398709958 0.0035866108520698076
138 -0.0005757462804239083 -0.009557990381079708 0.0015820845198099565
139 -0.005439007348948487 0.027936580984583056 -0.0059172824376587385
140 -0.010467679070937139 0.01593987889917506 0.005310526686448325
141 0.003297215757153568 0.002768221688949052 0.006661680228640762
142 0.0016233270823641198 0.00180865843476459 0.006218696782158889
143 0.008486468282480647 -0.00889534169605487 -0.0016106514397577695
144 0.011486971484811148 0.0031888842096299145 0.003726277399305117
145 -0.012085340372293786 -0.0069170673433155295 0.011650589174931426
146 0.002280200820144976 -0.007898991002682973 -0.0003856506592948006
147 -0.0025118020109592756 -0.004990293666387469 -0.002675868442509083
148 0.010320802994472605 -0.00891898551142107 0.01098915276555995
149 0.0039230808919397085 -0.0034596498871038717 0.007197516328173288
150 0.014984187430819557 0.018886391055170093 -0.017746599599863806
151 0.0018824693447145428 -0.0028109767272305047 -0.001992119454436926
152 0.0051714938181743 -0.011797503769337091 0.005648050283674801
153 -0.0033638716286275017 -0.009714119767005012 -0.007291546838225339
154 0.0035892401805590196 0.02997772444044508 -0.02210783520535252
155 0.004358184812256975 -0.016915006078768835 0.0003872260217815879
156 6.387068782812838e-05 -0.005658501591277738 -0.009590670756134761
157 0.004734599829238479 -0.0006341310091885349 -0.002253814506617907
158 -0.0064595822407566145 0.009505128648971253 0.002915622127560774
159 0.004000614820433835 -0.004810810766900437 0.004032798047195682
160 0.0019236420987005353 0.005866087905081065 -0.0013968399673602028
161 0.012856392324899255 -0.011985142803628841 0.0007770571231145301
162 -0.0001344074315105387 -0.004157630458161102 0.0038999126589118888
163 0.0011974764506554412 -0.0021172439980984906 -0.009208085831795679
164 0.002211587941351661 -0.009165723640346613 0.0009182341887772616
165 -0.004621069614990116 0.0030309298859241864 -0.010248134744539339
166 0.0012649659370639471 -0.0043717795844735105 0.007526849924142681
167 0.0007051238067364504 -0.01333029596158299 0.0016713186792314122
168 -0.008977980615056072 0.003598543227881893 -0.0009367387234170688
169 -0.0009531615594036286 -0.007855759683996419 -0.00046367909039968236
170 0.009148730365922106 0.0016024782577771408 -0.003724533677612281
171 0.0038694423586010315 -0.005026357483134399 0.0031684043960301805
172 0.002158132453381159 -0.008623790094709365 -0.004554667680253532
173 -0.006447992061190011 -0.0098709132758584 0.0028825450422374083
174 0.009278058419571286 -0.008431609595634557 0.0024156392504215488
175 0.002322417254827895 -0.003300424143945928 0.00917663035535679
176 0.003551782737421995 8.653146361739528e-05 -0.010848802082065886
177 0.007036110836797879 -0.0016567851516537946 1.0242214808532657e-05
178 0.0018216917615419825 0.01845139457380826 -0.0018729037421241768
179 -0.008283003684736084 -0.005363905569782633 -0.003026574800798064
180 -0.008900249233088395 -0.005025643614277356 0.010597952502796937
181 0.012376213939419942 0.0008223804235935502 -0.008763516151965911
182 0.011027457182227779 0.020772749018894907 -0.002122354085773666
183 -0.015417617347590784 0.0018345882530076373 0.008779577567514477
184 0.00016159677046068604 0.003021564915387947 -0.0051892110869711655
185 0.0003271100709503344 -0.007527957843867627 -0.005834300713863372
186 0.004539336412675968 -0.0037872096703014738 -0.012950411364328757
187 0.005012562876291406 0.0009334857853236303 0.001866025925172557
188 -0.0009998091390609753 -0.007910486633542331 0.0036013188914642835
189 -0.003463751072437996 -0.0068461125003657225 0.008255652132120497
190 -0.007163060552049856 0.0023444302750264302 -0.005007336974983255
191 0.004377439915581408 -0.00785853583712106 0.0006511027307001746
192 -0.0049902164402646845 0.03475789518964277 -0.015355443925907035
193 -0.001670223371399424 -0.004729807454558654 0.012265198417034422
194 0.003154589262295996 -0.007067150176219679 0.010732099796999864
195 -0.00046205373470946734 -0.01171914040310705 0.004198834812552746
196 0.0035370804951472268 -0.0047087326154484285 -0.01487504262574671
197 -0.0016487055084194787 -0.00642156279703944 -0.006162285364231884
198 0.0020868408419130874 -0.0006411242222438308 0.0036953451927708297
199 0.0032202730482127455 -0.010698481456721406 0.007012760099303489
0 -0.004889787673848969 0.004761527482190347 0.026222115584654718
1 0.005780220186580996 0.0010058478253550385 -0.027557786219592397
2 -0.01028645769468424 0.0013662003391058108 -0.019818636983650204
3 -0.014864252526471708 0.004448072996440698 -0.021802272720760157
4 -0.007077029881216404 -0.00325915376197642 0.03290728720545749
5 0.01145397668732476 0.004071485828305249 0.026073903454709335
6 0.005417875303528914 0.010141531367112658 0.029372795563818957
7 0.00030114854075642683 0.011942192225236287 -0.01178212114711006
8 0.017218458609040768 -0.011955077545017151 -0.017247657467002242
9 0.0006512688517447268 0.002214778735634953 -0.025885703092953585
10 -0.003362088662226379 0.004928581651025249 0.02540591333662974
11 -0.00907865750699581 0.010209872795933744 -0.020237257458080873
12 0.0034710413323129257 0.010252281110070701 -0.026796854192249444
13 0.003502591479331057 0.001730313519310361 0.024142271231541883
14 -0.0033241030253964576 0.004597638460517944 0.031006417518317474
15 -0.011325371284781033 -0.005264522404907587 0.029076626991995064
16 0.0017522199194043367 0.00791815833277909 0.022957289410978778
17 -0.0034756977430158084 0.00730270820684897 -0.01952682419446607
18 0.010661202909415208 -0.0031762552180107997 -0.019393634880794923
19 -0.000596502705667335 0.0057734846102813694 0.025066671403482982
20 0.006408403687441881 0.006479953878904616 -0.0179212155061899
21 0.0018021439148850444 -0.0005070381216759016 0.03150003351510323
22 0.020384619743434917 -0.0020013614980413444 0.03532588161123512
23 0.012230562835618422 -0.013830991334027994 0.020862915336104258
24 1.5149894978937206e-05 -0.0013517729408519044 -0.021199916607278164
25 -5.5719193143503876e-05 0.00594601768247097 -0.02228338658453091
26 -0.007518726404113649 0.0014750375724435563 0.027972986190655955
27 -0.005272956962316042 -0.006307850114001992 -0.015315637412422783
28 0.0009780034772196022 -0.005809348276854871 -0.02362415361302323
29 -0.005263686175719453 0.004269749357387564 0.028952638567497975
30 -0.002917244429016662 0.005659902155154909 -0.017121770205991912
31 0.0007328401456763887 0.003309651928650627 0.027744054906941915
32 -0.019169021741848452 -0.003890608338656787 0.030835893719032816
33 -0.003160833493223325 -0.00047470805138755123 -0.02030683682725767
34 -0.004656073758592532 -0.0011838381178163604 -0.03047013769529528
35 0.00931181399057103 0.006949721983278343 -0.021509778783612554
36 -0.0024232419568623806 -0.0024785825440159573 0.022780335913938556
37 -0.01570755372635521 0.004047001923320729 0.01842056580285727
38 0.004446100255033902 -0.001695754436079798 -0.027515445063969086
39 0.0110487685767173 0.004564462804017838 -0.02215718613120415
40 0.0009584941293256741 -0.008795169749364937 0.03214179676637445
41 -0.00462127488587412 -0.004121652216615507 -0.024472496942144744
42 -0.00030860455302345394 -0.0015730069684202711 0.02627683114487781
43 -0.011482616064559614 0.013319708448244094 -0.02564594070840512
44 0.0016240011999388813 -0.0010368947517816508 0.028691846655985544
45 0.0023223861311712085 0.00827404325055171 -0.020517618230417523
46 0.0012489059365801136 -0.004366170328010319 0.021378688105006538
47 0.008058037219002261 0.0019155995106977831 -0.023000604148519316
48 0.0034617967990016735 0.010367767383273139 -0.019519267739490982
49 -0.022924556557449627 0.0047057845977293445 0.018963175837856207
50 0.016850677832822056 0.006543581466010445 -0.022594226522089405
51 0.013849993241045265 0.002684703804608335 -0.021201800703025263
52 -0.006069116697773991 0.019395864011994446 -0.029831944459101478
53 -0.00300892878963345 0.011563047896694736 -0.029169495723076658
54 0.005094123836732162 0.00937026043567537 -0.016618894066386034
55 -0.02203385618343133 0.004841528874359319 -0.02662805775887477
56 0.006877777779274103 0.004945085887831245 0.03483802895063347
57 0.004978584305127378 0.01237045035602101 0.022617034359383302
58 0.004367907342927201 0.0005459558543149112 0.02469052829436518
59 -0.0021069268893469505 0.005976520286666585 0.025626530576111556
60 0.001939691079918933 -0.0045187228267277585 0.03501588601691322
61 -0.007487442779124942 -0.001383823022526886 0.025139938231643726
62 0.013998262371371674 -0.004574633179514384 -0.012694135028354352
63 0.0074173883194757 -0.0005439081259880664 0.02940372120207897
64 0.007530716756449257 0.0002497491683843382 0.029783412566912713
65 0.011747356967034741 -0.006230903121176575 -0.029984709049133085
66 -0.003077602381308317 -0.005376108372279129 0.029059055538136917
67 0.004955416362196626 0.000559836325521465 -0.025353904713005734
68 0.005468154200216159 0.00033534741580806826 0.028913094062806614
69 0.00014163208245682266 0.015061292552984634 -0.01255386377876596
70 -0.0050389436372380095 -0.0014649839374357987 -0.02148098620318629
71 -0.012325835422179882 0.0036859032416921463 0.026083699784710677
72 0.009494535644210593 -0.0048561390297855635 0.01732889738815055
73 -0.0019423760058056988 -0.010034579714549532 -0.027636287798662847
74 0.0005045024465585649 -0.004453468650277154 -0.016863229650784496
75 0.002314987631909602 -0.00041343464633414057 -0.025435060337262116
76 -0.004455128588757122 0.00592823382374481 -0.028890266679184616
77 -0.002202187337197201 0.003336199058448275 0.008107844702501116
78 0.006834351477495039 0.005253671284680787 0.03207837268407564
79 0.013563501408461 0.008762773748648558 0.02223196354308908
80 0.010812116336165661 -0.00356938149723237 -0.016362498489013975
81 -0.01399015713118592 0.006363420246683156 -0.030532447021048195
82 -0.006523117504755635 -0.0008517919862662815 0.029018623480836045
83 -0.003214628932223096 0.0027420722208745833 0.031316398514420786
84 -0.005015502912665792 -0.0012899873313977524 0.023203320717839343
85 0.006411483331049458 -0.006673760914574349 0.031928827852464516
86 -0.016977812170059094 0.00970638304664 -0.023019423073418428
87 -0.005995575043736989 -0.004448158302262868 -0.018322888489716117
88 -0.013745901300943705 0.009307195067132023 -0.027508739809043205
89 -0.018967344609284495 0.0014232086475570171 -0.021013664616479813
90 -0.003013268551203414 -0.002721125299053458 0.03051905590949118
91 0.00045823523039675764 0.0042100107002197625 -0.0165260443413019
92 0.006528756673765769 0.004174217502726615 -0.022613755902460037
93 -0.012799871238727497 0.003673951599649658 -0.018934263165214966
94 0.003605183336377533 -0.010870408329260145 -0.021379800019022246
95 0.01297811586831979 -0.006934054794461422 -0.01742428830424384
96 0.006024328638165932 -0.010312725751021677 -0.021008841466971663
97 0.0021646844497495207 0.00954675385926249 -0.029340135982975732
98 -0.004231392518427399 -0.0005584141020667927 0.02565459655553281
99 -0.0014076950358917206 -0.0003526238325549623 0.01720280798988732
100 -0.008787683913791325 -0.0015433979534470038 0.020335470627290846
101 0.016232612531508504 0.0012581804550092397 -0.024379935959294767
102 -0.0036840888365787666 0.0011520022719426082 0.023779960795901934
103 0.0036846836569875696 0.010598244930579802 -0.021881174578858006
104 0.003296702569857257 0.009511693611542943 -0.026935603011763808
105 0.0036855402135789906 0.007221090118979239 0.02395825249461383
106 -0.01337807435128055 0.009603413639404004 -0.018682300894997717
107 -0.002120684381816021 0.0018421812639177124 -0.021017197418255126
108 -0.01680119284311242 -0.0054752930874619 0.01869834253512733
109 0.010124509776021657 0.002640970813353894 0.033837294747524796
110 -0.005080576764091892 0.0005734113446437122 0.026728556093791794
111 0.0009839521252155495 -0.0009103839908697481 0.022703836250752743
112 -0.012662372029026286 0.008672149465809742 -0.012167592848711377
113 -0.0009791124089714616 0.004910411222838092 -0.016314703179141632
114 -0.012972801207476098 0.0074380205619830764 -0.023528869865058963
115 -0.007847827209293869 0.0031950174251997587 -0.026610781296378252
116 -0.009888689034212209 0.0003715184414745734 -0.028846004300462937
117 -0.0011519182045285244 0.003897752768740291 0.028469912554317627
118 0.008309318317860926 -0.0060032292790844766 -0.02157419740184211
119 0.002903111675902702 -0.00478292367112261 -0.030709255373800516
120 0.01430961831516106 0.0032091756542237115 -0.03406650555047495
121 -0.006464494842631946 -0.012408109898482851 -0.02906946670562937
122 -0.0025700992619178444 0.0011327920788893704 0.015492253767317844
123 -0.0019715967398289125 0.0033012706457716118 0.0309720579252274
124 -0.015925887546817064 0.010523108731264809 0.013910206023537285
125 -0.008359121358931791 0.008673781659582894 -0.0265639069617305
126 0.0021757624637320887 0.005180790989397242 -0.029829764267284876
127 0.002117172065740705 -0.0034010462670213543 -0.024286967855147737
128 -0.002874515579071415 -0.009163431023441072 0.03214690397457724
129 -0.004376317445978634 0.0038687687860927723 -0.030699425733765343
130 -0.003213652460880137 -0.0016361217789249323 -0.0219094754625382
131 -0.0027053033382295096 0.004973287047843528 0.025542949751974534
132 -0.006608625484193517 -0.0008468229007781078 0.03460486565202313
133 0.006963978755138087 0.0015936893303682385 0.02726823961481546
134 0.009604601886758955 -0.004540114491655992 -0.02907491480533006
135 0.003482733057318891 -0.007152029369566144 0.024925941816840838
136 0.006702803165496101 0.0029720087456952746 -0.020411743661994323
137 0.004277961053154222 0.009007371589472714 -0.02398657812179145
138 0.0030516446591942817 -0.004026832992003843 0.029668589233499333
139 -0.000729677409609277 -0.0033068867834664395 -0.029137631489985785
140 -0.014342137074513789 0.01753952303463971 -0.02143476747651811
141 0.00943742314275254 0.008978269792554186 0.027557909455309795
142 0.0005160441396376246 -0.005024285875231538 -0.0302944978492345
143 0.004584797921295014 -0.0019517731658529177 0.030730913987196833
144 0.009522354492655039 0.0012640347942572613 0.03202091389964541
145 -0.007627018312685113 0.002457139253762686 0.01947786621535995
146 0.011315779014333158 -0.005744015306547098 -0.031109389253539427
147 -0.0035127390682630107 -0.0004941764321368218 -0.028734155361597118
148 0.014383594679498318 -0.004975480978551897 0.02921759699809437
149 0.003247205989590187 0.005944178402729641 0.02439631045403101
150 0.014564074825384632 0.0029255328629651245 -0.02185972401868573
151 -0.0025991140443044868 -0.011963024332381143 0.019303756009704468
152 0.002613578179650267 0.0021507702687284316 0.019795790752747462
153 -0.01241799412279225 0.004618432013479237 -0.02249547929255017
154 0.008821061485751833 -0.0029661747251476106 -0.034898016455556284
155 -0.010292859959094696 -0.008107051458146317 0.03146627780087326
156 -0.011149652282627202 -0.0018836779637327883 -0.029298685417361997
157 0.010343090363709066 0.001421557985544955 -0.022088613230459103
158 -0.006992360328295727 0.008533393767558899 0.020866231256390116
159 0.0018488674213990378 -0.001804248066079232 -0.02889496510412904
160 -0.002343769013727447 0.007000963832664436 0.02536619781013711
161 0.01689271753851662 0.00019763087248039768 -0.02608151385525457
162 0.008485939409596258 -0.005697153654215182 -0.03044928465440976
163 -0.005662676214863677 -0.0015951273025356857 -0.029082210903996077
164 0.005573166804528542 0.0015003740711233282 0.022308757333166687
165 -0.0061375407820749885 0.004749114663385326 -0.026058258544428697
166 -0.009050433260777015 0.00018564340166083684 0.029116875238279265
167 -0.015310244204665112 0.002574657257928027 0.03136795463733165
168 -0.0018370865362823952 -0.0025108827093240247 0.02836147577215866
169 -0.0014113700323011456 0.008109807846617738 -0.028493735002319234
170 0.004519069798238837 0.0006188443026802076 -0.01605419637859045
171 0.010077212901999817 0.007183306907497281 0.03226557017008402
172 0.00475063339181583 -0.0018905489139669357 -0.025998754582531605
173 -0.00027147053862194674 -0.008284565294202337 0.024702821784772615
174 0.0015407322203404433 -0.001478999922339564 -0.025294318894838262
175 0.011242088547104762 0.0180480177627217 0.01521393356326449
176 -0.0016022666478058903 -0.0037508614097272394 -0.022977232640683132
177 0.01347969929443131 0.009281293639777548 0.014597003710505353
178 -0.000872361102964004 0.012902333246424896 -0.027652737558851864
179 0.002452640073496371 0.005102412851322676 0.02062805475247792
180 0.004607411262518263 0.0032000145059909385 0.02107874429506046
181 0.013960918990994789 0.0031482351343402604 0.02778936042160621
182 0.005867201661052021 -0.0035542632470679514 -0.027859799639210613
183 -0.008087404983792845 0.004829033751416221 -0.01647784943748273
184 -0.0055725045081967935 0.0009539912571319697 0.01434870331543231
185 0.0023153862520371854 -0.00520670987078569 -0.0332279160805408
186 -0.004120484695199052 0.0011611314352518581 -0.03244402916922752
187 0.003199145799466386 -0.0022467377313561757 -0.02332291415044864
188 0.009810970192189707 -0.00428090729747873 -0.025083417766754483
189 0.006450727037582954 0.01217063774229923 0.02689604646331751
190 -0.0008554631156772602 0.0031999880316338804 0.024707261736992718
191 -0.008749113702080865 -0.007556594682136493 -0.017058784518708466
192 -0.004840355230932972 -0.0044262209449422996 -0.031387650180464424
193 -0.0012220753968320204 0.012479294643915631 -0.01563426656353837
194 -0.0029649356032593393 0.005802703717815071 0.032676282509191704
195 -0.0029317579222251297 -0.0018845925911921274 0.022933972388239493
196 0.0038440865594085586 0.004336463114518154 -0.029322503863923134
197 -0.0015192951969990537 -0.0108060630122528 -0.02200223390585755
198 0.0065337993382495185 0.013574819403407197 -0.018680106754395857
199 0.008984612878235612 3.1640620838858935e-05 -0.018866934584203954
