200 3
0 -0.017402252225974926 0.01054691149842318 0.01973932233575379
1 0.0004738962116375596 0.00544893863650776 -0.008418716211865514
2 -0.016306070436160128 -0.013528579079710418 -0.007344627798449514
3 -0.0008935942419841109 0.017226003149537254 0.00543496257467245
4 -0.0030449130367401402 0.001738621147408699 0.016050980376207412
5 0.00713847955528249 0.009760198175180042 0.010303252579189015
6 -0.011449685834169544 -0.017253143423368054 0.00927082009052306
7 0.010255203071943102 -0.010022411895190153 0.0026232365431597265
8 0.012220130627656672 0.008299348727540647 0.0019544753824942626
9 0.015334488656205458 -0.0024468527263409607 0.002361944313441174
10 -0.0061602391899204315 -0.02700276713756529 -0.017146749898632047
11 0.0031985491118382715 -0.0018027396214490218 -0.01394864211453049
12 0.011454273361076711 0.013050848168270927 -0.00043270138706684967
13 0.005292024768064778 -0.0023397636498348334 0.0011849804151815718
14 -0.005077492602268571 0.0017449991686969563 0.0019567289212013284
15 0.01679532229251046 0.02452907341834426 -0.0071536103171242656
16 -0.003221609613306628 0.022654989492482763 -0.0018624860145624311
17 -0.006577928067621176 -0.009476277913837317 0.0038804079565670224
18 0.00028482382638572723 -0.003473752750706372 0.011014426228996219
19 0.011479807494835854 -0.004048680546133188 0.017104766617071183
20 -0.02001703458121762 -0.010917588133984746 0.005248056673662552
21 -0.014808496991831309 0.004002667193250653 0.006741465082480493
22 0.002710934701694624 -0.01177076628614683 0.018379539558363772
23 0.008481472161753642 0.006751150794728988 0.018839482667602936
24 0.01655685087944248 -0.0004765116078884815 -0.010507551872775078
25 7.673986564184915e-05 0.02437377226380673 -0.0030956324695355173
26 0.013716404841942462 -0.0055182814198648025 0.0014552431876104013
27 -0.021152413528002602 -0.009296776659297299 -0.0033467116539100117
28 0.014489414814309834 0.015139846198380005 0.014151971262699209
29 -0.008490068057801368 -0.002484296720669233 0.007074068422289151
30 -0.002338542237904938 -0.0010432086477425787 -0.00035369253049340557
31 -0.0022271900625006995 -0.0003630949969241695 0.004982262412703668
32 0.004647818370717004 -0.022717197734011207 -0.0035120428873325698
33 0.0019163493210064637 0.014456744723015932 -0.028060705903539637
34 -8.236954573153515e-05 0.00039013075025487454 -0.02137195405454484
35 -0.00965235510774523 0.0007258190683230841 -0.0032941922022029606
36 0.014476382785608095 -0.009417464841532986 0.0008167795375877279
37 0.0026193061462951705 0.01584572778155101 -0.022240077500597685
38 0.002564957636419011 0.0007674407895246196 0.011397295805692403
39 -0.002465794493017863 -0.004807079007191212 0.03217347286959958
40 0.0006270877741447831 -0.002877203481671496 0.007164055956788956
41 0.008464672459296541 -0.002173158982522995 -0.005901148794715469
42 -0.0025788774611402807 0.011106227678351753 0.012164856109341749
43 -0.0026532229116126276 0.002270776843027199 0.005624333047121524
44 0.0006278601532943777 -0.010100858282822332 -0.004417708253452994
45 -0.013883428575731604 -0.0043731873451227764 -0.0022218776020338643
46 0.010273696789982037 0.003318651385248908 -0.03675266854015308
47 -0.010994098177350739 -0.003801990018251957 -0.016215706968198594
48 0.003443749193757714 -0.0037208184363749786 0.006540268555795479
49 0.0068302767029847205 -0.015352079842756487 -0.024441574613494027
50 -0.008533849261242458 0.013630162820402154 0.004398379781410805
51 0.023159157661913468 0.006166705364426094 -0.004702620346720946
52 0.016165360404554643 0.02287227902152683 -0.01124052971739787
53 2.123493144643579e-05 0.004025790163557294 -0.004602748813495518
54 0.0034306067359134995 0.0016294789921237826 0.02972730265578971
55 -0.0036560750885681866 -0.010307417227787954 0.02093374891310068
56 0.01128814212495328 -0.007426177894210545 0.009571244491851786
57 -0.01018503192896502 -0.007431431554065724 0.00586436484730272
58 -0.0001964476456577241 0.009822516992147187 -0.0005349720020833264
59 -0.004109733403119079 -0.006771402934660567 0.0015628061324848078
60 0.0031690725293207246 0.00817738784420102 -0.014590333750670202
61 -0.007701886948094108 0.01163021810789297 0.008464682279641082
62 -0.003668844715339084 -0.007765854800428192 0.004770904820897648
63 -0.0045076663456464355 -0.00956874717392063 -0.0168197425022443
64 0.008165605110484739 -0.008149004051346949 -0.012028771667337443
65 -0.008172442451763025 -0.0031170238751004106 -0.007544955137905726
66 0.012192972468072064 -0.00982053239575617 0.0038695663746969
67 0.012075266354995187 -0.0004805077262589712 -0.005102746212853948
68 -0.021314382274601834 0.0010342504029312721 0.023953913927037954
69 0.004312067959009479 -0.009527429781802654 -0.008145412660809329
70 -0.003026570686643904 -0.002214285351708539 0.0024535029794602453
71 -0.009492125217497704 0.018243764791453385 0.011707400527306788
72 -0.013225700540507465 -0.00985562910306331 -0.007959941144612303
73 -0.0044600618577196535 -0.00867126196441477 -0.013681365535398997
74 0.004418156629034352 0.01086591237288713 0.00466286800950437
75 0.001423194544136877 0.00482673208248674 -0.010566080740645398
76 0.004639562221113936 0.004547818916316115 0.011060976123249244
77 0.024815907988705956 0.0028563294288032693 0.01602794903909873
78 -0.026709176794831854 -0.007556627853763915 -0.011309823837634993
79 -0.013992172901975838 0.00460323202871156 -0.008218502409182062
80 -0.00791218091102066 -0.008696676617188356 -0.007978215888238044
81 0.007785075971671801 -0.003733575926434203 -0.020809238637682803
82 -0.013469155108647685 -0.007756270665038589 -0.004557457540828107
83 -0.005057913848050721 0.0059682805893821675 0.002577090575231658
84 -0.001719892092065219 -0.005801452802444269 -0.002233051824222034
85 -0.009135873938156494 0.0012219221277949208 -0.009287070621773454
86 0.00878623006667499 0.024839447785058574 0.007884903006641988
87 0.00898310134051103 0.0044672833603054875 -0.013204800193246807
88 0.014265971162282523 -0.005962935372731341 -0.014594188783613515
89 0.0006955868790392977 -0.015400536852870267 0.0033784299886680464
90 0.001145919962570588 0.019019857461457464 -0.019964003486262774
91 0.003339348550442517 -0.006127564354432416 -0.01689862766936577
92 3.4029487648350176e-05 0.012299143326868947 0.014632711948832741
93 -0.014497957410535013 -0.008650586787707498 -0.007999305727934756
94 0.0024731803360808213 -0.008647964326218664 -0.013037908312840421
95 -0.006828897782426112 -0.004409311574614681 0.008025838241059065
96 0.012221422328998532 -0.017533260832085285 0.006364341361002685
97 0.015400439964005544 0.007527634201993261 -0.0096228144126023
98 0.002551112585221664 0.030344444231438852 -0.0005571721750634931
99 0.015002357491898002 -0.008924622718610761 -0.011504203555429277
100 -0.0003393067232711766 0.017797212816105648 0.010602518420078918
101 0.008599716738873893 0.008787409831414593 -0.009343824624445683
102 -0.0016503511230751278 -0.009170144624880777 -0.010788715580007317
103 -0.007296704953770307 0.0037739218873040006 0.011532035559399613
104 -0.005811295916457418 0.002286097352587479 -0.0012759809526900878
105 -0.003145320258162408 -0.0001068354529550758 0.007073982134994269
106 -0.0009892878902736033 0.012770786246725563 0.0037230557081931424
107 -0.007044238330551983 0.014862135370217272 -0.00815738599400962
108 -0.010539270820843175 0.0034563808977345033 0.010725290307217236
109 0.006862571447729827 0.014862002141162005 0.006469145464016245
110 9.485703867396253e-05 -0.020669761568747627 -0.0001705849817027448
111 -0.008296006312433959 -0.0018504732123396615 -0.0004898900314693356
112 -0.0067021480419062855 -0.003631933710778343 -0.019983336765016624
113 0.007694284107625111 0.010830198021939783 0.004390306326156765
114 0.008450168013141197 0.002004986429942568 0.023613460651212656
115 -0.0008118115756764899 0.00904623967650357 -0.00900537231747188
116 -0.00985532472219229 0.004956217767933091 -0.01182696164542627
117 -0.0061342985755282 0.0035170965268529353 0.017513210311941405
118 0.001224815594230988 0.003906987943715794 -0.008233368505170188
119 -0.004427047865168725 -0.0027110187200912925 0.02284114154713829
120 -0.003594177811789251 0.011702002644681478 0.011704966715715404
121 0.010053698553465433 0.000838138909741382 -0.0075065838913803765
122 -0.011841037366511348 -0.001153739835217403 0.015940552675604035
123 -0.019369215091686483 0.011026417056453054 0.006014330475796019
124 0.0022337973238453906 -0.0043504742912602555 0.004815134080408229
125 0.011120474786540178 0.0011777372874320832 -0.022006238746359624
126 -0.0020793903041328096 -0.011959806920818328 -0.004679839575720705
127 -0.0036873124217384375 -0.004191494741748469 0.00027710421506077845
128 0.010421170041629544 0.012041237384457237 -0.015374642041245112
129 -0.01535206527031524 -0.01052375341839508 0.008028292809831486
130 0.006777797216319256 0.013902460666849692 -0.00880291634868103
131 0.002863885717761217 -0.014358844656942302 0.007447302237593288
132 0.012721021465250587 0.0035483622823404212 -0.0004573389069057413
133 0.000680830566390009 -0.004709894230356046 -0.008945834199177957
134 0.0011557321814953773 0.011552642790251352 -0.018241263245440217
135 -0.0060968316851490525 -0.02105080756536988 0.004548013684029767
136 -0.012181434213979814 -0.011258119836155489 0.008620213189805964
137 -0.0012578929433052465 0.007701858546352414 0.004432763486102928
138 0.00013213456217078118 0.0018149269244465069 0.010399060918985983
139 -0.00698126535874364 -0.004633354239918553 -0.007431788172554538
140 0.009355384443547339 -0.010973846393354199 0.008657044270473882
141 -0.012504027903472912 0.008294783892426213 0.00030159881161340163
142 -0.010910055148329599 0.008743487661908548 -0.009481935960055813
143 0.005949381720918293 -0.00641800954619798 0.014687904615020082
144 0.01018919912298124 0.0005518734072253 -0.011335011175337403
145 0.018235541368788702 -0.014208448298752563 -0.01684174528722425
146 -0.0007156284065655445 -0.004181615298467861 -0.0026229647558523375
147 0.002270648510927087 0.0014995801495562046 -0.002333869571731754
148 -0.013426422549406451 0.019836109029759713 -0.0024908132334708205
149 -0.013741059157925815 -0.006089598788358878 -0.009644315515759692
150 -0.0043419651354845296 0.007657909974157079 -0.0025749065373294536
151 0.00909725279970491 -0.0065263575405438284 -0.011941581941101388
152 -0.009038751863593458 -0.0032175443803245177 -0.014044990767332084
153 0.02259338466149946 0.0030489596629384857 0.01460122997637519
154 0.015844320334076428 0.015356682490561512 0.007113513283976969
155 -0.005815873962564375 -0.0020162621554387847 0.005640666068726034
156 -0.02117418593473054 -0.008019396314556781 0.018775963928786554
157 0.01529790982733599 -0.009885992380541548 0.013884289656783302
158 -0.016220127720478674 -0.009904173184393912 -0.0025845135563174887
159 -0.02236640492721627 0.008291316194650428 -0.0006986450215454333
160 -0.004006499380934669 -0.0176002831629387 0.0015692013448464614
161 0.013606996499885976 0.0020350653655571635 0.019038843151451074
162 0.007514641438305721 0.009317340097489468 -0.0068208848176400175
163 -0.0015126718946734952 -0.0009761343107434271 -0.00557945157018544
164 -0.006395179431121428 -0.014706415478164226 0.003098037308995036
165 0.009514013915709732 0.011178021569148232 -0.0013373853961052805
166 0.0004395019967917517 -0.006728721671516849 -0.0024697963121534626
167 -0.00936040307992031 0.010860784538458679 -0.008714130175869646
168 -0.0033241959111642867 0.00750328869718135 0.0015771281468827114
169 0.009592395055573799 -0.022533687199710117 0.0023207544452285476
170 -0.005553990209129632 0.009416125385510647 0.005136519686842937
171 -0.011979847963446148 -0.012911037417902754 -0.0027673065385443694
172 0.0004054799161130676 0.003937197896780159 0.016303164386669247
173 0.016068339242463925 -0.0010352808403488976 -0.0036151424587594003
174 -0.014469760301204851 0.012508595139254203 -0.006923175633595367
175 -0.005850292437481322 -0.00758575526142391 0.0023030191935671136
176 -0.004463656266896411 -0.007937526370623248 -0.005890606845050807
177 0.017176108665182772 0.021807101119007105 -0.004454241108503183
178 -0.0036963810035290715 -0.015672927576169726 -0.009462530404748818
179 0.00994114704608337 0.0019741016064344103 -0.008250008196645002
180 -0.01361865674839035 0.01357224686535867 -0.003335797795274948
181 -0.0018688078087301836 -0.006901408040753761 -0.013762508215232554
182 0.009351005988668573 -0.0232851335082555 0.009937954186864134
183 -0.007999238598740327 -0.0027844954518788188 -0.004598402435506542
184 -0.010101000822410208 -0.005561035021495957 -0.005070575230101175
185 0.00499882859933504 -0.010025958043067051 0.010936307657582519
186 0.022492663292115064 0.008599621342630537 0.00983129469690236
187 -0.011433482332078512 0.008915216438580975 0.0024520331810479515
188 -0.006451983688182394 -0.01405297125856625 -0.00892300257410036
189 0.006928594076667655 -0.0019529629629547064 3.5373677198545506e-05
190 -0.0003993142780640384 -0.01475341626720493 0.0010414684754366764
191 0.019744088254054534 -0.0029184258930805076 -0.007716354328302925
192 -0.011086138166300566 -0.012415889924108886 0.010825336339488737
193 0.010312618166185415 -0.00853997359452547 -0.0026293841705470958
194 -0.010340899423893025 -0.01568156823972026 -0.00018161238658178508
195 -0.005240591392409523 0.016870168356054774 0.007592117304867085
196 -0.011757946055981391 -0.00937951814875562 0.015217414325264342
197 0.011182317362557571 0.01808934779929482 -0.00865860784602655
198 -0.0025130118053422502 -0.010650728188461809 -0.0052282279028481
199 0.00964889722359541 -0.0007826539825003323 0.0034009512273657366
0 -0.024605258520602316 -0.004117055702430039 0.00898639962831932
1 0.012551990599965503 0.0032461485463907286 0.010776269315391707
2 -0.015852785002744285 -0.015611121565363373 -0.005016909637748049
3 -0.017648557481385913 0.00783862002604968 0.01246466488707523
4 0.005304865007926884 -0.01101703497799724 0.011568981322591078
5 0.013160717864317273 -0.009933576399534905 0.01870496370434272
6 -0.0051581569170036125 0.0033742082455224254 0.004252637226677937
7 0.0034130323580830804 -0.010631478199092464 0.00022574338413886702
8 0.01927394232185256 -0.006646011245875848 0.012518638502992667
9 -0.002784738535132718 0.002565246983429876 -0.00075015247959415
10 0.003076995343140064 -0.011798219512091437 -0.014357624025973292
11 -0.0026325371763248452 -0.021012389427981584 0.003547627811494543
12 0.010795983174064633 -0.009181990260583148 0.0021000593704509126
13 -0.0004907399720103962 -0.004997965777878626 0.020172603831397615
14 -0.008708327439865896 -0.009143656309963798 0.01296921552503235
15 0.032237652927314994 0.0064814167637015085 -0.00722724441565345
16 -0.019134514585093534 0.017144282058232443 -0.014300626119067246
17 0.01734355179577796 -0.006582328244977488 0.009220650953480437
18 -0.025722941172100444 -0.012692186406897218 0.022783134008941983
19 -0.0004626779061299713 0.0034940886236908717 -0.003245812925063759
20 -0.006761795132543359 0.0023525936915154526 0.004728920073100102
21 0.00784397046256495 0.000824515416674311 0.0033413241141526523
22 0.015411698173379756 -0.007953742942471961 0.013139701968527331
23 0.013052773155324604 0.0012989703867216582 0.013778435759014676
24 0.0020959610610341 0.0045027406575546235 0.004140170826155795
25 -0.0012476415468888682 0.018815423760928707 -0.001060698649647241
26 0.020304683836829165 0.0009654588464708576 -0.0022623550974340267
27 -0.0007258012980955741 0.002408068175987637 0.013951514224718485
28 0.016927179417489266 0.010930470130556438 0.010432492737127763
29 0.001294632338223578 0.02008651990258313 0.017731195523268475
30 0.008931515074149124 0.014408116735827679 0.00310928599430876
31 -0.0030266775396155104 -0.008752260017680306 6.081697527217378e-05
32 -0.01978773426099554 -0.00844597923722519 0.01432433230970278
33 0.0010680483079742132 0.010400341346607146 -0.01860385514756034
34 0.0233414969485267 0.015894038062686824 -0.015391384884725287
35 -0.013661600808921169 -0.0024983825095392063 0.0030971811878369292
36 0.0012071178520526755 0.004539806929582029 -0.003891874686085532
37 -0.006419039682955468 0.016776461005431495 -0.0011331034049371289
38 0.0036777096424249894 0.007586952216100191 0.011657985820553291
39 0.01608368158431365 0.002950729241446544 0.019464183083607978
40 -0.003379360787327335 -0.001732779795457117 0.005767210104954068
41 -0.001891895465206234 0.004159415534146147 -0.016511985842812556
42 0.003681617170327436 0.009764890343906103 -0.003088490013733491
43 0.006865956364850323 -0.011397881756129918 0.005064568920459974
44 -0.004123496258390808 0.009425392927237777 0.016069417964799444
45 0.004377228653842866 0.001783260565868388 -0.0009967235438615232
46 -0.005376493109405148 0.0035725335898218052 -0.01778481226725473
47 -0.020471869422049704 -0.0004338347352378785 -0.012197686650494234
48 0.001189012620237847 -0.012991167860496915 -0.008203909897853669
49 -0.004907796570024596 -0.005492490730609478 -0.004423002745449753
50 -0.009893140752862961 -0.0061123679209852885 -0.002709093364368664
51 0.007972528130034337 -0.010211663361260753 0.005458799225671129
52 -0.008476162575131979 0.018950509614001187 0.0021715999023994223
53 0.01712426581034486 0.015484846534548603 -0.007873279623824024
54 -0.0015959103051763728 0.009500501433009883 0.023589165373586365
55 -0.003875794285247614 -0.007052377653830946 -0.001192974401520372
56 -0.009393807732333195 -0.005241823496006357 0.00303590857523613
57 -0.0031498416367098 0.005258349296061941 -0.008621479464611437
58 0.01981170930779423 0.019022173445168197 -0.0067084885530833
59 -0.0048864439708369975 -0.017075596525497602 -0.012940028184097119
60 -0.0028821031787555247 0.0015840844583565848 -0.009765629064061341
61 -0.015078061504648646 0.013829326553335193 0.013319144916993604
62 -0.01107555041170459 -0.0060905766780640636 0.009639484450613064
63 -0.004452537714969437 -0.019501339526375797 -0.02657340916050621
64 0.01747040708176753 -0.003326856554861403 -0.015566827526018234
65 0.008366714766985885 0.005305060762213416 -0.0006889751055596215
66 0.013045332228029019 -0.013716882902719052 0.003697683771746174
67 0.006521085199945306 0.013818090578965844 0.016008076888560513
68 -0.025271410965988617 -0.011872885172037495 0.012079694006592562
69 -0.008751760703220549 -0.005827501458194502 0.001175404420112474
70 -0.0018228834742696036 0.004296836188619936 0.012562579401675808
71 0.0032895690220621707 0.020415077264046524 0.015786787591981072
72 -0.00887651367870098 -0.009742345278345756 -0.006062689167019287
73 -0.009777273696471807 -0.006164783599371518 -0.004676408260320765
74 -0.0005876144096908648 0.008225179732944898 0.007386937558101381
75 0.011697806607649894 -0.0015529250139126455 0.01356625091226056
76 0.003245160957790122 0.021164236519885887 0.006849747611337678
77 0.0002286685922608528 -0.0015301662197340872 0.023170853378608608
78 -0.018098387529537602 -0.0031675813573216445 -0.004681264375888856
79 -0.00915424113369473 0.01191787114097835 0.004030391558119061
80 0.007392244680592706 -0.010076051184239668 0.004390331915391043
81 0.0081393126304945 -0.011358120213918695 -0.01610867488539304
82 -0.002517175415195666 -0.00462510903835895 0.009333018682668965
83 -0.001422939166177823 0.010246493810378631 -0.008972174869178888
84 -0.007475180029216084 0.0029692550409567142 -0.005315809915328675
85 0.0073786864873591 -0.0054247452754418585 -0.01318857669061077
86 -0.004939297180906136 0.015502863704256964 0.00010778134856612165
87 0.011239560092365718 0.0035901104160450496 -0.006089032084685406
88 0.012245807253815466 -0.011297127327988356 -0.009651665423265121
89 0.012249278438670033 -0.017503559631832075 -0.009578271773390637
90 -0.013659930954363214 0.00370459073366676 -0.01328038201630001
91 -0.02744828582260867 -0.006738298066937605 0.008888348835457104
92 -0.0031880196871575048 -0.009938431913084415 0.004345254956449385
93 0.005806568179877604 0.004260209372630436 -0.0011362546731782165
94 0.0005787881565478045 0.00016746650898145747 -0.01828911018387551
95 0.012288227319086038 -0.00018764480119722038 0.0013544295669240258
96 0.010958781828537809 -0.008267166547023377 0.00501028680804691
97 0.005151382924596368 0.024154832124827177 -0.011394026061673501
98 -0.006949945163390644 0.015406834834979663 -0.009289606202785697
99 0.03013590708975042 -0.013243704992878663 -0.013239321184554405
100 -0.010236241312216891 0.006563478752933116 0.0041480425539469085
101 -0.01748928075654549 0.00965387383729309 -0.0059760617365563345
102 -0.0047661312440823965 -0.016803222728521874 0.0007419848285648567
103 0.00026215647470598236 0.013832190155741532 -0.0062338383961601275
104 0.02482623614542087 -0.004540309448731546 -0.0008554879706995713
105 -0.005567603580294789 -0.020014638848139588 -0.0006320347444884813
106 0.00035708569739001383 0.01613132684471434 -0.006501929586115828
107 -0.030608945940192187 0.008935273174582148 0.0011708842217081792
108 -0.006604344530192853 0.009656569070614237 0.02618446585890652
109 0.005105798664456242 0.0009939997066024733 -0.007787553402866452
110 -0.004112962280126168 -0.01598061157857797 -0.007970332704738663
111 0.008552542411594718 -0.0005099792316176736 0.0030158265161513488
112 -0.0034487361212301483 0.007796964306820189 -0.03097650003944817
113 -0.01365898135957233 -0.018839927764300594 0.012653485964557967
114 -0.01823187255765198 -0.01288116839270078 0.018540800373991057
115 0.006422148185903933 -0.0038096735478551184 -0.01100312425496057
116 -0.0004996993736611499 0.025675037196124434 -0.0030298571748471007
117 -0.011534795106734252 -0.006588034245262886 0.026963237522940678
118 0.006269102690881233 -0.00540222552621384 -0.004035054674554547
119 -0.01604520407105383 0.0008862548272051364 0.010526153809987115
120 -0.005817815811974492 0.01451653479364673 -0.015977765078884182
121 0.015423521855954019 -0.012091565766924585 -0.009237135584259794
122 -0.010996561916888074 -0.011588630568944568 -0.005444810662294582
123 -0.001224359128905013 0.012702510534400295 -0.005787356944636109
124 0.008037930643542312 -0.00936177372146138 0.0003627478491116517
125 0.005074911677091773 -0.0010259929868272205 -0.021722494744891074
126 0.00036007193614687183 -0.008567855496095067 -0.0006110343607903176
127 0.003933487853601614 0.0016048350920699504 -0.0025608917105430385
128 0.0027465204857824235 0.004585047486908994 -0.014244395465037515
129 -0.014132635899403112 6.581714821643405e-05 0.0034340993108863474
130 0.0257422252100466 0.021371720421066234 -0.008842876112846378
131 -0.0036763880924990345 -0.0071048976477061515 0.0040477794064121
132 -0.0023908588733357813 0.018690084578230036 -0.004609055479120824
133 -0.008445323810699106 -0.022970808283254922 0.0014686335491646742
134 -0.005525838319469118 0.011090777577927244 -0.011684765895154534
135 -0.00988999119362858 -0.017658362023595067 -0.008311217814163503
136 -0.0015993058675983565 -0.011627015786718521 0.01577929850885605
137 0.004957056779731888 0.027996704835501388 -0.001984385008151502
138 -0.006554705940008317 0.015179501885449486 -0.013532392787499101
139 0.0025912904213136736 0.00334292219022575 0.010599827582219487
140 0.0057325068344744184 0.0033397504051771096 -0.0028970422980652
141 -0.007119938005101922 0.011025312988696797 0.00971405155920204
142 -0.005607271690048659 0.0008089500127251631 -0.010535943645244353
143 -0.0014871953812767022 0.0006261066742554427 0.0031170863723350636
144 -0.0049044075820776495 -0.0001649485911623949 -0.01643130743425772
145 0.019627878593819495 -0.016104051629310057 -0.006976736216655927
146 0.0027312676965259956 -0.012066165784690622 -0.008576267254254234
147 -0.0027257670843441086 -0.002906731261346351 0.013372257357447499
148 -0.004766559048816628 0.01676691944537423 -0.005000455844536539
149 0.0024657923952094707 0.005570786121445706 -0.0003806748205866725
150 0.0016986773725442342 0.019441018212476707 -0.005785088559035839
151 -0.0015509739794682537 -0.008010446476237457 -0.0091214891743749
152 -0.015280146786625426 -0.005045950942509482 -0.004015204142374596
153 0.014736108972681072 -0.0013191490963166547 0.005938846855725363
154 0.016973571031199994 -0.003958628945355376 0.016465827830006247
155 -0.020205900434291692 -0.013066393965858097 0.01763075887163595
156 -0.0063303474485953 -0.0122292177133849 0.014716338740298068
157 0.014657601781877819 -0.009644809298439878 0.020071099887854563
158 -0.0034575152854657565 -0.013128265475450727 -0.020696629725624756
159 -0.0165659525595286 0.021275547108928344 -0.007054719204535317
160 -0.014891384389275834 -0.004289782432291056 0.0014456813298302203
161 0.008213629681784726 -0.00644644981424396 0.020370101112917857
162 -0.003388212005860699 0.015257077621199225 -0.0021396352091909362
163 0.014424135661976353 -0.010662319522900388 -0.020795541511620885
164 0.0019535733604769383 0.0013337527500964542 0.014231552260009231
165 0.014088102214307202 -0.004500328187719553 -0.004700422114313197
166 0.0017704743855379611 -0.00962043968790808 0.010305912704073229
167 -0.018485779351987572 0.017172564929116035 -0.007254232333219229
168 -0.0013375696916569403 -0.002105165655291716 0.00020605600416300635
169 0.011783680281089899 0.004352567945014034 -0.004533393272076891
170 -0.007118061963915817 -0.012947444089382613 0.000867037906384184
171 0.005657181882016048 -0.003067929038399732 -0.008142735021683487
172 0.010156741441097817 0.008341314465826795 0.02368082953928005
173 0.014397514791580301 -0.0019894133494301573 0.006957469510616383
174 -0.018902733634286517 -0.01064204741611816 -0.012306187024840362
175 0.006780630238902397 -0.0115564502495928 0.0001836382312116816
176 -0.00755651528083312 -0.0029573354802988616 -0.006659765025489178
177 0.009404923159116237 0.012365268595162945 -0.009670255361202959
178 -0.007343199132659364 -0.003662897070869725 0.008479665371680736
179 0.03195267261253823 -0.002767831257870797 -0.013999873681397906
180 -0.012844923148421145 0.022100850624145185 -0.005166949791844101
181 0.002240932459209659 0.006392481324253872 -0.010215016142461487
182 0.021531651388722386 -0.017900868963830238 0.0028549815832431755
183 -0.029891020039657927 -0.00933435469337923 0.004811344243346477
184 -0.00017908093238502842 0.005098520771829231 -0.010400124816974582
185 0.011173639464275336 -0.007972749141152785 0.008212707380600962
186 0.01029934929263053 0.005850237585301222 0.001998770950302396
187 -0.005188571460955811 -0.006045597021927083 0.00825193613420013
188 -0.011835250462717585 -0.011987593840414645 -0.0227534667019888
189 0.010792743466789878 -0.0062302945713965255 -0.004239402061069363
190 0.00669186418616536 -0.01004889922814052 -0.0032587153266119273
191 0.01874936382052625 0.0012153818173493633 0.006606482633161224
192 0.009509380637322165 -0.01835935664623488 -0.004266432062142021
193 0.005989974248976376 -0.0029757096364032773 0.008212501911637991
194 -0.007620222491773181 0.01463620128198036 -0.010408162121813141
195 0.009516015769187303 0.01863855428128791 0.0035943879438869314
196 -0.002875319251232869 -0.0017895781913159197 0.01431712321277128
197 -0.010720295206116268 -0.0022841515761081524 0.004604036502826798
198 -0.004649540041431317 0.010506382014091304 -0.003633512765046285
199 0.021566549356336784 0.0027785062501130796 0.0180375906037368
0 -0.005107917332478257 0.00765345058168589 0.01162871715840122
1 -0.002704845358950058 0.004868418088948254 0.009834354191192388
2 -0.011335605038101701 -0.006916378556042088 -0.009414804722719036
3 -0.007053318666954023 0.009302696539042352 -0.0007171395312605272
4 -0.010404791875062245 -0.01214447770294351 0.001329278267016537
5 0.025981584225393525 0.020584190723717106 0.004562556033189558
6 -2.8323112363060066e-05 -0.021212124207355666 0.009911090021024152
7 0.00679146079570566 -0.017014403800672054 0.017649264787718975
8 0.02048279958887396 -0.011037168079374386 0.002104786401518323
9 0.006385965644691689 -0.0055969523073468915 -0.003241907202533948
10 -0.0070217211684296885 -0.006341996455531712 -0.015668830798045583
11 -0.005403307920798822 5.267520656067337e-05 -0.004571778060514207
12 0.013611171623010468 -0.0049672818264022076 -0.0057484863749563365
13 -0.013031483561319127 -0.001884906873036593 0.012689104150013501
14 0.0023337721947365962 -0.017451371763120123 0.005782406882189915
15 0.0012934877153677887 0.00735883546562445 2.083882114391894e-05
16 -0.015877490360614102 0.021509132080835172 -0.011960168845162489
17 0.0006486955653232755 -0.0057215501176159644 0.009312019138494353
18 -0.005251483354867893 0.0011164908475234311 0.010534910426387115
19 0.008385692413212291 0.0001252451496316549 -0.004352817973648785
20 0.0005868434958877997 0.007068949811091695 -0.016318972129519556
21 -0.009070080202314385 0.012755254792845228 0.006518140337985378
22 0.00701886434278387 -0.005803174159522223 0.012875666904413857
23 0.0033280599766713215 0.012317062218547774 0.015518504317363832
24 -0.017298916294592435 0.008868790066333777 0.012253747200312968
25 0.015770322749905693 0.012855191465211968 0.009184540553630985
26 0.014703037154322723 -0.0095461658934766 -0.016209008592405077
27 -0.010944511395236063 -0.0022467755576102543 0.012703059321258425
28 0.02098440758876799 0.014542361662676861 0.018651961649866308
29 -0.00776491067410497 -0.005911947095976044 0.013476566777490387
30 0.0013284263073137896 0.0005063811240154717 -0.0023492010609090504
31 -0.0037077628686518795 -0.008838924556194793 -0.011138695253097988
32 -0.0028716830834541046 0.005638637347609374 -0.010908517876151106
33 -0.002062869777462283 0.004565431875313365 -0.014934949126404098
34 0.0012621507320895037 -0.001860531870060543 -0.0030802895645382633
35 0.0025250279422958308 0.007472968548716248 -0.003970259770787122
36 -0.00746167643578239 0.0057777226984429 0.023330182813494808
37 -0.003513666965539784 0.0057416237148561755 -0.0021428736242131083
38 -0.01250244023653455 -0.005408002844570925 -0.005187396251884843
39 0.002909350064158482 0.008476431218831843 0.018283489220327936
40 0.007991146488991897 -0.009713267951797323 0.012825447583248835
41 -0.013506213594341288 -0.009201534824461762 -0.010044912759535375
42 0.0065696920353755656 0.010901755807825798 -0.005398425720523296
43 -0.007069933536655604 -0.010049451302607 0.0026590539655469564
44 0.004770509478466162 0.00888670319979131 0.015351728913912496
45 -0.014872194185779022 0.0033854709521666556 0.014202686343117062
46 -0.017213537480369464 -0.020764588369816553 -0.021632901341908872
47 -0.008208052622321577 -0.0057019346783885524 -0.0019240880979441988
48 -0.017304752171901885 -0.012117831222396527 0.006592163050585664
49 0.0043958942399710925 -0.014138223574032119 -0.017221432999586186
50 0.006772902384133587 0.011976879017928887 -0.00039065516189309014
51 0.010997672853049673 0.0041857594746391655 0.0023348104410433005
52 0.01411598793828122 0.01827719176877772 -0.014060657550923679
53 0.006476483647359449 0.00559987651439519 -0.010765573104605491
54 -0.015919880513027965 0.004970799042198177 0.014260506798777606
55 0.0026023617414788966 -0.002056601487851646 0.00974987641472961
56 0.006695632372201674 0.003910512044389077 -0.002294387848676034
57 0.003236463324207746 0.01025883479165814 0.0056008692007277795
58 0.0105874395329398 0.012051362803010904 0.010110347439453235
59 0.006348896533599667 0.0007920031090891191 -0.003593841790353554
60 0.007564833541991341 0.0023539686070584327 0.01255516596046823
61 -0.01120082617078208 0.009583971899023241 0.005347497250069742
62 -0.016455861196902434 -0.013422647656977857 0.025114085664612873
63 -0.012611188786617829 -0.0139729723046675 -0.01020785280203379
64 0.0193147650852514 -0.014561388965869046 -0.010705824670149175
65 -0.013012838813266005 -0.006024688934112395 -0.00012914753731208678
66 0.020945102753323605 -0.0105913710160285 0.005758193111657678
67 0.014036406781184743 -0.0022864458314402238 0.014571721602512154
68 -0.007748570767344226 -0.011721024443098402 0.005665570235960149
69 -0.013248868543275161 -0.004082330072659436 -0.006596331896573153
70 -0.009069527881451156 -0.005696749471354422 0.006703208961059734
71 -0.012371045939955763 0.0001577378300074983 0.010300587548045415
72 -0.006201669662344707 0.009053430838145173 0.002967224938259891
73 -0.007055948094676738 -0.01461073528790268 -0.003273893430131375
74 0.01513748317941883 0.002192503006224346 0.020122984424660817
75 0.0032226291622268893 -0.005033355966143543 0.009829294420233139
76 0.00732198461589751 0.019370122062522893 0.022065057689012152
77 0.009882248063931107 -0.00376582064572609 -0.0030415658278541285
78 -0.016218030082349538 0.0061563912790454835 0.006311032711212312
79 -0.0037373884088483383 0.016671461621867084 -0.00021209681342757372
80 0.005523443981898052 -0.0012662498877174105 -0.0014501158101008996
81 0.0012083969919386081 -0.006600304226350974 -0.013314963683746753
82 -0.007521076451268233 -0.01068936556976343 -0.01436400979078217
83 -0.0050300503588861616 0.001585236899286524 -0.0072494216372239045
84 0.006341147684900962 0.02034906077157853 -0.00564866962180403
85 0.005170483884037978 -0.01681260842468902 -0.002833013218144713
86 0.003048495549261147 0.012036501587946696 0.009811860728120785
87 -0.0022434207481414614 -0.0015327047210967407 0.0017604629640640551
88 0.02050404562568152 -0.006321289701644875 -0.013628075970227485
89 0.02177226481258767 -0.004825592224359965 0.005092413032725828
90 -0.018395210428953812 0.003382903237467559 -0.01000517249764779
91 -0.00791020772368297 -0.004997823250931774 -0.011050107146728199
92 -0.006638376452498226 0.0030628934468344754 0.008633016495313145
93 -0.003520660611994471 0.00023148674361793062 0.0074888959781660176
94 0.004557136994275271 0.011889712304408023 -0.008277460506205161
95 -0.01373541412513697 -0.00237153925211807 0.0006809489676055068
96 0.017566809763546368 -0.01254012591009658 0.005057570096781434
97 0.016146310280768517 0.023585054401515537 -0.01145340233938369
98 0.004104675329577675 0.013082653081082418 0.003107955516099433
99 0.010593925452250297 0.0004099715595181491 -0.0017385243237960715
100 -0.011005755443342202 0.012713280791183751 -0.019541324575856445
101 -0.007005092798490847 0.00977495684675514 -0.014904342342088074
102 0.0003286242235601127 -0.01966173667731129 -0.021709565362549296
103 -0.009837518957479526 6.988360405025401e-05 0.007949244796643759
104 0.014975599584312313 0.008205913214230066 -0.00638895777632459
105 -0.01934936163068552 -0.014344899629082405 0.01000434966457927
106 0.00561150294639904 0.0075490902130260495 -0.00296775090688111
107 -0.024719715914274826 0.006181839414281187 0.00800758414375927
108 -0.008443214940172167 -0.0014609008446165236 0.00576405991726589
109 -0.0013362875760974426 0.0056705195386230756 -0.003165013659065097
110 0.002660730026119198 -0.020074801921605434 -0.003082939088236817
111 0.009125433515827609 -0.010410923595892112 -0.003962533456372678
112 -0.00447084149125079 0.00535506370700084 -0.013619801198386572
113 0.0035533072578265166 -0.014290804491661986 0.0025857646280247684
114 -0.0010727064287778046 -0.009477643891886212 0.020748656997457857
115 -0.0005572255010135377 0.0034586807433900635 -0.014840079518835009
116 -0.008647963624155673 0.02159468941824133 0.010802052921688161
117 0.009506829056085582 0.010123510440894655 -0.004775958692862181
118 0.008066068709656208 -0.008274985418622798 -0.027908281222084864
119 -0.006200684182273604 0.0013817896028489947 0.012701093813263536
120 -0.01534677788158497 0.012485771839282608 -0.006285379994404141
121 -0.0003938571751355771 0.014390425598072977 -0.004845110409449842
122 -0.002046967342579309 -0.005791459824293126 0.009414780722039426
123 0.010550956051231252 0.007956699533509054 -0.0114789285416864
124 -0.0014219729677483368 -0.003602776498944353 -0.0020883702237505337
125 0.009067040808732892 -0.014046480751760713 -0.030465755004005723
126 -0.015217704579466067 0.006378761850762263 -0.01643955726918858
127 0.006537602414981766 0.0006501572835891523 0.002876285197125671
128 0.0013126543710349665 0.0024920942875030216 -0.00965327906687602
129 -0.02186434840112844 0.006348184584674696 0.007275249396316172
130 0.013621996420511692 0.0071553778435960586 -0.012059116718522458
131 -0.004883640144567365 -0.02022764689783514 0.0063111465895562685
132 0.013878952148628977 0.0021532195932805753 -0.001541060623273598
133 0.00963660142194583 -0.004542379813102501 0.002343081976493003
134 -0.0013796832676618142 0.0121489097804637 -0.010304225075573076
135 -0.005000640463354321 -0.0013197698930940138 -0.01714800215033459
136 -0.0004329248940501407 0.001386515821550742 -0.009791822162535858
137 0.006998775922242528 0.007520908041170157 -0.0003694005396422508
138 0.009815030477510886 0.002630140581162406 0.0007020292469497764
139 0.002016403214559907 -0.0022445370105054624 -0.0002923207760862313
140 0.007214496385419475 -0.009261811263565768 0.008304224581876012
141 0.003908402757517762 -0.0030318510166431056 0.010559331676289647
142 0.009924536014743456 -0.007472617739144362 0.004327524233453187
143 -0.002143823556019664 -0.0018364239290381574 0.002243155021558814
144 0.02098963302441293 0.008184917462767304 -0.015279723120486977
145 0.014744862339791637 -0.01973744460941254 -0.004335879167981102
146 -0.01597792571193176 -0.016620971734777286 -0.017165302799403363
147 0.0017732457430156298 -0.003272234670228722 -0.009352047032853646
148 -0.00888081689364454 0.01124330894005196 -0.010904045990049654
149 -0.007771310403137964 -0.000837563519093857 -0.01180823789712053
150 -0.018278979529168033 0.018354335733681684 -0.013299903462277642
151 0.009944384652409044 -0.007156442633578772 0.0007770712176023153
152 -0.01118050645415379 -0.0005055609304690199 0.005782259471468168
153 0.013887575896523549 0.013104943418580747 0.0074239062866896105
154 0.009499076387257388 0.0022147300245723665 0.025809432956230866
155 -0.008812424292232779 -0.006345791472412307 -0.0020669365235578274
156 -0.01611914576059155 -0.011289409423460073 0.009565476447827792
157 0.011333048857883485 0.01516563716278464 0.004490531725995575
158 0.007294175870266886 -0.005986287147996143 -0.00360498748426219
159 -0.013415892779129177 0.008093963663430043 -0.002518156120827994
160 -0.005414353561686111 -0.023927208778510345 -0.00023219633763093845
161 0.005798403956929307 -0.007864059779524875 0.004898773141822785
162 0.0063401809610782525 0.019197881317475032 -0.00621817849086527
163 0.003136819488506592 0.010033354786766304 -0.0053934207010949975
164 0.006808903179553508 0.0008189602337302995 0.003588607457345891
165 0.005663624780723804 0.008673986116730648 0.005565213146596281
166 -0.003812646079717919 -0.003809028335464315 0.00411380126421098
167 -0.018969881043773507 0.011055844811699508 -0.006077527995339151
168 -0.003224179515363834 -0.005391271428593969 0.012951213816453543
169 0.008946306712356876 0.0016317587950209003 0.0022506038814457956
170 -0.003365801489507464 -0.0022175229182692675 -0.0020095373579026073
171 0.0030983366228604127 -0.009159623524285253 -0.00012326736827785248
172 -0.0005592915557778126 -0.0062268199488205705 -0.0014516518397794942
173 0.018109663702394516 -0.008572751269890839 0.010784918607528976
174 -0.006502570158402929 -0.005435969736137679 -0.003947612625536313
175 0.01025201232090565 0.006750319501258935 0.004740981828364743
176 -0.010490959721581719 -0.019268506969538704 -0.012448563001418445
177 -0.0034591535208119834 0.009782448706651029 -0.007322509473318334
178 -0.01899655283931944 -0.018289615356266428 -0.005294758793359136
179 0.01770346479123429 0.003341140031732808 -0.006913035097389206
180 0.004112984095343893 0.023233608105444045 -0.0011476464022035122
181 -0.004619921164882396 -0.00844546220788897 -0.00786316450538857
182 0.012904337627035217 0.009264744266613029 0.008672573726543162
183 -0.003421194220088339 0.011344157329885784 0.0173288477502756
184 -0.009612103586543942 0.004257159540588462 -0.007841306632429636
185 -0.001831800981137617 -0.011936673207313862 -0.014715003304105653
186 0.01588941043324714 -0.0037229897753468105 0.013551407368077431
187 0.004872052938777061 -0.00792195831333601 -0.009114664113286873
188 -0.0040217718209446945 -0.012949755252631798 0.015097949445704598
189 0.01560492337193213 0.010261188437771209 -0.0030215016472473852
190 0.007324618766837581 -0.011668399943073435 -0.008846729641919286
191 0.0018757976787611846 -0.013802239861841665 -0.00047047773963796195
192 -0.01528709014474288 -0.01711315056602912 0.006642242773482646
193 0.005431676518730694 -0.014953760313660934 0.012575445894965648
194 -0.008801007015850647 0.013601375350745456 -0.012007460042260575
195 -0.00468569905457505 0.013299032123444104 0.011316653594428447
196 -0.01954544891590019 0.002833406322965108 -0.00031362260678012566
197 -0.020406141447366927 0.0028034551086961942 -0.001423745018291813
198 0.016688116344795546 0.005107308363647329 -0.00030065314048909053
199 0.00988989868550455 0.011880598618525022 -0.005264582085726131
