200 3
0 -0.454327011859617 0.25106075531269656 -0.04819148444481797
1 -0.2378581816290326 -0.010559977070098871 0.19723860736653495
2 -0.38065706486743495 -0.2980460966298136 0.12714461958782153
3 -0.4042718404263178 -0.26902511109182986 -0.021217340747249794
4 -0.4280524967823861 0.3844027323470819 -0.06458891411556428
5 -0.3437298719092927 0.4001914849415933 0.19847944028348544
6 -0.4007362916940544 0.3270194385321039 -0.07018013753867348
7 -0.531243640648685 -0.354911862415626 -0.12029806095736989
8 -0.4006267022306604 -0.2104957511063847 -0.08908396134532898
9 -0.4386288715057328 -0.3349654912188906 -0.15584541957016743
10 -0.38022121604466447 0.24155479480307818 0.2509906824399047
11 -0.1854336310753689 -0.046996061107444455 0.2921478301110136
12 -0.41553478105757397 -0.24550146054056274 -0.154341621676354
13 -0.36299646572584265 0.3249616834363311 0.12920564071916557
14 -0.3527827063405432 0.29969468012637446 0.19094548134300177
15 -0.46136550243348284 0.2945402341723827 -0.01502700044226349
16 -0.4021000700074641 0.2718647469330399 -0.02525808324481251
17 -0.4504325387952116 -0.31756658120562636 -0.03313669614908504
18 -0.36665410831507206 -0.24940465830130665 -0.01717778663667894
19 -0.42524004661710674 0.32879402116888995 0.053863321194185465
20 -0.3631429185402224 -0.3376144502851767 -0.07083388967542102
21 -0.43653627048376614 0.2754307342872995 0.010134163706584388
22 -0.37208813676775626 0.2486376699060669 0.09547017742105014
23 -0.3772142264626907 0.09252687428343546 0.07203750011392213
24 -0.3963089994556982 -0.29587939989858514 -0.2509744341091
25 -0.4147365891563384 -0.28498027063910825 -0.1982077050684405
26 -0.4214508176728888 0.37478714400629404 0.09986562965065812
27 -0.3910618367307015 -0.259449204709777 -0.08875808276186731
28 -0.3886851145123568 -0.19594439927791157 -0.16752608452873524
29 -0.4024287866478313 0.29043574361048086 0.011787762402766999
30 -0.4216698609588839 -0.3907189222126058 -0.17127426178834385
31 -0.35693058301900327 0.302166784020663 -0.040292323036781624
32 -0.4400846249397037 0.3190590652739587 0.01946862474802751
33 -0.19886861196049713 -0.019617330786536043 0.3556075255962912
34 -0.295402065453399 -0.018125588617671877 0.4799164093231066
35 -0.349908637428834 -0.22895697777384827 0.030320001746369552
36 -0.30475183681960644 0.20554844039965336 -0.008761258541499032
37 -0.5130080010807508 0.4353481758316383 -0.03501080370935064
38 -0.412646042330608 -0.35596965892913374 -0.2435895014036316
39 -0.4618938612430244 -0.2790495294747277 -0.2543380845497342
40 -0.40224732671993185 0.2059009788090146 0.17022786350238914
41 -0.4245948832036354 -0.2047818535131347 -0.28088014063508754
42 -0.3348832651433392 0.25774674010092263 -0.004085494960049894
43 -0.3385978868168875 0.01096505393923684 0.30233573327163543
44 -0.38024178634030686 0.22034453241861673 0.18323125670142124
45 -0.4775675886023149 -0.24880484834113875 -0.0887384618479675
46 -0.3954407679530777 0.25286295718507146 0.22866395857671273
47 -0.35469616382961927 -0.24953202543798925 -0.380892473714499
48 -0.2873900204499113 -0.25761418663064173 -0.0005345662409244801
49 -0.35739120303583893 0.30502774010549893 -0.059570923287024215
50 -0.277592620738988 -0.0760178214765997 0.32468884476426035
51 -0.36335509984864534 -0.1697459909146365 0.013300725380557207
52 -0.28989757020400475 -0.09961170962158693 0.34059428754090965
53 -0.41156709466390407 -0.16531203780292697 -0.05156556779393346
54 -0.30539218226499415 -0.2997327756494201 -0.012488657353122929
55 -0.2776444427754337 -0.1600518696921819 0.19281372617817685
56 -0.4196169693192408 0.26848176448735556 0.16148448311967556
57 -0.38336153763023284 0.24453906943867532 0.10511041613438103
58 -0.3349026523166206 0.35716871680498613 -0.09592705788277119
59 -0.3476884906990165 0.34862354633727166 0.016752404789762736
60 -0.3497052229556525 0.19703126540526675 0.0037361133200514646
61 -0.398394143417539 0.3921125786998639 0.10854610617727296
62 -0.393628888053838 -0.20496099714402055 0.052200451911160524
63 -0.40043725721271184 0.23667090664440646 0.17238076095813715
64 -0.3923842950135021 0.3580992917966726 -0.002471801489677749
65 -0.3556497698498772 -0.27550005037862785 -0.3195347290601067
66 -0.3446543182619603 0.19254189050595705 0.1129652085573649
67 -0.36237107238471844 -0.23086078866569465 -0.2351744298315157
68 -0.35807812331796646 0.34291094681828815 -0.0885821037145683
69 -0.2590369875929206 -0.01313489453687154 0.2649615383085205
70 -0.44830286758789784 -0.3510954142404634 0.020479425910556105
71 -0.3155932734337285 0.28620732091490725 -0.10424622091417568
72 -0.3956155983686486 0.35230120598829145 0.24371157924592143
73 -0.5077198937916826 -0.3156916179977006 -0.1436000636406469
74 -0.36416731058651775 -0.3117269164649433 -0.11002543851374325
75 -0.3816269902891192 -0.17929375170383996 -0.039935138985941414
76 -0.37682415419811105 -0.2281226974847932 -0.25034353852362096
77 -0.3413209931813591 0.31259799785858444 -0.05770112678731455
78 -0.35875439352693306 0.20017741888827317 -0.07353351707905355
79 -0.4158002567111423 0.26694003793250437 0.18019593568964454
80 -0.38536186481842666 -0.2145608439466296 -0.0542877011163207
81 -0.3296603156931056 -0.29935317195650796 -0.18178099247102772
82 -0.4207275319532867 0.3390084180831591 -0.03762755621000693
83 -0.4511122470091601 0.2872812753512765 0.054721391428079746
84 -0.381327571382549 0.12878902089745595 0.049101854841132025
85 -0.43540362727585674 0.32326581239048774 0.18835113919175295
86 -0.3504694344743181 -0.24437157438003376 -0.17840979422143946
87 -0.4014492706115324 -0.12232913347413925 -0.13447350417154377
88 -0.49981929598912533 -0.20610821665086362 -0.2285970640921301
89 -0.38636504989257964 -0.21480553052942913 0.043694048926239924
90 -0.43528106357515567 0.0776127784940315 -0.15611431205687298
91 -0.4240944226796677 -0.3201998698229781 -0.37026515863327286
92 -0.39520580393217264 -0.172134573924872 -0.04200995110375749
93 -0.48372722974301036 -0.22132524315684254 -0.1949575935646309
94 -0.3929208742303312 -0.18138899522887214 0.19345831531533744
95 -0.405867988845616 -0.3049217614782382 0.23955769411043487
96 -0.4093331058587237 -0.2752903239176077 -0.15340232297894857
97 -0.4283957519007507 -0.2929849086703821 0.03414758149635964
98 -0.4192117127110654 0.42891755334618964 0.23754756693636198
99 -0.40147024919881275 0.2019789853255222 -0.12253638351138461
100 -0.3968334317427499 0.2881143414770767 0.17538233854724067
101 -0.419637182519367 -0.2586543018662872 -0.0811765931764461
102 -0.3383186621034788 0.2735546895440886 0.11820789930975995
103 -0.34507171097938694 -0.18117145494038178 -0.028347856776137693
104 -0.24739040937285764 0.09916345241423398 0.2923648042247178
105 -0.35559012287058595 0.4459825279328158 0.3172995740790362
106 -0.3563078666336598 -0.3905398256126998 0.0786138944860988
107 -0.4426680253844359 -0.26769319561129656 -0.2526095966755986
108 -0.3928178900965712 0.3381209487502489 0.056499151981869125
109 -0.3469899124334817 0.32497600242463875 -0.06131869087396508
110 -0.39861143234719787 0.30880048214096517 0.043355263572627444
111 -0.46863655347221833 0.31455024373903556 0.2035412455764878
112 -0.3159689980350926 -0.08993123874903154 0.39830041644243674
113 -0.48724677263156563 -0.22520275940222137 -0.13620341538051667
114 -0.4029857517564462 -0.20551496201972266 -0.07383653115468934
115 -0.42834272366608833 -0.27321403181215276 0.01283552500662716
116 -0.4502731563990932 -0.27239269002139876 -0.09457068825030039
117 -0.35347194110429647 0.3038722159702324 0.16738846280519964
118 -0.4168221793443411 -0.28810796987159437 0.12169805985033047
119 -0.40338289435124647 -0.373254636690801 0.023638216827333386
120 -0.3887943065520416 -0.23541621615587952 -0.066946024103429
121 -0.4602818567541878 -0.2456178136102074 -0.14613715734823315
122 -0.3688080403784183 0.3498850997309135 -0.27414763041315515
123 -0.43770865864782144 0.33279563173164217 0.1191225148639043
124 -0.350796417364168 0.31008539591827455 0.03059790111067201
125 -0.4216306405015079 -0.24896709060335995 -0.05524817572226247
126 -0.43394710778051127 -0.25785306373391076 -0.07951557154007977
127 -0.44118650214618704 -0.29841068054554887 -0.236931195019337
128 -0.350146180444307 0.3347247901486431 0.0032800717828209776
129 -0.3776900914107586 -0.3477409059119719 0.06512279564083778
130 -0.3620686416092403 -0.15435139969850944 0.012018251381628112
131 -0.4541545997445457 0.4060700887038312 -0.13226743939492563
132 -0.4417529388490863 0.44207620943172643 0.20894729642458626
133 -0.3742533308237752 0.2093125786154151 -0.10082555616433721
134 -0.21495769273026524 -0.07631304245745593 0.0959760977793867
135 -0.4299987224593522 0.282857973950458 0.02235145915250739
136 -0.3241508177673237 -0.18731152238664106 0.10740567242958948
137 -0.3765394654599701 -0.22659266629981745 -0.12784368904445118
138 -0.3703723458639126 0.23336848966389365 0.0018607504162022484
139 -0.3055040465071558 0.04930127146484441 0.2077986161252644
140 -0.23914956049383504 -0.07889577437949404 0.09729611660208894
141 -0.4653429804129556 0.2950229057157249 -0.05844387845999211
142 -0.3061830904612817 -0.2739802263787692 -0.03872222334280856
143 -0.4644125026526866 0.14116858008478397 0.13846376978206526
144 -0.44735698530395335 0.3479437862380307 0.03409278577246455
145 -0.4123179336483808 0.35212181599092346 0.04293876786551717
146 -0.38911410174609806 -0.2809544529530013 -0.2146289171919051
147 -0.3715913182322359 -0.23887656082109132 -0.24580016141517422
148 -0.44649883612382846 0.21969066415888094 0.09447419804473008
149 -0.426918220069479 0.2286102512052889 -0.18656857667763685
150 -0.3562315040552631 -0.22999625320703082 0.3822967632976715
151 -0.4473441866634921 0.39676072290090875 -0.11816392253485786
152 -0.41047488408607935 0.38595236729090004 0.08150895108716659
153 -0.46366445474292994 -0.21978075438359193 -0.03724391319737776
154 -0.2463073057649774 -0.050906796724462446 0.18818261899038
155 -0.39987242237107395 0.24814412216076068 0.25232918107161717
156 -0.4009495205283478 -0.13200116259056927 -0.11791957271717306
157 -0.42936856131646217 -0.31369102625745565 0.10032888820308955
158 -0.41804486663649043 0.30353750540577873 0.24844267308381032
159 -0.44225829497566405 -0.2448186933838871 -0.03646330806747092
160 -0.3193842382673889 0.17559286278267822 -0.200411879033706
161 -0.44448178795383997 -0.31182730791570623 -0.0636999145796003
162 -0.33418929460761254 -0.30014513389800834 -0.15234366258333054
163 -0.4476133686037677 -0.2538772678255997 -0.3476119393345986
164 -0.3447466557873178 0.19525594134650984 0.002735397530196819
165 -0.3815751896910938 -0.263374538253918 -0.10116036464944861
166 -0.4381894406392563 0.29220839206053323 0.025707860236089345
167 -0.39218142295379904 0.13094500713852983 0.21992342897537082
168 -0.39484443089677473 0.3042859238471165 0.11634054006500978
169 -0.3550606311819845 -0.27935394127860497 -0.16494592320257226
170 -0.43515621394772996 -0.355959879758484 -0.28961839752627916
171 -0.46898871913006834 0.265989894880596 -0.24649018083480684
172 -0.39582751160326596 -0.3578985395958806 -0.019692668406350207
173 -0.39635018928356563 0.36383189666628696 -0.057772007107344814
174 -0.43302313152205923 -0.27670914044983685 -0.08983114445929459
175 -0.413094859237383 0.25146427689499573 0.19758615695450774
176 -0.40284124014228834 -0.2964297729298524 -0.12698220142686178
177 -0.411993279266822 0.4144312607926199 0.1074757920892253
178 -0.21734511232383477 -0.06061308891178648 0.2950944797183921
179 -0.3317541303846298 0.24171645168212882 -0.11117463482851077
180 -0.34515750595113276 0.25615116652504716 0.06303388658460007
181 -0.4215626586694623 0.4127264379369936 0.01820553849173496
182 -0.24922715378147325 0.0028572028253712896 0.3303150285738306
183 -0.4784482126084421 -0.3333266303907626 -0.09153049781284636
184 -0.3801193108597187 0.3167165245504334 0.20643396797983862
185 -0.4443372770146459 -0.28544781836027905 -0.1386413739868984
186 -0.36587979464228865 -0.2891877060486962 -0.16573046015133036
187 -0.45748026413497794 -0.17829614181129075 -0.07397751680194214
188 -0.39009577167648574 -0.20075885334816138 0.0959339319761788
189 -0.3718656149870508 0.37992968931077287 -0.023579215264933586
190 -0.4213284322908763 0.34497465270542893 -0.009132871501498708
191 -0.40009892044036877 -0.3552649760139275 -0.3367336155858384
192 -0.28428267769713306 0.1476208176076662 0.2782657000944915
193 -0.4262892228396878 -0.30231306070449776 -0.2012320123514557
194 -0.4196305290494626 0.13038830580187985 0.03882924569145319
195 -0.3953396586872102 0.31097379696738525 -0.00022622874660895977
196 -0.4432762332719963 -0.2898721526338717 -0.22487150559777985
197 -0.44258096495249594 -0.2313168500939312 -0.1781858582683421
198 -0.45132930036590363 -0.2568251631902252 -0.25939659254447844
199 -0.45969978518013443 -0.2917418525277195 -0.07040920026051724
0 -0.5411320338335119 0.05965193276035197 -0.12875698367426727
1 -0.2586951003459252 -0.14501322522103371 0.27187488153570427
2 -0.5516850875657163 0.06848112693229513 0.00384919930477807
3 -0.5664223015900465 -0.08294606202598337 -0.021043609623498567
4 -0.48522159010670046 0.11610744961987322 -0.03622979528100598
5 -0.5380368660100313 0.11804084720692888 0.013444173926524925
6 -0.558286215936233 0.061741135549664636 0.1273584832065307
7 -0.4712694464940534 0.010172708219602467 -0.33012114460890213
8 -0.6237060405246919 0.07565604358299942 -0.2730127816114368
9 -0.5526038597687882 -0.12855530905149531 -0.05964981753226018
10 -0.5386122887172368 0.17111536050327306 0.13223628201987053
11 -0.3163527844497876 -0.10489319212117211 0.10473650617488023
12 -0.5571019745584616 0.08470646516157665 -0.06668190512583422
13 -0.6075862151452891 0.15892725961586476 -0.08664020887421027
14 -0.5179292695168899 -0.026176112522715112 -0.2971114150179781
15 -0.5490343911206816 -0.09101329343582698 -0.0805599275832751
16 -0.48564816835740404 0.026812399023560918 -0.05331612326282373
17 -0.5518170140264226 -0.005499395731328326 -0.08756907014309533
18 -0.6865123856244864 0.0069632220613085926 -0.23760772003836939
19 -0.563645468189372 -0.0853310733113685 -0.09060605022333866
20 -0.592179329909181 0.11357000095258088 -0.1671171994826369
21 -0.5492367497679501 0.14526875427210062 -0.20104192085106584
22 -0.6360093099588668 0.003558957634730914 -0.22679297778105545
23 -0.5132010326757124 0.015597840113203493 0.1014970880858931
24 -0.5400818850354401 0.10404766311956712 -0.07031951770131192
25 -0.5085002601017271 0.020951798628118443 -0.27464787845925637
26 -0.4846838957706618 -0.04603240447673888 -0.018866935036843762
27 -0.5469033366684588 0.004071395031708579 -0.02054907606008037
28 -0.545041761930069 0.12611280531794378 -0.11344074100515056
29 -0.6104513888189343 0.00971907059643325 -0.09405262966798932
30 -0.4848613851621781 0.18058220999071387 -0.16917093281297904
31 -0.5560574219760334 0.07343929993081456 0.0796192556852143
32 -0.571603601793951 0.13175408559259377 -0.07016019373084319
33 -0.28769797882412623 -0.032708425517726694 0.19897051907511662
34 -0.27502736074536144 -0.12058237786077819 0.28106457606243673
35 -0.5091911341948873 -0.008239758708768861 0.10897741239885791
36 -0.5431198027878992 -0.07308272435238405 -0.13226724575570295
37 -0.563127646288619 0.11538210749330638 -0.15176227214010202
38 -0.5399067213994776 0.11529527430181616 0.14267596826682785
39 -0.5212078184119613 -0.18748278150897166 -0.028276831990850942
40 -0.5880104632376533 0.11680369624221049 0.03894078149161461
41 -0.5382220221950132 -0.032966852848676766 -0.32903491189095685
42 -0.47905561054657986 0.09849075444196574 -0.03949032846416994
43 -0.2931119990780569 -0.10904144071506389 0.18254835487863455
44 -0.46720139388231824 -0.01737342516411496 0.09270732289234283
45 -0.5049816776089232 -0.12414674572562936 -0.1827201271652124
46 -0.6055699787929297 0.06309472113395588 0.11886138410251137
47 -0.5463829674711488 0.02524191444148628 0.047330666214481384
48 -0.5380792476407218 0.005113315090981381 -0.05832912502404525
49 -0.5451177337590485 0.01747762428264601 -0.19696799852242092
50 -0.2898591343037233 -0.08929763610172535 0.36118803347845485
51 -0.5521296786076216 -0.009537138053047811 0.070311214095423
52 -0.26677297962161595 -0.1671139359827827 0.11361108810759189
53 -0.531936822370708 -0.018145407579786485 0.07699636134378124
54 -0.5765558769683216 -0.0003173651496612452 0.013471898831717488
55 -0.2737664352201747 -0.033955877948644034 0.17675302389683054
56 -0.4862047452089976 0.13122721064752646 -0.2603088931060917
57 -0.5026682271485182 0.06056752271313541 -0.13356068956477257
58 -0.47292126601775636 -0.045668058889324945 -0.2383754139360404
59 -0.6426717454582107 0.12381542306700874 -0.1432729173451971
60 -0.5318330077590671 -0.014173357729408984 0.14548693829978895
61 -0.5112778742149605 0.010611400321033589 -0.02270327456668518
62 -0.6040487599749572 -0.05783243681097791 -0.172010978134044
63 -0.6029152602585834 0.036753842405555875 -0.02999266420337455
64 -0.5683697641362419 -0.035363513525752614 -0.14535245475307088
65 -0.58806701829427 0.07105402819105887 0.09523670322519782
66 -0.5848616017911805 0.1626911251293354 -0.3530371815789824
67 -0.5149539312251564 -0.07828651200415888 -0.03903939198564668
68 -0.4934539778051001 0.05709036182603482 -0.20116718144992132
69 -0.3087458785406729 -0.08718486060552981 0.41576060812460514
70 -0.5122293545695686 0.17435530765091775 0.013056037994157485
71 -0.5251063830092074 0.01022260736545768 0.13121296009891803
72 -0.5770186321931665 0.08571134586510047 -0.14243464617020268
73 -0.5144859570146226 0.0787029670468778 -0.1456456900462075
74 -0.5276023007409447 -0.02911319348635435 -0.2391632621814939
75 -0.5882597899269308 -0.03280188200475035 -0.10606424286915069
76 -0.6231308225765041 -0.039736756566766826 -0.175611652918781
77 -0.5591437380119056 0.0046092072411660755 -0.03292177895422722
78 -0.53330626474566 0.1594149569085932 -0.19178163689175992
79 -0.5859353216077717 0.1399973426350887 -0.031157046443718153
80 -0.4465021069941619 0.002853227958039351 -0.3644609608852055
81 -0.5430348612557088 -0.0005599120711488327 -0.04446919612826895
82 -0.47049127309171596 0.07173547529210243 -0.24270232126842742
83 -0.587181422737952 0.14859903381054626 0.04249083348992143
84 -0.5981885479298553 0.10149205364776699 0.05358233471753947
85 -0.5415897239920895 0.14744347523858775 -0.020144426432075917
86 -0.6149852700200263 0.09451566211542346 0.004720994088011871
87 -0.541488882536969 0.0018040130533931286 -0.22432288823512536
88 -0.5234529240711946 0.08827602283033695 -0.1698267699901765
89 -0.5252558832668328 0.03716718022434944 -0.14196884492177736
90 -0.6139319052406439 0.08419475144867192 -0.20903139226038767
91 -0.535674849314772 0.054888956348059445 -0.09988666658141712
92 -0.5053746773051397 0.05901422168840747 -0.20539898514661628
93 -0.5430101486885123 -0.10430027447539614 0.09142496386224247
94 -0.5220435914273146 -0.01850683131799861 0.014981530679920545
95 -0.5905015047849944 -0.010239533574765479 -0.295831512918979
96 -0.6289235254799614 0.02794640020144734 -0.24326393376711258
97 -0.510710516957098 0.05916608375688482 0.030313782735955367
98 -0.6108833552207116 0.011173112268974187 -0.3117893731729878
99 -0.5416438225082463 0.007322989608567659 -0.2190937504735426
100 -0.5989392321030323 -0.012293743518651092 -0.22852507542416428
101 -0.5690795134840932 0.07183219684328866 0.24027675525922731
102 -0.5547236344983196 0.13135189333414976 -0.11308262443965937
103 -0.5202027638066973 -0.02976367292818431 -0.19257265272045593
104 -0.27193582296306457 -0.14430907036383253 0.22283462190958436
105 -0.5916603869662007 -0.08298839601553824 0.04212141671023873
106 -0.5692973442813897 -0.07485297894743917 -0.013408321862217163
107 -0.5612530355818558 0.07703724681845951 -0.11557391174464869
108 -0.5106792468253339 0.13541696464749114 -0.10971939365788919
109 -0.5784799072737862 0.17167333611599797 -0.03198249236848044
110 -0.5401970550811791 0.08787129462314597 -0.1159194609820983
111 -0.5537447622973112 0.09003953766246908 -0.08192631164677057
112 -0.3166836151056061 -0.08621837708793641 0.28621393702800885
113 -0.551836725512013 0.10512201476551825 0.13728165922039157
114 -0.4338778940460424 0.008390518921121068 -0.24644975847294132
115 -0.5403005809275245 0.04233405485104412 0.007995197683641856
116 -0.5496695849964138 0.026938048959384366 -0.3350303138985069
117 -0.512899466452141 0.033808440027115035 -0.22367049219274276
118 -0.5243119695552183 0.10847756490551204 -0.17276279079368365
119 -0.584436603864854 0.048867359880189254 -0.009092612682349134
120 -0.5604701136974478 -0.04413171809911231 -0.2110606470207062
121 -0.5851464316525578 0.08465340477963615 -0.17677009361476162
122 -0.536740087137031 -0.052929313224456875 -0.07061781469304665
123 -0.5039023751871475 0.11077104846434069 -0.3107742471421264
124 -0.5285773431667938 -5.883212203761219e-05 -0.14653544497815296
125 -0.5366721071978722 0.07647614022245308 -0.09248131054216077
126 -0.5086588944112925 -0.144274808059509 -0.08745876158328415
127 -0.5347354461190884 0.056762338118772 0.061924773362219854
128 -0.530825906136676 0.0938609769755579 -0.1736569340895694
129 -0.6416001022844786 -0.1447131379695173 -0.38263978951135486
130 -0.579104121734647 0.09491990797940121 -0.13077138700128552
131 -0.5844354442268189 -0.0251651646228626 -0.022420246842326554
132 -0.486998248840998 0.12225374341646743 -0.12609054640834688
133 -0.5136554047969217 0.13179389770634758 -0.14031479226487864
134 -0.27919814179472324 0.0009616608507131125 0.33864842545492135
135 -0.5865466064460526 0.08155829468496188 -0.1487719678915506
136 -0.5900830740302005 0.1541272572597081 0.08285854294432844
137 -0.5772793299600623 -0.07913215418991039 -0.1458363273819043
138 -0.6146126850124926 0.1566601417078777 -0.29522163432687015
139 -0.25506299216201217 0.007940000739911081 0.34901781978640206
140 -0.2609538998118657 -0.07786153844390202 0.32096518850253936
141 -0.5196424202718181 0.06344037878671947 -0.1159008772605044
142 -0.5970692958670665 0.10492043838835001 0.08439758346597119
143 -0.5741463893843815 0.04399100107942158 -0.27725584872381615
144 -0.5509489442960617 -0.004111217349225076 -0.09341586611578054
145 -0.5678199018834795 0.03419509978732285 -0.4112704309714004
146 -0.5106970110576833 0.03619869048698407 -0.06694418250556286
147 -0.5014357815286754 -0.017681649389168802 -0.17945996703952294
148 -0.4519083648532613 0.0661697300897446 -0.05944009691046839
149 -0.6189848139741344 -0.03620643517912804 -0.21057264334688236
150 -0.28892029442433753 0.016275519186083637 0.1503496828535492
151 -0.5608647580246728 0.07981704043286307 -0.08579026286084615
152 -0.5492558587615582 0.02817996770409291 -0.17998872749946687
153 -0.565252420529674 0.18724923241834623 0.15255819527374578
154 -0.34716234916086963 0.03790068741618727 0.23815424792112638
155 -0.534935350502601 0.0010808147505149011 -0.21058178310881676
156 -0.5831204098498015 -0.05019902002510052 -0.010889464362472918
157 -0.48175436582787473 0.19308786509796536 0.053564824494172616
158 -0.5720608419832106 0.04385907157346696 0.11246356796536557
159 -0.5996261644626127 -0.07116943078609657 -0.07800997411883594
160 -0.6067840983108148 0.07001922436580925 -0.2872339249414582
161 -0.5437281188992057 0.013266254242043642 -0.32949402093033603
162 -0.5667488622180624 0.04804839624518567 -0.17029584317160049
163 -0.4699215855436097 0.007119303641816275 0.06073471729153156
164 -0.5417704563499759 -0.0531641134411933 0.11698506052773702
165 -0.515283346430333 -0.07817475511688987 -0.14066790270075874
166 -0.5785109586475596 -0.012327303733760809 -0.10251224681165044
167 -0.5363372217289967 -0.02487572802915401 -0.15654056903765826
168 -0.5337831757105345 0.018609588268344694 -0.08788128595472852
169 -0.5440393086054596 -0.0014041973657909024 0.05594297677992232
170 -0.5517548942320073 0.12963744029637142 0.44398781591703945
171 -0.5783838730187172 0.0694041986194024 -0.20328885195326724
172 -0.5737218856549053 -0.10635756420952101 -0.0704423995429428
173 -0.5774396899370251 -0.0010463836440480717 -0.14324482879126427
174 -0.48193051850335067 -0.005247939617414742 -0.005071318583271566
175 -0.5488067823556969 -0.044368522058903646 -0.10684868842620736
176 -0.58268913109056 0.20378658278383385 -0.32144835297464275
177 -0.6018522039599039 -0.009596254883386791 -0.23098869386964374
178 -0.3454787027661607 -0.028697107590992515 0.36920897399691915
179 -0.5612696241291535 0.08662881181753922 -0.19979144977847071
180 -0.5350207540087715 -0.016125321893099117 0.012697692371070367
181 -0.5570960608690775 0.07479772787183316 -0.11182439073207842
182 -0.22100352120466102 0.007828252922158297 0.40580903395536766
183 -0.5779946196844087 -0.0033564864846956127 -0.05124043175321915
184 -0.5574696315113814 0.07188082914966441 0.06427793048852579
185 -0.597034808565483 0.11256736097801616 -0.04472846999153791
186 -0.6029958720093971 0.13710709102595217 -0.3092336117379955
187 -0.49848010659663683 0.02625717610732467 -0.04974718426167337
188 -0.5537311480159776 -0.018630272753362175 -0.1885769483263009
189 -0.5085591644198321 -0.004717372331165594 0.0362888842994926
190 -0.52680866694715 0.03519657360779429 -0.21823929541983994
191 -0.5299163027225631 0.05732792408524774 -0.12496991035982664
192 -0.21682813103771023 -0.044077324541419646 0.2517067316251606
193 -0.5314028158261569 -0.12767693239707545 -0.20497413869855255
194 -0.47879672388793576 0.05822022022884025 -0.2458277567161633
195 -0.5501562785768833 -0.08115757842008818 -0.07076962942544228
196 -0.5456613492610918 -0.1252527032525118 -0.062045260833892696
197 -0.587796388692898 -0.07531464188773251 0.09809385548413557
198 -0.5766525990299373 0.10162577702026462 -0.10565095612063513
199 -0.5684782194005028 0.06090964118419307 -0.16588405683047802
0 -0.3657004342923885 0.18547967890610412 0.04211803459107675
1 -0.4685155094169151 -0.2540564091127226 -0.14593869806256743
2 -0.39333024118779913 -0.34345530910902966 0.1397516670951518
3 -0.4543856514242576 -0.3141764895286997 0.32206560129656503
4 -0.3950492254247561 0.30186419200546044 0.3529003194625275
5 -0.3699732945632684 0.37642135215750083 -0.15594899147879812
6 -0.4473902291846285 0.35405955515180304 -0.05432175478939439
7 -0.4174340938143078 -0.30177583641087036 0.13193078115401735
8 -0.3636330746275521 -0.24354019040331862 0.4436836897895274
9 -0.46536352752659627 -0.3385765304845285 0.04344900880165132
10 -0.413257271936412 0.3855014986599203 0.018087361407419896
11 -0.48567524712292415 -0.18629386674131562 0.06066166956733298
12 -0.4204537312971843 -0.3339296874113536 0.25050419617985475
13 -0.5197808624244004 0.3562837445031521 0.03190865201004961
14 -0.42731651607725657 0.3149217209166969 -0.03192349009453604
15 -0.45539120661877547 0.34332036907836866 -0.11053569998490471
16 -0.36452932624142914 0.21997891073238854 0.05742637543106615
17 -0.4077828769748137 -0.3755612723026452 -0.09559637860221641
18 -0.47432810555401034 -0.31709536641644365 0.1585829439758503
19 -0.4457681638456572 0.41720526778314165 0.20015388190027858
20 -0.4729856744751409 -0.16668546694266698 -0.025015007914906455
21 -0.39691047308914695 0.30246972621160595 0.05105499631503499
22 -0.3838461406483958 0.3349046684783 -0.09639255790400117
23 -0.3946530432844277 0.3067900934166561 0.010193440575565382
24 -0.45659999892054953 -0.29249442062186165 0.4526971916727378
25 -0.4625192345500425 -0.24060460088523777 0.06559018913972009
26 -0.429052956189081 0.3139966333488158 -0.1438063255060372
27 -0.44645895559438925 -0.2858035559065906 0.294848431093819
28 -0.4747179995060524 -0.46335433855830677 0.3099415341592564
29 -0.38660071095529336 0.38282816260916475 -0.11082540819308911
30 -0.4016957810284888 -0.39010530510744673 0.21524968334050948
31 -0.4020936970888648 0.28146646524277 0.14717830701962745
32 -0.3938593672629173 0.2859529611555145 0.04779274150624762
33 -0.46605151182161086 -0.4504292393086676 0.14292833691752876
34 -0.44352394174396176 -0.35429585238072053 -0.10517758102094986
35 -0.4090592117940267 -0.27224767648677317 0.03654314201998142
36 -0.41146892603879204 0.28429406911226035 -0.011166729743309015
37 -0.4465991447626417 0.38548316600134286 0.21525287255843356
38 -0.4031153178109121 -0.33491597006031804 0.2307815134393872
39 -0.46258024928915425 -0.2574313409234422 -0.005447236621690006
40 -0.3198986222637408 0.27610281650204416 0.11042576464225519
41 -0.42988854913367724 -0.2077914712542988 -0.007870631742998343
42 -0.4331054136320986 0.20231237794172505 0.16822215883385908
43 -0.35708949860896455 -0.3479323780315529 0.0630003479470866
44 -0.4541487225337432 0.27245507609527825 -0.1356205778747038
45 -0.43830441739038506 -0.28698881422350436 0.14123277807007237
46 -0.400464253264883 0.2436487078977345 -0.03504064816749457
47 -0.4876301125934285 -0.4100875278848954 0.14026060633240342
48 -0.38933282957428655 -0.3427100540687636 0.11380000108844142
49 -0.43820484648619 0.4375675800082227 -0.048225269278696976
50 -0.40482748481785474 -0.21412736770329668 0.012087493836034684
51 -0.3930158578747447 -0.27429099915815097 0.23650108267778627
52 -0.4437356777365702 -0.39355238142939886 -0.03531460135729611
53 -0.36066744482414453 -0.18492934977863162 0.27023520372986887
54 -0.4587296641280997 -0.37347740408343527 0.3577275055875
55 -0.47857745475641444 -0.28512702382900124 0.02773733206898779
56 -0.405462652339118 0.3305944030866848 -0.06497932313760282
57 -0.3232339826025153 0.2009357925974441 -0.07339774718249312
58 -0.4237636892347495 0.4098014846687566 -0.13358180841622172
59 -0.4041246859203864 0.25707261500299067 -0.012892400933404158
60 -0.3758197378489939 0.22102162648770243 0.09355306595939734
61 -0.37830409558114547 0.2558607169784766 -0.06589932830897761
62 -0.3932412038920845 -0.3095279107414244 0.23085824870018187
63 -0.40751610060311183 0.2489829127454967 0.12873962568294883
64 -0.46688698693694897 0.21872825183698197 0.2065917201035811
65 -0.4324894212285009 -0.40299417982207136 0.24432537025789372
66 -0.35050971305940515 0.24593066765467175 -0.1490205220428059
67 -0.4655965665789596 -0.4486830218814902 0.02085139716617786
68 -0.4147801288640214 0.34020179947524937 0.07698943377598161
69 -0.35560667703224474 -0.21552593813526938 0.08196994974389205
70 -0.45789413281840086 -0.4533627266989942 0.22552270958641465
71 -0.4522611177421537 0.3233522153272794 -0.024854534993664006
72 -0.4051958128512294 0.22321721345586262 0.13821638020622992
73 -0.44347937503602985 -0.36592849163519336 0.08790083667586297
74 -0.46828228355601437 -0.301226418607338 0.16383740472091937
75 -0.3685456031716179 -0.19113965529018728 0.029818342055384618
76 -0.37589675354629604 -0.3072822071085874 0.2700222534568379
77 -0.47598215586499176 0.27327283556266124 0.05095572290686892
78 -0.40953012612965145 0.20236513479427384 0.047844401468974625
79 -0.39850039457570063 0.40565489283711187 -0.03099888110010228
80 -0.3938943155447864 -0.35421861481565803 -0.08380534837001716
81 -0.4718648043388603 -0.28283423361250554 0.17302634549207882
82 -0.41119145306744376 0.25250319445986663 0.08674757029947414
83 -0.43414102752900774 0.43662792120205446 0.19757433654455
84 -0.3972176639056814 0.3691144950866296 0.06814678056149794
85 -0.37203966669400756 0.22074084769760383 0.15857205860582613
86 -0.4928620574205021 -0.3570098668183075 0.26947198335425576
87 -0.4494694612144299 -0.19074111443984829 -0.00919081518350699
88 -0.4425535154306485 -0.26981665054446446 0.2924247832366682
89 -0.46726330285795914 -0.30589412774308106 0.2996405000487679
90 -0.38601824296524123 0.23086950923992236 0.19589333926938765
91 -0.45975875204721695 -0.25795041073381414 -0.10398105967875719
92 -0.41655023217426945 -0.14076578600669143 0.17038192047474268
93 -0.41417554966761616 -0.295827456282096 0.06410022774444016
94 -0.4028011764005366 -0.3524011232356453 0.12298371931208214
95 -0.4352638116420526 -0.2583735061312675 0.05272096391446528
96 -0.46345961324479834 -0.3096107536621337 0.0461390577992772
97 -0.4305557942135846 -0.2198711594479594 -0.12420872296151744
98 -0.46655553370363656 0.3282921323195612 0.1791184510871882
99 -0.4476250271634596 0.25161697613828854 0.08557076549458453
100 -0.4476254088954886 0.08608093403827084 0.33625401749980127
101 -0.4048254508474494 -0.27928224845388966 0.2086691442223237
102 -0.4131546214640424 0.3065606506007509 0.18594330963894432
103 -0.386722322387627 -0.3491561632445551 0.06585704971342056
104 -0.4655478127652421 -0.3373256312840454 0.17490611652725094
105 -0.3556550160497201 0.31174788793638775 0.0723632619151817
106 -0.4226209462773746 -0.4464744991028128 0.1396151334627412
107 -0.43372477233921153 -0.33944359552797515 -0.00917594336911206
108 -0.3803300624390183 0.22315403515472748 0.07889774138396433
109 -0.43754417512221055 0.3118993086532964 0.05141066193510761
110 -0.3442327416409368 0.19594659297885011 0.12864217568629938
111 -0.41877451039505287 0.3323692236609746 -0.10468466227478364
112 -0.3992993936300401 -0.2846087497637091 0.08094596568071602
113 -0.4363938155624515 -0.33743359793652644 0.11985182609261431
114 -0.47031365158259364 -0.26166394126928855 0.19164293783567973
115 -0.43222886303393554 -0.43509464309010704 0.23755413146831605
116 -0.4099738300102787 -0.2666873615066606 0.3515312797157225
117 -0.4016125021432346 0.2878133215481402 -0.05912264020006017
118 -0.4564013084599623 -0.37608800488870275 0.31489431799669343
119 -0.45257016088474206 -0.2829210326723578 0.1412650186411372
120 -0.4302650377587971 -0.22620528459433642 0.0927336599276397
121 -0.45339341035809966 -0.3661005533742153 0.16589869611351693
122 -0.38726460490166076 0.2325952266394092 0.024984761711385597
123 -0.34327808897344797 0.3468134171026043 0.17436014504331288
124 -0.41842351319840493 0.33843741560772467 0.020611683973931396
125 -0.4369478442253636 -0.28136485394938454 0.05491584475076488
126 -0.43980956566867074 -0.29046283007885704 -0.12486853822084779
127 -0.44262541497702834 -0.21322586833054386 0.11924894537381427
128 -0.3821455680710387 0.2888764023268035 0.00469234225821804
129 -0.38140980474648944 -0.32986341712180756 0.0585612720325597
130 -0.4670036862959459 -0.31332108688409954 0.05140068548414791
131 -0.3864132263243898 0.4346930364498848 0.30350037591699325
132 -0.38399029270692486 0.49083296303901025 0.11565604600365513
133 -0.42150037362271475 0.3386051940615661 -0.04653189942866598
134 -0.4193158885394176 -0.3890313968432151 0.26914082424305563
135 -0.41779515421689295 0.45094186147055476 0.10594754079139221
136 -0.4938962745677943 -0.2352380609294591 -0.11708229338539373
137 -0.48925465088447556 -0.10374374201013424 0.24568316973137957
138 -0.39884477308503274 0.40157223249218 0.21902784728497207
139 -0.4153326832106039 -0.3263755698191642 0.08835294036966734
140 -0.44372878146054506 -0.3638837250381324 0.23993362296593174
141 -0.2943756307437208 0.16078810915817854 0.2762244764253225
142 -0.418081758665405 -0.10615494084133242 0.13831431276469208
143 -0.3595455579545375 0.35614217591825836 0.028596486937751076
144 -0.4141902015013074 0.2663002614981012 0.1650654660120034
145 -0.45722844371277216 0.337558715908315 0.06260548269254743
146 -0.4299580672701264 -0.39217986379525466 0.053134490096529235
147 -0.4224073744337864 -0.38445272008970344 -0.051203946806329975
148 -0.38342495389811937 0.35567036803687696 -0.03234355135358924
149 -0.4170859454739375 0.43773318902053376 -0.06796866636623401
150 -0.47484451464685157 -0.1478705190060184 0.3745174383228672
151 -0.4080262996215731 0.3349370359608733 0.02527711219201225
152 -0.46369232955429524 0.28847135375276556 0.0131186691270251
153 -0.47989640003404904 -0.17207405694464128 0.4683331772100111
154 -0.4838095500394287 -0.5721151859850502 -0.1734965151790512
155 -0.47709020546317227 0.4547981554100135 0.2219521658578864
156 -0.4008488950361149 -0.38146410328268493 0.06072525676375552
157 -0.4337254380117977 -0.37286963335923995 0.19810390313690196
158 -0.3454149701364506 0.2951886167852291 0.08476725430009545
159 -0.4799738573594015 -0.375242218541053 0.386777276412764
160 -0.4250152243872261 0.17528116121102613 0.13841012452570062
161 -0.4475703191230705 -0.47726664514204126 0.1575863923193695
162 -0.45303251344545764 -0.3404857478817132 0.12854348023618292
163 -0.46700078363260783 -0.35697192858561666 0.28572861744543865
164 -0.4667113272732098 0.31547831198177334 0.2894922739166178
165 -0.4770611151087071 -0.31076166808778827 0.037738851396110266
166 -0.3883872566697595 0.3352180558734068 0.21570212234347813
167 -0.35177872483241784 0.2992741021521776 0.015079672956776617
168 -0.3504788965834287 0.27289299046128823 0.021248489248386217
169 -0.49503890229988917 -0.30269225315750237 0.07447598772513092
170 -0.4791887414646623 -0.27481929026100965 0.2743570034389271
171 -0.36706621446238724 0.27224636816339143 0.23093396063169638
172 -0.4382561963120425 -0.18522231905256153 0.4603181964291454
173 -0.4486629165706463 0.29081324487653376 0.10030336852070015
174 -0.4159708808622613 -0.42594026801637763 0.1681618762998505
175 -0.41125796590666214 0.3426376484632877 0.11160199241168559
176 -0.40770209398233115 -0.334188580317426 0.15061281019445996
177 -0.3858481134533261 0.2901362686974602 -0.06114647335539058
178 -0.39000713220811234 -0.1526151210920957 0.09249315645983884
179 -0.4108898062324894 0.2527305376494788 0.12185849955055454
180 -0.364867731776934 0.3646272458773628 0.24357149577797813
181 -0.35077336656247193 0.24952322592639606 0.324095193570105
182 -0.44566612211781226 -0.2746553917456125 0.13507183401516876
183 -0.4108496094438507 -0.26500822659109 0.3922727556454844
184 -0.4396156091560469 0.3735789327177952 -0.10771030373927194
185 -0.34088554916635255 -0.1231711009897096 0.034601441403769403
186 -0.4056496944118024 -0.3385113813053105 0.27822661430935497
187 -0.37997511277982166 -0.24243858309559507 0.24391983491416522
188 -0.42623995743938253 -0.29746766437736505 0.3958362128826048
189 -0.4733395869893013 0.29184772533323555 0.2030817052850934
190 -0.3724707774996348 0.26197229226316265 0.007717833574404296
191 -0.41131495527122686 -0.34165481675107134 0.1831901324665591
192 -0.45937116948609436 -0.3779735479043638 -0.1339011151175432
193 -0.42251897810638456 -0.30434564660535757 0.1489718088278616
194 -0.41242445702621516 0.28863319950729616 0.11679524266789623
195 -0.34141370018074496 0.22711872502392735 0.27501244559832866
196 -0.41167219288229123 -0.34873857901456995 0.02637346940622958
197 -0.36483211657369635 -0.357215106785763 0.24694893136109056
198 -0.3646228164740654 -0.3949223231410283 -0.1798026928902778
199 -0.42246094364342474 -0.2952106518554766 0.04659205723159367
