200 3
0 -0.36272377308706594 -0.01897668296520999 -0.04179883011405135
1 -0.4052186188013523 0.2632646989291522 0.39239778455163943
2 -0.35390168099870584 0.23808253791813425 0.22262509396174696
3 -0.33771115330921064 -0.0033737085720681606 -0.23773692417769654
4 -0.35556866778185464 -0.22376188962757035 0.4702350755665594
5 -0.3654627088827185 -0.36817405933774233 0.09375255983286158
6 -0.3699760163300348 -0.13395135974195743 0.25593178625618135
7 -0.42313454490680297 0.2579905427541279 0.2793336171204687
8 -0.4068467415481941 0.014688792014444231 -0.348131367029165
9 -0.3985610075294563 0.2631353609312219 0.260980351606954
10 -0.3531155737602397 -0.24669491364755378 0.3967981245233552
11 -0.37152334008934174 0.052650122896178576 0.3657659105453108
12 -0.3231586022467694 0.12299919318383551 0.1600569466022776
13 -0.35262994621991683 -0.2213987217114097 0.1851975750378332
14 -0.4557136593371069 -0.30338623943130305 0.248115053105364
15 -0.2594609971362252 -0.1644861075980401 0.29623919785617603
16 -0.32614842865699306 -0.06645130937207282 -0.2866912941299663
17 -0.3543577487971768 0.03969985367007359 -0.1036399887950044
18 -0.37301881117456903 0.06935003228458474 -0.22828356743118805
19 -0.3615609919464515 -0.15870961988158303 0.1180007770315116
20 -0.2835797670398442 -0.07928512584295067 -0.17001239166067209
21 -0.35352284276860296 -0.17686387583008675 0.22851103916608487
22 -0.37677355453719347 -0.35773108904718387 0.18249857300752909
23 -0.3794079712961318 0.01380656336944061 -0.33220023964661827
24 -0.42457648014576166 0.08828231509377835 -0.3133723384729584
25 -0.29261527718486124 0.12220086359548417 0.1542147722481764
26 -0.38083626267880955 -0.33369917696615414 0.16208519746101663
27 -0.3918681590871974 0.026076892651985126 -0.27251709668649193
28 -0.38972772049619986 0.10062498772893455 -0.21530175804987933
29 -0.3483285876266863 -0.23398848092377175 0.3007403094907494
30 -0.4849495486053339 0.09686939240720488 -0.15475509690716568
31 -0.3819804458399378 -0.22881377630171829 0.2719977094455153
32 -0.3557475080552414 -0.4194522820406138 0.2325220760832062
33 -0.318543093709459 0.027486866631895722 0.2026251373572379
34 -0.39680306507695 0.36273911398186176 0.36998332680673396
35 -0.42453392394137673 0.1247885792801599 0.016364024375943753
36 -0.3041430046820678 0.03365842743267995 -0.0715184499577387
37 -0.3533432198731259 -0.334615344684056 0.2483813485977269
38 -0.3814703427681152 0.08411894035966046 -0.2346689892939883
39 -0.40989531457791034 0.17942635813717764 -0.25517153178566565
40 -0.4159644241767922 -0.22825272379686978 0.28195795440782523
41 -0.36558593903232667 0.04243772966136619 -0.221968562440623
42 -0.30945147117570926 -0.23586687240971613 0.14001547917964044
43 -0.41043359659725476 0.2782219032561476 0.33707415826941495
44 -0.350198604837475 -0.16970608270792004 0.17296572078607902
45 -0.364924675860729 -0.08051457843327277 -0.21713326425179938
46 -0.384435301835543 0.010463105236543669 -0.2683740164598432
47 -0.3493647713414304 0.1068335777073444 -0.15919384024365996
48 -0.36089047868418334 -0.08735896959852528 -0.30913163563400353
49 -0.3155980732880943 -0.17861538055773823 0.13631335596483826
50 -0.3743688908613949 0.0702040794901898 0.12416815260212831
51 -0.3492155131084161 0.16989277273246756 0.18184821241608756
52 -0.358560663989521 0.29326082357196315 0.21699706601331367
53 -0.36871813303924 0.16709930453365768 0.05662537001039872
54 -0.44240603235793363 0.05182624262135166 -0.12963760299105956
55 -0.2945820361580353 0.034971167224997136 0.267937197109808
56 -0.4030490012206734 -0.31150321710024687 0.1662382388644064
57 -0.3470048894963933 -0.22928086221449506 0.33613191768906386
58 -0.37683942527167696 -0.14612454648310333 0.19665172083601115
59 -0.4258352397255203 0.07644121831130207 -0.24415965542455326
60 -0.38393351259075287 0.014685136622002389 -0.23415726595331152
61 -0.3554656525571488 -0.25297532379881876 0.28916907397357255
62 -0.3275402073292098 0.2816256458241568 0.1523917297046535
63 -0.4371960793342047 -0.06040575967794459 -0.22614414425366233
64 -0.325739166736682 -0.16501008400795872 0.06846577098478814
65 -0.38544963912644475 -0.0723734879349101 -0.13117325487159678
66 -0.4299545854338586 -0.39803100906171357 0.08728157552049878
67 -0.36992961850205175 0.3912283995953045 0.31512429916133494
68 -0.3519144041396028 -0.3383244838171168 0.31355513351404946
69 -0.4144381642941529 0.2622798141931328 0.34119857493208444
70 -0.32764382820484156 0.30262504033254173 0.3095481780317773
71 -0.41067687385102475 -0.12514456647898145 0.33493562785205927
72 -0.32174837233636167 -0.3230018437495602 0.18720964713757596
73 -0.3538449931587883 0.13598681949428995 0.21548074861374097
74 -0.344009095522169 0.2605882076221119 0.275039126795345
75 -0.3479940797414996 0.24109010192492772 0.17903764146736162
76 -0.40870821872731383 0.2605123987424185 0.08768205458448095
77 -0.4240095325895282 -0.35695971486834094 0.2808938238345165
78 -0.42755249655146144 0.1651125320285381 -0.15900170922242723
79 -0.3481339555573649 -0.1889650575330146 0.06275136995347314
80 -0.32018143273322225 0.3412773041929616 0.19966287674196712
81 -0.2901552945287757 -0.039159508494543666 -0.16637294953138354
82 -0.3547241603887257 0.05222651848368158 -0.20921912778028073
83 -0.3061081179085128 -0.360518309527619 0.19026875109570432
84 -0.4596565990304342 0.06851562255278264 -0.20225449050460312
85 -0.3263471776606485 0.12376601044140734 -0.336757398954137
86 -0.25693444194892506 0.18452187987735494 0.06357538386899908
87 -0.3823726587403527 0.18582951002376866 -0.05004696952830656
88 -0.35007386723230893 0.22377321489233015 0.1850069749778582
89 -0.36369988143312026 0.12445744685227571 -0.21956169044425056
90 -0.4399099003079632 -0.17501698985387393 0.3617091805325579
91 -0.42708819652582897 0.3197453521999973 0.15983922220030417
92 -0.3801956987746872 0.10723969337368719 0.023323956677331687
93 -0.36136120212507966 0.06005330628688872 -0.29634540261629644
94 -0.36952150979754944 0.21967755524768964 0.1770804938711924
95 -0.2735962630411829 0.08362788365802797 -0.2822514335557349
96 -0.30564298172557924 0.041808045299605544 -0.256526732282273
97 -0.3520403383918192 -0.052943377119030056 0.05772084521202736
98 -0.37998902629826675 -0.20214761365278305 0.0498473331031249
99 -0.420236234932626 -0.2711348083518905 0.12976784113507203
100 -0.3125802259797296 -0.33437511269001524 0.10142107980201706
101 -0.34798593053747584 -0.0046769463290939305 -0.1789097558897981
102 -0.36321882331912164 -0.0051931737558960685 -0.22180487723573086
103 -0.3909459119961729 0.08083075122205509 -0.10376583346294871
104 -0.3875000635359155 0.18882369772063806 0.18245570867164942
105 -0.3034485929451138 -0.2718173677498918 0.1701714521792415
106 -0.3955423154740868 0.07280097339408524 -0.2017441492858372
107 -0.3507393543762546 0.20928652921399613 0.342465680846675
108 -0.4038807263754839 -0.3803887824982533 0.2173288101926139
109 -0.343871523597144 -0.2401453851019268 0.13513477033159757
110 -0.27348780115324084 -0.045884340387415276 0.15837386298085152
111 -0.3588987584856629 -0.271531115441884 0.07368574785781869
112 -0.3099424538920856 0.1467218677614884 0.17227826973578075
113 -0.3913466265905545 -0.03315785849308521 0.3724184737089925
114 -0.37165569397869713 0.0752169730388825 -0.17346339287314685
115 -0.3779381523500708 0.20564788534621106 0.2545579201807578
116 -0.4427773286532177 0.20484326965577104 0.05080585147573662
117 -0.4568610668986164 -0.2862448146358088 0.13812834110421934
118 -0.3074528641065641 0.28563625828869704 0.17127242259652917
119 -0.3322845773318008 0.04375350569779917 -0.16705737033372822
120 -0.3412006372938837 0.31622540262416987 0.2584937055422125
121 -0.3704994007373493 0.25086445171148436 0.19306528345235352
122 -0.3943108853498013 0.148043378134959 -0.3359880331566438
123 -0.3559049739096029 -0.15143565735320486 0.18029592958956822
124 -0.3458100924671919 -0.18345199880351704 0.11355315744326298
125 -0.338221802305232 -0.08457763424373409 -0.25560422580342795
126 -0.441458001128075 0.34421191485510216 0.1632308057862635
127 -0.3326809914289278 0.292336995362504 0.27424828657305356
128 -0.36118503422247444 -0.19561052476097776 0.3438827712266271
129 -0.36593731618318937 -0.005041570111253994 -0.21416393759922783
130 -0.3686862523910986 -0.029197552878165375 -0.32297361294759075
131 -0.41840734246720124 -0.2789037129399836 0.25864168333722337
132 -0.30704114456823967 -0.3609287902564983 0.18785256413543094
133 -0.362156351279411 0.045154891406248246 -0.24934567556001255
134 -0.33873253514440993 0.33436064588844827 0.0513411126224101
135 -0.37218388836869143 -0.008466431158714087 -0.2913333616619473
136 -0.33232387217681486 0.0780416056291095 -0.07902056649780602
137 -0.3813674396296993 0.30128893085086667 0.3312022005616381
138 -0.35611572816384374 0.11806307699479875 -0.10291887120734566
139 -0.416626601235196 0.29440702368442867 0.424870880499459
140 -0.3435875508824806 0.24854833447262864 0.049202477541280494
141 -0.47267290469204526 -0.30878107013603634 0.2558783344862899
142 -0.4003401264313007 0.11019962633621302 -0.18307517495363385
143 -0.3410180431410395 0.06619188829857578 -0.19338488236622525
144 -0.3390816665565392 -0.17130076687684587 0.3024117078303888
145 -0.34559943325422493 -0.23372732453003345 0.3861494232731694
146 -0.338777984280313 0.1315638889020564 -0.31930490030466324
147 -0.34603158563586767 0.12351188168380876 -0.30024848599306564
148 -0.3821929299013178 -0.29342861601514403 0.21845287507287778
149 -0.3349326089832226 -0.2008820755463367 0.202139624794202
150 -0.38696280767321983 0.36517755074946906 0.05794657026852943
151 -0.3633698585777609 -0.02742302485314256 0.1814198931115835
152 -0.30426719723102913 -0.20689771369117696 0.2027707500824613
153 -0.3709969725687894 0.05357561303741866 -0.11998798324636324
154 -0.3505361073061537 0.2303729121698351 0.2044092932743357
155 -0.35244721310090954 -0.3317584935441923 0.3145476731043839
156 -0.3303575849067429 0.0685696653523117 -0.010832766347319594
157 -0.36830193959658125 0.2599086881164799 0.19297535685096753
158 -0.3523730639646337 -0.26398058122494217 0.32899705494109455
159 -0.3762803605902664 0.22389489245362004 0.3446507942076772
160 -0.3246505963396349 0.042245902159194285 -0.30691725848231055
161 -0.3370562256990367 -0.041870051800726386 -0.3328512258836994
162 -0.3979128490266014 0.01321842028771656 -0.3068039204949886
163 -0.34324798525282824 0.05282042154437838 -0.22881801713222674
164 -0.3483843470668815 -0.21042718387168363 0.29580043922882154
165 -0.3758984478124632 0.09089605935779961 0.07308009501564668
166 -0.43269775583426606 -0.15766932181543133 -0.1635374082195173
167 -0.38414432278723326 -0.1440145320585065 0.25296258790978904
168 -0.31275548675050974 -0.2038989294693859 -0.020466028258920792
169 -0.4129767967723841 0.06484200640636874 -0.1538786534560104
170 -0.34127804088893543 0.015193124580532158 -0.280479687786486
171 -0.31046753657205106 -0.25139943343860865 0.10419340544787561
172 -0.36549536614923345 0.0704582671673152 -0.2772630443509237
173 -0.37574466431347114 -0.2115252750171589 0.2822360700477361
174 -0.33568169259951086 0.13701197264848003 -0.16416772868327967
175 -0.40724279261258206 -0.17717057230258873 0.10314148375272882
176 -0.4952232103040427 -0.03860422750323094 -0.17043006856326043
177 -0.3601967700928858 0.15062945520095564 -0.20358733731565795
178 -0.29942488058525607 0.20784618803496538 0.124151455498349
179 -0.46064191881645244 -0.28186420939244444 0.06830271575407836
180 -0.3905829183561009 0.06641757007968224 -0.04755199573593694
181 -0.3034566527135992 -0.09288341574822336 0.28319987119096984
182 -0.32249849627897614 0.4146404604900205 0.34863630302210197
183 -0.37360231147274175 0.2679721043611803 0.18549898540119936
184 -0.32676840600947743 -0.09307116943971236 0.34411860859740945
185 -0.36376788174603025 0.06089948233394498 -0.1023513843156123
186 -0.3508233652108031 0.3094983868795527 0.27780835295827444
187 -0.3382493441840563 -0.07070111229684876 -0.22638236607714993
188 -0.3552898931762873 0.05529542659406395 -0.1328812527988716
189 -0.3261651451108506 -0.13573196514742303 0.06354581391467182
190 -0.3471189538865501 -0.20395775049630321 0.262834874876217
191 -0.38613149752508047 0.27525584698613764 0.38247563390914185
192 -0.3661353625275892 0.21957566929631492 0.3966314947018464
193 -0.36013772472356537 -0.0013002869867763088 -0.09069181291591479
194 -0.37555850635208926 -0.015159384957061282 0.03908659950539937
195 -0.38753811284915823 0.030946433827442128 -0.40450586074444767
196 -0.2598961699904205 0.10597373199662022 0.022187240612390854
197 -0.3596589023195596 0.2556146570351171 0.3185824341072248
198 -0.4448849206328831 0.4041912406968082 0.18818699746004006
199 -0.40492580419421786 0.13142638096656864 0.13110592797417459
0 -0.41255224005726904 -0.15405792253779413 -0.2883180943291332
1 -0.32464556578470527 0.1989643233828 0.3231360444280615
2 -0.39514742823597365 0.1948287696678802 0.11351363579148145
3 -0.49565806701969883 -0.2750067798107131 -0.19061935027334936
4 -0.513858510145573 -0.19544109713097532 -0.3037098945174345
5 -0.41980665141083795 -0.12185491730431162 -0.07954004526149751
6 -0.5331759498305662 -0.22330907555848822 -0.16948582264570367
7 -0.38005426206084764 0.27332748624914893 0.20326697118748505
8 -0.452471477423314 -0.05833774918416646 -0.11327978674645836
9 -0.3485830207677278 0.24156089872664574 0.27636856367630563
10 -0.5044218262003434 -0.34218178714612135 0.14848710346571575
11 -0.3627584155499653 0.13642724383633242 0.03963745598075332
12 -0.36778357719808563 0.26149020232008563 0.15085696698144754
13 -0.458608334307636 -0.28346206294643056 0.1332662428385474
14 -0.4406727819186472 -0.2384612439234029 0.031031593177853572
15 -0.42035022068301614 -0.4549198761668955 0.12691952458293657
16 -0.44102533310475983 -0.14642497388722947 -0.007856237274796871
17 -0.45467764837153735 -0.2145582490784317 -0.2341165301118737
18 -0.492310455072467 -0.18763094341239697 -0.15057868972378605
19 -0.4838334315029979 -0.06161384312848804 -0.17652120141179284
20 -0.4300457042429036 -0.167761528476753 0.03332034465304029
21 -0.4467729904452044 -0.21264758649692106 -0.0760794051042987
22 -0.5032337916785372 -0.3593728031295465 -0.005448178719406071
23 -0.4581293120143874 -0.29479621590120286 -0.1819696912732508
24 -0.4073505433093389 -0.15802511793923243 -0.12824486614052127
25 -0.4471079524975409 0.15777187535232137 0.09824437122990422
26 -0.4954108766582973 -0.28939873847559966 0.04379599824517499
27 -0.4293234512993405 -0.23914813304562602 -0.01924085530056698
28 -0.4398727939263269 -0.14636352999297828 -0.20891608652213692
29 -0.4351355651802932 0.04054584278333545 -0.25860002871288756
30 -0.36077563262854356 -0.23974788466383187 0.016699143449722478
31 -0.45531204542426834 -0.16040587858205557 -0.04781630739323546
32 -0.4671584810383247 -0.0962386560494504 -0.12411045623692905
33 -0.38103845452299157 0.35148231970008703 0.2273673870171187
34 -0.4193367599507096 0.25901312323440545 0.18411615813004134
35 -0.36351427984107765 0.2747035235084752 0.11597726218322861
36 -0.4473858211200474 -0.25804233042102176 0.03649313347108703
37 -0.49937178941596755 -0.11982952395373714 -0.2157584865389796
38 -0.48505352995842105 -0.20428815070628148 -0.12017669346325492
39 -0.4757357406125828 -0.2167488286336045 -0.17919144593428574
40 -0.4984073965676759 -0.22463150210880767 -0.09510588852520441
41 -0.45024301052037485 -0.10126497712413594 -0.13373068763531287
42 -0.4068245689498583 -0.3734379859599257 -0.08595688035890604
43 -0.2963561740905749 0.15319830233436987 0.16093619795408431
44 -0.4143174562643084 -0.189900459931993 -0.3033356982874553
45 -0.4883459056380203 -0.2864051532291336 -0.1253830962248635
46 -0.42124759346439944 -0.05461951403373534 -0.2504364036688171
47 -0.42291033971942055 -0.06211880225855976 -0.038289146334740086
48 -0.44287531817275994 -0.18760291781305494 -0.1222985008593034
49 -0.44002531411216694 -0.228427780213978 0.07620363911896691
50 -0.2980792221972304 0.31193870601329465 0.28700306274222626
51 -0.3568207517951568 0.2590902307583159 0.42007327178560044
52 -0.3726973236443462 0.2647213680738497 0.2088344195541334
53 -0.3258488223905262 0.13323669919143727 0.17686515308315184
54 -0.5174062163565021 -0.22639392118793028 -0.12672679498160555
55 -0.3754341051187309 0.2433926456364816 0.2505220147257913
56 -0.49553280473273026 -0.2764438963198225 -0.10292420472310058
57 -0.5390476693310592 -0.26690478907548404 -0.1272663698694833
58 -0.425897366488019 -0.18853590059908748 -0.20891919480258345
59 -0.5156878553123633 -0.2620780096879094 -0.24690681992739705
60 -0.518234826105783 -0.19605218002144198 -0.28004848181582426
61 -0.4283643281611672 -0.19769597602001546 0.023045064723920088
62 -0.33368578118916115 0.25779934293838097 0.0890557392804777
63 -0.4904392622944887 -0.2171423023896782 0.016428196625406555
64 -0.5319568789757331 -0.31670631296284185 -0.05492542922935547
65 -0.41599277323342765 -0.2226374076401195 -0.08337928362269462
66 -0.5034068564676561 -0.20285794771522997 -0.0007545246772707543
67 -0.3545377059239473 0.15429996657614103 0.23624169224546085
68 -0.47016979841413087 -0.04910889688047716 -0.1290420975058208
69 -0.3714191010657603 0.13466476653002502 0.30331452263407815
70 -0.4003349560771435 0.10244972668974651 0.1248913887858902
71 -0.4022617213252324 -0.15488797727464287 -0.08335891991362629
72 -0.43658510212175744 -0.17463956946184403 -0.2871415755676942
73 -0.3121942354803119 0.14186018209898338 -0.07068236684101963
74 -0.3444519225683747 0.3903597182550324 0.3642190570376735
75 -0.3717559280336969 0.15609724076796613 0.2626314772232031
76 -0.3113815936317176 0.26325127830631523 0.1755421854717477
77 -0.489029061573108 -0.1406699521173333 0.042642232472499965
78 -0.529819650944719 -0.16567061074221853 -0.020636438836272912
79 -0.5272914207288225 -0.31214363589300836 -0.08952458114875624
80 -0.34561957144640576 0.16830338437785394 0.18738105092666948
81 -0.47670063056665474 -0.15333831296352393 -0.13476817371981278
82 -0.4705912242230338 -0.20396467218058226 0.008879446195786038
83 -0.5022642650855431 -0.13369575111383247 -0.4112825689372338
84 -0.5167924744740223 -0.14271899000808078 -0.016437485993134302
85 -0.5276720067144689 -0.3052221988722922 -0.06704854611802977
86 -0.3503653600477581 0.16151838423693132 0.050011927292892375
87 -0.4688892375153122 -0.28464986379990126 -0.12251128170277353
88 -0.30760034573354167 0.2341653518145726 0.2887302669583863
89 -0.43016763902747485 -0.09729917359596756 0.024464963492895102
90 -0.5269018719574311 -0.3231557118359547 -0.11610410485378024
91 -0.4015140214970891 0.127614211789783 0.12141486041542572
92 -0.34402991007945616 0.4657523081514684 0.31402220798585495
93 -0.5184821436304582 -0.12320434441994309 0.015949476994310596
94 -0.42578663020455726 0.2447768134215112 0.2374191431627451
95 -0.5207664949178514 -0.09489912360071295 -0.019479677179816465
96 -0.5726147874710721 -0.19923769120406842 -0.020315153229389836
97 -0.46080720610135173 -0.17697806910192243 -0.10400144723904575
98 -0.49196733157595957 -0.21563869781542971 -0.01430375876377642
99 -0.5100878986225313 -0.26880822968070966 -0.09260076308616205
100 -0.5439285214577746 -0.24724713486015665 -0.20370577785752778
101 -0.41274628730407087 -0.23571741859650597 -0.09825104133066515
102 -0.44881645922761176 -0.19741034950196856 -0.0023734530150395852
103 -0.44285020995919744 -0.2147926306719893 0.05750899962858113
104 -0.3662940972032064 0.04735623354674293 0.20145809458305172
105 -0.488615171634173 -0.28502634661128157 0.006836952461488195
106 -0.4680362243044849 -0.2467897210265305 -0.1325926883728604
107 -0.31066833969814567 0.30729602378227233 0.10007505819478059
108 -0.5027853972273127 -0.051765148763687985 -0.18190645581640474
109 -0.4483347292824642 -0.2435066474073387 -0.11729494214435478
110 -0.5795220060515354 -0.3076209803258839 -0.13533833430647993
111 -0.4978296303366165 -0.35364424351617546 -0.06379350905709279
112 -0.33653706221656426 0.10576843716519067 0.05897236480068645
113 -0.4088224869698735 0.1977037208580828 0.2036388371351272
114 -0.5331049327709793 -0.1389202733058267 -0.2990569986148943
115 -0.36887340544297736 0.08519568033949074 0.21022795777150008
116 -0.34759595724738884 0.2217250508634299 0.2434172686688946
117 -0.4194240699536822 -0.11959055928492206 -0.10326296583526277
118 -0.3916325278410794 0.21440423502779418 0.2970601337487981
119 -0.44414839874243034 -0.22244940608011404 -0.16453932503378013
120 -0.29042605624648354 0.2546762537725245 0.33488631775891603
121 -0.35834038176581756 0.301632307853276 0.20991007489867008
122 -0.5280886116983197 -0.247228738024074 -0.13106464798158618
123 -0.4289102379034269 -0.15862227639543902 -0.30256459570365285
124 -0.4406850772470568 0.015604654302094413 -0.20046838206496057
125 -0.506679003893439 -0.4199963534215946 -0.049356876504212985
126 -0.42680162150174367 0.1432381107731008 0.40499090497515644
127 -0.34056463040349316 0.22345989925548915 0.27187834328850496
128 -0.4946277308247179 -0.15236002698431492 0.02935055652539681
129 -0.5939785988228994 -0.349024596469757 -0.3267781165065549
130 -0.4935453718208586 -0.2299507520921447 0.07070073796374142
131 -0.5261385583215022 -0.19350475472404127 -0.20439387857961103
132 -0.5166496461662454 -0.26215373611525006 -0.21510231943822283
133 -0.5309380585848635 -0.4076723861339585 0.121925410889907
134 -0.31571480151242326 -0.0115190641348136 0.12115279262283178
135 -0.49965373131785223 -0.14287814053812828 -0.196484322649734
136 -0.4888129967944287 -0.28760186944350974 -0.2006355114001761
137 -0.283210717978007 0.06733123900184307 0.10658194314434087
138 -0.6145387916360114 -0.3155555149462532 -0.14372329950765306
139 -0.315397064503915 0.18939166070959956 0.17409385114184442
140 -0.302831660406599 0.08467103156865147 0.01274959097582509
141 -0.48920902391695353 -0.1221957912438416 -0.08221304324217756
142 -0.5303100017470679 -0.24242000637244332 -0.17688082577152964
143 -0.5444865376133029 -0.08500136695270413 0.003528517512672316
144 -0.5190993211971003 -0.32859860774262484 -0.07524552823198208
145 -0.48174802073918566 -0.12689256035240612 -0.1784136711725984
146 -0.407023364767179 -0.032424575895717955 -0.35647059444288726
147 -0.4737506231136769 -0.2567968393408314 -0.08914377454837552
148 -0.43763561354715885 -0.28033046913099907 -0.05811117868093167
149 -0.44269536440390855 -0.1962891584362254 -0.0436716977897065
150 -0.3670577618493126 0.24386495486377074 0.20053572029875363
151 -0.5392226965030981 -0.00550308766530543 -0.05801233839057352
152 -0.5261805379092517 -0.14812555075504014 -0.3037368557019873
153 -0.4776454218256685 -0.29107806445223616 -0.06225097867556581
154 -0.37935331333733296 0.16998209200322573 0.24556867476139943
155 -0.49211424572823576 -0.12689319275952934 -0.332689980950843
156 -0.4719164949520314 -0.21543868833857824 0.0015293357445900961
157 -0.35413470803396496 0.23532914110385927 0.10652188247401981
158 -0.41417325621758616 -0.41600816829685133 -0.03792382723295914
159 -0.31765667588341734 0.08502244365840451 0.12011653278002929
160 -0.5326502101437078 -0.1627842076928784 0.023716232591022915
161 -0.4817868294184581 -0.18053539368307558 -0.12312692815743953
162 -0.5049217106459262 -0.03356039385609975 -0.15533313651995273
163 -0.4187346504211746 -0.08056175887739186 -0.04855773210233864
164 -0.4284922487508573 -0.18430112732984025 -0.2042851345754501
165 -0.33381035337468096 0.21126181406797934 0.2935193584682349
166 -0.45913873109451997 -0.35066796913699105 0.12439080557481053
167 -0.5005180467927185 -0.2998471994505719 0.02047489362554338
168 -0.45240169451335466 -0.24153555915639938 -0.12332249925906436
169 -0.5037994942172215 -0.27121803952482443 -0.2161475402234909
170 -0.5062536010794849 -0.20916256538955966 -0.1460265109105948
171 -0.4296399399400255 -0.14944793593696393 -0.17069082342406652
172 -0.5359875363869694 -0.29962702431183025 0.044352055802169395
173 -0.46062021905276146 -0.24226556722111084 0.0718916088667471
174 -0.5263660810307736 -0.35191663424934533 -0.07598060047173641
175 -0.4324917894907851 -0.10211994077062257 -0.06345948530041637
176 -0.5941551334299315 -0.09792526084696666 -0.24066039731368213
177 -0.4750756288563074 -0.31910176953092706 -0.06799610124944577
178 -0.35045105779039437 0.36097064058072803 0.28657309366046374
179 -0.47630966490083676 -0.32074953294031094 -0.16351846606218146
180 -0.49176960617692195 -0.19671095725938628 -0.03620379236946619
181 -0.5102060824242847 -0.05850203606212736 -0.08438505835629799
182 -0.344859685658456 0.2754372431312069 0.18512689699033733
183 -0.29377637460427414 0.11205144391910704 0.031409330977076017
184 -0.4883230403637984 -0.33330755771891896 -0.19561230633281737
185 -0.4674316087802515 -0.2821022957043245 -0.11335037046150431
186 -0.39423833930905566 0.21421946519287258 0.12804829528284054
187 -0.4207990726068131 -0.19693076502415358 0.03246402597809834
188 -0.479407928597693 -0.14292930289338432 -0.06492253347817603
189 -0.5094461802434863 -0.08015852984378824 -0.19369998504917854
190 -0.4703089694330749 -0.16759572800033437 0.10876537477655708
191 -0.3320262116061657 0.1921522601219564 0.12519454144910402
192 -0.37034713790754503 0.16458518471365408 0.13339510145853792
193 -0.5370858915536 -0.14829181500027838 -0.14604684826743974
194 -0.5156062655529795 -0.21978227848349322 -0.2084340682774092
195 -0.5122679573328295 -0.1248077952516965 -0.19823156656848342
196 -0.3399908232172383 0.13053630725285703 0.17076123785545988
197 -0.2927467691475704 0.22168949212001154 0.0886217231532179
198 -0.39995952898878384 0.14845292465529508 0.13703502731832432
199 -0.31592872938949906 0.18980502561878165 0.2948913270941069
0 -0.49205959946796535 0.33385256205392255 -0.09540915037813265
1 -0.4819569481069958 0.3123800096516114 -0.11010725817214115
2 -0.5101352624281356 0.14923758328232362 -0.24103538684661446
3 -0.43842874248155445 0.1954061651523033 -0.26201018820814137
4 -0.33731268543534315 -0.22355394828094113 0.15560451371902043
5 -0.29199719040921107 -0.2709876192536921 0.11841249575126869
6 -0.32567362891599655 -0.2832913044857808 0.2412496578718398
7 -0.495903706414287 0.19870196364015907 -0.13474450367360696
8 -0.4764561824952628 0.21986407976546735 -0.16124215801710035
9 -0.507509233778367 0.08614264787200908 -0.0825026058210909
10 -0.3267974443525394 -0.23930971004343765 0.06577000324299807
11 -0.4401395256375678 0.21436360617997724 0.01139204049236587
12 -0.4393841376023781 0.1101047304717267 -0.21304406548723834
13 -0.39003393140302256 -0.20312834129450663 0.0012644216669990217
14 -0.32178433509305804 -0.27793126258545403 0.24485771576453222
15 -0.4395591280523176 -0.0989476020576443 0.3052404043111754
16 -0.45388469681294785 0.28139241817742017 0.048621330582236263
17 -0.5071729571362376 0.23375962885922236 -0.14752809388364738
18 -0.5460317897902658 0.17387130439864726 -0.23618411593888708
19 -0.3656561338467088 -0.22310959427373026 0.12747159789017895
20 -0.4274450592666299 0.16488329355245548 0.047774473831584494
21 -0.3745733286407014 -0.2502625137254248 0.11688997325519945
22 -0.3538587145828647 -0.27189598522701836 0.10598256722231501
23 -0.3631149282246369 0.12705088935229322 0.09635500095098787
24 -0.4337365244463976 0.07349374055468565 -0.13165729048856856
25 -0.41312695592901744 0.18720591052809174 -0.12975730237695052
26 -0.3238633663267183 -0.11597564284881177 0.004684228328531196
27 -0.40267663655833025 0.18047861942964227 -0.06797510732347849
28 -0.4296953912907563 0.28475961013047335 -0.05737131153676944
29 -0.40510078501419805 -0.1421866246964126 0.10557401609822208
30 -0.5039511304481351 0.20510001480735007 -0.07155467510454362
31 -0.3481592989731721 -0.22676991305135052 0.19980472933925736
32 -0.29285717587525145 -0.18052046652673995 0.08970073849020795
33 -0.52087417254654 0.3433362005871312 -0.07139820382310708
34 -0.45806489616653023 0.30096696108414167 0.04271272488099705
35 -0.43823806046317904 0.11537055288012939 -0.0620154008806445
36 -0.46474576563126874 0.23525376785774008 0.1995570400042292
37 -0.3344581923816468 -0.28314884785171746 0.11660109783403584
38 -0.5228608646411913 0.09078177337509327 0.045928413176872004
39 -0.4201446497831342 0.26075769703833085 0.12213036930261753
40 -0.3792171088244379 -0.20532497166553548 0.2737675787523827
41 -0.5306934510588011 0.32532611109794074 -0.18166246311626458
42 -0.3083254919790747 -0.08468052091930507 0.13821746073104588
43 -0.5339477793287848 0.10049356773474481 -0.15729165755390326
44 -0.36323093393522604 -0.11864471554906546 0.05786525881294893
45 -0.4734182135661988 0.12653379515722854 -0.2511373763745994
46 -0.4943617410445493 0.24506139279284647 -0.23566944854337674
47 -0.4950975802420115 0.3000061732158185 0.07651043833268659
48 -0.5170451500679679 0.2946598087999425 -0.20119177221375653
49 -0.38959068482226716 -0.07906400672512834 0.3688174169360414
50 -0.4798135726439767 0.18656015541098858 0.17686672490672334
51 -0.42033555260069266 0.37835007564828405 -0.061235573431047914
52 -0.43253445955493103 0.16211208674564112 -0.10594692091256354
53 -0.48506673875114403 0.08455374915417595 -0.15957916605283107
54 -0.48224320307904944 0.396082750688035 -0.08059196093148707
55 -0.4882716195424685 0.1978256796906887 -0.04393734913183636
56 -0.3771895168571786 -0.2685587250541904 0.27441911033125205
57 -0.3333584444531019 -0.1359804741726646 0.17112689736339126
58 -0.31895831253152157 -0.07296312108139837 -0.030531606143271682
59 -0.5382258865583043 0.2858700348262814 0.08103397857704255
60 -0.4680374539431458 0.18073626674741589 -0.16288283057825423
61 -0.36719617708375213 -0.1196104131833874 0.23648103788056532
62 -0.45002115048655644 0.28308390210099116 0.10790545013222907
63 -0.5068838697730876 0.3126877973391195 -0.007702452642866184
64 -0.34480561882025973 -0.22687404032106917 0.3231826958522789
65 -0.5158367749705386 0.22492106289378067 -0.16733608375037573
66 -0.3208249888702722 -0.21061278871036954 0.22540913229893736
67 -0.4318435743628944 0.3451985400095907 -0.030251632450366432
68 -0.364499620385021 -0.06450779422750139 0.22574127511722733
69 -0.4420361745416828 0.2528470290575156 -0.035800909119669114
70 -0.4657644417103114 0.33324649936638334 0.02339815401411287
71 -0.3258423907112054 -0.14392466744067134 0.1733029813593196
72 -0.3952666867667693 -0.3225290834309817 0.31637514457863497
73 -0.3952788289158084 0.21540574046710814 -0.04821960772321955
74 -0.43397549418886155 0.2768234116338846 0.004762621043472235
75 -0.5099751210067286 0.20848594770357814 -0.22320455540050926
76 -0.4368175844554527 0.01342555805462073 -0.16031579399293777
77 -0.3131201400350624 -0.07662772979278433 0.09117119458628847
78 -0.47965685138854625 0.03912656107827651 -0.2630590646170572
79 -0.35803303255943225 -0.2809539915266336 0.23871738611833546
80 -0.39295296124292495 0.09594675996360301 -0.0425938892861079
81 -0.5547318443163094 0.17937436355628694 -0.20499984772325527
82 -0.4647919394102112 0.17630996275433405 -0.08504433348774647
83 -0.35977187631669394 -0.32160423772912056 0.2508820231097001
84 -0.4409623715932262 0.1801441415143028 -0.09078240040594754
85 -0.4643793482465833 0.29038977126745674 -0.1867230453730912
86 -0.4270128989800372 0.21335681273136325 -0.014790921384239835
87 -0.37977308257437986 0.13880575607406517 -0.07014066221275499
88 -0.4390528037639622 0.19369490128533398 -0.09302772187953105
89 -0.4723189262207015 0.16958940611516052 -0.01712216693803566
90 -0.29692898405045093 -0.2138481028014794 0.30907150099785696
91 -0.4477468572718555 0.25132064225217565 -0.09774343528975842
92 -0.42582391317458906 0.26601521547855467 -0.12628556639888067
93 -0.4978905391385031 0.20781221914502382 0.03302604727922111
94 -0.44608207649339726 0.3399012278880142 -0.18319647340239256
95 -0.49567248822487553 0.10121844507092356 -0.15266517917301115
96 -0.5492534634186734 0.2372722126478403 0.0022170727164438353
97 -0.5436246917825109 0.01127579561339264 -0.17617315565059724
98 -0.3487108848907969 -0.22888393083692346 0.20015616158995225
99 -0.28058451437203086 -0.18283069449271033 0.023220902614983874
100 -0.3856025150199692 -0.24661356124955147 0.012900545751716569
101 -0.4356363281170833 0.29029687351801287 -0.10929791082594856
102 -0.5164894929682614 0.20923916745396992 -0.00886940437776624
103 -0.46073175970223335 0.27070214541263365 -0.14072185624385092
104 -0.44829662034974066 0.24227490586870687 -0.08693541226822955
105 -0.36972467986403873 -0.11756319152032935 0.07214434486550385
106 -0.5038411291412467 0.1481617044775906 -0.10937392894698471
107 -0.5067990572804422 0.21591335385970892 -0.05725221036289185
108 -0.3673774588264623 -0.1517294103349681 0.2616364215087873
109 -0.34434910650516565 0.042894945180117626 0.1878987575625318
110 -0.3078795568744045 -0.13789992085745797 0.20642083092744173
111 -0.3445184651106149 -0.1910861937817603 0.29052428354289417
112 -0.4194838428248676 0.19391675588770993 -0.36227941106899336
113 -0.4585527418273989 0.26800431948942144 -0.24461118226029274
114 -0.45809271667778134 0.1826167837240433 0.06205115782995049
115 -0.49505229698501363 0.2591599310902721 -0.053452243084506815
116 -0.5190040850509954 0.2644120738781913 -0.08973851284977506
117 -0.4076099491170501 -0.2640911893913336 0.16609912260246593
118 -0.4108625015846913 0.2666815985944953 -0.09261601751625405
119 -0.4986354241263722 0.2643515590774962 -0.04216232093808072
120 -0.3907593344785844 0.08253369263387081 -0.2404426903369662
121 -0.5087545703661127 0.15282901599855342 -0.1440458665533229
122 -0.5141848544105413 0.2747512041275654 0.03599384999274064
123 -0.3263302682331849 -0.19377887019822246 0.18550188020047384
124 -0.39948692460892216 -0.3263454277739986 0.05200798682896903
125 -0.43075564807592553 0.26361486617813323 -0.031100191760807187
126 -0.3621950384045433 0.14665165482034068 -0.17351199178073898
127 -0.47220360387897803 0.2862417733330674 -0.03873785554126788
128 -0.41621808479440797 -0.2975569226309316 0.04043886144076044
129 -0.49300733456079504 0.3656499662427364 0.17755425226748575
130 -0.512993444642319 0.2889556283261397 -0.18999926412210055
131 -0.34704461625860067 -0.22945484413267286 0.49146044307871156
132 -0.3548606005385069 -0.1005916484223848 0.1532188441960474
133 -0.48049610425435507 0.30869382649763927 -0.03664469152525615
134 -0.41375024464769095 0.17842185465882496 0.016355283017970648
135 -0.4270773869590371 0.2379652879221176 -0.0315185622773426
136 -0.4170527777360124 0.17581238717480968 0.09076845441920246
137 -0.4127295527955858 0.28565387302829065 -0.06584975879540093
138 -0.4587088502362818 0.12142876444430395 -0.0633370625493866
139 -0.5245130648345724 0.08418351325941843 -0.06384580285127776
140 -0.44501640601984216 0.19410631904521866 -0.04167369013197258
141 -0.27240188986754355 -0.09730253314313038 0.24229949889435884
142 -0.460958952817346 0.2958024064576336 -0.2127730567926684
143 -0.4986686073284879 0.16597195513540924 -0.008766749685258018
144 -0.3521371043308136 -0.28422129029538207 0.1682006680685124
145 -0.4121250468652822 -0.17429788354965717 0.18063581707886428
146 -0.47993096765070725 0.19467766308279305 -0.21178910248191507
147 -0.4492074508518462 0.2088682532525097 -0.12806469598587109
148 -0.39883947823955046 -0.1751418800044688 0.12010950839425914
149 -0.4239067915815283 -0.21046867019893983 0.13189189263409967
150 -0.4321665529039561 0.2564693561110478 -0.10963801454404135
151 -0.4510380553312256 -0.19587028217023014 0.2727080673621946
152 -0.320412817822757 -0.2932527124006596 0.11989899864924192
153 -0.4439020922128349 0.21749975141814945 -0.23731501924860088
154 -0.5047848795208758 0.32790574436475345 0.06267469077195564
155 -0.34163251853277654 -0.1635501422184918 0.13739910513450013
156 -0.4574658653975129 0.19000067302307025 0.0563902512632647
157 -0.45655080657011776 0.1647792783787684 -0.060936973383049736
158 -0.2813894467558805 -0.22321426451385173 0.10506991086269252
159 -0.40306936993562764 0.14860044735564662 -0.08531778645431523
160 -0.46007253840468254 0.3731407393199618 -0.03396250285824821
161 -0.47678147821579425 0.27391183857629947 -0.28212900197769775
162 -0.47203955473590953 0.32375346000651833 0.02414459994722266
163 -0.38025310746921426 0.21462148719590662 -0.12768928115079492
164 -0.37360264503940754 -0.10829604838157372 0.36775876590855794
165 -0.4138469793921635 0.2286440219200953 -0.0712128729006218
166 -0.49650256498782264 0.3612613105480802 -0.020548984150707897
167 -0.36150658724380114 -0.17952330704230848 0.12975371675377986
168 -0.341598648791862 0.07348934142342724 0.05458356233281535
169 -0.4481332368831272 0.2933330754730458 -0.016693629568917786
170 -0.5176636209543702 0.15337638954456076 -0.35931080694797957
171 -0.3472948639427489 -0.08002834240774898 0.050099104141644236
172 -0.4403958184211077 0.341807376180174 -0.1917963154925243
173 -0.3436636770438174 -0.23400457266082242 0.18253436379756055
174 -0.4015686050696698 0.3461000727253266 0.0032084580810112563
175 -0.35522129560779914 -0.23077306865675679 0.05153494382119844
176 -0.5367435290686663 -0.028679317600983075 -0.005659718223593268
177 -0.409279872551566 0.30486859155560053 -0.06927939347004144
178 -0.425486894775314 0.24135565706813672 -0.025380019962141162
179 -0.3339479393785351 -0.14855494650837525 0.15544031922335802
180 -0.4133410332654951 0.18894246169583573 -0.08366881914332949
181 -0.3222977743727746 -0.10245567069292073 0.030712721394127344
182 -0.41997698058577815 0.29216938850870655 0.0823892149793171
183 -0.5245702125675161 0.09904822450227758 -0.3306408395562065
184 -0.30784667363853385 -0.02922425839886992 0.14251311227908753
185 -0.43016773722364393 0.21572561312351515 -0.04740230926676011
186 -0.5343320803610003 0.2128770556041837 -0.1403234860769397
187 -0.47814980236810384 0.2060842435718148 -0.30386196913062485
188 -0.47335101691989173 0.19251736764431468 -0.06498556570859232
189 -0.4335941949686936 -0.3801560484824956 0.11929334829409138
190 -0.4236816829200961 -0.3230968490832782 0.18004198756711048
191 -0.5441969639042191 0.12626846135378156 -0.051018612667325734
192 -0.4301228499672522 0.21330205602733326 -0.11091986092837992
193 -0.5103200068765853 0.054274380353285905 -0.06393661893064248
194 -0.4785445251095302 0.3139600411123071 0.0449045764969689
195 -0.4545329029855543 0.10429306215592887 -0.2076277404747963
196 -0.45213615393932377 0.21688846952145793 -0.07243992795475834
197 -0.436748278425233 0.21127399839964733 -0.0685540006576661
198 -0.5176798547261251 0.4586337315133423 -0.06910330016054289
199 -0.5090793381796318 0.27279481414500123 -0.07406154261684925
