200 3
0 0.0029689394112912965 -0.005175881279131801 0.004498619108335027
1 -0.014467661805462106 -0.010555608109501678 -0.01081824658357133
2 0.01723020755723348 -0.0007314452467505044 -0.005374754381416352
3 -0.006610362595776114 0.005167250794459642 -0.008682509445547017
4 0.0005667131979814784 -0.019140033925342435 -0.00788423213668195
5 -0.01714116659724632 0.005630770289469366 -0.008330674433027718
6 0.00038962457181346624 0.008290272660905556 -0.0015535067000020872
7 0.011464583429033939 -0.017391296976900353 -0.010772226877007213
8 -0.012112777617850717 0.014296677987626068 0.0026217208592091423
9 -0.000811955224344775 0.014750875665952918 0.018580728635216454
10 -0.00875954025313009 -0.014406726509454224 0.02063284552304788
11 0.01664113120896331 0.022995818594520545 0.015943395586950758
12 -0.004192900482091013 0.0026239183929764424 0.009859956998904268
13 -0.0017795440829636994 0.002883788896203353 0.0003370691919770963
14 -0.004626077894920935 0.00928271268331469 0.016719487303561757
15 -0.019187906995271245 0.009464395039799279 -0.01934845839531546
16 0.011610165489457067 0.01760753387616208 -0.002869412092858681
17 -0.002025044488675562 0.02046764802347526 0.0044351439715090875
18 0.015884224786843235 -0.01778446716810607 0.013846821814499935
19 -0.013794963126173773 0.0038155896000250655 -0.010907229357055681
20 0.008642580307459548 0.0011858657298752188 0.011652364335651255
21 0.03006248292521055 0.011546242631294227 -0.0012851114157286028
22 0.01598649828286531 -0.0072977192195533 0.0055634283886405456
23 -0.007794069672601822 0.002658208046855709 -0.02046725970704929
24 -0.0011436165551007606 -7.903182891556794e-05 -0.007395971795386008
25 0.005746450345109625 -0.0007052520509714319 0.00024194059212535174
26 0.001406286044637408 0.017977506872370097 -0.00027034938633885286
27 -0.006562181826345487 -0.008823535766899631 0.0002209506954032256
28 0.017898659719508173 -0.003386917609687668 -0.01386077738277968
29 0.00036254809082455347 -0.0012032578502319674 0.025804611138449923
30 -0.00956419447243103 0.01143355238481935 -0.00867524664367076
31 0.001991289932614951 -0.014697141373393535 -0.0021727206465676913
32 -0.006895732589817599 0.00427711999711726 -0.008755256247505947
33 -0.013201245168710539 -0.006263377651796128 -0.0011339835228703354
34 -0.002106643475172542 -0.024197345598619482 0.00048119348146466803
35 0.00010995911025734641 -0.003406941653467011 0.00600216912353509
36 0.00824316420475179 0.011485536732212864 -0.012689222982307138
37 -0.00878516838349069 -0.02278614083401624 -0.0011754272716388847
38 0.0070712983790707055 -0.009395349132499155 -0.007666298639461791
39 -0.0360669851339486 0.015039641587197762 -0.010592724465872002
40 0.01628433480608121 -0.007038285365396399 -0.0014388562364438338
41 0.004343610857228727 -0.01617014361049171 -0.023240365283742813
42 0.021923879790495884 -0.01483226357975119 -0.015237464173413012
43 0.014686143063603475 -0.006307934256777141 0.009364440076891842
44 -0.013403831246994853 -0.009475850271592437 -0.026206654152135633
45 0.005769092408833207 0.006835640158914025 -0.0120102025791659
46 -0.0185024321674281 -0.012845423712822268 0.02493914902325438
47 -0.0022810681995808837 -0.0057682250049530676 0.012303174020068128
48 -0.0063335229407440186 -0.013234390155233824 -0.0030226399257895693
49 -0.006399580919418682 0.014340566534794548 0.012433812915198763
50 -0.0035385173684407863 0.026941062867516852 -0.010197092220729537
51 0.0034058183444358944 0.015155019490679572 0.0009778253945586651
52 -0.0123449605305503 0.021344155919625657 -0.0008256574729331638
53 -0.01768452515175925 0.010357663026901318 -0.008886993158164103
54 0.011819252655698121 -0.02052251921580984 0.014475197493624331
55 -0.0026404193475553766 -0.002219765628033686 -0.00588294475352035
56 -0.0007629724755513726 0.00495216086655146 0.020442777665740403
57 -0.0010155478930483717 0.013828722548664931 0.0034270251815786967
58 0.004083787951185993 0.006581288313294707 -0.002999272603439254
59 -0.011492234109018146 -0.007432125739059034 -0.014737972916309738
60 0.0043015953143296926 0.003280593001447202 -0.015557587241421974
61 0.0029043440538528836 0.020019680947049395 0.004126218629868242
62 0.0216230797315077 -0.0015676328736191905 -0.0191915076641557
63 0.009004007561630941 -0.009280249159385004 -0.007739960268414739
64 0.011831085561634237 0.01730076905075613 -0.010170482069624214
65 -0.006825802077777889 -0.0007073215420363719 -0.013399701622900911
66 0.0027179457539083258 -0.014673081268540888 0.030425568800711233
67 0.0081233991695107 -0.00085255370273183 0.010120262337768568
68 0.01005174024359342 0.025794851031285454 0.010992912874775397
69 0.009496195605787502 0.01672253718673045 -0.019388244482236063
70 -0.0014688538898411097 0.0012920228416752194 -0.004324540414841271
71 -0.0034780604958789298 0.008729327436697434 -0.016019431345764314
72 -0.01385430981300894 0.002035329506001257 0.0006211653199372918
73 -0.004262454874950389 0.0006816817481271192 0.014786780046412328
74 0.029943388525064743 -0.004479281292976258 -0.007464590261357061
75 0.015595688922444374 0.018931343011271293 -0.0052510758703717825
76 -0.005453774757371785 0.0063020580435865295 -0.0009141383651102564
77 -0.016165701758802303 -0.019245422271537783 0.0062728848529655795
78 -0.00643660139029327 -0.00693052666115395 -0.0007741160238431319
79 -0.006928288314616136 -0.0028562042204574797 0.004258910736277108
80 0.004451408859604156 0.004502452682541333 0.023601463051850943
81 -0.0033218155584054526 0.003668534273792448 0.01462004910637317
82 -0.008414685461661287 0.0013644583152297224 -0.0008881032307526682
83 -0.005865212465490717 -0.004184771057984843 -0.026831531056217973
84 0.014393706598661377 0.0030831680136961283 0.013765329878510812
85 0.012650316504890964 0.029728004792343277 -0.013058854892733354
86 -0.0011981311423947885 0.005927750992124437 0.009991910006205341
87 0.0036150897336067224 0.015667607138872885 0.019604652493874886
88 0.00043917448706080366 0.012773892925850468 -0.018719119041793568
89 -0.0008310883257251281 0.029544001318070612 -0.00755860372087259
90 -0.0003891603118786058 -0.010274294474258816 0.0037922962743276497
91 0.011154606356343105 0.01708053981797835 -0.015789072089907374
92 0.010607059966798171 -0.000800634713003269 0.01113839373330711
93 0.015432967886375694 -0.008150463639483504 0.005435310437764421
94 -0.027909811549125696 -0.012840888604837954 0.013471037733627775
95 -0.00801279625652132 -0.00043742643865378613 -0.0019618908520742107
96 -0.0025898349161494506 -0.0036107828871187637 -0.016010296586057973
97 -0.006746958227604134 -0.005908658346724473 -0.007374283726668974
98 0.009192035709140895 -0.023578040879669637 -0.009607411275809788
99 -0.008478995173511264 -0.0034668004195944797 0.0216252886159973
100 -0.0076717330800549766 -0.010587407747123315 0.0012009668649984456
101 -0.02352077462981117 -0.004088139393702025 0.011189774158662763
102 -0.001081065481301673 -0.0004371063197815793 0.0038651230035294556
103 -0.002387018952794646 -0.0031812411153447767 0.013769366550407138
104 -0.0007571987105765357 -0.002193933385642142 0.02794156691651374
105 0.022586687201104447 0.002273606698269981 0.010775148700599348
106 -0.01650325394535836 -0.0006054158146049978 0.012519152322042357
107 -0.014455193753607192 0.003572783358897526 -0.013952061645064753
108 0.0034387915755731274 -0.009068399989462197 -0.007534883993401624
109 -0.00923921442116725 -0.030501227285434473 -0.006815666066644695
110 -0.016058794820187634 -0.007365489971488726 0.012781875460195984
111 -0.012576929927047065 0.005247868821657009 -0.009589525010055014
112 0.00988062084111364 -0.01747469227520805 0.0003085544649490471
113 0.0021399393412439675 0.004397147083458553 -0.03061243389599773
114 0.0028380882113799143 0.008559236910983217 -0.002819200561775325
115 -0.008210929013842305 0.010216461496143414 -0.0023159866141707966
116 -0.0001733242983833587 0.004032424645644109 -0.0032411331368554673
117 -0.008411847476988157 -0.0322505690488018 0.009318818472980953
118 -0.004269863014683316 -0.025955866690718088 0.010757869831740596
119 0.017339730779556875 0.00949521854208109 -0.0018980417657180962
120 -0.005928523888048834 0.00037548830991296356 0.010724936595581519
121 0.01339807668134096 -0.01382648179309117 0.004501774208141745
122 0.006121931822558484 0.005820392418055213 -0.0098051833864723
123 -0.017222275900702785 0.005698536235367674 -0.0076548896545350145
124 0.006023667360968087 0.01023896558099955 6.862695066283189e-05
125 -0.010368685918808733 0.011774321923383749 0.02096475868380729
126 0.007426303211286104 -0.023185742575739618 0.0072622093427013815
127 -0.004532503150913053 -0.004224486295688966 -0.026013227436543593
128 0.017286976616014332 0.017492664182953407 0.027167497616413086
129 -0.001548929679926602 -0.003701203522515163 -0.0019610263539352746
130 0.012247204475352325 -0.008945381307696051 0.009769777282649474
131 -0.015527705595749947 -0.001635411567810191 -0.02292935754400418
132 -0.012242059181657253 -0.011045834861427305 -0.013229187880184609
133 -0.01688061522776789 0.006390706199698769 -0.004005430524298312
134 0.0051296342539469166 0.0029968964698947748 0.015491052126958102
135 -0.0011060518833004383 0.009287535023397145 0.0035374657250455245
136 -0.00035940591781203365 0.011786355548026747 -0.025698777447941676
137 0.0041313429044353076 0.033711728503055025 0.013709054995319325
138 0.007192062785730632 0.011654626339619872 0.007072795423309705
139 0.0007203183754754348 0.010209827995461518 -0.0072878382494518945
140 0.010226246035211817 0.0027944827233548283 -0.00455076890552961
141 -0.0059554923778404045 0.0016159189005362099 0.005112937725232326
142 0.0006628109432632659 -0.012695826871111413 0.004465924671152269
143 0.009484366872510003 -0.002130546137324229 0.016426125315496233
144 0.004278079036235949 0.008951240558752897 0.01907539760303186
145 0.0021843758774485987 0.002261404470767947 0.004942712537562843
146 -0.0020572865970678034 -0.007680659142674612 0.005325127080122852
147 -0.010543451172365659 0.006827374964658094 -0.007813495173948384
148 0.024881008669148816 -0.017801489175797935 -0.00047193883779032136
149 0.001212963883640894 0.01817887530218227 -0.02326855834068363
150 -0.007586285902482331 0.0079250056677507 0.0015085506399985724
151 0.010778601520700204 -0.005263839912438298 0.006805167767380077
152 -0.0008591309797478242 -0.0010421103671807326 -0.005365520260058521
153 0.009377715626493296 -0.029513462453741215 0.005197405584285599
154 -0.002768221277628352 -0.0031134689503033463 0.0007936617286772342
155 0.0026544197693075255 0.01322476508308465 -0.006929957904578017
156 -0.004760270817627152 0.0188479353047252 0.006092493407559809
157 -0.0003389787654115512 0.0053660705915138315 -0.009038456851541265
158 0.008667183131290394 -0.02421695713616672 0.0011034957293831315
159 0.0173321363612954 0.016116536876685038 0.0016659991891150652
160 -0.017718234622743738 0.0004221578462802588 0.004431934855714151
161 0.014878538482951252 0.026066674813274106 0.0014148017867345098
162 -0.015362447813756536 -0.005339972636556641 0.004272666888487486
163 -0.00030265574834320574 -0.0013279350393490055 -0.005461717002839897
164 -0.006164762783410917 0.01068094947464387 -0.0065206788571945395
165 0.0004149076637682686 0.013042854907417648 0.017366446145615673
166 0.005271043561654425 -0.001750081883336925 -0.017268591580682547
167 -0.00559218750930307 0.003873038762101478 -0.008895984527030512
168 -0.0007362769145904877 0.004748928769243238 0.006966543941291533
169 0.019474502049452613 0.006210744180720082 -0.00857323805313824
170 -0.001627989331256208 -0.0013518632587268455 0.010209498724111874
171 -0.011139120046486622 -0.009118132019107342 0.022733524767891852
172 -0.01828303080468755 0.006604425416910168 -0.01638537696703298
173 -0.0032543248689375914 0.006225256323267217 -0.003493951598821911
174 0.008696041403740487 0.001700968489251057 0.02871476021408037
175 -0.0004917934507652905 -0.000801788520485752 0.0006986192316912089
176 0.012358717049596173 0.0017297582387480887 -0.011090531602135004
177 0.002460665572630097 -0.0028228761683228264 0.013825693251852275
178 0.014536468275354871 -0.012140596983721323 0.006944349805706546
179 -0.011762999961898836 0.004236701074431743 -0.010639046012968955
180 -0.01747478365243421 0.0006415262723319382 -0.0038977982220646176
181 -0.016125745517744566 0.002794890313676926 0.020835565308641585
182 -0.009276790255955764 -8.975256550348282e-06 -0.03225557533534921
183 -0.015776551909624226 -0.007884464600417473 0.025901886562871915
184 0.006746903956373999 -0.016779086352692728 -0.004986340857002825
185 -0.038036007826988544 -0.021096794685719605 -0.005900293576768217
186 -0.0029798467435762886 -0.016722092897120983 -0.0024494854460322636
187 0.001554486536748112 -0.030615597754304523 0.01727709944976992
188 0.017348435871768583 -0.007936760304506019 -0.0005912501669319108
189 0.00980594089280045 -0.014850276278550768 0.004098666834535785
190 0.018226595187484818 0.012055115642720896 0.002960091555759395
191 0.018688933024209854 0.003994995309116477 0.013068690329067663
192 -0.0009247848841695133 0.018372507616984675 -0.010806211435828897
193 -0.013790614126075781 0.017568390022805573 -0.007896187576704149
194 -0.019818145773089036 0.015411524121895039 0.008845978675341665
195 0.01845888705942583 0.002745739060331977 -0.016372696465045203
196 0.016933882485330405 0.017590410981631034 0.030567182718886123
197 -0.018627256828391378 -0.006148273929981671 0.01738338521113053
198 0.02798903830416223 0.014474656196504752 -0.005399700278877782
199 0.009636815206148987 0.017187898807812463 -0.019523492471244047
0 0.014105480244180554 -0.012885350259077763 -0.018957445011373555
1 -0.019146781962570802 -0.0009657183098704669 -0.00015744635336195634
2 0.031252346602034575 -0.00758953940673307 -0.009063845903470747
3 0.007825654557629774 -0.004210684439554203 0.021841626613146474
4 0.007687979847844015 -0.005915559330796322 0.001922157624573097
5 -0.017978446416623356 -0.004150822256891831 -0.004383419695105067
6 -0.020530154013829786 0.004337064830174793 -0.02092529340063706
7 0.004668929906110248 -0.009215012960533238 -0.0028479613930499498
8 0.014411966540273454 0.01016598324999433 -0.009213714043303317
9 -0.01690419414786403 -0.008587135348612003 -0.012438649088068243
10 -0.012336738991489172 -0.02947265092160685 0.027640671672339953
11 0.007934237866014063 0.01943638478972018 -0.009143644692994508
12 -0.008047552827897625 -0.018888644609177253 0.012270998060717186
13 0.008164549552562197 -0.00847166795766957 0.023519201616176412
14 -0.013863574140528717 -0.007395136331690392 0.023669789208444682
15 -0.012174921091499882 -0.006486509072275588 -0.013192958176820133
16 0.007776376358960619 0.01467015162105443 0.02116690466094879
17 -0.01776329355422898 0.010673341211065071 -0.0008007724253295025
18 0.002249813746144795 0.0009823800807478855 0.009874154853372702
19 0.013979993104243988 0.007689846878060295 -0.004756289801723948
20 -0.006900071242998886 0.0003590988126371906 0.020605993320154364
21 0.028648620271089553 -0.013427557981851228 0.005629638574702757
22 0.01073654127758683 -0.008588519910694994 -0.00965268167547009
23 0.011368748238900647 0.028381213929119103 -0.021012546445353233
24 -0.0011759573810654414 0.009979025211996295 -0.0024223460135499655
25 -0.0005402768713711273 0.008293926420361197 -0.0030896065970054225
26 -0.005397403709881008 0.017275351621762212 0.026520963594710782
27 -0.017533038822318357 -0.009853020088051029 -0.015384059842966692
28 0.007437683028809011 -0.010780541893184196 0.00875058165347298
29 -0.007760979647136131 0.011081598793049922 0.016816759251169405
30 -0.015275547781381661 0.008162600958485186 -0.010665420370270857
31 0.03332105901301323 -0.006963494546874456 -0.02424054081001024
32 -0.011528796687171473 -0.030592592612924963 0.0019175848537206822
33 -0.007404104856274386 0.021280300960591504 -0.020668328225897134
34 0.009382421277894805 -0.03355665431405368 0.00857948274729257
35 -0.008106927253035287 9.065997997684955e-05 -0.004140565913767498
36 0.01152942232171927 0.027688749836814366 -0.0187658258340897
37 -0.009038727297101794 -0.0023585464717198606 0.015024015326788074
38 -0.020911984232442896 -0.008190260055353553 -0.001498796379147441
39 -0.017183412056036476 0.004084369832390515 0.005902627561190796
40 -0.0024969481028933697 0.0037866988226857978 0.0007843334814372147
41 0.003147530164806612 -0.02687376535965369 -0.004606795559797414
42 0.03403936377916174 -0.014162575384168236 -0.027786032079783078
43 0.008371927407105392 -0.0034990553950211 0.02199121265156469
44 -0.014925202499847051 -0.027121504641280762 -0.034492000056606575
45 -0.001969937617145992 0.01642447452917309 -0.0023793825699992693
46 -0.03327947757911299 -0.007842090973411 0.021529980439871754
47 0.01545148633129996 -0.0004458848866517387 0.0062874121455299345
48 0.020009684562852473 -0.014504923392765396 -0.0007468428211987541
49 -0.02836820207481635 0.00745400933668762 0.008257927377196706
50 0.024184233568073903 0.026842538158870652 -0.012336113204841508
51 -0.006351806722673343 0.015552345077180688 -0.014981534121399916
52 -0.01509880955450536 0.01841975677499727 -0.0038527412717972893
53 -0.020639909667352775 0.004036103434795123 -0.02163157971104887
54 0.010029746671757697 0.00131220301825892 0.054893754326738584
55 0.008887598588277765 0.024567247197564507 0.007697625604610084
56 0.002186612022853923 0.006928637504043041 -0.010010419706209736
57 -0.006216321181743167 0.008684434202068665 0.017656361239441906
58 0.00819505214544771 0.011277986060519322 0.025078646178049835
59 -0.02245974510357441 -0.007426790872998759 -0.03364638968476362
60 0.02591603976970852 -0.010975906370113604 0.018330084154751146
61 0.00996042888591496 0.016810527676055606 -0.03362925069466162
62 0.006140315227423025 -0.005931298521591417 -0.03182727166344994
63 0.02089748517539468 0.011147667778146351 -0.03449295462128525
64 0.012542047637773744 -0.007966878852550908 0.005852452282964937
65 0.000484446548074639 0.0037111810193412855 -0.027343827700340426
66 0.002148548005745949 -0.04024457482215957 0.005189785054318996
67 0.0040459838275323165 0.015036220306415857 0.008324292825200426
68 0.0011326875558105992 0.028397381908216918 -0.016281487903984832
69 -0.011662416735169781 -0.0017597165640621283 -0.004103877351191103
70 0.01893906472577583 -0.02122223183903669 -0.00044642038213501753
71 -0.010602962132690887 -0.004494357365498365 -0.017139631757185272
72 0.005355792562543746 -0.002144434688834851 -0.005585415929427826
73 0.01105963208358355 -0.01036754566500501 0.003222315805074126
74 0.020559838054487203 0.011304203259405373 0.0027841183273937184
75 0.011269137203135896 -0.01318945170919283 -0.021614032805425322
76 0.03231229014300555 0.009654048655527193 0.01890887551300747
77 -0.018976544161671008 -0.003576052545656405 0.017030609147486296
78 0.0098971584103494 -0.009213282973623602 -0.013453293003604127
79 -0.01837749075405281 -0.007522521460318052 -0.004810702073120612
80 -0.0010886208801909603 0.007401256262757129 -0.0011878685139156686
81 -0.023762407870525304 -0.01999609720981118 0.03014073610643095
82 -0.012998674821870275 0.011144146182273643 -0.013894559410157999
83 0.008989455618484927 -0.01935155283611946 -0.004739463917845174
84 0.02831951323298905 -0.0020067594650827695 0.01495302648800817
85 0.0065321469246756095 0.01978129333570562 -0.029091049802286106
86 -0.030151997078172618 -0.021722726857660798 -0.009345738841846557
87 0.009487107038083848 0.010921754078174008 0.021459788920481962
88 0.001491444595995775 0.011343156653293728 -0.012404509726239528
89 -0.020361546534233277 0.009622495891024485 0.003425597652786894
90 0.013395049121988353 -0.007542976665594406 -0.012209504696127927
91 0.02820336222155294 0.012451523193780678 -0.02579918530140525
92 0.04232696483791329 0.015668086179156653 -0.014203024959239158
93 -0.006909545061035104 0.016834475455700038 -0.028408721133532797
94 -0.03649143532002219 -0.002491570085135869 0.012915085202334267
95 -0.009971607303548416 -0.006349294070272221 0.02241240626673762
96 -0.008452389208356163 0.008056607587313691 -0.022906004636844612
97 0.0008565065578565734 -0.018241972794849 0.000894005427222417
98 -0.0030814118279956382 -0.011018775671725003 -0.023757939521891418
99 -0.0003646692121608286 -0.004273568497245844 0.014300014427968619
100 -0.002383028955458489 -0.022090644935785442 -0.0090042355998078
101 -0.007199776359818055 0.0015899751388573887 0.011129489732290547
102 -0.006067097335333296 0.010701167637039067 0.006543328449073969
103 0.007816449049014192 -0.007216870163752994 -0.00762533143934125
104 0.003247518709597566 -0.00835965230583162 0.00678086978760177
105 0.023346892530459545 -0.015767054621115856 0.012342368162274436
106 -0.008382283748203295 0.01079144799728205 0.004207658322481156
107 0.0007178552508679409 -0.01653615191806912 0.00986070273943449
108 -0.024733883281408138 0.0012835440396562871 -0.01073879236188164
109 -0.03179039352631955 -0.018753929138955253 0.0036533485897864773
110 0.0008836875827871737 -0.012945613281514112 -0.007905496347218141
111 -0.02511998153472228 -0.006306983400575304 -0.021840136205807714
112 0.0022456547193655807 -0.003475081189211443 0.006719142140610746
113 0.010781862798276948 0.0058411648835686655 -0.028511920402754312
114 0.007435612331122592 -0.0011752389381307002 -2.0756083755967686e-05
115 -0.004357396900536728 0.020220233149968313 0.01626944620906505
116 0.004924312164830677 0.007431371243856837 -0.006015148233100092
117 0.0004641699737051655 -0.019956733157192444 -0.014296415676571098
118 0.04155253235351203 -0.02139051596560354 -0.00558989093046638
119 0.02088994461057287 0.007419990919501521 -0.009818015918002958
120 -0.006548998313439802 0.022308921130761085 0.023968903691351046
121 -0.004442351221665464 -0.02781561683372414 0.006591692480557066
122 0.017403125500642505 -0.008159875239782292 0.0016035713144711868
123 -0.02334296973921053 0.01412040356060068 0.020741646576514568
124 0.004883138795007404 0.008970528884248569 -0.007186462184525177
125 -0.006651500905827751 0.015122871976106213 0.022438466247774347
126 -0.00391740575962465 -0.030386847785624033 -0.011481572837590019
127 -0.011649837739967323 -0.018975381299468855 -0.030295612454307272
128 -0.00011678690461681962 0.02562508623546099 0.025889130898941806
129 -0.004867852068015686 -0.036073030997406476 -0.027767707871666616
130 0.022789758479656336 -0.02808662507296391 -0.013962673372625897
131 0.00644771883125566 -0.020717407866380065 -0.008287670010922225
132 -0.002958989650476543 -0.007364151372067956 -0.025161000647663065
133 0.012372730042422335 0.012243117825261442 -0.0029453994355773793
134 -0.002559804686782333 -0.01182563809376043 0.02488025896008974
135 0.00471865928731225 0.006047702276016524 -0.005172398546349678
136 -0.009924345169984854 0.014348355667694247 -0.029973962942306837
137 -0.0012704895764030222 0.022277044215576747 0.021378948550500876
138 0.028997009223801468 0.005713389438454439 0.0010163256163675692
139 0.01134690176304974 0.0013113106042234595 -0.0007676879930221744
140 -0.003296754207756651 0.021069941754732945 0.01946665512497324
141 -0.017303665119691856 0.006260911071338449 0.022688939424777406
142 -0.005118217260616046 -0.03735418914863116 -0.0119570716975076
143 0.028747896495867287 -0.00856384306023809 0.005269731318041246
144 0.0010301881510965186 0.013203781076596373 0.024939177392756758
145 -0.01832179435283663 0.018135703868313695 0.01607620128903523
146 0.000373028509589559 -0.002910120933481179 -0.0011023310803820446
147 -0.008427318170939065 -0.016176209283899276 0.008768166997874376
148 0.023186083623666615 -0.011040350285901057 -0.001435498707107019
149 -0.031883594347644865 0.01831886379551754 -0.02360023765584554
150 -0.006637357488447661 0.021419910716157134 -0.013334841787602567
151 -0.0022260732614451835 -0.014570457308501771 -0.0038935285057478883
152 0.014814440166951156 0.003960793474302014 0.011483338458421892
153 0.024980692126190376 -0.03251059468431912 0.0022253116627029635
154 -0.018043844392649715 0.004259515355750661 0.01249238962094155
155 0.007157493468600576 0.00860097541196931 -0.015333056992554946
156 -0.0006140359487670048 0.014813443725410727 0.003154895428974929
157 -0.003322115302676855 0.014882082155715348 -0.005047533661586145
158 -0.00629611883473611 0.007944799073993328 0.014849896458546834
159 0.006488818928280973 0.009984266902716393 0.0006240150257581165
160 0.0008519412601453169 -0.00044433273158854883 0.015733102867917202
161 0.007502811423217383 0.006113523622062994 -0.0010086732918867408
162 -0.012262054282723867 0.005548052147087281 -0.028612931556864854
163 0.0021992519743533646 -0.0068154143787645186 0.011468981750230003
164 -0.01794171741027121 0.0011108792739970494 -0.004660987384695246
165 -0.01996183202245061 0.005707878162837767 0.011492833927903373
166 0.0034370120122971456 0.02873568351659869 0.0021387053125256072
167 0.0018187214524631422 0.0070960481640095635 -0.016753085215954977
168 0.008975676244084123 0.025025223354100602 -0.01036622182042685
169 0.027229308202485092 -0.007538560742702206 -0.021971333227466916
170 -0.0018320608587233788 0.009145207917205425 0.0021537260467256207
171 0.011046222614819835 -0.01343211518970399 0.018872172800136533
172 -0.015256891528054324 -0.008563936563822046 0.0026831232778850023
173 -0.010828168627846364 0.009656414299623692 0.00513406877298334
174 -0.007692975944146583 0.017086451113780623 0.014469857205255343
175 -0.00927895836622153 -0.0024980641018948506 -0.013571991399699704
176 -0.001902753566572983 -0.026001023737105874 0.010917245254314005
177 0.011754955968358023 -0.015141707007935679 0.02191133408199844
178 -0.01451592173603779 0.007762012665319308 0.02905536403209935
179 0.004733068072681201 -0.004376742855669703 0.0009838030155045986
180 -0.023537745360353093 0.03068263749325858 0.012513144450686568
181 -0.023249947264107992 0.028598753595889245 0.0177744637418963
182 -0.010198310944461011 0.007553828937323488 -0.009978244584000609
183 0.0070149344674548175 -0.01997700142865809 0.012855846193236514
184 0.007269126228872137 0.010657227490202092 -0.004170633652354759
185 -0.012939444388450239 0.004847926189624319 -0.020704399972136606
186 0.006237297842830995 -0.008064004446120467 0.0003713568509086853
187 -0.04292698208118392 0.005458746479787099 0.027230057227848263
188 0.0018877034854528352 -0.02718568495088753 0.0017070879125640759
189 0.01025981942793236 -0.01563191763646664 -0.007566608386265919
190 0.028475936590277473 0.01866682369305213 0.03745611793016718
191 -0.018009318144546666 0.009116190755534572 0.03114424804004031
192 0.02277946173891956 0.004352611785983292 0.0030670084554403204
193 0.0036661084739372032 0.0012698097357501797 0.0036871050492592525
194 0.004289042862135918 0.002444235497697275 0.01698289196855399
195 0.005293467501492753 -0.0070823190286567125 -0.0271689588015933
196 0.0010760163779482482 0.020555763886700863 0.011538221309780133
197 -0.016266699982913357 0.002893084350354874 -0.004501579458738806
198 0.0031590393902358183 0.005006786865201361 0.021997728124989735
199 -0.02575464902879872 0.022677058990379584 0.0008270010636242551
0 0.028012799935814688 -0.010508731132184104 0.00265398988789824
1 -0.0036918535143513342 0.0036040305029012495 -0.008835941267691116
2 0.018473084104735776 0.015150769298956535 -0.008885744388983416
3 -0.011558362424794811 0.004114014935992287 0.0018023599532144621
4 -0.015649027161565285 0.004794684776542366 0.0006429152944993494
5 -0.01044666656797398 0.0027338279446743998 -0.0076997273405917735
6 0.006271952894685764 -0.012340064568246819 -0.0025505008723058498
7 -0.0039087656887367775 -0.0010764187444668172 -0.005215896442711011
8 0.013039912264012665 -0.003200355309406988 -0.01768121059980984
9 -0.008012485212705027 0.006370361883073286 -0.004368900520310219
10 0.0028944675028896305 -0.017081264376172814 0.01819133385800316
11 0.0037206405241402493 0.013288684846388649 0.008807069320444977
12 0.015857994835577413 0.006205798846596854 0.009484719446651226
13 0.005128936274381376 0.015879629524733888 0.00047748431480111597
14 0.0009978191251142007 -0.0010108939109286733 0.005219287604322068
15 -0.026614876834388068 -0.007016290253649426 -0.025369624911543626
16 -0.01041566390881675 -0.008274924873724686 0.008726483728989903
17 -0.013419107690001916 0.014018371983756203 -0.0008168174444873862
18 0.002999924460616074 0.002854392926404735 0.013913752313310698
19 0.010548122852179848 0.002632198784645788 -0.009818923185263242
20 0.025336770344726024 -0.00624173877591312 0.005473519875636192
21 0.01792550592033733 0.01272747268975483 -0.016498195037590268
22 0.011069713856123507 -0.009920897178690803 -0.0072944910847526166
23 0.022372356889272926 0.0027148409137572257 -0.003749349394339005
24 -0.01085915788288742 -0.011666928921591796 -0.012437565372106555
25 -0.011148147390743858 0.026505546507289937 -0.015419231644729033
26 -0.006746034959610342 0.002251210297554651 0.022582520453350872
27 0.014829867875021505 0.0009874394147045135 -0.010294363790723616
28 0.027851018536865613 0.010494623503797835 0.002393665997698453
29 0.003486083799567115 -0.029639792998647184 0.026869974601404
30 -0.004428220209752677 0.00976535792808235 -0.018714695512447248
31 0.018453797073959874 -0.0028053732936456355 0.0014309497587743011
32 -0.00650689127680619 0.0036477994448686213 0.004341269437545096
33 -0.009546685233989292 -0.0004668912678396156 -0.031875051154437076
34 0.0033683542448933023 -0.016848293500901668 0.005253281135464095
35 0.01196965421586888 0.00019301988507905172 0.015113294704930213
36 0.004933591260385159 0.015293034946797027 -0.018917533676883702
37 -0.002362381117001419 -0.02018327335578264 0.008015590750515628
38 -0.0009974358219527815 -0.01962975522538892 0.0030994542837259453
39 -0.018673775283239352 0.00039664520967699207 -0.006687232436969889
40 -0.02609645073729085 -0.004094001026958748 -0.006764395152398529
41 -0.0191835616435214 -0.030242072932306324 0.0017987259812804746
42 0.021165743355048297 -0.01880201531383871 -0.0028178473077657418
43 0.0056016629728353265 0.0007448399400217798 -0.007472272779244789
44 -0.010245587259970032 -0.010539806088260092 -0.015590983169840533
45 0.027042536144768134 0.020283228751150198 0.0022509265035082146
46 -0.0015004522811087884 -0.0073352407871658115 0.03206808654392149
47 0.00904959934556665 -0.02647320213015828 -0.004619189450572287
48 0.016581430500715116 0.004787951784531445 0.00560467100841127
49 -0.006069899733383538 0.004456140544430998 0.0023267754332260623
50 -0.009776213861470047 -0.0019137878666819902 -0.018624428257932465
51 -0.010345935447569725 0.012581526955245198 0.006157709641442702
52 0.009582644586017083 0.01370601285781993 0.003606966644777901
53 0.007582735687123622 0.005417963173881414 -0.019905194600870396
54 -0.01100832367808156 -0.004570431099626529 0.03078401838212827
55 -0.01207475304623213 -0.009669804819322704 0.00424962963909867
56 -0.000590580642435867 0.005550179200868737 0.014318174016319872
57 0.004911598061689264 -0.0012136907009457354 0.002675410698780391
58 0.004732834319928939 0.00985187350220705 0.0014803715201542889
59 -0.013178838083602137 -0.0017369781300517542 -0.022421929494600618
60 -0.0026100091411204035 0.016340720034308975 0.013595591533506016
61 0.027084701348137966 0.023950565436319238 -0.0095483974810339
62 -0.0010527008002496757 0.008013042990780577 -0.013357479645352138
63 -0.010710280854523795 0.0018915747578719059 -0.025518625989094615
64 0.0016183310711253215 0.008034034088999203 0.00026702361410642795
65 -0.0013486299552424152 0.00225695310550458 -0.007190590720075232
66 0.0045431186054799705 -0.02211210943125927 0.03505978388743805
67 0.0027042585132895473 0.010675210052717685 0.0057244706112716676
68 0.02212205653918404 0.012700055899851764 0.005817821592457082
69 -0.019076203936653206 -0.003048138452637364 -0.008190614969464355
70 0.007060582807539205 -0.0032783334522736712 -0.009670447142086685
71 0.0052898097833974055 0.005144779131863401 0.014689751048823106
72 -0.007160576776958756 0.020325532615734897 0.01868272219493977
73 -0.02528749592931661 -0.0024156671765108717 -0.012447163288879966
74 0.007920575901202834 -0.005653625941654524 -0.020443692057540364
75 0.0014014698199572712 0.006733543132409436 -0.021832891369293415
76 0.014234182809746324 0.01140847888869103 0.03024598881422253
77 -0.005017688257816441 -0.017986756437193413 0.017431572825131914
78 0.017982477316645786 -0.015735791277229454 0.010405441860753114
79 -0.0013909076096687498 -0.015202092642962697 -0.005106043806011375
80 0.019600047452577277 -0.0015368183985008804 0.035449560293207616
81 -0.010994311524224434 0.0006726830153383524 0.016069591511705325
82 0.01775794236367424 -0.006766945258008557 -0.011309550385396203
83 -0.0022548675567765674 -0.027050989162504438 -0.015837447175092653
84 0.019366004616728355 0.007003945254020961 0.033153196466109716
85 0.004081403084255468 0.02379109378226528 -0.01356308728250552
86 0.015503454586048446 0.001077105160493811 0.013652131033160157
87 -0.006159574949569013 -0.008992460025660592 0.0306705238228992
88 -0.007175952967362518 -0.015858128000249095 3.3977272656388058e-06
89 -0.007811521046158981 0.004386047429469825 0.003304169519887824
90 0.006535025171598374 -0.016985621441914497 0.001433897773412976
91 0.014916170855395122 0.009305898592320214 -0.013565035702054057
92 0.00776875462331636 0.010252171458154623 0.009003545662557113
93 0.015218184479613126 0.010371214107551985 -0.00850114607370809
94 -0.024130021908773086 0.004237158710386827 -0.00019122844749431406
95 -0.002104935868494251 0.006664756392950661 0.0012160822281523653
96 -0.00465783754281892 -0.015698585225123626 -0.016057601330895663
97 -0.02321977921543778 0.00026533144407399345 -0.0053023276088679135
98 -0.005730450599692408 -0.02019111285412628 -0.01257607943322206
99 -0.013013335389115647 -0.0016500807580380767 0.019640301169391236
100 -0.002545767723305954 -0.006057614132207054 -0.01724688914813483
101 -0.017401477149437725 0.006511512475507096 0.01844264533003414
102 -0.0011041987939840216 0.006831911384610957 -0.0075877459269423535
103 -0.008016697144150054 -0.006855674386963807 0.0006203509405548896
104 -0.006818814015609749 -0.0036194888370433 0.01250547573379436
105 0.02591472474863621 -0.004669819949624461 0.011790991847829745
106 -4.5439508284825236e-05 0.001155987881561727 0.02076635871790144
107 -0.0069148402238928056 -0.01706602182961594 0.01754995857911513
108 -0.012487163121406353 0.0069098984393403005 -0.021950289428209473
109 -0.00230474908410519 -0.010667405660307577 -0.006949923082657374
110 -0.012463401261829779 -0.010096787642921629 0.017166507474621742
111 -0.020336687401483464 -0.022095069968535767 -0.023230265856685056
112 0.008551457805430686 -0.02885900808939537 0.013978650759986878
113 -0.006837925638098954 0.0063296058649949145 -0.010880633685257005
114 0.0005613956544221095 0.004443908980558409 -0.012939512089598315
115 -0.0064874177325106135 0.002307467644054817 0.019328463219191377
116 -0.015612698618315646 -0.011378842865271728 0.011275316858138804
117 -0.005836202846480138 -0.023770415366031042 -0.00519736759901674
118 -0.004236019981699576 -0.023475368064705224 -0.010687748578934784
119 0.0005869692226190409 -0.007118843412714324 -0.011865664668247775
120 -0.012816553428449826 0.021530684110804138 0.010702322626313501
121 0.003971110863897825 -0.000876856766747286 -0.0008546338552204887
122 0.009464160382083892 -0.0071618987451020095 0.0011433168770204685
123 -0.03041001022980236 0.02838607014229442 0.021169382272179967
124 -0.016764594247265945 0.016010547299755623 0.0016059104798047674
125 -0.0058133524850221205 0.012769630095869247 0.02740885456883113
126 -0.008882751280962102 -0.016071184284504533 0.00041891619644587744
127 -0.007952470105182859 0.0031589266358215268 -0.022795384757050965
128 0.022088034576862293 0.012840077463255536 0.009636742421730751
129 -0.007572545039629716 0.003850414456869178 -0.012692445301130367
130 0.012667430501927104 -0.010962614056056183 0.002466593236537503
131 -0.005309217412690661 -0.018194026300473752 -0.005611611339382955
132 0.00304632519048224 0.0027116885334343803 -0.006872438313693316
133 -0.004040758953457098 -0.008294341253910369 -0.003880539051454815
134 -0.005697735274520043 -0.011802891297264546 0.002244937233712857
135 -0.012890517296176998 0.01578233941629109 0.0022253017757012557
136 0.009898083913331043 0.012222317595933334 -0.010515625192853859
137 -0.018787648151158794 0.02373234966812031 0.005010838041704463
138 0.01863895784853263 0.007191994566418412 -0.0011872475284320106
139 -0.004925418605350576 -0.007237125501945368 -0.01585843124775856
140 0.002023292875672846 -0.003514157533170373 0.0006256789157115007
141 0.00799716902633275 -0.006604088205460131 -0.019577862541990308
142 0.005352892639057092 -0.009578305966357434 -0.005712685921282068
143 0.014643500857572309 -0.00781083874959751 0.022144006239176867
144 0.006828580158572586 0.015150406560307361 0.0019205516911316584
145 0.0038363547130164065 -0.001623520998322893 0.01400256629749131
146 0.0171480204804592 0.012840795812613617 0.00327141668697346
147 -0.00806473068813287 -0.003774589519082383 0.005878292641987615
148 0.0013411078885020439 -0.01961614607027755 -0.021669009290224098
149 -0.012813656528183934 0.007442499297500682 -0.0074591580488932024
150 0.010632607326073025 0.015754802935402448 -0.015493094464291403
151 -0.001804914882199065 -0.0032003476406152545 -0.017864013295779066
152 0.011343973411357892 -0.0005947300016386548 -0.005666071069909725
153 0.027328860893737802 -0.004459520753065674 -0.007968444452992251
154 -0.011300333350361298 -0.004274830227537317 -0.0129911249873088
155 0.01077423289060396 0.005528073154875697 -0.011866962837390325
156 0.0061251165493133464 0.009353206482731441 -0.012692025682007757
157 0.0018344524305834121 0.011937288117731433 0.0027538540415081234
158 0.01948698831229112 -0.01933781738087166 -0.005825945451967773
159 0.0009460471930356068 0.007218393198076732 0.015868966510692306
160 -0.002596272484592925 -0.004257114651269674 0.01164927983884552
161 0.011439940090961519 -0.012207738300273718 -0.002647398560574693
162 -0.018487790059488862 -0.008012726296609917 -0.007242235221794645
163 -0.01876157984128623 0.018714555820313096 -0.0028142766475797087
164 0.003809135676654439 -0.0152268164373402 -0.011786027521535278
165 0.003166019414803909 0.000411064145738535 0.007323602878998213
166 -0.0074899722019847416 -0.005837878900536747 -0.009995951968340702
167 0.0162685142540573 0.00235138482089315 -0.015481294061656804
168 0.01761519151401946 0.016691471764143803 0.005990950998205259
169 0.002611268447318349 -0.0005280174198452666 -0.004831083341498947
170 0.0106022194583831 0.0010667275092819117 -0.010838742044374385
171 0.00013239369430548265 -0.009182062628336735 0.017218671056039553
172 -0.008078878569384898 0.012480169191283363 -0.026308107490159757
173 -0.010186788811456154 0.00047457270178112923 0.006578896562693088
174 -0.005041832714374139 -0.029068810264018127 0.024581800893646505
175 -0.02184947324786333 0.008343474835746089 -0.005091017907860932
176 0.01092958406205223 -0.026301735434077142 0.006727801039786386
177 0.009333734448813295 0.0087561872899891 0.0371822474535969
178 -0.004505678530993987 0.0056414504981298855 0.011520728451672901
179 0.0018384225527587755 -0.0015706610521669462 0.01326644255390362
180 -0.01430413229727881 0.02200362007135212 0.009078668321400928
181 -0.03231603698500286 0.024622949476460307 0.020244520472420993
182 0.004374543442470742 -0.01739408802737306 -0.012056102419202658
183 0.00455830764667589 -0.024597952770262138 0.008183846989348764
184 0.010976720397521712 -0.018250427454340575 0.009678561926223513
185 -0.022937932536871597 -0.01180628395287963 -0.02457561895843071
186 0.010577618400379022 -0.00811435934026436 0.00030639706548255766
187 -0.023257831484086555 -0.018370511456533095 0.00984187610699265
188 -0.001139620232719088 -0.006791318884458122 0.015537694510792838
189 0.017274272445158348 0.001522922153835142 -0.007020631458220045
190 0.021767544081132795 0.01151631056569169 0.0067203948467775
191 0.005000973728501423 0.0020926749919127838 -0.0009164789865435952
192 0.011790549005187563 0.008844532079201613 -0.0183357765369454
193 -0.022323640073401353 0.012389642039907674 -0.015903404867310608
194 -0.011213682300230336 0.005225912769047984 -0.0018642304492105036
195 -0.0029659446503004436 0.0005603313134540993 -0.018667035027686768
196 0.008458237572875296 0.005989176322877834 0.01186540032460369
197 -0.025838195615726228 0.02163734519039938 0.004885628789248399
198 0.018558838660012428 0.0038024138646755024 0.01726000274280963
199 -0.007108973416716541 0.015747960040651182 0.01420496323261233
