200 3
0 -0.49979872676547865 0.4644077027895889 0.15256071221567433
1 -0.2155261130525943 -0.08662868132432296 0.5759421755786753
2 -0.46655300461687405 -0.49897939817671744 -0.21216193576740763
3 -0.5087310669072511 -0.43525249404620886 -0.16992110352665982
4 -0.480200091057474 0.545744840882071 0.1396218448889204
5 -0.4835295105758053 0.5149065644305901 0.01438235788101991
6 -0.5317656147814925 0.5145108117674883 0.16429383821475924
7 -0.5347757643086487 -0.4852573893169893 -0.26753493425696495
8 -0.4981224753774654 -0.5321310999454273 -0.3124024878066107
9 -0.4674846289477082 -0.47788171657353906 -0.20209377564610612
10 -0.4775240545582489 0.47819449254639823 0.12183357128371025
11 -0.21330914133345083 -0.08066210897085148 0.5408580150124657
12 -0.5256757011198384 -0.399701157668626 -0.18275660181345535
13 -0.5390015502305899 0.46896009203398975 0.05888527680467916
14 -0.5134888231408516 0.5164071942432483 0.09632490254908323
15 -0.4735484724188257 0.5418663189230148 0.11551668633984646
16 -0.45403905842656306 0.6013620799822241 0.020943750736410787
17 -0.5119183357487198 -0.463456899377129 -0.29365617065451133
18 -0.5184112278287005 -0.43230482881240245 -0.24026179860632862
19 -0.5199204593922099 0.5444287790943728 0.2118792592771888
20 -0.5040027155855993 -0.43612650950773213 -0.33126786517167733
21 -0.4897586039543547 0.49838025718900214 0.25461155536846014
22 -0.47687697398685985 0.4269615328739287 0.27964960181742643
23 -0.5008571709108546 0.5190932024201782 0.1223886918324978
24 -0.510547141281631 -0.42211823296415857 -0.19638654039362755
25 -0.48997537448391204 -0.453781633334718 -0.15368480104797752
26 -0.4914871852523342 0.5381161469719145 0.0712614507293058
27 -0.5146307481605221 -0.4693707636761501 -0.25272301452382934
28 -0.47693099435692604 -0.46455460437968576 -0.2739268969503461
29 -0.5026358831594299 0.42354031223327676 0.11099583331932923
30 -0.4843733529274595 -0.4753786734532192 -0.16906317674293891
31 -0.4614576374627026 0.48144472182510367 0.14558839632015466
32 -0.4458167331618456 0.5370787596972083 0.0899539858481728
33 -0.23522021691178008 -0.08717656827786253 0.5764180620201327
34 -0.22150255635029442 -0.10764624911269446 0.4771750737796983
35 -0.552872896823097 -0.39498912098791045 -0.17121823704759176
36 -0.47654559400178237 0.47903609047629736 0.05051685463217228
37 -0.4596563591387584 0.49200835265518306 0.02775693530653384
38 -0.48561787134652634 -0.4703066832825419 -0.251274783721691
39 -0.4867526202626988 -0.4602810356645562 -0.20158197239568323
40 -0.49615152206513224 0.49510282149793655 0.04367107987027011
41 -0.5125844576198679 -0.4372009472640118 -0.1271610130606516
42 -0.4857470298967513 0.5263597315736781 0.04673953706404764
43 -0.22881729903216097 -0.0061753300212710445 0.5975940967674179
44 -0.5081121341324538 0.4182854809446763 0.19470297655430926
45 -0.5238483165272506 -0.4907596520535499 -0.10259252610161904
46 -0.5023443283978818 0.5029041882934316 0.10729815359810811
47 -0.5164883285826329 -0.44469464213126614 -0.21961197099056545
48 -0.529153396158246 -0.5093060145739279 -0.19271405839788944
49 -0.4686676887992006 0.5321766917299032 0.0803865096271476
50 -0.2278647200490979 -0.09248244856029171 0.5125984807278359
51 -0.5240652872719486 -0.47273181512584633 -0.18352790963273266
52 -0.2242539313627901 -0.11428534131895716 0.6033078855070053
53 -0.48337274637167077 -0.4846704242853535 -0.28777988741362387
54 -0.5035487126119841 -0.41090936923201843 -0.23188777911033898
55 -0.2397787056882821 -0.0927889780464704 0.5721440017177928
56 -0.491711433373026 0.5057209574160765 0.06740053236867376
57 -0.47925295085874225 0.5353819959878049 0.11839376992466684
58 -0.49163788199863934 0.5209981327287624 0.15332471060061367
59 -0.47571851509339474 0.49396319226761926 0.12868335554678287
60 -0.4722742152495072 0.49618196889885685 0.23116571202610292
61 -0.47247776373385636 0.5340928352926047 0.0015354145500087839
62 -0.5292577572923722 -0.40493123364827804 -0.1404934586416148
63 -0.512850145980565 0.4767944870592121 0.027772564951429473
64 -0.5119970672908079 0.5369142358351989 0.05692632553487814
65 -0.5088620896989464 -0.41287841947091175 -0.32417282409716053
66 -0.48222840487171886 0.46882311663940757 0.125412547953075
67 -0.5210431854069031 -0.4538070775417484 -0.2153928985012051
68 -0.5102503178268664 0.43888091883444774 0.06339028625850739
69 -0.19407810175027798 -0.1023965597348269 0.6165497560727936
70 -0.4894846510664697 -0.46759262367036164 -0.25675237120365213
71 -0.5196914459352956 0.4840930386033083 -0.014149249887700383
72 -0.5071955349844679 0.43334983110409364 0.1792157930796582
73 -0.46773835621441806 -0.48109237057129495 -0.21510095817392175
74 -0.4720750433500099 -0.45387695821293694 -0.2822397587274469
75 -0.5195066704703653 -0.48160755424012053 -0.17681185251439605
76 -0.4846933732301733 -0.4443108284287904 -0.14402104654210537
77 -0.49638419564267167 0.5086263741052317 0.1355652822315865
78 -0.4559309189019681 0.5247211925828998 -0.02258141072721322
79 -0.5137384318143431 0.5015430699002283 0.08699684269386357
80 -0.5137488198473776 -0.4747078275012784 -0.16992175358204267
81 -0.534017074211737 -0.4587628271480109 -0.08370833012219198
82 -0.5063122494778991 0.49238640912738313 0.20290633378243697
83 -0.439671048395548 0.44097367093274403 0.07814834721634303
84 -0.5008577235327524 0.536996665706153 0.05098741624019687
85 -0.47106857086464965 0.529494608099771 0.14299940562544514
86 -0.5189991087181732 -0.4778693090460821 -0.2606225179910803
87 -0.5311680652496563 -0.38790908014944403 -0.1997729254783299
88 -0.5124842966965817 -0.43925935741322164 -0.16477081556266
89 -0.5076454607521595 -0.4916186604662593 -0.13475012917177162
90 -0.493366215342283 0.5303039907847704 0.11393922586383144
91 -0.5069608366548454 -0.4834885580481877 -0.0518935769226737
92 -0.4931745525506947 -0.4869833316421621 -0.2112474307037395
93 -0.501456446467639 -0.4426945020618036 -0.11485750941353645
94 -0.4847874551303484 -0.44233331265253745 -0.1649679525406704
95 -0.4899346431307096 -0.4632203778474414 -0.23040711361890515
96 -0.5153540964054562 -0.3871636912134323 -0.10547256809076662
97 -0.5008473529905424 -0.43255813689546135 -0.37496966733991133
98 -0.5477389025607166 0.49292499172094517 0.1400881831451448
99 -0.5183643543641918 0.5055823004810321 0.07678169936469403
100 -0.49866780508778197 0.49073436122001407 0.09432915232591488
101 -0.4800563341669061 -0.4833979272598126 -0.170359270706371
102 -0.49050297965680656 0.456424564149771 0.2494305955734439
103 -0.524086278902556 -0.460669619997602 -0.0879715313711821
104 -0.2392335765177216 -0.1071283484492252 0.5630503849730537
105 -0.49595813923457677 0.49634541050741265 0.12380019034608337
106 -0.44568260778118474 -0.507994639891215 -0.2366021231782924
107 -0.4936152410370204 -0.4617112584477353 -0.17143644595483928
108 -0.4924827610499794 0.47431332977912843 0.12474188222093872
109 -0.47928913211364266 0.521647070373547 0.034396314542020565
110 -0.5038495059379757 0.5404525575389 0.17933073088017357
111 -0.46477410877063885 0.5141904996254427 0.029047523686207354
112 -0.2948203372504564 0.007836537073849527 0.45571203152437373
113 -0.5201468181370167 -0.3753010740034187 -0.2671255367946291
114 -0.4794535988883672 -0.48446435983981334 -0.09350334927545209
115 -0.5312453646215319 -0.45240432873474573 -0.21512701147469548
116 -0.49370700957617564 -0.4850017664570584 -0.2084723891199153
117 -0.4643051331973707 0.5156016219768144 0.013644262999159322
118 -0.490133467345533 -0.4014760974925399 -0.3676929888406523
119 -0.5203424412412682 -0.3776165184953134 -0.19348993618194169
120 -0.4999764059526232 -0.35251161436333267 -0.08241051280962812
121 -0.48491942191970716 -0.48631323999731285 -0.3359903255708566
122 -0.4710491365767027 0.5281509024394386 0.14751303441746225
123 -0.45428242434711025 0.524193249551384 0.11927419249620208
124 -0.5161573398346562 0.4794650946112869 0.18745906564755097
125 -0.4946649296701637 -0.50025667838494 -0.25245658093267587
126 -0.5252519436479638 -0.4824135616934332 -0.272637040355851
127 -0.502901504366355 -0.4801476152897887 -0.217094580777264
128 -0.45857702561458313 0.532039526577991 0.19613789804720924
129 -0.481803876365604 -0.4712364453290146 -0.19990041154347857
130 -0.45299622717538035 -0.4584297270975358 -0.19314634174455728
131 -0.5144116052073127 0.51672976678749 0.16769553264169845
132 -0.4954686622958568 0.5388485699190312 0.13022305178255977
133 -0.48751636926152675 0.49594292937665 0.12981598368628033
134 -0.2176566042497702 -0.08758972054051566 0.44406923146206656
135 -0.47502814412974886 0.47965802086423287 0.25645621726863915
136 -0.5233656800858904 -0.4068975090991246 -0.24029870191431732
137 -0.49811236231722533 -0.5096662247763405 -0.1520620364928579
138 -0.501981569333467 0.4794947912473189 0.03624284631122391
139 -0.24164622093958651 -0.07843715788832971 0.5150280487948758
140 -0.22163901278113085 -0.03876650350332762 0.5360034066301653
141 -0.4546598105023917 0.49292125899692507 0.12786907900930167
142 -0.5210887446188144 -0.4556755549263542 -0.2134700738962468
143 -0.44857257540704015 0.5010192263905853 0.18974839169372623
144 -0.4618517787918134 0.512345558670489 0.14288289239316077
145 -0.4587152599800467 0.48613192057818716 0.17191899941240738
146 -0.5354266559810631 -0.4970165241238493 -0.2674125145464522
147 -0.5339279171867644 -0.4390318161456094 -0.18783744284973408
148 -0.49609702425582297 0.5396034010179798 0.13449136467221115
149 -0.4684327812168553 0.527740640632973 0.20189609639513895
150 -0.24788424260713393 -0.08425271036010572 0.5062662825347843
151 -0.5313506315183111 0.48860715764078944 0.18948189407918606
152 -0.51899974998865 0.5147948344370641 0.08117668259116564
153 -0.5318163038426578 -0.4816791221933135 -0.14269015923648254
154 -0.22322568736577678 -0.14550934178752561 0.5227689633771627
155 -0.46569280786561223 0.41693618132571486 0.13938871475861248
156 -0.49455164388007994 -0.426038345150582 -0.21718419880014928
157 -0.498736353504173 -0.5051021763656457 -0.28936498896128765
158 -0.5046455452101882 0.48713112967287125 0.17371519174229538
159 -0.5335347939469022 -0.39721258423943007 -0.15216560191579628
160 -0.4923519191004335 0.45898119412653793 0.1162358756122263
161 -0.5043712082785451 -0.4721980478192696 -0.16476474732016977
162 -0.4963588465171948 -0.43216466121718544 -0.12860398984317298
163 -0.5124086628491558 -0.3926660552926248 -0.23323556730482842
164 -0.4665723987894908 0.5108622937324472 0.08673786153597167
165 -0.5434957683573975 -0.43372614520925457 -0.2604926452438965
166 -0.5015560068827133 0.5456553937475619 0.21198249093746796
167 -0.4847108699858807 0.4362834395956835 0.16146062147961845
168 -0.4936212623603236 0.4800430933218897 0.0919438896563796
169 -0.5288151641789507 -0.4321674873099991 -0.24809910671318464
170 -0.5107583458857504 -0.42150707075084654 -0.2863305538894309
171 -0.4517989358807397 0.4696983434528557 0.07601468697843507
172 -0.5636126517955975 -0.4390241228816904 -0.2024797689836929
173 -0.4739895561204974 0.39001049140701505 0.18490214430412916
174 -0.5200899153481587 -0.36443983664935936 -0.08659358604245697
175 -0.46873865590044556 0.5353033301227842 0.10528046882537093
176 -0.5391492186727346 -0.4616144896335808 -0.18663923237057345
177 -0.48615304541201476 0.5285261543216695 0.04792735789311227
178 -0.15574304188528865 -0.06395114416490623 0.5137124551090784
179 -0.4844534960723214 0.5391937072854719 0.25666900497765094
180 -0.49541056083673873 0.5079409108096385 0.12200620733215733
181 -0.49271001088641997 0.4615775117125347 0.1179652150159704
182 -0.22226706224895598 -0.004860993124201807 0.5669079390279125
183 -0.4984220106014589 -0.42246430874425817 -0.13851696328785132
184 -0.4717902612979627 0.505070979024489 0.13983360550420781
185 -0.5088941365287325 -0.49683920706781 -0.10294232233828793
186 -0.5170416010714425 -0.4902010748425573 -0.233780226900533
187 -0.5217168671979706 -0.4814253859586866 -0.21559051434519957
188 -0.48761758826935947 -0.4746693965265111 -0.30238939987207336
189 -0.47778577430783953 0.5802651359867875 0.10727168550293091
190 -0.488889722694715 0.479339269444183 0.08561457458069216
191 -0.5060545174968344 -0.4105658972289182 -0.25261715805075624
192 -0.1681322383030202 -0.06506493425632319 0.6269285244869041
193 -0.5159091813748868 -0.4142905933369185 -0.13406784484055365
194 -0.47384078630668375 0.531866511363378 0.10050585299386479
195 -0.4789547990407708 0.47100963188854356 0.16805531063261112
196 -0.5090503391496964 -0.43585428540092236 -0.25186838075741674
197 -0.48896560413723483 -0.40084883976006314 -0.21715838473852195
198 -0.5495677591528482 -0.4350228119471108 -0.13079551571697917
199 -0.5027899313444718 -0.45469021650639924 -0.21414590765035116
0 -0.8064454005486998 0.005508794100205767 -0.17676783853480707
1 -0.23260225188774505 -0.0544433481220851 0.6326170454712442
2 -0.7869447730079796 0.06260311371336709 -0.11427658639304292
3 -0.8289046853030665 0.075620960598706 -0.15836249363921565
4 -0.8107833712652222 0.02862715497253278 -0.17197426661165605
5 -0.8345833573822783 0.06963554486768109 -0.23744581641002585
6 -0.7909792295157816 0.01038725181266606 -0.15895896627704525
7 -0.7853707805922523 0.042503340095966693 -0.055853821266239695
8 -0.8083835912333107 0.06763071362875303 -0.2668557254861876
9 -0.8138315150220405 0.12799887143974042 -0.21444910160383093
10 -0.8127212451221347 0.07047574179516315 -0.18388443064698534
11 -0.25442876184606444 -0.03595714469283846 0.5895746238905529
12 -0.832661502433405 0.05892459972602452 -0.20818994160542348
13 -0.8009522594219851 0.03893531084970218 -0.09030617964800373
14 -0.8329700039395378 0.044378277091565894 -0.21282799453721052
15 -0.8393774030673629 0.04757030135167255 -0.17422752368740252
16 -0.8164702016826939 0.022519056986986006 -0.09590302728721409
17 -0.8202188336293 0.04525451975648132 -0.18267140782182248
18 -0.780693975614158 0.027500519461196516 -0.1480966887051012
19 -0.8182473225455174 0.04501609694489304 -0.04532291434351514
20 -0.790717317745296 0.05803701681086673 -0.23492139581618576
21 -0.8131261033049294 0.02278937771319104 -0.0646847897217725
22 -0.8099596032550108 0.04282820164300913 -0.17605207376836624
23 -0.8226253039343248 0.06141606530039591 -0.28392260187971136
24 -0.776080536734789 0.04572185043017887 -0.15051958267274096
25 -0.8129948982086393 0.02159028853994827 -0.13059562879936767
26 -0.820134186841278 0.05818378196900155 -0.16630031533642495
27 -0.8180310618951584 0.05947253753281174 -0.12012550280068719
28 -0.8079331447084322 0.045537953066259046 -0.2070544827612903
29 -0.8213215479144851 0.1188125225079653 -0.2687265038322961
30 -0.8134689130397271 0.012343231508680582 -0.2245650534299181
31 -0.7397628407622887 0.022483577098052977 -0.18369698366694215
32 -0.8269751729128885 0.07728786466217784 -0.11669575098137795
33 -0.2279835034136513 -0.00835468499759623 0.6482802643857792
34 -0.1972126617852612 -0.101696097775963 0.4899237040229411
35 -0.7754463785254629 0.03148725039528299 -0.08289521258771405
36 -0.7855792349832371 0.06272020315022567 -0.08305491082410833
37 -0.8039093313140943 -0.006273274495206906 -0.12560760943013766
38 -0.8227031172613506 0.055984394259544316 -0.13188396395638524
39 -0.7978168825344488 0.07730465230509127 -0.17695084509412962
40 -0.8490233127007129 0.04484655160515044 -0.09728071882340232
41 -0.7977384772770587 0.07501247078178 -0.18337780222300726
42 -0.8268031049097648 0.1278283775803155 -0.17759228589046128
43 -0.22054076156447766 -0.09214861116731785 0.572182846157796
44 -0.8023293862316694 0.09578240344989596 -0.10527761342713651
45 -0.7898082158941956 0.07003246497928868 -0.22640448434442922
46 -0.8301910361499877 0.07839770149028288 -0.23883457278093498
47 -0.8442424364229301 0.09773740818055161 -0.15466470364180487
48 -0.8048426445518377 0.06927782350964114 -0.23099968587495265
49 -0.7954700369309421 0.09610390761955359 -0.22383965489003138
50 -0.26949498087356416 -0.09574699998329642 0.6240836197933258
51 -0.7977918002747467 0.030354130040794423 -0.1242798352942414
52 -0.2288058578008525 -0.036711982078463705 0.6613267592341407
53 -0.7754450689653548 0.0946643703522983 -0.11225926118685277
54 -0.8179460178856789 0.060022205439554804 -0.11082302352843398
55 -0.2690150312744514 -0.0016459769349803696 0.6430258508219973
56 -0.7929467421561844 0.021984851229845268 -0.2095626031193669
57 -0.8074702416335531 0.10574660177416496 -0.1002088731870807
58 -0.7855942118057935 0.04955305625129848 -0.24677783109727552
59 -0.7879007378858921 0.04135064613219381 -0.09655953090480478
60 -0.7651416403670681 0.0651624420415176 -0.23470182618340898
61 -0.8320525047839068 0.09282089368434572 -0.2696514377277517
62 -0.8147284020431932 0.031866756319978165 -0.08330998245305977
63 -0.8251322439540674 0.03699414490097431 -0.15169653920028028
64 -0.810589993791424 0.028021004487287542 -0.15544175011252057
65 -0.8061364776366836 0.019029263967954107 -0.09688738022457569
66 -0.8053842812789384 0.05262712152784011 -0.23509103009092674
67 -0.7835387161515347 0.03264801827617126 -0.017167833937296293
68 -0.782058154605363 0.03695269461620501 -0.06075977473711017
69 -0.22182777052500124 -0.041354907949084224 0.6116687160884794
70 -0.7695809182954615 0.014894959103188105 -0.21014830246271363
71 -0.8205364363428264 0.032466954626681435 -0.23905364490222675
72 -0.804048033693266 0.11378943050189329 -0.22340034613726664
73 -0.8323349757390902 0.04467058881764963 -0.22594143567774758
74 -0.8147717199930435 0.07026185627401946 -0.32652409358887474
75 -0.8079579011316939 0.04753651664004673 -0.21254301232709422
76 -0.7996885951916191 0.10526132386417127 -0.12634778551720205
77 -0.8223509869704096 0.07646597582216437 -0.1907637899252254
78 -0.8450225035509835 0.0620711464139849 -0.08237452453785336
79 -0.8576287753264483 0.05240402236434099 -0.14721948995160522
80 -0.8096963801251501 0.05816289219338147 -0.1646470031575601
81 -0.7905404921601249 0.05488722126166127 -0.1404875184467519
82 -0.7835649227631162 0.0842384358575488 -0.17285844669769876
83 -0.757463021073046 -0.02858038476329915 -0.1683268143481652
84 -0.81089716167301 0.017062377103059877 -0.2545374088394238
85 -0.8072506970346415 0.1090108808575679 -0.1577654716043689
86 -0.8128827725997326 0.03957563911240222 -0.12030527863751908
87 -0.7792617134790297 0.03279466773842341 -0.1889714741083851
88 -0.8004673809836101 0.055158121967274015 -0.1493459968378177
89 -0.8234608443117919 0.05846514833802471 -0.1912892266673238
90 -0.835524258756482 0.024922728279472478 -0.16190281450052435
91 -0.7887527022322501 0.048731967645607714 -0.1911717680728766
92 -0.7855752408544846 0.08131272613536489 -0.21108910462419286
93 -0.825514002951583 0.038113295768358 -0.15944034452748004
94 -0.8136788636515841 0.008045323616141709 -0.13401349617238364
95 -0.8323920158645997 0.02279824432105729 -0.061624185606131456
96 -0.8287717100920476 0.03168243884810973 -0.13634935720106445
97 -0.8324000160381506 0.0440541649322879 -0.19972984491786366
98 -0.7863667941992275 0.05014203698446213 -0.1531693842272985
99 -0.8479603894294784 0.048675218439862236 -0.12978307883369328
100 -0.8041512658726117 0.07992074524822433 -0.13171555044608882
101 -0.7759267581056756 0.07967069358514699 -0.20441740892776689
102 -0.8009994948211137 0.12951368513134698 -0.17132497946735303
103 -0.8539886955306216 0.08499543897953543 -0.1681735084514721
104 -0.21182346422784737 -0.09952706760954755 0.6424814882868766
105 -0.8197044958591055 0.0569050187022556 -0.07056529424136145
106 -0.8334565140244189 0.09431148499027048 -0.08658717475761546
107 -0.8074643004431632 0.08759941017611506 -0.04347968794490376
108 -0.8208499758609726 0.047766801418070666 -0.24469689235176112
109 -0.7929808919126251 0.05827915841799525 -0.27266099174081365
110 -0.7796975627222043 0.027420233261981234 -0.10830351677257885
111 -0.7860597958932902 0.0828287279957091 -0.20925914477445112
112 -0.2429678410780617 -0.07861584607708738 0.5182636606320663
113 -0.7894231373101747 0.06726088135001376 -0.05884410535828507
114 -0.8298547274037841 0.07673266849238418 -0.1624149866712266
115 -0.8348575709386793 0.05322572690660227 -0.1669521777826845
116 -0.8156281104630208 0.03723717151321469 -0.14683295136119112
117 -0.821129984346879 -0.018600849774159295 -0.11341233034384998
118 -0.8109013537413313 0.03230108545169151 -0.2545650230982622
119 -0.8328733981925005 0.045814065117060085 -0.21563051028476665
120 -0.8280002777848277 0.06477738231004088 -0.20262937499429637
121 -0.7871136190239612 -0.01043542906686016 -0.1720356129730227
122 -0.8481570467708907 0.0657658664715918 -0.20888719126205593
123 -0.7911686961302179 0.02591212254192371 -0.15988885675300252
124 -0.7807235524691923 0.04418698982364408 -0.2274108992210265
125 -0.7856108938417491 0.04910236160689744 -0.22914217186957309
126 -0.8099660477060014 0.05532359681151013 -0.16658557285485734
127 -0.8172487541111075 0.08052543958464681 -0.1905310705929456
128 -0.8400512111131401 0.044549799278831036 -0.1748369726478036
129 -0.7949163378226136 0.09189075282441973 -0.14490166248709166
130 -0.8022200443095692 0.08511993235193702 -0.18399555755523161
131 -0.8179921549653523 0.04720858236937754 -0.12493434812987121
132 -0.8012518466850387 0.03142814818826342 -0.24518719783475268
133 -0.8265431612831486 0.00456706749680212 -0.0910284476505029
134 -0.2558514951648229 -0.031181197999501937 0.6220219104905095
135 -0.8136719898310796 0.03711559552850353 -0.05937348085017024
136 -0.8521112992578839 0.00831034886916778 -0.07049892336881428
137 -0.7678850223791043 0.024308620613927506 -0.11133035770988298
138 -0.8249481531873714 0.08052370721382635 -0.07194534254253963
139 -0.28084126075652766 -0.12050592534402782 0.5471730763987075
140 -0.234808666152385 -0.08805486749837543 0.6538302264548362
141 -0.8206241455150757 0.017746919226485764 -0.18936271680092454
142 -0.8150238824839089 0.06835990818348736 -0.1572448089645902
143 -0.807159068871711 0.04966143013138086 -0.21091414854430365
144 -0.8208548927050083 0.04000118959475003 -0.08298334520929222
145 -0.8336047879094562 0.009079425174034648 -0.14396786108933685
146 -0.8249550407792584 0.03585563680156951 -0.09332186493566032
147 -0.8439607426282086 0.08296576095312165 -0.16193270559049516
148 -0.8260552811042312 0.06475623695684933 -0.15886325336941284
149 -0.8026914551692496 0.05412177578184531 -0.20228235285730053
150 -0.1902553689531755 -0.0836885825886881 0.591725845178347
151 -0.8230263281817971 0.026375806304549127 -0.1327009658557582
152 -0.7731292837477466 0.03661772263278421 -0.11858511828822034
153 -0.7628852732711218 0.06749818080578857 -0.1857677522698746
154 -0.24140314727967863 -0.05382692878376034 0.6101484278268963
155 -0.8454908353410681 0.02335129448341178 -0.18374461304531597
156 -0.833090450689199 0.050879292973394934 -0.033988643971414156
157 -0.8225997761106663 0.07372032549144637 -0.2080143952499002
158 -0.8476752435293904 0.06215883879283803 -0.12385027092429192
159 -0.8241687987859793 0.11262779362122614 -0.14004068016119064
160 -0.8207905500509136 0.015525457103911679 -0.18154426657960987
161 -0.8194508345488855 0.09173606552912748 -0.23737852795099673
162 -0.8056825098675592 0.06534067767507636 -0.22307764385723317
163 -0.8133399042762356 0.009722035366037102 -0.13277480444409775
164 -0.8089704566563317 0.104232223708693 -0.1469080543347145
165 -0.7852791749949993 0.04441135224262536 -0.16080170124804183
166 -0.8127540834852378 0.038680526322180456 -0.11413500629065873
167 -0.8107448497387268 0.027324256996543582 -0.09241726028952969
168 -0.7884722147818584 0.07325323407536678 -0.09976606235473387
169 -0.8068985590232388 0.09036182701062886 -0.10242565128385472
170 -0.7950020453622216 0.09675294465153474 -0.22226181994958719
171 -0.8125877096022185 0.057636004733734154 -0.20900491128565407
172 -0.7936331266454327 0.049798071228735155 -0.11841166392899563
173 -0.763635571096048 0.03321532799936185 -0.1160025168572953
174 -0.7891949406406897 0.11763267279004105 -0.13940856108078617
175 -0.8351803700154787 0.03761983954391062 -0.18785262633424601
176 -0.8179228796270074 0.03416108049844149 -0.21713126189050025
177 -0.7905595302218699 0.0752982076493341 -0.22396394155025648
178 -0.22593534384501832 -0.1329950899710674 0.6250590273686305
179 -0.8472380723975034 0.06182995083117465 -0.13013753270068248
180 -0.8451206181020029 0.07070476533412598 -0.1635042096337725
181 -0.8340378116832843 0.06579536724036475 -0.08252045106728607
182 -0.20153408040928442 -0.07065945508735542 0.610359620762443
183 -0.8260694619200915 0.10612775731075937 -0.027734117633277176
184 -0.81117228246347 -0.0012971982928585114 -0.2624736618409672
185 -0.8082877378808265 0.03279047549013488 -0.28208803924145953
186 -0.8005944661972108 0.06259338526716064 -0.31319004583221977
187 -0.82638203982825 0.08138317632373145 -0.19398362573216718
188 -0.81464630943272 0.0805353504817853 -0.1433937408879381
189 -0.815099756642108 0.033200203917926226 -0.09289640616741243
190 -0.8528118362843343 0.041387443090381074 -0.14402209959869106
191 -0.7849666913878628 0.0928254812239426 -0.0578374249454718
192 -0.2003794211906844 -0.1161334672187175 0.6484112039895027
193 -0.8224994596811942 0.05398594917311205 -0.052140751227064776
194 -0.7921259101421094 0.08321973182225173 -0.18192236687925817
195 -0.8277983860166476 0.051090586078267 -0.20354262696010783
196 -0.8203880760173372 0.02571863920743239 -0.011076958113640345
197 -0.8080954886814875 0.048211128297068 -0.21308648549250453
198 -0.8233491928856019 0.05545581340244706 -0.13555573014842923
199 -0.8210388315993237 0.1113045119625466 -0.10908958902733697
0 -0.5068184630725544 0.4833303592646556 0.03996770598774957
1 -0.5492933940551011 -0.5802618443604421 0.239018779335741
2 -0.5856217351921178 -0.5150358443978662 0.22906398595264646
3 -0.53874840660117 -0.4956205801504334 0.3574522357113968
4 -0.5097470056471894 0.47514344613751036 0.10928963343069115
5 -0.4993773068849733 0.4610699995372013 0.0669044851379307
6 -0.5113635153175695 0.4857136666432456 0.12863389414225185
7 -0.5266887875742866 -0.5190699624866276 0.24635133040430054
8 -0.5126935985764515 -0.540611503526626 0.16549809394949097
9 -0.5305310085651845 -0.5292265967700769 0.32336535604971783
10 -0.4470603142800211 0.4929720629571716 0.16331333877811421
11 -0.5222031872064263 -0.5760615733531605 0.31771030875256745
12 -0.5512759642036225 -0.5081323768655326 0.2380963679211917
13 -0.4862095948116349 0.49477513031846976 0.04276112447896349
14 -0.48994175731949197 0.5050024188611656 0.17958513151137007
15 -0.4591998834869279 0.5246381959565006 0.011418592044809328
16 -0.47057207898617626 0.4728102924917849 0.09015666723063527
17 -0.5409133172722423 -0.5115354495617803 0.24487309300271734
18 -0.5242897950244356 -0.505988219330637 0.352237142691431
19 -0.5132994162604338 0.5517665080704679 0.028025377897313585
20 -0.50398762901812 -0.5198805485486018 0.3789861746978449
21 -0.513284862494896 0.5101123032422747 0.16622550998615454
22 -0.509330598568581 0.5282117644016745 0.1261426770894553
23 -0.47492588045629797 0.49700838644544865 0.10895931408091843
24 -0.5441236906187974 -0.4827080530297473 0.29717517936156385
25 -0.5566330790734013 -0.5024773351662875 0.23881305214568402
26 -0.47856868805882863 0.3994813160127765 0.17870550228641832
27 -0.5267344179459634 -0.5061085993589906 0.33875169012842715
28 -0.5469094706450477 -0.5506937467263894 0.24014022396055823
29 -0.5086356177857068 0.48325698311921983 0.33759504324869183
30 -0.5664122153265294 -0.5810689507543864 0.2714851429522902
31 -0.5023226122444366 0.5189538854415849 0.052443258652063895
32 -0.4913608258725289 0.5329699375671427 0.14463588621241072
33 -0.5757664919044837 -0.4888793804574795 0.3118512112420715
34 -0.5484233067220221 -0.4938011352094251 0.27765540904361086
35 -0.5239924899473982 -0.5003040545653861 0.28792466332497585
36 -0.5380066806557006 0.5022716263593662 0.3143722832610126
37 -0.5237414673177162 0.4982510708058793 0.16179718325996847
38 -0.5386589084903315 -0.5232485581599685 0.27467709897961234
39 -0.5504699286520157 -0.49507478904716656 0.3284865731171031
40 -0.5099232629833418 0.5624505677084828 0.22800452228930554
41 -0.5296774335246895 -0.466084895914198 0.17958550317982222
42 -0.4765723216743803 0.5393027198107455 0.15742295646495652
43 -0.5457945248690549 -0.4716036750380307 0.2346055947674023
44 -0.4983709471900924 0.535372492563986 0.09865006634699165
45 -0.5762334913813943 -0.5486269307307647 0.3046270655139195
46 -0.4977525046278688 0.5153284082263991 0.2519247542780263
47 -0.5526922913186068 -0.5123977073905274 0.1898922046908848
48 -0.562187904033803 -0.4415301628496307 0.3600750749806934
49 -0.47805381834969146 0.5515867452427454 0.1135998648714864
50 -0.5516848213692082 -0.46408529508479074 0.2584608082350824
51 -0.48530260229808253 -0.5536295568144254 0.2831835962414104
52 -0.5752336479445616 -0.5017376758781738 0.31880371809169067
53 -0.571125710776452 -0.4935274399855739 0.32873489932183797
54 -0.5559946859093131 -0.5211987623195957 0.3189789961436303
55 -0.5444241226789516 -0.5452471836703262 0.1909074251857041
56 -0.4996922001694279 0.42471236347487795 0.21330959898578528
57 -0.49589618718871975 0.5248851313807048 0.12198007371050107
58 -0.5245312816345333 0.4371832520332924 0.22782284326179883
59 -0.5445188931279262 0.443233114624155 0.13540344988874833
60 -0.46926012056856964 0.5189512530055721 0.11084917644283375
61 -0.5386891760704685 0.49516142118391643 0.15705727355630833
62 -0.5752532946941986 -0.4409158258161292 0.34722788015581674
63 -0.5203007604265681 0.4703387176694922 0.0016442366122208123
64 -0.4487459742604609 0.5307100919895242 0.11821049775063432
65 -0.5236334950573708 -0.5349072796882143 0.28929826839000455
66 -0.47626213818205976 0.5099123722794121 0.15895209802116356
67 -0.4893792685666417 -0.5270668034001116 0.2109032269511966
68 -0.5290098502792414 0.50755417085195 0.14660314535265465
69 -0.5468865718890568 -0.5619555418932581 0.15189589974664225
70 -0.49149136557986295 -0.5035046151828843 0.2660535765965571
71 -0.43933229301001164 0.5357136909085575 0.03666125049235921
72 -0.50889836562769 0.509334462079988 0.09827787477497042
73 -0.5187990462600501 -0.5586059593862351 0.34573932924230716
74 -0.5828977728934026 -0.4648103342692754 0.30317814348391564
75 -0.5267495426862023 -0.5172915434997132 0.16798132571206353
76 -0.540869354888936 -0.5286643082006494 0.3335187885164019
77 -0.5462029631718588 0.499738340426814 0.10193959723530115
78 -0.49319825725286487 0.483816005681574 0.16170485808811766
79 -0.5178328761732797 0.5368977720071529 0.18665532230461965
80 -0.5556409491289851 -0.4715327647636631 0.26933946860388225
81 -0.5668911819171384 -0.47926579201846486 0.372751853629511
82 -0.4768815836950837 0.4943896309719129 0.14124667847179923
83 -0.4936779760911586 0.541743982392092 0.10342798811073627
84 -0.48140149562885626 0.5026251938267915 0.04570771072195025
85 -0.45970535262536205 0.47028857726132506 0.09321918869603207
86 -0.5380540123469996 -0.44900969650460065 0.23514898208059787
87 -0.5212847644219223 -0.5262304569853613 0.3150902506151632
88 -0.4980167293864714 -0.5798683594903036 0.22800208009603914
89 -0.5415749426869956 -0.4944924059265386 0.2439474240397929
90 -0.474564664597544 0.4347953073660962 0.1597373859661425
91 -0.5702250360401689 -0.44633729587673787 0.24772839888392426
92 -0.5442147175262448 -0.548750345395212 0.35345353188890805
93 -0.5282355274103001 -0.46692798089155035 0.2948190088841995
94 -0.5664661493063525 -0.5476807653843097 0.28597830726789325
95 -0.5443747417212917 -0.5294861410201613 0.26201500833852354
96 -0.5627254441837826 -0.616835644023895 0.26905829918057417
97 -0.5529926914251099 -0.5184482773230458 0.358241388808067
98 -0.48804804463763446 0.4552753817741258 0.044214002450369466
99 -0.5020142743563922 0.48610159362441413 0.11438576992148182
100 -0.5240474682612185 0.45602695443825314 0.15389271146581582
101 -0.5543121210849689 -0.5634856605760626 0.342258720882241
102 -0.4839261507413045 0.5467234735434703 0.02452008519323499
103 -0.5457642896075201 -0.5065546739759417 0.3194390672995352
104 -0.5785151602302374 -0.4731191972135125 0.28982458025486585
105 -0.4646461883449395 0.46755774072193296 0.0889726184107668
106 -0.570703933554215 -0.4958382671699658 0.31903600452075814
107 -0.5518034462702315 -0.5247154883111119 0.24895597916689982
108 -0.5146630466323063 0.5441792603730307 0.04354310716751611
109 -0.48365719053535017 0.5018200998539273 0.026548717870609053
110 -0.48140345700250986 0.46367610654493047 0.08600492003225252
111 -0.468996715011997 0.5308248662628356 0.10188681613011533
112 -0.5290573261017169 -0.5277503078167872 0.36734726301475096
113 -0.54605308968734 -0.5358237983411658 0.23356040546607415
114 -0.5500703831523782 -0.4955496524791737 0.24693801675791677
115 -0.5453819646211668 -0.4901292853723926 0.3271876640623743
116 -0.5414874150568774 -0.5445440782932534 0.30604936413493483
117 -0.505334315288283 0.45267712504931723 0.15105230197488861
118 -0.5030221302460768 -0.5025984029948389 0.20253943228394952
119 -0.5173656785806889 -0.5410984764839328 0.3380705967620791
120 -0.5425676443433552 -0.4508421828169056 0.22012679637384125
121 -0.519506546330159 -0.5288898923544115 0.36150301532150236
122 -0.4901554332261724 0.4741456287215917 0.0834913540517762
123 -0.512437616334886 0.43057667241471215 0.10131551782101877
124 -0.5318691364334219 0.4627488864634868 0.09534382236561226
125 -0.5509781318271613 -0.5426336625001664 0.29337493673669324
126 -0.5094805576733668 -0.524058863547068 0.3015354899130118
127 -0.5614662353517063 -0.5059942810300518 0.22217658293997114
128 -0.49102470480303634 0.5446886369781769 0.13672973509129976
129 -0.5933909624619388 -0.4767671744019893 0.19018244207468032
130 -0.5244115302390048 -0.5174542912008796 0.3602333953041053
131 -0.5507717943940337 0.5106753567735491 0.01973374024580103
132 -0.5156524837034239 0.5257933541553329 0.12241947228700255
133 -0.4853226801181384 0.5243063881941087 0.1576885719959065
134 -0.5287410940585361 -0.5407636579675857 0.2672773066335805
135 -0.508753395761711 0.4931334111155365 0.16383841478190336
136 -0.5365307598025635 -0.49139506153350504 0.27885440470187367
137 -0.5313299612119292 -0.5013937353065838 0.3242817889373675
138 -0.47014008603815144 0.47916004595117406 -0.0016525582336265453
139 -0.5270852502877302 -0.4928194250587597 0.32178308147590506
140 -0.5358981193895276 -0.5222001021807939 0.3128902499151504
141 -0.5063822441554869 0.5244011010212506 0.13308154092598834
142 -0.578207258108971 -0.5410500114612362 0.3411298915570144
143 -0.43629613804246636 0.5340074939898312 0.10820316896056512
144 -0.48090488731410014 0.543771758154709 0.23903747207755313
145 -0.47157973858458113 0.49785801286770826 0.13432737784061158
146 -0.5411662505671166 -0.5430658002936645 0.3237579922793217
147 -0.5511283393768559 -0.5004283639918025 0.3175051959413068
148 -0.4428463303332014 0.4860515713141806 0.08716230114365227
149 -0.48466320750714065 0.4334602251401797 0.04745583999068385
150 -0.5320543038515138 -0.5322092455969837 0.2404152092177141
151 -0.4668984480301955 0.5002523142508268 0.29836217180300745
152 -0.524123597088993 0.44088903142384334 0.06191376638358412
153 -0.5516447862459547 -0.4511228952622027 0.26542291386620476
154 -0.5511834214040112 -0.5138641145243478 0.33706961064210705
155 -0.5119915389963088 0.5059383460062273 0.04340071425961096
156 -0.5685002866587497 -0.5239488907232132 0.3459940239894843
157 -0.5284712567569699 -0.5091940187716989 0.2797420553145331
158 -0.4795414867815931 0.5730178591105597 0.23336048824129907
159 -0.5700888237126098 -0.46694508223357417 0.32267332090408896
160 -0.4957710906969944 0.4661163456598132 0.1591266346872812
161 -0.5247191752171455 -0.4314084024752694 0.2853296420828537
162 -0.5287641508774125 -0.5741917416782436 0.24270476664566926
163 -0.5212042733591677 -0.5438605042394398 0.25137371695413363
164 -0.4763509683945188 0.49112925919874667 0.14800667450560714
165 -0.5466530154939963 -0.5183676130751328 0.3234502423151004
166 -0.5165486466279153 0.48022961104145206 0.10024589633243375
167 -0.48697883544045806 0.49668977983517926 0.046907385107456005
168 -0.4558045980248161 0.4184478252959212 0.14909133990306372
169 -0.5287377188769122 -0.507566028818583 0.20635101025468366
170 -0.5262241052167623 -0.5048028023636711 0.3198860279709204
171 -0.5050599097885509 0.5436760989829028 0.0589042036533453
172 -0.5544969430118042 -0.45974682610760076 0.3276945304309342
173 -0.49823392653417864 0.5226089327778733 0.09536006201844141
174 -0.5405907598947054 -0.46579730085399684 0.25527080804014224
175 -0.4836654848228164 0.5136558305688242 0.18123658083082686
176 -0.5243995279192593 -0.5642897271422872 0.3506344739253443
177 -0.47779525988915356 0.482746283615091 0.328134560160284
178 -0.51040661615634 -0.5217293059956498 0.20662555029740431
179 -0.47430087478676236 0.48491836537239474 0.02308255070722957
180 -0.49709617220620705 0.5120540838009879 0.12746499090897834
181 -0.5014441136702318 0.5056312665265555 0.037620020203823004
182 -0.5764819563984049 -0.5004354577138171 0.23043319894819211
183 -0.5845210912992671 -0.45921088627180584 0.3228055348440119
184 -0.47183560734998403 0.4692324489576257 0.13217990305608962
185 -0.5606791677768083 -0.49823048280449994 0.323415538930499
186 -0.5781712207922298 -0.4784856373907575 0.37208198504036455
187 -0.5617878040308464 -0.5424931565065307 0.3000791285118751
188 -0.4966162922176444 -0.5090069924674883 0.25053640848659925
189 -0.5070846879061379 0.49748074816704424 0.13468334701792192
190 -0.5117357918947343 0.5199370799778733 0.13622767189050547
191 -0.5876533459201833 -0.46271803139942536 0.3616258509788051
192 -0.5463513253441183 -0.5168958528659833 0.24668688308622952
193 -0.513864955603997 -0.5486120070317527 0.28507748333294114
194 -0.47064488684283623 0.48779684040515314 0.1777866292897576
195 -0.46984763911549293 0.473041115075338 0.0816090452675874
196 -0.5505734450798563 -0.49810542549551207 0.3221546732928436
197 -0.5714346949286693 -0.524195469354424 0.29750284002528665
198 -0.5598700511628172 -0.5247648273147156 0.36656086461201687
199 -0.5806362492759172 -0.4628139805614353 0.22712228769772885
