200 3
0 -0.3387629091442816 0.2503233301860743 0.3212944344347625
1 -0.32980861580640397 -0.28972987168890535 -0.025785457892522814
2 -0.3283557256611479 0.015806499657681817 -0.07396161210999345
3 -0.36714577506791535 -0.1967608970754179 0.18321674279065817
4 -0.3559279896074013 0.014897109761034484 -0.2912294633378441
5 -0.23546230913797372 0.10376564415418749 0.05672148207821562
6 -0.3417780789969459 0.1168793222748977 -0.01355772061727912
7 -0.26892851531708534 -0.2048403247517218 -0.0026700639134334746
8 -0.3217329149628311 -0.01991657865140582 0.18467897276779852
9 -0.2963188814054395 -0.08900363863493703 0.12001373897526299
10 -0.31592972673456593 0.011534180695668538 0.009974250832830541
11 -0.3964415443220715 -0.14914030458821548 -0.11483021853574524
12 -0.34991520520178343 -0.2893030717047745 -0.28939765338414336
13 -0.41589202165949557 0.19238105311647355 -0.19038823720581358
14 -0.44837269994285256 0.028307602472649983 -0.38021726309460596
15 -0.39709948278704943 0.006967232345776121 0.07705696492592272
16 -0.29830873154530724 -0.04369163540410341 0.0929429205479183
17 -0.2512723452205587 0.017039081298195424 0.22022958764011374
18 -0.2806408456161599 -0.06927988723858511 0.17429156803250492
19 -0.3524793720509291 0.14538320521381226 -0.31766185796289426
20 -0.3718289397561749 -0.09114344239856119 0.1962527359720936
21 -0.3117582885141129 0.0334946112997284 -0.07386965919061733
22 -0.2940964618015374 0.1552191220140964 0.02523722854970823
23 -0.27728417848727127 0.024522139368657637 0.24904414112324533
24 -0.28594503572666125 0.06980187761565004 0.12180916402643495
25 -0.2946107623702974 -0.16016185293748358 -0.0892768726288646
26 -0.27547545224585457 0.012344786630556782 -0.2228184063446999
27 -0.312842610129613 -0.08826415630626552 0.1121312884027309
28 -0.29465493738562476 -0.2015898001965336 0.2240814799816333
29 -0.27620058788921376 0.012955947997958869 -0.09981161669934427
30 -0.37372830984683236 -0.06386356674769095 0.10592805921223757
31 -0.3269202838490456 0.08901737567974301 -0.13836123857829552
32 -0.30886379678185705 0.11036195639063241 -0.18400052093665753
33 -0.2485681001582076 -0.24864794992187103 -0.19138076279881164
34 -0.3710714774118961 -0.07832623080516171 -0.07506475565121574
35 -0.3487145256735255 -0.07981046199048165 -0.14938587574664716
36 -0.2876967047519598 -0.013583054564521661 0.06928659929247842
37 -0.33410614991377174 0.0593965621605666 -0.052730558940959314
38 -0.34117541476016155 -0.1036804589242272 0.3435807868351368
39 -0.2196483826467353 0.06388548450418996 0.14282245143515226
40 -0.2846176939450823 0.258775614372701 -0.024139560003923338
41 -0.3306416755702775 0.10740831672682978 0.31112937378912087
42 -0.3351298137089557 0.18380427508474795 0.016264136074241167
43 -0.3112303078625405 -0.2535165369487087 -0.09404894718695431
44 -0.34388892285193196 0.21579415971919438 -0.09527995325105516
45 -0.30990318049014853 0.17072491346133684 0.07920757682402622
46 -0.275459074365077 0.06580545362608663 0.15721445671932932
47 -0.3480770766572304 0.1519806171993767 0.015736431641750027
48 -0.3302233259312794 0.038193591056496994 0.28337408225265864
49 -0.25135321428710483 0.183535639509342 -0.07979853039733005
50 -0.38984182117717703 -0.20256046785273027 0.055978597600156076
51 -0.28714046564858736 -0.10018177378093356 -0.07074055058058186
52 -0.347950142732964 -0.22374185848994532 0.036667846016897786
53 -0.2918598300495153 -0.344097373243459 -0.12569842621057142
54 -0.3827207947831416 0.05666465202291981 0.22438198707816553
55 -0.34448758710031047 -0.25931120742782693 0.08813566733650385
56 -0.38835439194786403 0.12601206834029813 0.2428400726674157
57 -0.2845508761236091 0.16361516517964605 -0.19198496905617424
58 -0.285729283373264 0.224882605726139 -0.2909662026726321
59 -0.29843754094373587 -0.07383691103417324 0.4714902944510621
60 -0.40286774109980494 0.12507299406365763 0.0675875570817659
61 -0.3044891824662062 0.08697254199629852 -0.3362689537808383
62 -0.2540739678146365 -0.04929770434744206 -0.1540091611974203
63 -0.20437654208711334 0.009600215726439402 0.03163228707943274
64 -0.3580303529538667 0.23872924085438219 -0.2679783075417051
65 -0.3222401501937111 -0.11394922120835964 0.23111862331337932
66 -0.3355277481505831 0.20553397959115308 -0.1483252385856428
67 -0.3461371755421205 -0.10580453622937253 -0.10962736556482344
68 -0.29025217178440005 0.14269224962962185 0.15348159649329965
69 -0.2733042752774215 -0.08043627738473955 -0.20912946573623642
70 -0.22554342270157815 -0.153220228778467 0.05084514629898518
71 -0.345930729024527 -0.027775305398645478 -0.15367910766452286
72 -0.3561795832169109 0.15928768143860142 0.06343482845145411
73 -0.2676913734726357 -0.0869536047482009 -0.07076627560492417
74 -0.336062799650103 -0.2653697113342316 -0.10879202112969635
75 -0.34370311810346416 -0.11882746197779785 -0.05060768948401602
76 -0.3223853540223923 -0.028537715235910217 -0.03511343325812373
77 -0.32446413707498944 0.08239217953306038 -0.048224278789394934
78 -0.33000908271945306 0.2391106316694444 -0.005235069968567709
79 -0.34704385247702774 0.30405495923295717 -0.20278220546421075
80 -0.209302108608178 -0.08660454334193085 0.128815080623537
81 -0.28690808200118234 -0.05172966865352339 0.10148879212210132
82 -0.3167774153468475 0.03558094586359965 0.3006163837357205
83 -0.3630927438207574 0.14518833804135153 -0.09409518029010647
84 -0.3605066232408647 0.0171779045686432 0.2278544802483126
85 -0.3018743522246227 -0.16455949187470742 -0.03867680763363457
86 -0.2975059519388244 -0.04899518186746434 -0.30729151611806754
87 -0.3072661683768217 -0.170339805679414 0.03139108183452795
88 -0.4135150827174532 -0.3909458063291388 0.057267057091088334
89 -0.3322330806355116 0.049213846949049435 0.06972215960888851
90 -0.4037304451108434 0.3433484394458675 -0.204003868418254
91 -0.2987743551558723 -0.14872100942118524 -0.049539252535916144
92 -0.4339933011690773 -0.2184561494838798 -0.04695089938627652
93 -0.2787303545450432 -0.017798569380232433 0.012673550555746472
94 -0.323910649406131 -0.09399407471968 -0.3105549443678571
95 -0.3687321999052869 -0.08159621592679182 0.18012912909417914
96 -0.29389039053107674 -0.05085320886668858 0.15404701210652727
97 -0.3221561446943314 -0.03672343774955673 0.30683824225682854
98 -0.2901589612530698 0.07913800111409551 -0.11279586612298961
99 -0.29418260026117454 0.1379313829611541 -0.15525574364173397
100 -0.4056343556807348 0.13916627223728598 -0.0870144724093497
101 -0.26866641646373296 -0.13128237662369774 0.02360346724581508
102 -0.29185476615988487 0.002808386415374382 0.31654102824849817
103 -0.28968972123631703 0.03249995418372662 0.23310021245086124
104 -0.23770710648922563 0.06314864796727468 -0.31486092015382383
105 -0.3114612596278462 0.019756383593985734 -0.19530725512906982
106 -0.22869338359028102 -0.03765856246073442 0.18152230644482595
107 -0.36191854673144364 -0.09010196324844424 -0.07962400971638164
108 -0.36786520808776146 0.3330539880587236 -0.13605126765333656
109 -0.2911624900807475 0.07505244185817612 -0.09391395745057456
110 -0.23946034381871006 0.10256720263890882 -0.18669035311867244
111 -0.3816775174161516 0.13983374101382104 -0.014125944259856017
112 -0.31037615324971296 -0.17614221568399813 -0.03516338483365216
113 -0.3441764660171832 -0.06996569150633335 -0.05731455410829686
114 -0.4111518874344077 -0.2823907176607663 0.036182778798957156
115 -0.30460026277825886 0.010769563922460725 -0.245683136853766
116 -0.3101860624636006 -0.018124420759467512 -0.25195237220657185
117 -0.31100259966262767 0.13667236166296798 -0.223802747899615
118 -0.28457407990108047 0.027170801141699896 0.06387332447484902
119 -0.31282018587285104 -0.04998411729576643 0.16524691678929224
120 -0.37748432897813733 -0.0803474822662731 -0.144114538760316
121 -0.357767398621526 -0.1941308084340096 -0.08506072661895905
122 -0.33264960498187784 0.0062846544189537855 0.17747633735575338
123 -0.29093230002368564 0.15182721232690147 -0.04067376220781963
124 -0.27877918427148707 0.18346426874087093 0.12442953454042484
125 -0.32894126455500383 -0.03451631943270328 -0.09039646343668277
126 -0.24431896102000566 -0.0796744430014454 -0.07126343117776691
127 -0.41493983150666297 -0.15638501367066934 -0.21101547022635486
128 -0.32095896388559503 0.14934515329906026 -0.29249060126164883
129 -0.35667719674883597 0.05057644677928076 0.05767792318423597
130 -0.32762688513633137 0.012665323670306457 0.1888049695256699
131 -0.4144876702213562 0.2499391803216348 -0.10003808157760492
132 -0.32686580124894266 0.26807709352049947 -0.0118018907467893
133 -0.2966258193581996 -0.10595723266365555 0.13307524844587698
134 -0.4370238402717576 -0.09293810618795527 -0.21861466132675778
135 -0.25498579671410526 -0.020379990579501395 0.21822484360443986
136 -0.21129885431714715 -0.10085544568737649 0.2651697505114471
137 -0.2890403197287448 -0.16744458056392095 -0.16522080847180295
138 -0.2372445842481237 -0.18172796041579892 0.1633764642330106
139 -0.2767385278202531 -0.20128610988351847 -0.06062641704646063
140 -0.3753329902082767 -0.00037664317737000423 -0.022483894232696554
141 -0.3093023181287609 0.1558121650350614 -0.19929819760651057
142 -0.31678884354765846 -0.2887405603972103 0.08949024348738163
143 -0.2827558819859069 -0.05771866170564314 0.08351997877530075
144 -0.2754904935377106 0.251767607601741 0.08485637708774312
145 -0.30084198834385173 0.22570794341070827 -0.17805582372161946
146 -0.2817559288209448 -0.028085124053604582 0.1743111313047373
147 -0.2322613205687932 -0.22260325290691763 0.0733675132723437
148 -0.331020281746638 0.1911410379804299 0.20548713531155668
149 -0.2370026785150858 0.1698792186014509 -0.12157025932934491
150 -0.39311726853263396 -0.04997758318682221 -0.34314856224898727
151 -0.2774696750932866 0.10642378803340279 -0.06484678440039333
152 -0.33773120368505966 0.13666703688079138 -0.015303220267080538
153 -0.36207444295199037 -0.0347047514172141 0.2063182144932848
154 -0.29962811211551404 -0.2565868444651529 -0.00763712775987329
155 -0.3022736436607673 0.03308626156996075 0.018444094257099856
156 -0.3423891058372973 -0.06475632843404619 0.22155332033066205
157 -0.38417652183220774 -0.07641079263168021 -0.31928268801285936
158 -0.33556855350259773 0.13167808783452548 -0.1571994007460973
159 -0.3532351992181727 -0.08864529036585395 -0.2684125470751919
160 -0.2677976409001643 -0.206171616123941 0.052199014257676556
161 -0.38644677108019915 -0.05115491068007938 0.19653212102696158
162 -0.30063620745820563 -0.08053904499422763 0.17123385060203186
163 -0.3117102677221118 -0.03034195932222932 0.21405131843549377
164 -0.306682264272823 -0.2218350771243293 -0.3098122315427329
165 -0.31971961531328985 -0.15480650875032706 -0.049775742063129014
166 -0.29664044115668836 0.01095601223515114 0.19573832188307783
167 -0.2826870689582399 0.04920042075617532 -0.2934500849303876
168 -0.3484943236944966 0.11080723243067826 -0.041212992931613235
169 -0.38248731398574126 0.03359497238759131 0.2628600927279612
170 -0.375212045277964 0.09500097146982307 0.33959635133189653
171 -0.27541105668479077 0.24047632943692693 0.03322045509594253
172 -0.25799927996985583 0.0642536674114244 0.22478608124176286
173 -0.30744133911349675 0.21890767525420435 0.012377375618514031
174 -0.37025392738854007 0.1894348664740963 0.2119703106260295
175 -0.36693017380301185 0.060393919372727436 0.1955617750194489
176 -0.35376388378167695 0.02072256751574458 0.026392786241821738
177 -0.3648279694662303 0.014547430360429393 0.09533265880501794
178 -0.3472330756958205 -0.1055063508588498 0.21271480625227335
179 -0.32796229765607 0.0003057821550110566 -0.1077289974516265
180 -0.26447803894234834 -0.18067233961331852 0.07677843074218955
181 -0.31248137323943675 0.19846951129806073 0.12057622042683458
182 -0.3996272219968824 -0.05924860786240692 -0.08586527847894608
183 -0.340590524677767 -0.11429101793439836 -0.12961119655615627
184 -0.24745846016459438 0.02124869574411877 0.12381944380576075
185 -0.3636151644267504 0.06610682179325603 0.35433715669756866
186 -0.37686615681606955 -0.17378242959499865 -0.2153289786457613
187 -0.25995731083465196 -0.12234858933431565 0.22743149532246018
188 -0.3653648948020015 -0.08473872633496193 -0.005541366551332874
189 -0.3533055335851428 0.01080357597278636 -0.4492898898441355
190 -0.36733092032860504 0.17433553814540462 -0.11611417262105242
191 -0.20743688381670497 0.025884105571569983 -0.15843521631845792
192 -0.35972933645826266 -0.1622374146185907 -0.21528955521476892
193 -0.36217483107763243 -0.1045380726544457 0.28598867960961577
194 -0.244973647606672 0.06412359768361861 0.1617545131880995
195 -0.37008908846379013 -0.07594500121636279 0.09541898892021665
196 -0.3026489738005188 0.02373136519464764 -0.17759767842368207
197 -0.26431404674258924 -0.1851951573030979 -0.17700377406521683
198 -0.28175515521395983 -0.0056815102223389665 -0.27706956453911474
199 -0.3582907562108251 -0.08140263516735392 -0.09133244730313266
0 -0.33813114327995375 0.16945148415802513 -0.0866404505501007
1 -0.3162808725745799 -0.1142651567718 -0.050547715846437524
2 -0.24203726975509057 -0.060438459534791336 -0.17554664822681068
3 -0.23881541424473798 0.07428562883416752 0.022299762111292427
4 -0.29662840970775806 0.14620850580316336 0.23486192114769935
5 -0.18959827903194768 0.09890443083932454 0.2346119572356467
6 -0.24363262132435742 0.05574562567799298 0.029915662558838006
7 -0.3156560849131628 -0.12234726669390199 -0.22849430350269304
8 -0.27104608642067973 0.15337023899580005 0.14769358201497218
9 -0.33536431582296283 0.05725499540535383 -0.1870681006097397
10 -0.19962924984889033 0.19893707778145345 0.06925780318372578
11 -0.31840838406268424 -0.24034998048619188 -0.21074008897569177
12 -0.3998509813202697 -0.19859751873481618 -0.1915203988429338
13 -0.28353620068459034 0.3176792750150087 0.07728108953053815
14 -0.229386098987203 0.16009104118565048 0.20982594590147327
15 -0.18639956700546664 0.1786558046485053 -0.09536123482093438
16 -0.2804164792249011 -0.0017212487694010159 0.01920247811573866
17 -0.23593088001050863 0.15265070139436118 -0.02410657053147446
18 -0.26566127935113715 0.15768161867982997 -0.07296928024500877
19 -0.20496128750382678 0.07353925684247138 0.07289426155973089
20 -0.2554726944300106 0.03139205530449672 -0.13042543577582308
21 -0.22365101106168045 0.11342562079290976 0.1227776050870365
22 -0.22148730436533728 0.2575270447558551 -0.0037030148459192024
23 -0.26800807244216807 0.14761678524085617 -0.005682486822127898
24 -0.2073467449746214 0.06172634254627256 0.153887925267828
25 -0.29961870262963447 -0.21730058464214685 -0.2948218489443624
26 -0.25540361302313436 0.10049509550740889 0.08856597642870946
27 -0.2534936626527801 0.15245307289410398 0.16232734495166912
28 -0.18473827126062167 0.10927404361743168 0.20477260267401762
29 -0.1994211482749035 -0.008769892602816586 0.030266289948525586
30 -0.24895402761941557 0.09798305704769505 0.026419457199534844
31 -0.23998211529604596 0.013693994740005018 0.060845342763273774
32 -0.24877867306583887 0.32326161827379174 0.022055008281155072
33 -0.3583728256901814 -0.212312571455159 -0.1305671164785452
34 -0.35885494712877103 -0.18105500506694883 -0.06376932704080117
35 -0.24812810075331673 -0.06577232447915331 -0.16419212514761622
36 -0.18851148867537473 0.10643125424153967 0.15764300981759458
37 -0.22642326157860126 0.11223490256075311 0.30551579603330614
38 -0.255437053571277 0.17064641149063783 0.02437531625890929
39 -0.17769751438867246 0.12465929140028431 0.0705484860225322
40 -0.19553796624834413 0.1577123819467357 0.06363220820212862
41 -0.308729050459425 0.2098222188441304 0.17957321605972015
42 -0.25259170757412874 0.08337262602030827 0.22692445443758053
43 -0.4074643322032795 -0.3360574690473425 0.028050483628268428
44 -0.26008590679101035 0.1826709778231318 0.2525309093352457
45 -0.20519434544399429 -0.028047438760060675 -0.05484285789959594
46 -0.22649168284058296 0.14780521046343503 -0.01936346484304803
47 -0.18651549776690507 0.0718499032066944 0.045550047610493014
48 -0.2638859249460495 0.21191578861703605 -0.016991498857042157
49 -0.20491152381705702 0.16884717779823752 0.03842878017802581
50 -0.33510191437639847 -0.10735187226179073 -0.2549385881559368
51 -0.30867050056632694 -0.18493305306201444 -0.10726231580794733
52 -0.2720997525949576 -0.01953719911272397 -0.004517909222229681
53 -0.20879039605674748 -0.23676948169397352 0.07080058377206556
54 -0.265522150230489 0.11008563713171353 0.09611919892321613
55 -0.39238802572723186 -0.11916175217381994 -0.005240351111077657
56 -0.27514188813122037 0.26664476161410045 0.19593716564950017
57 -0.21422201088698983 0.2259794814582719 0.09957040659000715
58 -0.3001291491016141 0.2544885172501251 0.11157837374257722
59 -0.30915111136547674 0.1015235341880747 0.27684056786566513
60 -0.24689141667012326 0.16070286769708514 0.00740215303825346
61 -0.25831416042849165 0.3543927171164433 0.13111993612732448
62 -0.29205694481882355 -0.2003371645763657 -0.12788447179921808
63 -0.254215517130495 0.15328024546462468 0.0974908355285296
64 -0.2522947537250102 0.09355557201423242 0.11729330104747776
65 -0.2262003542390292 0.23952462932394375 -0.07235328286434813
66 -0.30291515555880283 -0.1657459850173265 -0.043755314791311846
67 -0.36054649735823513 -0.05930852376849027 -0.223018597205801
68 -0.25129264313787336 0.15775039659773474 0.04558094293913986
69 -0.31246813783945604 -0.12287593208814102 -0.11269859826109846
70 -0.33802376505122356 -0.0657080974384316 -0.010010249484687438
71 -0.2216269464913793 0.20114148125470935 0.13762444631787366
72 -0.23428723047801042 0.09279747713354367 0.03851162076348182
73 -0.22229374878890762 -0.06153846010738253 -0.07432278156472123
74 -0.3070090603165199 -0.12804081186698274 -0.13878376879857401
75 -0.3070831526385741 -0.010776093178536625 -0.09522501590430597
76 -0.3106736595951956 -0.1937505639162518 -0.12567713986059173
77 -0.18300626902073877 -0.018240626777557573 0.004801155315451944
78 -0.19524537579683024 0.1126133880185536 -0.004750447563060717
79 -0.22865918559321838 0.020169669308560536 0.08834717014949155
80 -0.3208648630295362 -0.1013283384410637 -0.2766907260111083
81 -0.26249869393141007 0.13351796201597924 0.07891326603890199
82 -0.2024625100302285 0.11949351178222248 0.014407759197327863
83 -0.33034491233628915 0.1771668827183224 0.10589261290031644
84 -0.23462613886530137 0.1313037100456848 -0.016562455129267992
85 -0.1948536060442873 0.07755293725552523 0.17696642525376752
86 -0.40648418218892185 0.09125281150200391 -0.1352771507043321
87 -0.23759249315832173 0.2236748634118654 0.1383476558023896
88 -0.33108122580995664 -0.18630565787677977 -0.0717925821496178
89 -0.27908955963469745 0.3356633753372891 0.018999845845314604
90 -0.1962600289788916 0.10629173584675725 0.17849588229287477
91 -0.364359004913416 -0.3270424371402603 -0.09002757496236692
92 -0.2774762759372636 -0.09107115413598206 -0.1712482079803837
93 -0.23248396967091353 0.06282048905610352 -0.04075945418633729
94 -0.3809402800522009 -0.282338721327396 -0.21715468713178426
95 -0.24527177635843897 0.1255975577089382 0.1614870133687686
96 -0.2189860849776915 0.02227305030909942 0.09497894012186195
97 -0.22237395006801858 0.1693625517939117 0.062088575550038265
98 -0.23137507450013703 0.20166506961773265 0.011348272478482344
99 -0.2877310501650457 0.15035035929640794 0.22035171615160135
100 -0.19113100535480482 0.0792605008540193 0.11364233660066685
101 -0.193530867265705 0.25794945671952296 -0.027032102100447826
102 -0.2820688435908695 0.029616030384022204 0.16842441228007138
103 -0.16302082851661362 0.09573158974561469 0.03834071564545286
104 -0.2961776703656686 -0.21572799653840607 -0.20398531473126902
105 -0.29623053206497574 0.0931122126372622 0.07121750061875269
106 -0.29622231991373726 0.00507728120740762 0.059506875827686614
107 -0.3248364491921769 -0.10320747745271806 -0.11543811134405668
108 -0.2779849372801112 0.2127753904458931 0.09337235160895375
109 -0.2627411549313215 0.06520489827163238 -0.1300793465591126
110 -0.19623605960435953 0.2448864015138514 0.16301255457068314
111 -0.20818842258777787 0.06532668453982296 0.10546127295015145
112 -0.35338022649418627 -0.06448132284352187 -0.4590997786188756
113 -0.3248423489844117 -0.10008190196296698 -0.060938616328958584
114 -0.28701483803967853 0.19302924254397058 0.19574563567499792
115 -0.249606834798412 -0.14396737300950868 -0.12151062369193638
116 -0.3132631307305743 -0.09762672965784651 -0.0741289052251022
117 -0.12791145568557874 0.0716681664234761 0.011069515756380561
118 -0.34553616735768455 -0.1389946188865403 -0.16170275745014034
119 -0.2459235329761118 0.14275463261090007 0.04437767724446642
120 -0.30782214376533107 -0.22024528646285493 -0.020501714080564365
121 -0.36643254475677606 -0.24518679051329043 -0.020631625091527144
122 -0.24991555511261032 0.27983642826573607 0.10650541216547517
123 -0.19887661314235094 0.07959023514045803 -0.05178779554914533
124 -0.19191602531906793 -0.02384457109395003 0.0860315060008975
125 -0.3640443722001005 0.3531252257468344 -0.12129151520597205
126 -0.26389119824714896 -0.046331270965814464 0.1302759023282195
127 -0.39375301081047315 -0.19257181495642484 -0.21592549476664002
128 -0.27240045623370945 0.24101174221885677 0.16770741494756114
129 -0.20725480574434535 0.21306293210223437 0.07830270121075898
130 -0.27687441696996595 0.13072033233384464 0.002601237323506504
131 -0.2520847060725194 0.13211583524990023 0.019485382211114618
132 -0.301681537567642 0.1859408092229564 0.26177347731957606
133 -0.20907616637506926 0.09619639067972806 0.02758981027422083
134 -0.25113343387696757 -0.22605443877578976 -0.10967364534558721
135 -0.3318612240158694 0.06644781385196609 -0.025556702923711316
136 -0.34119101669779267 0.22901461108791912 0.22155112537268729
137 -0.29328667372597805 -0.18834746432581914 -0.11071617361880866
138 -0.2245826556472047 0.3337751864927207 0.1711001170728806
139 -0.3636120646288028 -0.3000145745531157 -0.42363017527221
140 -0.3641680679983276 -0.03161432105572104 -0.32527248357247435
141 -0.26818890001576573 0.12878945012542903 0.1929547090592801
142 -0.16566378585591462 0.20307174560355085 0.07332753587702105
143 -0.36802773853330906 0.1922714364866967 -0.11855741834726524
144 -0.2797552329671378 0.14891212998578723 0.08808094363264822
145 -0.2571880346292014 0.23982626992633446 0.14235631378477911
146 -0.18639830173368563 0.049055707693415246 -0.07745922199266994
147 -0.25942046910474686 0.13269020965913764 0.14484019609789683
148 -0.21615704114402762 0.1979175820462289 0.1857290321375192
149 -0.18499636954472531 0.019584617166908555 0.16729905972962278
150 -0.22206572519969336 -0.23824180802225886 0.050569501335190906
151 -0.2014327179162815 0.07348464994890884 0.033050420073787744
152 -0.2226350311372162 -0.00984530669559781 0.03426193435003521
153 -0.2598079784864012 0.22652855355095153 0.13422878564525365
154 -0.3419593957524817 -0.16518538828029364 -0.21204702168178738
155 -0.27978867950572844 -0.02245926659313997 0.04391980534181796
156 -0.21237093215408281 0.043143385812347335 -0.035629835728403295
157 -0.3218884664779213 0.021910636906511766 -0.17096229392757958
158 -0.29418684560878616 0.0991831275136613 0.19987858777500755
159 -0.33630974908828243 -0.08957535496100184 -0.14758808780503566
160 -0.251199084537636 0.14548718808339345 0.0956393773629039
161 -0.27451445329552737 0.23848120769963668 0.21926103774311753
162 -0.155823220907306 0.024776354141662918 0.11727805034656669
163 -0.41479587000195217 0.1613965740639916 0.19804308014357527
164 -0.2995821636392574 0.34956027809263523 -0.122591837237343
165 -0.33770668771158346 -0.0767247155662657 -0.20201417836747024
166 -0.21085150751534806 0.11169862175527388 0.06340205965957646
167 -0.20266527794794753 -0.0735109368397718 -0.11668830480196392
168 -0.27190941273166824 0.007760881438945065 -0.06466778690742052
169 -0.26590799593892234 0.05875164265488417 0.06387891848642369
170 -0.21627525991984037 0.11787152433071275 -0.0071852078002967
171 -0.23622015746953526 0.11089093354028752 0.18883609157740533
172 -0.2660507848142376 0.17959636217849095 -0.023683615987050582
173 -0.19854533418074405 0.23441272988858244 0.19036646952270625
174 -0.28080698333167964 0.13974165268434244 0.2208887290365009
175 -0.21905862059597153 0.1510038772409641 -0.0011108070431336068
176 -0.29334431151306667 0.322880560048161 0.2094685154014572
177 -0.31086423936209645 0.1857153059654346 -0.17213466945743852
178 -0.30379095431646036 -0.10032466591387947 0.009201088520226145
179 -0.3138587227010296 0.12698923842854892 0.13618634307509409
180 -0.18803227865133276 0.09858991010717111 0.09825319208994647
181 -0.2588088527035101 0.14723608600663557 -0.08765227866434476
182 -0.41935448303791445 -0.11989970198350744 -0.1520835914679593
183 -0.36048547295233885 -0.2273035750136296 -0.03835119744028423
184 -0.2772631952182316 0.1293037009159095 0.019928130009600954
185 -0.25103053722405844 0.2613604897348195 -0.036086613382414486
186 -0.3660351611435104 -0.18837147773659987 -0.08748957411067912
187 -0.21040515304198057 0.110046266471499 0.05271518794505039
188 -0.1838541472216741 -0.08603757622460288 0.1394907065868823
189 -0.2128802417011248 0.15359042006644266 0.14534126606930486
190 -0.2063911952127359 0.04646901388022392 -0.07596233107469891
191 -0.31389833805134193 -0.019791683791786866 -0.2842288841665213
192 -0.4016583334363672 -0.21179000696351993 -0.5249919490730259
193 -0.25097846412318414 0.22224090711239758 0.06965772502260018
194 -0.2942572305944022 0.35877631974636953 0.07619212018172371
195 -0.23296563577249488 0.08110805757379111 0.17074977271869865
196 -0.2702632012865298 -0.15912041646768127 -0.24734319995330092
197 -0.310205165613492 -0.1867179387489974 0.006829686101235945
198 -0.28626070849178104 -0.3269233356359847 -0.08325722359115255
199 -0.3042832693393991 -0.053428038544224336 0.0004921333464057035
0 -0.24408811365449384 -0.19450254711876025 -0.058925571597280305
1 -0.19558158233166223 -0.19615269439517713 0.028687158601360212
2 -0.2651830510920026 -0.21872700974744813 0.02147266213096953
3 -0.2367641152782726 -0.13588611222183236 -0.07524674132658896
4 -0.3272346953914138 0.2205410496496247 0.10083592844042497
5 -0.35079607234714183 0.12940752974932307 -0.1298195246916159
6 -0.34812206014195407 0.1574847887348756 0.04526889027871622
7 -0.23725710866213867 -0.14073950419138045 0.09685956169411843
8 -0.3163160868271568 -0.32389484655327466 0.17252864149999808
9 -0.2369704831585912 -0.13040444919314 0.08414003202242772
10 -0.2867522775253328 0.12975107541046726 -0.1950239913147263
11 -0.30966226608921354 -0.3257342620067047 0.07338938582239375
12 -0.30526753812472013 -0.09662427931035439 -0.09386736423548031
13 -0.3977925091575711 0.09879924623244832 -0.11084673908269461
14 -0.23967981139453381 0.14603606277544257 0.0991549167331722
15 -0.3996027220139944 0.3668780358774373 -0.020181011759994382
16 -0.3018226332640113 -0.15913607206668356 0.16753059594219935
17 -0.20168265825309478 -0.12323444728784956 0.032525381485495816
18 -0.27413326434278856 -0.18430123522670164 0.1448420785706832
19 -0.2522162101330829 -0.014351621564703798 -0.16495386078106
20 -0.3339624716923793 -0.14637014714059438 -0.010716325560223106
21 -0.33819069138726493 0.02793932911857143 -0.18856623831782204
22 -0.2572154442483207 0.17722323671994947 -0.04003596641935384
23 -0.22510112884819017 -0.20741782658742294 -0.07394205239027546
24 -0.2382985357030553 -0.13280088302737328 0.19402216661417362
25 -0.3601928843515102 -0.1852510006474599 0.12595990489196499
26 -0.2484896078117942 0.09458195262384761 0.04940437881293152
27 -0.2806942583407901 -0.3674638155977892 0.11548671782571508
28 -0.2080588302827262 -0.0675279426968268 0.0875585153689888
29 -0.42391199912751043 0.23442303137322018 0.027169914345340822
30 -0.23468890962939348 -0.09652742204369143 0.022482375126159113
31 -0.31085645851408156 0.08186940894226244 -0.13264165007232268
32 -0.3363505232841222 0.3684734804680166 -0.1565232813544203
33 -0.39102491938700534 -0.22755417860931648 0.2425810759764743
34 -0.30922047820332127 -0.18319154535158225 -0.25564973455419915
35 -0.25555671539764596 -0.07525647667379394 0.12373087757271081
36 -0.31766688512530805 -0.11911091045708247 -0.15702848908252012
37 -0.2927129445295693 0.07012668808055114 -0.20468140589041967
38 -0.2821315566070813 -0.05439394616907498 0.27607223931643826
39 -0.294714294742541 -0.14086673111379125 0.0626776788036105
40 -0.2568345524066513 0.0930820781157595 -0.19369410423559164
41 -0.18135536442546069 -0.19164317468039585 0.15013410559735055
42 -0.2742611796107608 0.35233828893735925 -0.04702513065393135
43 -0.3463083129149225 -0.18368011080487343 -0.014841208515849792
44 -0.3106948333023855 0.1717372457426785 -0.18125326383083856
45 -0.3509669737921761 -0.34118282730232896 0.10039571744670768
46 -0.2958635100914437 -0.16968085236078276 -0.08140657812092816
47 -0.2602358368632593 -0.23408225833112695 0.15095493729847903
48 -0.3265228246684594 -0.3174156056018334 0.12789973041783523
49 -0.294127156190585 0.11872163275250036 -0.03870630075170111
50 -0.1983202586196488 -0.12870497981434534 0.08855482211573902
51 -0.24461449450747474 -0.021897334598616234 0.06798724946988778
52 -0.237422472024616 -0.06816855942620291 0.18800303666510004
53 -0.2591869925381951 -0.21821509758747462 -0.07331473209916282
54 -0.27160989317642364 -0.1117851801769576 -0.007932640881143966
55 -0.20195568847926565 -0.1951569717608123 0.12087349272655779
56 -0.27305356776158124 0.2267582238858765 0.10131251493104292
57 -0.2949863414558792 0.192934273049983 -0.22521386272469465
58 -0.3397539011243964 0.2071342245345301 -0.0944355879909422
59 -0.2311011750070184 -0.06128099851710102 0.14356988111892008
60 -0.26226472689544067 -0.06207245462902807 -0.019542323310425942
61 -0.3736957520659412 0.24256175433603896 -0.3973915420749843
62 -0.2492994185424374 0.02581984800536488 0.038636884140033474
63 -0.2534357880567474 -0.20952152660146584 0.2320306837827905
64 -0.39291854247847746 0.32173216551561307 0.07145261367209277
65 -0.18486789633748962 0.03018485392615887 -0.05844423129299973
66 -0.3158281336851572 0.1613764691864686 -0.16118126275090366
67 -0.3120745842575467 -0.2967388659412049 -0.04301597305720531
68 -0.30638782138030285 0.20119476355014831 -0.24103083475137368
69 -0.37250455471064314 -0.2102972005310855 0.15587005948012972
70 -0.28235441225254604 -0.3539414574809195 0.11199652286774023
71 -0.35349215007682905 0.11403711701122787 -0.0679912402460706
72 -0.2930955596208965 0.12063295949951233 -0.09273167500600184
73 -0.26684601495043725 -0.2685821727008823 0.22837965498797444
74 -0.26377732213168087 -0.17376841930020126 0.12572208657495085
75 -0.33690256044444156 -0.024350119526870263 0.09907986689558608
76 -0.18447402871075602 -0.09077949351311836 -0.008968315221565572
77 -0.42039895766278457 0.43836492572339725 0.1621921707981144
78 -0.2617508683208794 -0.2886471693530442 0.12239313693224908
79 -0.26667179989854956 0.1051796636709203 -0.10321175084808547
80 -0.20646809578592928 -0.2414233257429647 0.22755352647521257
81 -0.2700141707646252 -0.10947411089237358 -0.06491883863987585
82 -0.27959184303962503 -0.16164543357382674 0.2656233213218337
83 -0.3270408117166989 0.12974664276846945 -0.3659078249151587
84 -0.3025275674470112 -0.12310793773785521 0.328481412407442
85 -0.2483491287970523 -0.05477066785432506 -0.09921333276898114
86 -0.2508653446990979 -0.24505949707759497 0.025009510419673392
87 -0.3312347304718567 -0.26883107525419836 0.03541420358335261
88 -0.2275672177325365 -0.16290714158409494 0.09518199498738879
89 -0.28246439608395163 -0.29911993379637297 -0.06617276900344972
90 -0.310425038997313 0.14964579748815288 -0.1306732030641831
91 -0.24332524798569935 -0.09244294256316617 0.20417193068227246
92 -0.224210714484158 -0.13955195004464221 0.13289580906074178
93 -0.32675381799316905 -0.14963388254498228 0.14016455334830974
94 -0.24849052777775127 -0.21958442369501113 0.10737651019820797
95 -0.28605382869027646 -0.12918718152635203 0.0071699404624019384
96 -0.27701557748942784 -0.28821601162312055 0.15274739255133982
97 -0.3247740026336941 -0.3025186240076721 -0.1057207027090586
98 -0.29308184178316954 0.17003142324336462 -0.2847610286191271
99 -0.29943986762090913 0.16525743640086765 -0.138498812998156
100 -0.4085632547864233 0.25668869672824207 -0.3034641429400509
101 -0.18858481526851886 -0.09113931616246557 0.04070598321919856
102 -0.3114266872340907 -0.249325659634178 0.1623128480906578
103 -0.25524100924381 -0.26928382828735536 0.18294413063876894
104 -0.27588736007072345 -0.16828418071454482 0.04063430862177761
105 -0.3720857861246921 0.242515697198708 -0.08050650585106511
106 -0.22747422070502624 -0.24004829021480148 0.09093373025547646
107 -0.21739181037366453 0.037820380592070754 0.13463846510929708
108 -0.31388940193545606 0.2331950469036505 -0.20270618594766568
109 -0.3247021215575231 0.22160716814909975 0.06915699078580637
110 -0.3017030427068188 0.13371916876795342 -0.18267384050499152
111 -0.3188198603655757 0.08754602440014712 0.03192360122227219
112 -0.172220954475973 -0.01683354112989206 0.03705576661416186
113 -0.26637933045132434 0.030812317554903854 0.19589527295262554
114 -0.24716168381923487 -0.10670189490093097 -0.0695514144255911
115 -0.2008804045345125 -0.074950841839979 -0.011861300543335954
116 -0.2462214979050899 -0.11704738901140536 -0.15266519965779599
117 -0.2458448959819485 0.0902636756864321 -0.07510752540972193
118 -0.26105228278215975 -0.25945478072431205 0.21421887000475973
119 -0.2638956603957698 -0.07519757161632046 0.137011857569816
120 -0.22526503159073183 -0.17745037696017898 -0.017859527544733637
121 -0.3398635168494247 -0.22783961197163302 0.0901658796356445
122 -0.22299926807153345 -0.1381772776122559 0.18887138002286466
123 -0.2849929638253586 0.09528283729754133 -0.10067361492569131
124 -0.3907340891856295 0.45101911309983955 0.018359180540469137
125 -0.2536263765793907 -0.11616659266280586 0.10386829869341058
126 -0.2307343799290596 -0.29531553241008207 0.15676888759071797
127 -0.22928637966125046 0.037698081127497826 -0.01592221048247959
128 -0.3763844604863276 0.18530466672371 -0.1217170708463063
129 -0.2694220228058734 -0.035408989904237444 0.14626132005840423
130 -0.19959907817789543 -0.14183590212694974 -0.09793587616804693
131 -0.3737701411855823 0.014005009108607996 -0.09489405877009541
132 -0.29905697254821495 0.2497178092940531 0.07263734721353295
133 -0.24705915668013978 -0.1299111526931476 -0.03323370399034123
134 -0.2657848343950462 -0.17480602079076937 0.06891662427782605
135 -0.2518003055248649 -0.3029761810557759 0.13384983894363842
136 -0.28928574848014754 -0.20867142391379367 0.09920175631307522
137 -0.2964974262997135 -0.12803672772938945 0.2371754740500728
138 -0.22607914506238047 -0.09019186466388313 0.11952202972852115
139 -0.22645397002804102 -0.11504545168461525 0.10222995461120632
140 -0.241242845923435 -0.18995384750564062 0.1261435287803842
141 -0.2838380101215268 0.16467554616451932 -0.021336851624200792
142 -0.29772673300270436 -0.2980633446526623 0.08505261189893229
143 -0.2593509978374302 -0.2333169172179667 0.042270418197521496
144 -0.33215922336476467 0.0979258007640199 -0.12789052429354536
145 -0.2729212809238984 0.017597593641569088 0.07789544478748638
146 -0.3080278404395977 -0.05284857666242877 -0.008530726768335562
147 -0.34349546259014707 -0.0717726806463365 0.23391868328278712
148 -0.33983648462613153 0.13340479846799005 0.01813245576512205
149 -0.28631435304528435 0.16265778353843915 -0.18136922630408078
150 -0.37467594923864483 -0.2830905476976864 0.3516194354817612
151 -0.3442010717338627 0.21641173636194688 -0.038639986381905564
152 -0.39391301583804417 0.244837050863221 -0.31345085810234297
153 -0.28158907564802826 -0.029244827116964852 -0.09729236662875412
154 -0.3395115912114471 -0.3154063833632014 -0.02752121348629514
155 -0.31892608179506565 0.09167349672809647 0.03231109693929347
156 -0.22259815695593074 -0.1471807165119458 0.05679912392957213
157 -0.18429308970622774 -0.15015096776089554 0.02687763504188777
158 -0.286072682556902 0.23637608523510642 -0.3232324548105028
159 -0.22946625407741794 -0.04309833511149678 0.03943537220997356
160 -0.23748883945345173 -0.11935986497958805 0.1441175723565552
161 -0.2506476570496125 0.02100930481248201 -0.10333243706395913
162 -0.23823437290123647 -0.1316620419067897 0.08730611396602876
163 -0.24016856627072333 0.022805387968495423 0.050955263096260424
164 -0.3312927622600133 0.13182826637562384 -0.0136735952423695
165 -0.2089958255209459 -0.16765200933384025 0.006277839026486832
166 -0.2836070938930584 -0.23402148173863702 0.0456828227787954
167 -0.3467616896349005 0.23812786325846105 0.09842694851479658
168 -0.41142763334237364 0.11365370528770417 -0.38165641150855656
169 -0.13434673202500333 0.04193602772678039 0.10324363349400667
170 -0.23273721502853198 -0.1273972259244512 0.07902435445985152
171 -0.3213098282796235 0.16982889950925378 -0.15407146276024694
172 -0.31206675610837625 -0.17770144701750587 0.042921831713834915
173 -0.3090022832810948 0.2550228941164999 -0.01351753502347967
174 -0.22475422697975073 0.02357386160201978 -0.026553046982234544
175 -0.31008889651400173 0.055734563960124696 -0.11613187835009102
176 -0.18461002968890772 -0.18158949556769552 0.039775073747756996
177 -0.266252726677884 -0.24252682844426043 0.07437356944036481
178 -0.34215672327922647 -0.22845212885997931 0.03687238421858246
179 -0.3144412803883415 0.24637672148858217 0.19248599555625243
180 -0.26751820770261475 -0.06351581601856608 0.16652900065866771
181 -0.3411610215957014 0.19098637531317206 0.07611423904006105
182 -0.3294130806378444 -0.28132420341252956 -0.004692639936894362
183 -0.2677158028151665 0.026390729802681756 0.10129847940848913
184 -0.34622615206438356 0.14796406126013106 0.07857887677015608
185 -0.26835773052140305 -0.08239340691994745 0.023485723175857447
186 -0.2791449142018737 -0.2160708651878192 0.0022941019424653295
187 -0.20621149874967615 -0.03857589426955884 0.04647537547670362
188 -0.2646843222715259 -0.2609102203082525 0.06723699599111303
189 -0.41586696478946894 0.1425615071883963 -0.09274922016405895
190 -0.2977925480954362 0.1802640572266496 -0.1822075059333722
191 -0.20909944178599316 -0.026663498014633465 0.19950533184243557
192 -0.26488934699440814 -0.21497123371003116 0.13674549725932014
193 -0.2571052809863971 -0.0856438569032835 0.1372471091515496
194 -0.2672876290588375 -0.025154839113047497 0.05273305658829414
195 -0.24061233481027983 -0.08163996888748382 0.13259799456395227
196 -0.3328585367661877 -0.05617959175577202 -0.01269430344923717
197 -0.18563869895976465 -0.12532392848964896 0.09983188928199252
198 -0.3181639803749375 -0.16293679066473582 -0.08811416548886843
199 -0.23795821091436792 -0.21518613965427646 0.014470034555931282
