200 3
0 0.008537469040757653 0.0055110974934681825 0.0033625731822314042
1 0.002441803931930178 0.008420343416899158 0.0023172314446324657
2 -0.007218794990787515 -0.0008014662976542977 -0.017714863257620533
3 -0.00932272613499308 -0.004471126330788437 -0.006916736643532848
4 -0.008417212620535686 -0.014991765119628922 0.010231317718846465
5 -0.008506378426564445 -0.007631440357546544 -0.01729008210911881
6 -0.002809337664730599 -0.0033452247233668473 -0.03236960080679416
7 -0.015277929615122213 -0.01740006068975883 -0.012964052177825897
8 0.005173737638145162 0.019253801987250033 -0.009495351480949543
9 -0.003451053294273535 -0.004536664907037281 0.028995414655217905
10 0.007529154062705906 -0.022890898223681608 -0.0031356098303491724
11 0.0054355773850655875 0.01059075318096328 0.0015990060361388975
12 0.0032528908672202414 0.0034992588702139737 0.00033601465049697826
13 -0.028233381898042018 -0.006501497341736523 0.01522125744606756
14 0.004222381351998775 -0.01850910779532569 0.007637054829099224
15 -0.012488386508467241 -0.01857781058477321 -0.0022667304409424924
16 -0.01511006658741866 -0.004921674028197032 -0.008684950554163892
17 0.006258762698357595 -0.013233020881080707 0.01582469362629952
18 0.02253831842039719 -0.009419475580128428 -0.003641581660952284
19 -0.010987099380870873 -5.13019762891434e-05 0.015078573518414684
20 -0.01181452873603744 -0.004842639149777304 -0.026562609843824265
21 0.003315377211586451 -0.009981770657212232 0.006438499883580778
22 0.006602236379641253 0.0038401601538079547 0.005654863511808349
23 0.002674833156575218 0.005608709882670648 -0.008855116566391666
24 -0.01031188707169909 -0.015358290878639852 -0.001602431535750147
25 -0.017161912767561904 0.0011343085226946797 -0.002276239907972976
26 0.007253306544434178 -0.012791493689122073 0.007916202831048075
27 -0.013686586510267815 0.014591148150937192 -0.006217630619785065
28 0.01367114364326895 -0.0064770591912761116 -0.007875129356228371
29 -0.012151620412913858 0.0006797007683620807 -0.007350165182833712
30 -0.025991054189815094 0.002059102314461595 -0.0018066381331469268
31 0.003170281676797458 -0.0024260858623594353 -0.019329847538591412
32 -0.0085533472422628 0.013036978680020475 -0.0016154987924986118
33 -0.0009232895100784767 -0.015264750759820311 -0.012050647698472718
34 -0.013783308186512133 0.010903733512835564 0.018894119700149356
35 -0.023924997017057234 0.001047185855027135 -0.00874644845166067
36 0.00032152951033816157 0.033424744192715516 0.01225550244928018
37 0.007840162683389894 0.005953597269088735 -0.015114435142453437
38 0.006566160401912003 0.005329703677853164 -0.013433369702191899
39 -0.0018464375468439237 0.007013372904273611 0.018855051410983203
40 -0.0030659585043442085 0.014792107500554971 0.005163484910228241
41 0.0013954267229976244 0.007228246359590243 0.012717127677792234
42 0.006444039658318159 0.026972215385541995 -0.016531427669910836
43 0.006266611754529888 0.0007104879046001388 0.004956120342175992
44 -0.008030593040948577 0.020795787186307604 -0.005487543682969526
45 -0.007981775641664657 -0.009872587133886161 -0.005023629618962721
46 0.006064318906952783 -0.01442683155221422 0.023197532530279702
47 -0.012005992250355216 0.007220109766150222 0.001181852783120916
48 0.005762634172619109 -0.02736178144425 0.0156270231586079
49 0.006728811308547536 0.014561661982571389 -0.019259485874963914
50 0.0077402277835662975 0.004204866952000282 -0.0010247994807167891
51 0.008120321744058398 0.02669991305671427 -0.018522364330973
52 0.013034929654499872 -0.011931141357484257 -0.008654584047387198
53 0.006017291436913132 0.019356502961117197 -0.014938075389573993
54 0.0024841771391775694 0.004871352948279166 -0.012723077041544066
55 0.007898646893831851 -0.005098767643123874 -0.005279046745748681
56 -0.00231960261469323 -0.0006838179684476343 0.002807231820169405
57 0.007637842514228721 -0.025896590549433884 -0.0009908637149687038
58 0.013552245557767295 -0.003955072958353175 0.009167432793957028
59 0.021470964114057866 0.02403548097753871 0.014362090540016213
60 -0.010802242579350071 0.013204397895729428 0.010604529960635014
61 0.01737339167113995 -0.0018828274475526663 -0.0029396771828603388
62 -0.00015314775086842577 -0.002494209405667816 -0.01160912427414671
63 0.002403446132770201 0.015014944614674529 0.002403873499765369
64 0.0034821264572216537 -0.008251868466589698 0.010636784910234738
65 -0.012199295977208594 0.009329834181921473 -0.006959956970302723
66 -0.005754227343689473 -0.011988270281539414 -0.005193773273475106
67 0.030211979124681362 0.005906353458275171 -0.022440860091498663
68 -0.01458001542060417 -0.004995557210749759 0.002410104897761778
69 -0.004788579428018178 -0.023353658022809573 0.031923887636404816
70 -0.013628680255693248 0.011862041167150492 -0.0002307664244590342
71 0.002703999133747009 0.0018120010512825135 -0.003031445498911391
72 0.00014848834670880273 -0.02815249216707527 0.025397609950025726
73 0.0005562120874233085 0.012224024105836756 -0.017755908200845022
74 0.0009145859845952949 0.004973574145865502 -0.0012671121470807165
75 0.006919682968322783 -0.018972328403314434 -0.015993459828610668
76 -0.008805879109331158 -0.00329966529624073 0.007077220835476378
77 0.006086873654233851 0.00438037263121464 -0.0005683328920027785
78 0.00906356285604729 -0.006821383389879052 0.012696143418218512
79 0.0001646512540599103 -0.02225908672756688 0.003375961081310816
80 -0.009724553504314531 -0.01644555212536109 0.010295858780704461
81 -0.008157634743796792 -0.0031880030744439007 -0.008695226785819792
82 -0.0062994760466776115 -0.002206872871960419 0.0190762580626041
83 0.006055200503139381 -0.004501606117838078 -0.0047419050225537395
84 -0.00201369102925315 -0.010573759526656464 0.00448845384820186
85 0.007413178199289498 -0.009196143974769831 0.003106967543319669
86 0.0033938135087027838 -0.025430901233568254 -0.0034882979807600925
87 0.012903710386118629 -0.016116394557640707 0.0012606439729175647
88 0.0005883527178841674 0.0062279957737153314 0.0019461858979591615
89 -0.0032077115065823622 0.022218320489814744 -0.0021536064416013967
90 0.005652830516801958 0.0028956479110126138 -0.005949451907343192
91 0.013556251115455241 0.01011861818973768 -0.0035426749296850572
92 0.004210650407963588 -0.0058253961328678695 0.003657895429161867
93 0.01053452574265349 -0.005044135771902922 -0.020912452322244417
94 -0.006498454234089561 0.008599770992410112 -0.019265206407209176
95 -0.018890564683911225 -0.011854659858994485 0.02704233560058758
96 -0.0034824046095088823 0.009022547101794554 0.005575037606067909
97 0.013112056638893747 -0.017318348472557032 -0.019153844798767555
98 0.007974921593515916 0.002958548637065689 0.022648524864318814
99 -0.013269095250081936 0.013738164561926808 -0.009662288035211741
100 0.03455199561571584 0.0011781367069496965 0.006181704407847072
101 -0.007674802957498873 0.0135844822096228 0.015817122324320906
102 -0.003257919987730909 -0.000981131702779088 -0.004863153875467596
103 0.004542159802156076 -0.004257882039050705 0.01114354854460492
104 0.004510488260373846 0.00844622741541444 -0.013944697184646793
105 -0.004196249954772004 0.0034930520264975923 0.046613316902118784
106 -0.007847777523190047 0.005319969296187485 -0.022551731918091636
107 0.0046176380209729685 -0.018729220849989833 -4.7316819554277245e-05
108 0.006481523785835497 -0.014480968067560072 0.02604994956655103
109 -0.01564776567458455 -0.023397221715550615 -0.014438706227658787
110 0.018692238678536935 0.017530563031571536 0.0043063974394391726
111 0.0023799900813324497 -0.0022424667650163613 -0.0177868703959436
112 0.0038020264833967168 0.011703779672216683 0.002639256168921904
113 0.01406068450927462 0.008872199553514346 -0.012294481001986136
114 0.00547544049088429 0.013399848065177489 -0.001580940393505155
115 0.0013730977132604752 -0.009185390916303967 0.00014509189409049258
116 -0.0015082628672031632 0.0030818206473602686 0.004101984326254939
117 -0.0048703677439504885 0.014893289674551629 0.010872044304951742
118 0.0009591875432152196 -0.004984640490861235 0.008167232069475894
119 -0.03091098333036714 -0.009484957587447877 -0.018028131691375834
120 -0.006137807514913524 -0.01074493443571597 0.005656882648142111
121 -0.0019443311396843618 0.0025968650318134298 0.03039756438196342
122 -0.0052974250916962146 -0.0038570002335394787 -0.005399925871677286
123 -0.0006240963084907965 -0.01460038330475523 0.003297248728197052
124 0.0007193348431434095 0.020924013406559958 0.017098160809582118
125 -0.012727275177023212 0.010635102110821863 0.014629768492273536
126 0.012756704991423624 -0.007020937774021602 -0.013054410300206327
127 -0.006341601950718256 -0.004395286746662861 -0.010470239019822442
128 -0.017341803851507617 -0.009559367415574959 -0.024427440830558478
129 -0.00024834862742041316 -0.017121710291705283 -0.0083441502641846
130 -0.016235110082101753 1.59640348621308e-05 -0.00846039236665267
131 0.023225762763285144 0.001452483959835115 -0.011618118057501445
132 0.005591749282915235 0.007785893000753351 0.00486761452159316
133 -0.012446791511434699 0.00679427010839339 0.03472324183505149
134 -0.01936918515089685 0.002559245422820322 -0.001262611800354245
135 0.012194905306172288 0.0017295666031470203 0.022894946119533355
136 0.006358834761369735 0.01358838312895529 0.01097031896097754
137 0.0018493663063343796 0.0050595359932577855 -0.0008572819298089882
138 -0.01858058421568641 -0.0023359580425896045 -0.005846542548578719
139 -0.0023605948691943004 0.005791560552373488 -0.019177041300755572
140 0.005845668505066442 0.012970832265249988 0.007280144855121254
141 -0.005671804785208293 0.0036081283797146403 0.013898173943943548
142 0.002976109559909512 -0.01499519450908655 -0.008915847141374778
143 -0.0017299744198056256 0.010643382633134725 0.0032657489475414574
144 0.007279145965655046 0.008548091700622429 -0.03410227439603186
145 -0.020933480135391792 0.021641381075365833 0.004823180774518904
146 0.012326875456127883 0.012923353002246889 -0.009902695032567563
147 -0.0030848123052914095 -0.00647233331823658 0.024148571363861553
148 0.006661302668232623 -0.018773059149319496 -0.01551755330827656
149 0.0029735929774033568 0.025362856068525036 -0.0023212315688937966
150 -0.015944721157846516 0.0102272948603788 0.0018849999922177577
151 0.008408371515429724 0.008606671589545234 -0.002239439768109813
152 0.006207988472508431 0.005556930043819093 0.003161465682460257
153 0.004184575096623466 0.009438875959429487 0.005237728614977517
154 -0.01958860899101314 -0.018793754484932507 -0.015223221913483166
155 -0.008417668661674288 -0.00658923408684213 -0.0077868079234622856
156 -0.007060650204036373 -0.0009125429441478525 0.01323751176657275
157 0.006388073402184807 -0.009715368964652554 0.02752843520233267
158 0.008568536256617488 0.0021850851181167176 0.015394625165256519
159 0.015781171956575926 -0.015461424849970522 0.017591077527075165
160 -0.007402672063102755 0.009915382736228204 0.003543598425901351
161 -0.020011635326385665 0.007371818995490775 0.0025854113331740492
162 0.009647975898049728 0.009625485900504327 0.001641890003667025
163 0.0044362223004335176 0.007056101543001427 0.006015605962787794
164 0.0017825147037830204 -0.0005068110649567303 0.01624354118750172
165 0.008286694472778335 -0.012769150466666317 0.012847950189547028
166 0.001806404369409837 0.0013254045282115696 -0.012593257269757133
167 -0.02196447165742113 0.006568128608685567 -0.006819394404563152
168 -5.578231277670459e-05 0.002232885086835546 -0.009231619577357453
169 -0.006213470899947716 -0.01572546413518848 -0.015820880899644146
170 0.013855871792705168 -0.009904139944693212 0.003463825049500109
171 0.0007230007096298459 0.0076271545628205165 -0.008481960503758103
172 0.027648515367911228 0.01387012966124613 -0.0076412654412377
173 0.0027151051562526625 -0.009012049539916522 -0.012372903741447408
174 0.013445507879232387 -0.007360474993566339 -0.013868016087766694
175 -0.023365347767043847 -0.009695641241371813 -0.0035170604263113775
176 -0.013505389608158405 0.018885866038143316 -0.007054376032765591
177 0.005937534961718685 -0.007199041480788669 -0.012372210204018338
178 0.024318423728293834 0.0047648288470741144 0.012212549402700092
179 0.0034533045089414835 0.011995223487250507 -0.023518880677585487
180 0.0010922873462392464 0.006249613578060066 0.017477782150387394
181 0.0008989937526243177 0.01646815005395263 -0.0007144843792286533
182 0.010159293079091553 -0.007815953165028252 0.021502637718688683
183 0.0003692036486458994 0.01762476666288859 -0.01180125145779886
184 -0.003262054520192806 -3.350042128880473e-05 0.0015371706689655956
185 0.0004100145716798495 -0.0035940638046989496 -0.00038782547342928325
186 -0.010318173533259156 0.008675595099212313 -0.00016439698150879506
187 -0.004527674019115607 -0.02350719807289052 0.008344235539428332
188 -0.00812969139881009 -0.006339172200628677 0.003585540488507355
189 0.008773508835648022 0.0010751934957514801 0.009616918125501348
190 0.002243487579035211 0.0017851350119144627 -0.0048805220706253
191 0.0005124576771046302 0.013668637488881207 0.007842931955331846
192 -0.02423743704909692 -0.005482859353125598 0.007257911814548816
193 0.016922004006672833 -0.006828901477138816 -0.003817210573837611
194 0.008143178962234161 -0.03022954768187476 -0.011402069475808796
195 -0.02221928222290958 0.002267351134614702 -0.006873825162969209
196 0.00691317365251079 -0.002433462390036077 -0.00855613591511906
197 0.011128754527707216 0.013821611674809595 0.004824501071931164
198 -0.0070817584255787255 0.004741599142875998 0.003569105497769308
199 0.008186737137106128 -0.018599087484417423 0.008327320642718843
0 0.013460726507530066 -0.0004176460561273118 0.0036747553837401525
1 0.03255767428188448 0.01863094562525306 0.018507305703322603
2 0.002385727734850296 0.01864636894734828 -0.010897190022275398
3 -0.004554339909934541 0.01693126022290877 0.00907716083512966
4 -0.022847199731904785 -0.023456703026349453 -0.005164748199813012
5 -0.01313844468636477 -0.014883034539172176 -0.02706698172489077
6 -0.01157627587702726 0.006776518290427725 -0.014285829198857514
7 -0.004689874370737937 -0.018889887109831388 -0.023107890334016987
8 0.006751150748515993 0.013198541526037513 -0.022002602023413073
9 -0.007545865523371383 -0.0022241335214668555 0.022312456265230013
10 0.027793716708338106 -0.0268484860854461 0.00379336209858969
11 -0.0014720529685464372 0.015820405427966887 0.02927214416651313
12 0.021326222396670813 -0.00299461731401818 0.02616075764308829
13 -0.015385786302226992 -0.004345019841244392 0.010960804409847771
14 0.028201471325909604 -0.0010361838802007695 0.009959057601605344
15 -0.008227397670671932 0.0008944477271268236 -0.00039854312420660454
16 -0.005549886272908403 0.009770501326822795 -0.017320101565154997
17 0.01902181408337037 -0.000787887694473341 -0.012776599969920234
18 0.007476168912642078 -0.011049881307542753 -0.008514588701551862
19 -0.011344557179559223 -0.007687192626741304 -0.00023712495208232098
20 -0.002009203566300334 -0.013221155382447732 -0.007262631689095203
21 0.014875998176539541 0.012630244643085476 -0.01100712956082564
22 0.008379883814754196 -0.01686716101822692 0.0009184188316157295
23 0.0017460437128244705 0.013774378291726647 -0.00960439570553117
24 0.015027758126046876 -0.009046697197574685 0.01502711963955938
25 -0.03540424063055017 -0.0003657539481905156 0.007182674341238218
26 -0.007777880277926594 -0.0012126663874496117 0.017643092080012843
27 -0.012436556184759986 0.015185429025219702 0.001808316105657383
28 -0.002152969341650709 0.003752706923167695 -0.004545497397111575
29 -0.01595012912674562 -0.0003554989791988046 -0.044789369709366145
30 -0.015940260947296156 -0.0026020617116268496 0.001087137785585954
31 0.0007276548910573818 -0.0024633783362311215 -0.009285049476075682
32 0.002882988177181904 0.025356785960027148 0.00369280800434617
33 0.007131444345285929 -0.009068125756718809 -8.246568127968489e-05
34 -0.030249092736724548 0.011795079651699111 0.013500065581044773
35 -0.013773021676794811 -0.013844333120502286 0.024131874229296413
36 -0.013460682750511647 0.017007476325920076 -0.005774157871303906
37 0.013037339762709571 0.007628652423538135 -0.0009201326242745007
38 -0.012092725722222045 -0.004090879417744311 0.010539846626403785
39 -0.010368105576717121 -0.011539515794464862 0.007497864977569851
40 -0.0015362235781584202 0.022456967984608528 -0.0005923398489351486
41 0.00986787294210445 -0.016702446105663238 0.013474748616652467
42 -0.01510856124595917 0.008599617858776915 -0.0037315317663525194
43 0.02890146859988843 -0.0021446676086835695 0.01103829400991476
44 0.0014796468418664084 0.017384090744600893 0.015050439213368141
45 0.004634854013652658 0.00693243391057085 0.01651934174197855
46 0.027620993534867716 -0.012314190160140917 0.02061752007980769
47 0.0014461636416354673 -0.009379044648551793 0.003152969910753582
48 0.005808069327562837 -0.013061223364257746 0.0004335087598412654
49 0.02754294646479205 0.02200846807140986 0.0014795207648355263
50 0.001611249954909133 0.013269757172748038 0.0006452895466259982
51 0.00727974663919969 0.028645929777569586 -0.02493845578146009
52 0.013049978721855468 -0.013094566876501942 -0.010457786701368411
53 0.012623857556415388 0.007095630537730241 -0.030393912032633086
54 -0.008652458968381054 0.008399547755364372 -0.007894072235661458
55 0.036026126652908344 0.0007815624482381944 -0.020511430868708193
56 0.004256848236990881 -0.00610079779520788 -0.009562560254500693
57 0.016022487679756503 -0.005617924619989861 -0.014122250878494384
58 0.023252762836608806 -0.005087647995615282 0.012838020693223536
59 -0.005995484318071266 -0.001328463949241257 0.006274831588339469
60 -0.01668397199066418 0.015822214354643677 -0.0007487354393729831
61 0.015796259873301757 -0.0012997485333241963 -0.006809646092350002
62 0.0012563548636801876 0.019194184699793906 -0.0064072645072940915
63 0.011323284959048205 0.008709725321008846 -0.007802707689592431
64 0.0018756253580912178 0.005679798621856032 0.015135693696868846
65 0.0008133589609124678 0.03232818623519086 -0.006482808736419481
66 -0.004814403441041507 -0.005808921539312832 0.009803639110848073
67 0.013130010825060184 -0.0032509367961013774 -0.004877676330754227
68 0.0007213703576858044 -0.0023559171460397696 0.02928123244636195
69 -0.024191366015812385 -0.00371316743617231 0.018354138847460802
70 -0.021630642694436375 -0.01949092787544662 0.0058153281468162794
71 0.005710480360585956 -0.016428464309659597 0.003877276209326569
72 -0.041572399318389686 -0.028551190512451793 -0.006355460181327589
73 -0.007321647431279322 0.005951995003539892 -0.0004594321260086645
74 0.001254839186785553 0.013292303129505419 0.007905098529877124
75 0.007252230797242257 -0.02104971193033109 -0.018167765801828342
76 -0.005036728131273646 0.008869679692651667 0.0027625734246641484
77 -0.0034518776705098203 -0.0008796915972857193 0.0031030733451604085
78 -0.0028866435052003064 -0.0032103760720783078 -0.015585331114302436
79 0.0008792859918246923 -0.023456538507996366 0.0028574285882595127
80 -0.008474754679793028 -0.01193563012467836 0.0007063890786177711
81 0.0202726058767594 0.0076956470703231 0.013571070400545913
82 -0.013509961033615181 0.015019940610960524 0.026481086421473968
83 0.0021365279747135382 0.01224374364184152 -0.00937855304198007
84 -0.005680928366465734 -0.010498065440608273 -4.1533560323825814e-05
85 -0.0015472604931581653 -0.015588644599535684 -0.01541397724710688
86 0.022363539171539715 -0.010100733262161696 0.020201335695422193
87 -0.004975780972309343 -0.006347619687348465 0.006689625961659926
88 -0.003308151682234674 -0.005782595293196115 -0.009752333823120931
89 -0.003265088682815145 0.019999621681477286 0.001971164030778261
90 -0.0019000156816898189 0.02205070620175928 0.004156155209248099
91 0.0015401669067006893 0.00302426555864347 -0.012799191586887491
92 0.006271493190019695 0.013377044807703874 0.009507294681906638
93 0.009486507734624366 0.01742253877974871 -0.00021219219244114108
94 -0.0055188173394999165 0.013266834503405038 -0.01244669825948684
95 0.0038597588910982833 0.0023330758743868828 0.019216654740553396
96 -0.02296049771483197 -0.005167123386272534 0.011416373946532048
97 -0.0007873874417023176 -0.006758149921370804 -0.013305222678850884
98 -0.001761885947184575 -0.005112504832822403 -0.0016581753027426205
99 -0.007175030827229187 0.024046886741312307 -0.0022958890020352216
100 0.03562000129782866 -0.009137640173393732 0.020021383774106477
101 -0.01904245080384068 -0.0016069696254564364 0.012103752221381103
102 0.013230272893739368 0.0040125218789404445 -0.013360779672299872
103 -0.002251862602894412 0.025147862825733325 0.032240572088833935
104 -0.0009576936065482686 -0.03259738324876604 0.0006780744316828152
105 -0.010412886256253466 0.014789242881128838 0.023149291350846618
106 -0.013109603819655022 0.009599845425294476 -0.020621006959643945
107 -0.008448641463208968 -0.0037912164483571986 -0.007937397775726617
108 -0.012428241027813376 -0.008938780688368834 0.012982716526856175
109 -0.028382386896557726 -0.010245329222731164 0.004845887475164547
110 0.018087377066334828 0.028314937151011993 0.000753697658392307
111 0.015916378085532597 -0.014954933676627823 -0.013077056495479786
112 -0.005759086487220472 0.017621918610193396 -0.005449396284969377
113 0.02984263363655984 -0.011743073663529436 0.0016411091629245367
114 0.012695556462993515 -0.009345764611826016 -0.003051014867127104
115 0.024036214671271317 -0.010257408316937647 -0.00169043341554493
116 -0.008123887594660352 0.008331261899095166 -0.01718874536033753
117 0.0007360800251774782 -0.009253232516048414 -0.00474242304677969
118 -0.0159920401556323 -0.005416999559152771 0.022321354711480182
119 -0.008723617688908572 -0.00760198861135325 -0.011996668385136716
120 -0.005646886966154896 -0.013327374784610137 0.017920850015055806
121 0.004871334111065161 0.007220102007460585 0.014448246911695564
122 0.014726646182051946 -0.014592382584664124 -4.2128724096937575e-05
123 -0.010342809870374049 -0.0218167313791488 -0.019188765450825544
124 -0.004640917309526083 0.02697141329686087 0.0012332713658316855
125 -0.03237975789964191 -0.00422348021335241 0.014071027753946287
126 0.02038364264240202 -0.029967458128019098 -0.0008846787126765218
127 -0.025339665130081068 -0.021089861315268917 -0.023563733438658148
128 -0.010157876797470516 -0.005175814883397599 -0.015866023754311426
129 -0.011009397950868596 -0.0201553675838244 0.0009507407195027892
130 -0.01190991826856265 -0.011226021019694575 -0.008481471427804983
131 0.005318636476426105 -0.02282111342917921 -0.010592470206039553
132 -0.009412618209298595 0.007809300370207682 -0.001261922098975802
133 0.005307172947236066 0.011034074587525339 0.009260819636395703
134 -0.0006149081290610994 0.020929780448278854 -0.004606094388919256
135 0.027436740723436645 -0.0201229632266128 0.0003898907017296366
136 0.007651439261701573 0.001390964325817791 0.024721171513323023
137 -0.006643876323770309 -0.00030577197379946797 0.008355347006802308
138 -0.020669829346331506 -0.010084723934397102 0.0005464508514626084
139 1.3253169789499697e-06 0.018380904051659902 -0.0025295069528251807
140 0.004400445470548409 -0.007381695629300283 0.0023956441009285977
141 0.0031980798180998166 -0.007661938244655662 0.0026387002040612756
142 -0.015284163593100381 -0.010455214122164588 -0.003061633578596086
143 -0.005783648411872598 0.006336950992009156 -0.0016622845223598047
144 6.738830745806751e-05 0.021091655314050974 -0.024882904816131493
145 -0.003596464780277593 0.005662418720855662 0.015535488103934077
146 0.005458800767415545 0.002817777669744337 -0.0051417059529298495
147 0.004126555746709601 -0.006236016320469634 0.0018253791551756104
148 0.0011973970613249757 -0.020060460210749018 -0.010674551523150243
149 0.009930484295991101 0.0372904081876327 -0.0080377467028354
150 -0.0025385300117395336 0.008422014854306 0.009061987286462875
151 0.026192896998644362 0.003745355419878086 -0.007777838222503859
152 0.0027265509629491765 -0.0033012876421646114 0.015573976239483138
153 0.002293934252624835 0.0063454552371536785 0.005441801581462149
154 -0.011391941164187014 -0.029173351488218632 -0.004402525881647329
155 -0.026339747857025107 -0.015175631143881346 -0.031172477107576466
156 -0.006216990579573499 0.010127772550306065 0.02933965120187381
157 0.008443110505932667 -0.027212197979629094 0.01572529212792373
158 -0.013036440119263477 0.0053225893204988765 0.009811339451607615
159 0.013360074134754471 0.00048426026990073395 0.004180124217577363
160 -0.015219307371458395 -0.0026659766591599354 -0.017938917690274073
161 -0.0026352403835306695 0.012683987870276636 -0.018208037735984527
162 0.017864766462457972 0.012482642366767077 -0.006804626080465774
163 -0.005152928147465382 0.011901456718372803 0.0158450127873943
164 0.012102649602643257 0.02449172778691088 -0.015480231764029838
165 0.0019310629171228125 -0.014843716866443438 0.019053836695655677
166 0.004783176331631334 -0.012700509231185524 -0.0023483255701538773
167 -0.021295552002446316 0.016014569231201772 0.010740005962327676
168 0.009851103283144973 0.008985123436384752 -0.007862744714977627
169 -0.0016481812049745498 -0.019650625112370444 -0.021311893990139164
170 -0.018014235252190244 -0.008683258694808987 -0.011135067232457496
171 0.010385629298891011 -0.011490883103658051 -0.013924581450682833
172 0.014386720219177918 -0.0014843203602871655 -0.011187494442433802
173 -0.006287545446060437 -0.013240146553299664 -0.00698271496836711
174 -0.01121785299684976 0.004606295301089207 -0.03828024164889285
175 -0.0013316570250121312 0.010283236763210173 -5.419664186039064e-05
176 -0.0073748542823610375 0.007099314762856492 0.0019508674832762023
177 0.01641713451534181 0.007526448575966085 -0.022734938894312454
178 0.01931691368029123 0.007947066173925911 0.019914744952490543
179 0.005455403428707706 0.007485118670747895 -0.014139844446793476
180 0.007220548510217001 0.008640214592960355 0.016998395106362925
181 -0.019650125640325006 0.006695161382423225 0.010053398911162338
182 0.026677706639372537 0.005974517832107304 0.034263818812714134
183 -0.030041039522763067 -0.003410979760619076 -0.017045809227611904
184 -0.009813580687610415 -0.0029910486218689882 0.023457920078420215
185 0.015404341644694043 -0.0023916161377018587 -0.006053360171737576
186 0.004294610664199399 0.014061605326566837 -0.014634069886027362
187 -0.023809335719524552 -0.021747995565837563 -0.005932855232667053
188 -0.03083555208016392 -0.01600174955258321 0.00047658024428489385
189 0.02221765584072241 -0.008462695664797902 0.020731924821831095
190 0.0169179304271258 0.02321069214410853 0.01077104287873932
191 -0.003654680898562676 -0.007455003068904724 0.0006098507048499374
192 -0.012823647856499962 0.014443756629130423 0.021706055679042487
193 0.03227813079237879 0.002871721672190436 -0.007703207997451604
194 -0.002868044281762558 -0.008188579893948597 -0.009593204197202068
195 -0.013907773378542675 -0.006657315211467556 0.00016970424549254178
196 -0.004532981604484614 -0.017517486226307027 -0.001419432427753456
197 0.024006661310369617 0.00989705578434849 -0.014776336802778081
198 -0.0043876237187051165 0.006875033917007774 -0.003253182964293947
199 0.00880760056691225 -0.014138749857892138 0.0021096053931264486
0 0.006126038048318322 -0.009169214041217712 0.003561440345786416
1 0.018119035936151134 0.00875395006204728 -0.0035826440393736288
2 -0.011807388179348337 -0.0037100531472381328 -0.012223648803582988
3 0.019538788100150084 0.015136173852458384 0.01204302967790193
4 -0.033960293391011254 0.0023003806204112826 -0.007634197236235579
5 -0.005126699941108877 -0.005444902968352712 -0.007407157582593568
6 -0.014880878628650548 -0.0007510934778692099 -0.01040472539494336
7 -0.014304806292493887 -0.03344383210598617 -0.019025854586504146
8 -0.00673976091239808 0.025103627683555493 -0.0007722184549179209
9 -0.0009857942681186366 -0.006036651615481531 0.025094350539046406
10 0.02126830754734059 -0.016842984926036267 0.00821735150561764
11 -0.00833307482512331 0.01022095193480485 0.008517410241917295
12 0.006392356343676672 -0.006008531596081128 0.006055290023103947
13 -0.010515103862366856 -0.012863366856839753 0.01932036778060888
14 0.011491095980655286 -0.030139595185638045 -0.002889502167348318
15 -0.0030784450244672537 -0.010722108965705336 -0.01642543369878158
16 0.00985877491740052 0.012122421603613556 -0.013974378050693542
17 0.00715166215086057 -0.03199691824584095 -0.02302686484275778
18 0.025719899985050976 -0.014587291679923307 -0.010244237171981082
19 0.005697594154480248 0.02112219138462783 0.007533485926232292
20 -0.0038167846127799415 -0.0007716172419328718 0.003016296059708122
21 -0.0005703209798878089 0.005244432945708002 0.022861233738453977
22 0.006434309261607249 -0.010355203481852385 -0.005607002830142744
23 0.004598937205922929 0.004619557061463851 -0.01062635278442653
24 0.021180152420115353 -0.016209220967557975 0.005435985419448015
25 -0.040407212962498607 -0.028029902081858963 -0.003583221966711602
26 -0.0034837972834350526 -0.003805678564632233 0.02304931630273825
27 -0.016839624696114802 0.016522112104270625 -0.016949637092245638
28 -0.0026032396204305162 0.001846066637803249 0.013569124727759688
29 -0.010662824399967352 -0.013241425849197712 -0.014224300478922924
30 -0.020252024893941067 -0.0009043321488926099 -0.00771819703078452
31 -0.005328648101762387 -0.01811646154837069 -0.012252967361742778
32 -0.005337536534886195 0.015445034376827385 0.00440722089411125
33 0.007524889703115878 -0.026016611350002147 0.00828495392867179
34 -0.018924805247005183 0.0131656401601623 0.022307839877716243
35 -0.01973758953770466 0.0025067739008218896 -0.00797634157302945
36 -0.006374148273889539 0.017890401284926388 -0.01923802387752129
37 -0.0057709393528872464 0.020046723742123747 0.0027397778131189286
38 0.015409665693276758 -0.005441191018827716 0.004997701587468521
39 -0.0010356399804095535 0.020678814524705755 0.0053060896743117175
40 0.00033145305072066096 0.01702034535197458 -0.008645797778695685
41 -0.01465412399137071 0.010780230739630605 0.015217295120963155
42 0.004103007233951407 0.005564897588416107 -0.028884400331718192
43 0.005135100888257402 -0.00017346269984290334 -0.004256718953317116
44 0.010043268429425298 0.001841230877244554 0.024033372473694907
45 0.00892546694623074 -0.000767087509343403 -0.002557360432669969
46 0.002007605899312634 -0.00958166757762681 0.0065487272849089895
47 -0.02508821744895761 -0.005121728732655187 -0.01354291778737784
48 -0.0003924766679411808 -0.009889634248458332 0.014996407072288623
49 0.02369261452161621 0.0057560135977401256 -0.010691026079171786
50 0.012431402356432027 0.0008801550516957454 0.009635514016235806
51 0.014450174117945004 -0.012112103195711016 -0.016447497789823143
52 0.027647117395769694 -0.012336617919563517 -0.00407179145075269
53 0.007512809859790921 0.020816820087552326 -0.0146149318509282
54 -0.009680677890404308 0.007917041815869195 -0.006789480284037454
55 0.015199758889315948 0.013787621492500941 -0.005747818549828698
56 -0.0071655521424908025 0.00113969233292981 -0.0036088769108309215
57 0.018566024683849637 -0.028873778038915124 -0.01076270294023366
58 0.012561967356386136 -0.0004453270996771612 -0.0020291124672530414
59 0.006524138888205813 -0.003477212753795457 0.008743692871166948
60 -0.031514644781580614 0.028481905447657566 -0.010055630967167817
61 0.015309560264209418 0.004590242404682425 0.007232435131046888
62 -0.007988452795077665 0.018315552180277903 -0.0007441055297717353
63 0.014397187872340622 0.015666669327718173 -0.020243344283846658
64 -0.0026646761019984795 0.0017714286743287326 0.005469276946674151
65 -0.008413196854095282 0.008342078810649564 -0.011582464990204294
66 0.022467430738524308 0.0062533293425753 0.0048312182448248305
67 0.019429372171051687 -0.004192456184868364 -0.0061025610789886
68 0.011760464605123538 -0.005746924097006209 0.01738330529697807
69 -0.01685842260422754 0.002311936799512339 0.009274369567912263
70 -0.0030324868139278427 -0.014832583024162172 -0.020944386225450362
71 -0.0030953828742918445 -0.0055118755735699375 0.0012111246411528314
72 -0.036667782303754615 -0.01008798160788886 -0.008993253217959733
73 0.016091593890470688 0.02078407295452603 -0.012218806928597628
74 -0.0067127988940907804 0.007205989074492089 0.010305907215908239
75 0.002915289749975139 -0.02367214553249576 -0.007175252863992704
76 0.016511208460905265 0.009024105697752544 0.014635850198185679
77 0.0154615094338152 -0.011284060994741246 0.007095650591034047
78 0.005551127002992401 0.002503138862526717 0.005044097682415129
79 -0.009802944607253212 -0.025987405438930328 0.011898014315933614
80 -0.01153778728850785 -0.006161337489639526 -0.012447261802044175
81 0.0163911128349618 0.0014801104480132027 0.02077510112153231
82 0.004369802404118047 0.009548726025201328 0.01533041979028614
83 0.018846002363805955 -0.009332912968979128 0.011069386169808845
84 -0.00033787979358955965 -0.00923515713222784 -0.005306815614335386
85 -0.003466948196533001 -0.007352717944719207 -0.0007409617363031418
86 0.021008010663710802 -0.008310137742710694 -0.010205547428609421
87 0.02571455947664189 0.013831608298717279 0.008267714912374994
88 0.003024767237224642 -0.006389568874969028 -0.01335693424396139
89 -0.00016531581513714276 0.020270387160701578 0.007181714382305679
90 -0.008278629032142614 0.009783145566699313 -0.0008275996997575003
91 0.011151494270354785 0.011067553178945037 0.00019013160705866686
92 -0.003505093093645129 -0.005290194951815687 0.000917639152981306
93 0.010881140613885946 0.02939063541041767 0.014633930064349066
94 -0.01370200525488588 0.0118716809580355 -0.01943000310158159
95 -0.010886633504273505 0.0016741114663565097 0.017209083025092803
96 -0.0003379108830752556 -0.016227946423207643 0.010053286095405144
97 -0.002019732961111586 0.00216726415071046 -0.02731579128282899
98 0.009465117815529653 0.001048755909828523 0.012669504884284997
99 -0.02879981992383175 0.011551759378836804 -0.011895972134893844
100 0.018871126458819165 -0.010738157740578756 0.011037168187002892
101 0.002459435557540586 0.01267864583822266 0.02194726282898707
102 0.01750607692902144 -0.010573105531166718 -0.003698778081101105
103 0.007092769093372019 0.007014958678051249 0.016485558128682992
104 -0.004476903322835836 -0.006669617296238807 -0.0023070649116594226
105 -0.013276040384035993 0.008336034649772055 0.019340819168577078
106 -0.004723068064820438 0.009301432426870627 -0.013586657253768578
107 0.014193543292691003 -0.02186908392392705 -0.01308419814846714
108 -0.012455146624848212 -0.013396431382048143 0.0006155878759514094
109 -0.0066345903811732415 -0.014757811799755036 -0.01212481748407234
110 0.015057681451148108 0.006898088756446763 0.008364624670925858
111 -0.0006757816907231803 -0.0060321004578730575 -0.008352420897289194
112 -0.00148681972888998 0.009761714820809196 -0.008843597579496773
113 -0.009028655875226652 0.0008188257661920287 -0.015935839832444197
114 0.024688397657194557 0.009202712205310687 -0.02013466598093851
115 -0.004309682846375812 0.004794568583938619 -0.009250822311778623
116 0.0032798679833617086 0.013269586047979703 -0.004266357462217443
117 -0.007897622213379831 -0.011426051808325581 0.007349276493452284
118 0.0066951026671382245 0.008075625814266449 0.02429052791861125
119 -0.019015344933758213 -0.022484506424046126 -0.019556138392862424
120 -0.009826599768128226 0.019503254082159544 0.02231563010293356
121 0.0028889064708861566 -0.007104041173164785 0.02486649697991153
122 0.011034758233001967 -0.00793761222527134 -0.018362466970474594
123 -0.0017288245021101142 -0.017963090409458524 0.008618788135271527
124 0.009108211542602745 0.02567363838236629 0.01232033399762545
125 -0.015748414652819273 -0.005238355668743939 0.01484157342687531
126 -0.0013512565410703156 -0.02098039785790766 0.0008981025956090738
127 -0.013256899208701656 0.020087017981520745 -0.013298526478839959
128 -0.007792820967083912 7.24053545307704e-05 -0.0077942436350897926
129 0.0029963357058700405 -0.012855216508520895 -0.02552685410458331
130 -0.006583985545124203 0.0021358002829435924 -0.00292077072264791
131 -0.01564785502915113 0.009395667437738717 -0.025650960587221022
132 0.006512743511738194 0.010644172181555743 -0.01302474906937558
133 -0.019222264726478 0.005745524418428391 0.017220819257771094
134 -0.0015389807026477687 0.014613065348560918 -0.013220837344675797
135 0.009371314263389996 -0.017472080721329525 -0.007984362424336311
136 0.0022058518810610557 0.007329835847918333 0.022767079999885254
137 -0.020318720850087058 -0.01478356797962878 0.016621737927620898
138 -0.03044470284261759 -0.0038802893226043828 0.004616067856846507
139 -0.013246790040740407 0.009842194708865784 -0.01979580159177479
140 0.007469976945012051 -0.008699280200016308 0.006706280761893883
141 -0.0034706472712861276 0.011928303294981481 0.009677307051562223
142 0.002868374645237072 -0.0001782018170832858 0.007011389214246031
143 0.008743850286056912 0.005377257536668165 0.01054812602087121
144 0.002781405151556903 0.015687652794890178 -0.024070736479105403
145 -0.0003620540008452619 0.0035797549196469255 0.021479569713686197
146 -0.019622180347219628 0.023790867704292007 -0.019348749464512267
147 0.020234735004878143 -0.013281947344043324 0.02124301696790798
148 0.01592673607929744 -0.02307429227095413 -0.002984408252970784
149 -0.004206001907808805 0.020570364519448575 -0.007588116729126099
150 0.003057603094144136 0.00896826120427835 0.0037480383267466423
151 -0.001452623073986685 -0.00116597794132587 0.0075738179623192955
152 0.0009099268290826239 0.0017157566660543251 0.008176778819651322
153 0.010713106269969862 0.00772101539743545 0.00978893629137488
154 -0.009254566549840762 -0.018706439088039248 -0.0013228854056862235
155 0.0033656519215975386 -0.0177142146750352 -0.014640369373160766
156 -0.014617039311513494 0.0007544281498230859 -0.003804635019089536
157 0.011635792761713622 -0.02019680850097945 0.013002471605901747
158 0.0037762442569891424 0.00011544818498974291 0.004769775127640041
159 0.02646480710395825 -0.005695281467663772 -0.003249323575075652
160 0.006733087541582649 0.01634784834351146 0.0005158874552304987
161 0.0013072061944765165 0.019465956607565775 0.019865575394253755
162 0.0038345538381478125 0.011107756396457252 -0.012498175523223458
163 0.0030884811352343447 -0.003779536065260228 0.013700170846047077
164 -0.004143673207795184 0.021322494271354756 0.006231678531006446
165 0.0029884762150697575 0.006904931438753641 0.01777465707225044
166 -0.002920740614840576 0.007962675110844378 0.005091893298048222
167 -0.01085908536939742 0.0034397654471596123 -0.002326124528397121
168 0.006127686378217728 -0.005482255948225977 0.02745020341341468
169 -0.010180175697163445 -0.006016427800124249 -0.007938078232787818
170 -0.001209161751056417 -0.01589187378019652 -0.018361022015495228
171 -0.00961347488519251 0.007402088505468744 0.013915764318586826
172 0.0075013944683446215 0.01548218242194302 0.009212189545704297
173 -0.010472209589951707 -0.006286665184896255 -0.009718420417803339
174 -0.008846167621061924 0.010257442229000609 -0.010119083310376212
175 -0.010317934340495431 -0.003936700097316819 -0.003276843468983948
176 -0.006765342508491937 -0.008308102759680198 -0.0013400422223233417
177 -0.0009349560670375429 0.015947924584469857 -0.008065501976936146
178 0.005704226652630803 0.001606053976578252 -0.009407357448735366
179 0.017581537209524767 -0.009315982769052468 -0.005631254213084358
180 0.009052262058073076 0.011250279647381747 0.005618890376425878
181 -0.002048609785895203 -0.022559432332892575 0.0035587910709669428
182 0.018051237825880473 0.004894431149482827 0.027493826840024604
183 -0.01212172349585746 0.012385783716055407 -0.009376095236788812
184 -0.011152801087384437 0.009166717412937467 0.022864948021303094
185 0.00771198927837783 0.008495044041003045 -0.00990590493101844
186 0.0022651639057001648 -5.7442671473520446e-05 -0.012277101672491984
187 0.008311264428840712 -0.017579167158658135 0.0031108649326151965
188 -0.017072060680882475 -0.013054826421040062 -0.004929296253566966
189 0.00022211269003419992 -0.006141587060073606 0.013815059167217439
190 0.004981499100945121 0.017649884345624638 -0.0051078995483805414
191 -0.016463505755420153 -0.0005825573545924726 0.023903202379510533
192 -0.017054295833765165 0.01644139032463049 -0.005688582248233105
193 0.004601824461792678 -0.008203795311970904 -0.008104933195927689
194 0.017141371015393734 -0.013254686519655681 -0.010160722151805641
195 -0.0013361724039529926 -0.028193566983617087 0.009186953670842126
196 -0.013338391512925405 -0.014450556823049937 0.0017563408487254045
197 0.006385533205068156 0.01942647773110249 -0.024977299720362882
198 -0.01972305678203501 -0.0021085350773355944 -0.01639031954218896
199 -0.005412298139866625 -0.030522142764560098 0.011639852898901227
