200 3
0 0.04260898579419469 0.03627951359378783 0.0020621922992565597
1 0.035996431333422035 0.012248351147700306 -0.024353946039808217
2 0.04260947389766161 -0.023882474841934773 -0.018378703802809114
3 0.04304263344624801 -0.011867205636799164 -0.0032376949512126253
4 0.03991040384775143 0.010422411404950713 0.025963049254118003
5 0.04389635552112153 0.012709862139109735 -0.0011225615520009617
6 0.042608751985276805 -0.007114215057809144 -0.002775562415822332
7 0.04128127924943918 -0.018800762516902533 0.012103337459707488
8 0.04389708084106769 0.002020363930312806 -0.002056834982989502
9 0.04514826074774061 -0.0001545803183679058 0.011207985861321431
10 0.044734190238101636 -0.024716745793785893 0.0042072590425751896
11 0.03944125451101916 0.0018110944238978076 -0.03722808637517574
12 0.04128154061703812 0.0017787738249239943 0.013953087242057287
13 0.04347237732308162 -0.00456394706975727 0.024703557657873867
14 0.03896849126765091 -0.012164437148458185 -0.05012901200109579
15 0.03800319198520512 -0.002871435980647791 0.04961508665107481
16 0.03800394784781412 -0.0028050081689160174 -0.00737894090849138
17 0.04260970312963332 0.060959361275949774 -0.01874209752394481
18 0.0394422540065716 -0.0049012813189104835 -0.0031194956102185054
19 0.039910211620267595 0.027061739177883008 0.02007304991566028
20 0.039909663345002226 0.02001121598685991 -0.0038078678527254405
21 0.03990931280191266 0.01849336607742466 0.019364279601904514
22 0.0417290503042303 -0.017509072654941678 0.03190043548914734
23 0.043471949498349906 0.002503200572559596 0.002036393697023433
24 0.04389738181124797 0.02359347341689058 -0.00994227044130776
25 0.035996240659882495 -0.03577564924362652 0.020196074389601738
26 0.0389677898261793 -0.02249195186882373 0.00476638215588043
27 0.0394416087094801 -0.012912977497708068 0.001714555127802105
28 0.043472293326991214 -0.008172555528955653 -0.004526876574294221
29 0.04037202316519698 -0.00836096239960649 -0.01582909397371975
30 0.04260884427559107 -0.001249270038892803 0.007236102549695055
31 0.041281596280821536 -0.01423861917374298 -0.017387568375110393
32 0.038489579244809 4.444688895502609e-05 0.021310364036030854
33 0.04128127960190618 -0.008392318677635345 0.0009749461415857379
34 0.037511691221883296 0.01611227074972594 -0.04585251631310662
35 0.03599674630132882 -0.005737012125558614 -0.0045452273881868305
36 0.03848872091414804 -0.011016351861606192 -0.0006638583085290669
37 0.043472066251746 0.0195480878011191 -0.005993471685919883
38 0.03599698479979667 0.012094259757137269 0.021616522651042552
39 0.04431769715867447 -0.0016472577551812327 0.005970395123736874
40 0.039441729516776484 0.004684013144487756 -0.03892332079091086
41 0.036508618584123353 0.009617326807658604 0.03367212693566746
42 0.035996273081936196 -0.026156783764099557 -0.021138292366562245
43 0.0412822043238277 0.014824179352669628 -0.017664131329703528
44 0.032755437599338154 -0.032511514288938434 -0.0367032139526869
45 0.03944170347953596 -0.013413369068362723 0.0164371428812697
46 0.0384885589072196 -0.01146813881022127 -0.006135575952086172
47 0.0389687994084655 0.0013487289127560203 -0.012227583482049338
48 0.039442072498435905 -0.015617351801472102 0.0027549734658855757
49 0.03599629304507127 -0.037219747267039235 -0.0190617160817319
50 0.03701376280435068 -0.01770210102185825 -0.01043649865622524
51 0.03896830399558852 0.005949745417103326 -0.0013750131239233198
52 0.040372463695030794 0.0003562018597475642 0.0005222729080434791
53 0.03494994216749265 -0.013188389220602871 -0.02707069367998576
54 0.043043052394803466 0.01589515127624747 -0.0025163492936650534
55 0.03848874396007214 -0.020434738731203425 0.0034581392832637066
56 0.03944242143802518 0.019056756257302705 0.027071330961834398
57 0.04304223614099434 -0.02308822797875443 0.021007681361156678
58 0.04172820551744951 0.0022712706898755292 -0.005443234152687084
59 0.04347205611455222 0.017593409322040832 -0.014620328238118338
60 0.04431792969222491 0.03941020965774955 -0.0304567915888046
61 0.04172878222234275 -0.006973109759720946 0.006144600397295089
62 0.03331961343047149 0.004116708289471899 -0.00660190225912411
63 0.04082894144007431 -0.001373555379858886 -0.002721960716364
64 0.04217144271721943 -0.0014572895640674042 -0.015452896271879424
65 0.039441964473035454 -0.01926144013388087 0.04802990283908602
66 0.043042835857261805 -0.005270249514244264 0.011178001617241511
67 0.03848873535423635 0.018467454814679027 0.0014575668567678825
68 0.039909507559185785 0.00574062174766575 0.005924289087117855
69 0.03848906297810023 0.006761756604358853 -0.01959361536149676
70 0.039441250173592665 -0.01994112233796798 0.007390819419242181
71 0.04347225753225966 -0.0037599974944813796 0.005801355346418549
72 0.040829961480958556 -0.009190743522961398 -0.012786480981354296
73 0.038003446816138965 0.0009334833175208101 -0.00035798993458562766
74 0.04037188692383154 0.0031736155142741756 0.02094339916474603
75 0.03848891199181357 -0.022545386163242212 0.009217887140831374
76 0.038488858707887826 -0.012122565887750389 -0.0016193416581170214
77 0.04347190710932816 -0.005075765474182806 -0.031424259033715485
78 0.04304277407976096 -0.01728779635461736 -0.001860752624920725
79 0.04260891810131985 -0.013042735231502416 0.02256987128059253
80 0.03650898897233046 0.018801855156608097 -0.011820364113383112
81 0.040829500590567995 0.03541461377995304 -0.00024898713099036677
82 0.034414649671512865 -0.024365585614348716 0.016165883946651537
83 0.04128207636451084 0.00032245706782934653 -0.011971407557197732
84 0.04217134711735362 -0.007691414767663144 -0.029424718590387554
85 0.037512064304476525 -0.03614020979891893 -0.0046788253004372
86 0.04172843211800601 0.0003923056492470819 0.006333783347150958
87 0.03848885406920429 0.0032025257145380207 0.056103573540446254
88 0.03701387659149998 0.01143332390284145 -0.017629048691811512
89 0.042609690410372034 -0.02239138625391062 0.010291474623689888
90 0.03751135838378276 0.00899385205472971 0.02644443708434581
91 0.03990971528262631 0.025824934297657354 -0.009572613387891653
92 0.042609270104798785 -0.017078229858855164 0.028246897940869937
93 0.04260929393576664 -0.003068639438461958 0.0183327045698522
94 0.04217156251479569 0.02229915582669231 -0.0009489076300289464
95 0.04389655619692904 0.023876571414048035 -0.01179750750563034
96 0.03650902998541523 0.0012446686474642784 0.0009494331258701757
97 0.04172893473208893 -0.008469362305812097 -0.027826191733306506
98 0.03848926628353645 -0.016525837595088754 0.006298637816437749
99 0.039441717321033666 0.0023868438963575087 -0.004066190969512792
100 0.043896196232807515 0.009490578243650512 -0.0072069104869817175
101 0.04473440607853432 0.010721600435840167 -0.01151647222881083
102 0.041282129552798766 0.0016263813099352045 -0.0018415237077992253
103 0.03848918515896264 0.012988295693092632 -0.018716154955474868
104 0.038003182501785186 -0.03619939483138656 0.0021485402983993747
105 0.03848922701202119 0.011031224289931352 0.0006222925157562438
106 0.04473445536264609 0.01733344761874912 0.015894554456785816
107 0.040829748541623634 -0.00016915236109993174 -0.0007539371660432745
108 0.04172948415118172 -0.006364270511679693 0.017995340130464308
109 0.03896861031392936 -0.015056404721968097 0.027411672462840504
110 0.04389696737044 0.028183993996772513 0.012748201276749267
111 0.039909177124029756 -2.6820986887342267e-05 -0.012047460244459223
112 0.0412819568493502 -0.0014656226338200455 -0.00480102342084055
113 0.03701370812083354 0.017333474557817627 0.032931034794948424
114 0.0412811335596512 0.019972386122012156 -0.018263541556839673
115 0.039441611409275844 -0.025284276083935568 -0.01094680800929662
116 0.03751146000826442 -0.01687603172587042 0.010850565478612866
117 0.045962816018260466 -0.037369279211160907 -0.02909346510228951
118 0.04431791379940339 0.0046696032765894974 0.014719936302834833
119 0.03896860608769315 0.01653804045746833 -0.019892248818426328
120 0.04037182189843729 -0.030195703250841133 0.009567007365931886
121 0.04514750413913197 -0.011281740545420386 -0.017533885684024707
122 0.04172909848490784 -0.030454709905594665 0.00845409355489747
123 0.038488491090400444 0.011530957051272496 0.009802723479385891
124 0.042609298815425106 0.006005268184268788 0.0029052696499232743
125 0.03800412096646057 0.01866833295457928 -0.01024895762297735
126 0.03599685266541128 -0.01835663499998214 -0.0010514594966535061
127 0.038968177243734525 0.03866904004487995 0.00012258531449308612
128 0.04389666329906258 -0.009826058276625313 -0.007271553368665356
129 0.039909727696506546 0.015139338930083812 0.006089513738977892
130 0.040372318296093494 0.01384365010037219 0.02732417283528319
131 0.04037231520902538 -0.020287854343579603 -0.004156236384777955
132 0.04389739853127769 -0.011172364966755728 0.0003559239307648453
133 0.04304299947990412 0.015111249321464815 0.001348763451913596
134 0.045557163836444814 -0.005565768422123481 -0.019543927242023945
135 0.04128149399169057 0.0026134072670638297 -0.021213113601508654
136 0.03896892468701018 -0.030137162837472503 0.016497071509952794
137 0.042171658333682756 -0.007595516578701115 -0.0013466935629183553
138 0.0403719020369035 -0.012915579992694862 -0.02349329570238208
139 0.03387114507469689 0.009421819095950235 0.010694531745229972
140 0.03650904573471601 0.0009219938233510192 -0.030208388668464297
141 0.03896873664618529 -0.03381237174434739 0.01181353107606979
142 0.03944212414040048 0.0006670648612422296 0.022850727931874378
143 0.040829868209408385 0.047317817416629715 0.024996134421712717
144 0.04172842308659521 -0.032242129932457626 -0.004816681529045199
145 0.03848930757668402 -0.020332581789371876 -0.014203473127616018
146 0.040829383907992435 -0.014692747644885686 -0.02792358494315164
147 0.038489491934135235 0.01903391034555647 0.021978069523780612
148 0.039909975303066975 -0.010191635417046482 -0.025404991901997808
149 0.038488939352479115 -0.010328850577494468 -0.011892652955707805
150 0.03944170054956367 0.030575752196988385 -0.003531387155260632
151 0.03944154923003003 -0.000946556042679915 0.023513756619080214
152 0.03650850717240238 -0.029115885803367714 -0.022263890842837575
153 0.04347224944803282 0.02938232767688602 0.006727052204229431
154 0.037512418576660954 0.002814972433222335 0.03755223472325649
155 0.0408290451671256 -0.004725670458677436 0.010840418956122774
156 0.03800339589837189 0.005882833922786934 -0.02916728753642435
157 0.03701377594544655 -0.014255970998781507 0.005795152195616513
158 0.03547727817988764 0.012996741907949827 0.009821889796528718
159 0.03990966670341258 0.010745436025800869 -0.04877325628793052
160 0.03848908797476739 0.016037780241712124 0.00023008949670479679
161 0.04596303042642045 0.024849847573172858 -0.001419752780706729
162 0.041728836681850554 0.010151896955511512 -0.04758339933230078
163 0.04128178374749064 0.0003848605831348305 -0.009108939047842171
164 0.04037236540492519 -0.03217996856143704 0.01683800930769556
165 0.04128236269489441 -0.009508815488087132 0.030446491677156295
166 0.04347198043412342 -0.017931586796004165 -0.0011047645962200493
167 0.043042970881227056 0.010715994340369805 0.0007063125149412358
168 0.0403723840008271 -0.03349370015846591 0.004402344459948936
169 0.04172849442633476 -0.015297494230613991 -0.0006286751884424564
170 0.03547722613013893 -0.008189164133133793 0.0008784979381604709
171 0.03800265804931746 -0.03739437620615461 -0.012371589656872477
172 0.040830332426438916 0.012196029046151047 -0.007518978391302073
173 0.04128076889740486 -0.023246436060273764 0.005071581785678355
174 0.0451482040064911 0.0007891946653074031 -0.0007944350144222814
175 0.0399101677582246 0.018989156336951203 0.003420274604490411
176 0.04037280435023377 -0.021120222424158466 -0.00040981935857772314
177 0.03944121348282865 0.004672847004549754 -0.017847848427506894
178 0.03800369131228262 -0.012483066759764053 0.010673079159809855
179 0.03990987063538121 0.015355756877021186 -0.02331638064727941
180 0.042171420835717316 0.012640400106027037 -0.028077003720698667
181 0.038003234533367465 0.01745828482067988 -0.01574968076132256
182 0.04082943983667786 -0.0069321707643812324 0.012072765495943778
183 0.04304274930839827 -0.023879805354937916 0.012162741906554217
184 0.037511581062358454 -0.023157396631417772 -0.02098782214548967
185 0.039910028974483674 -0.0007956931651282124 0.032506592617712146
186 0.04347176862692215 -0.025829639162932832 -0.016504774697152502
187 0.0438965973238655 -0.03842682606512884 0.02635985656995197
188 0.03650926559905628 0.011931007279334339 -0.016134123173884195
189 0.042170665293977484 -0.011264690472640842 -0.00984556333578215
190 0.03896809307837836 -0.021602538078377566 0.02125291274680517
191 0.03990992555871591 -0.0008871323504784852 -0.0114562825026619
192 0.04172812514783921 -0.010722745764080143 -0.022174588070658027
193 0.042171310916549916 -0.032026546792673416 -0.0031469993320160316
194 0.04128197899345386 0.019182629806451083 0.03000507998524996
195 0.042172001601704506 0.0284304117315713 -0.025976340070397553
196 0.03848916804831601 0.007667566680585904 0.004560989394563224
197 0.0412819753882867 -0.003515776347738844 -0.00563156077113821
198 0.03547730674846101 -0.04228384206074454 0.017764547670464093
199 0.03896840515634478 -0.02087877501660214 0.019386044964184376
0 0.042171562264312054 -0.03313641967111926 -0.026650799248403693
1 0.041281428120467895 0.004004357608036028 0.0026490033237445585
2 0.040372102949396374 -0.01906985486708194 0.050992062006396166
3 0.03848940616591739 -0.0005811983281191469 0.005363752397770958
4 0.038003738919713544 -0.008843920477147493 -0.005272264620722922
5 0.04260962599448994 0.0013470035341500253 -0.016368829798228908
6 0.03944205723967312 0.02277929570646495 0.014626882722107272
7 0.03991001479057216 0.01681180464628706 0.0055667224255468144
8 0.04636498811764645 -0.010931880679070376 -0.017117044827923686
9 0.03990967464693884 -0.0051078989090426455 0.018151386974159533
10 0.04128231654584186 0.003225144041446223 -0.0014145582523708683
11 0.03990933521067924 0.035725564515950076 -0.020720204157913057
12 0.036508479139638055 0.0070495123001963625 -0.0032838990019167513
13 0.04473461613025664 -0.02415943540953373 0.01196014355616841
14 0.04037243257862145 -0.020050989464416174 -0.015484741768111333
15 0.044317657408442734 -0.013510524606916484 -0.016303976626447354
16 0.04304291211121725 -0.015289133483761097 -0.03768375797516735
17 0.0430424350641607 -0.020871134705735133 -0.008906676303778425
18 0.03944181628817329 0.0019858501701672322 -0.0007849054077667297
19 0.038003836946570106 0.018533093514119282 -0.015749766170564585
20 0.040829184739290834 0.007688087649594144 -0.027065619083318986
21 0.040372193083792675 0.02712176136770381 -0.009786611524150278
22 0.04260941404898908 -0.014106842226230697 -0.003184990373321026
23 0.040829122192833196 -0.01982698129269913 -0.014672302291660682
24 0.042171576050567504 0.001206367292384237 0.035875724591404874
25 0.040372907082870134 -0.003543432648975748 -0.0016348998146692717
26 0.03848840756441006 -0.01923233656321099 0.0010533574822004
27 0.04082881381622018 0.019205349634259093 -0.00684939261696388
28 0.04128163462919518 -0.013593063059460309 0.01566448671719867
29 0.043896620066833376 0.017856448486266743 -0.00011473918297780747
30 0.04676379143042228 -0.024239034079468452 -0.02140097506660026
31 0.04636504809932147 -0.030067661091099044 0.0006457274884335211
32 0.04128195114346775 0.028753947623847805 0.0038038366683418616
33 0.0417287462134526 -0.014864376832234466 0.010822265722584856
34 0.04037232933416276 0.027687066169031778 0.008464351638293698
35 0.04260903443473965 -0.024979877322140614 -0.0008892797659438867
36 0.04514758876716536 -0.011285322607574639 0.013747722354220154
37 0.04217164117487348 -0.033771888482182905 0.03978046604228656
38 0.03701412929710799 0.01066188186694282 0.0006593935532718687
39 0.04128152562785637 0.012025384233493107 -0.025976892750125123
40 0.04304329459122494 0.014516106235579807 -0.020364566182620433
41 0.04260900898392185 0.004579400024511591 -0.002664742986766108
42 0.039441680866072984 -0.013407048257697826 0.0026098196565428593
43 0.037511261874161955 -0.032242928174846176 -0.023536224600302896
44 0.040829559444699785 -0.0013991210728635905 0.014521827230728255
45 0.042608733517942095 -0.016764437229575095 -0.014170814187059498
46 0.03896867209816228 -0.019752626879959854 -0.0143161161557804
47 0.04555718902455005 0.02160657532696243 0.002455196779881019
48 0.03800349342741144 -0.020892181279284994 0.000785888105492509
49 0.048708202899016395 -0.03407788538675234 0.01716482538639867
50 0.03547692244011437 0.029826895344322323 0.0075300788246133645
51 0.03599657666194033 -0.021427793032979196 0.007347381701742246
52 0.03800406641831138 0.0015762600159570372 0.005618478975209478
53 0.041729334350437276 -0.009430385116244989 0.017355442366112396
54 0.03800318139260311 0.008824904637679045 -0.014032814978353405
55 0.041728966819433715 0.000632137015200884 -0.010487274465150508
56 0.04172960374778177 0.029187358624505767 0.0011038246286539624
57 0.042171639008944044 -0.00033189083348658145 -0.01870205844394128
58 0.044734420496314674 -0.009278161754337348 0.011945516858782687
59 0.042609311207612105 -9.128509727231097e-05 -0.008654018385874382
60 0.04636511635688827 0.0038777974071777335 0.0224841212911326
61 0.043471724056361724 -0.006538240434205782 -0.009248118651441973
62 0.040829479766178456 -0.01735017142245579 0.02200808825487879
63 0.04870789542275593 0.0033713086234143388 0.01199925449758558
64 0.035996078744483725 -0.008442487374050218 -0.019421960188874206
65 0.03800370569671885 0.028833828435916448 0.005873334944568546
66 0.04128140884493636 0.008396549871054246 0.001152186495893902
67 0.03896860346835629 0.025387848680527795 -0.005569960718339304
68 0.04473496905462456 0.0051517570068883665 -0.004245782146210301
69 0.0426097260919647 0.04011581294593614 -0.014001783480155008
70 0.03547764219253445 0.0353484640019204 0.0018195292552463825
71 0.04082993268112785 -0.0013256331851568238 -0.0082104399217304
72 0.043896845068480884 0.025866180517439333 0.005093935880512641
73 0.039441529965095694 0.00934440020039861 0.006562130428523236
74 0.037013551045622435 0.016128759578597638 0.010898980975351967
75 0.039441650596302315 0.01972934421448461 0.02379892444477058
76 0.03990909638530751 0.0062969618980017105 0.003368659658959484
77 0.04473436768356458 0.01705627208771529 0.009349408713983617
78 0.040829043910713465 0.0037792290538893945 0.005595978411120128
79 0.04128166428172341 0.017401879852250893 -0.03032714262375288
80 0.04172874222635591 -0.010620517336406118 -0.022372968289339726
81 0.04172915124628099 -0.006638471219864643 0.012942435567788162
82 0.04755101841672882 -0.003932337561943141 0.01528816410575226
83 0.04431809683410832 -0.027092191361561838 -0.007122966770937176
84 0.04596296529401517 -0.022344143442690766 0.014322038629772865
85 0.044317713702497465 0.016037581928621817 0.021947565715213082
86 0.04082944371676345 -0.02413335894276278 0.0021038532502338178
87 0.04304326906376607 0.040472095196427194 -0.01905355907602951
88 0.042171540715600704 0.004176033051566907 0.013391930407750493
89 0.0412817704384152 0.0140186901867897 0.009489859611312395
90 0.041729302243522795 -0.011610969277878242 -0.019389090304927862
91 0.03944181414877833 0.02672926482109922 0.029656715886436997
92 0.03848842500325189 -0.03937937838778033 0.0027441566506806268
93 0.040372608535684994 0.002421548860256547 -0.011922966372903973
94 0.042171274664531314 -0.010472210178559262 0.023937426784528364
95 0.04389705913103006 0.001700769289401475 -0.010904623333579722
96 0.041282174630333325 -0.010857605858325493 -0.004774969404301733
97 0.03387113452501254 -0.00508749846421736 -0.02231989916482813
98 0.038488812957287184 -0.006948131563295821 0.012438568988715296
99 0.04128119871877661 -0.009845492162926161 -0.008231428940871385
100 0.0412816257115182 0.023450966044508782 -0.02035131450527463
101 0.03991021822106639 0.0071328775338253825 0.024689627681612418
102 0.03896791807046167 -0.026646233837104894 0.003914390314009115
103 0.045148127244472085 0.00828267499093086 -0.015804099314285898
104 0.038968430191936014 0.02649061347439192 -0.015345662047016836
105 0.044317227863768835 -0.011853827786165557 -0.0023106282193705295
106 0.04514735613495521 -0.00020752285517914787 0.01583792394983436
107 0.04037228412147092 0.019964108614000806 -0.020605463443747363
108 0.044734574767258985 0.008103949488313443 0.0025320799794706847
109 0.035996956206661636 0.018516113732857324 0.01723750763381026
110 0.04037240598762999 0.008077666219820999 -0.009694123004690714
111 0.03800388207783945 -0.00996462925445405 0.018983164999189672
112 0.040828887603892174 -0.0013662540042530408 -0.016339154431801506
113 0.04172882118429276 -0.012826396992717043 -0.001838035257143256
114 0.04347157908202469 0.009103511384525401 -0.015861150748741178
115 0.03599665278974941 -0.009989010176696945 -0.013025509678990447
116 0.03650883730023393 -0.0006085921618941315 -0.005299045135555458
117 0.04217124676145785 -0.01561051286818554 -0.0035596267678115446
118 0.03944230195050041 0.0031474701215360645 0.003809912041179149
119 0.043043141381934096 6.539888100205144e-05 -0.014923904312836526
120 0.03547679214079329 0.007467107297690382 0.011868353827925168
121 0.03701418205873492 0.009579162668151824 0.008167907452755916
122 0.0417290150816251 0.004193954869098078 0.023268805452265645
123 0.04347186971753278 0.022804011309443983 0.0011430881857882175
124 0.043471592515228794 -0.020797683414512703 0.0077794976021633416
125 0.04260888069416622 0.013685045521088233 -0.004108429995094987
126 0.04715880284583211 0.00013428582588373664 -0.013027059090324956
127 0.04082923393621142 0.027981437212574865 0.04093994633220112
128 0.038488970481349874 -0.02456418801295578 -0.012150352368780022
129 0.04128173516279994 0.02020664827285244 0.01018835645314852
130 0.04636462397137077 -0.00234205222951244 -0.009999453439829362
131 0.04128136541106153 -0.04157751442963145 0.0077474381104330565
132 0.04431784715384592 0.032435250269341125 0.01662587022870204
133 0.03990942963483153 -0.04062209542931907 0.0071707147777751706
134 0.04347203154317952 0.014363999875162708 -0.01769593756449689
135 0.04304264844814595 0.0011485165520834129 -0.029911898843597892
136 0.037013836683298135 -0.0019574617436914333 0.01767429304013688
137 0.03599708250314963 0.015052686684421952 -0.001834062832541289
138 0.04596281174352749 -0.007301694567370662 -0.05087097155132107
139 0.04128196474073842 0.008748289277604284 0.0360079674629216
140 0.04172912856485624 -0.0049119174950035555 -0.019067611810526026
141 0.04172886314434141 4.345691864781918e-05 0.013562454584194064
142 0.04304287813842852 -0.01968525134109954 0.011196571890129417
143 0.041728672488942804 0.019199221493103113 -0.027621275520595703
144 0.040372350746017534 0.028541553523431795 -0.024531658156077503
145 0.03944189019201798 0.012868700456825546 -0.020288921813013467
146 0.045963228024247064 -0.022911652323353338 -0.023367579310587035
147 0.03991007447552081 -0.007553850704914743 -0.006036928145142568
148 0.04128190563334473 -0.02271997866630253 -0.037611123936277975
149 0.04037165863391231 0.028741714456324386 0.0019001726720938666
150 0.041281107168489685 0.013034553026315666 -0.036618556334450325
151 0.041281809975414044 0.016370538116570944 0.005417257217317422
152 0.04172867279250444 0.04554152976706184 0.012001075060318627
153 0.03896815447019649 -0.002010017268264747 -0.020392279755129816
154 0.04473473796667274 -0.024144068367067114 0.0274280236203269
155 0.04389700758047535 -0.010819939743806456 -0.03245829000514194
156 0.03800368917665198 0.013383748540169538 -0.03132310865300835
157 0.03701397212033185 -0.012513084652915592 -0.013197456609780535
158 0.04128206431121644 0.007975097124872254 -0.010838396321832668
159 0.04082949197054802 0.0012316738696714815 0.0017138946269246722
160 0.0494642775220357 0.01033747682030862 0.033313469549364795
161 0.041728988639721035 -0.03071587631677077 0.01413689414458424
162 0.043043142733446324 0.028330208802467786 0.02108270649197306
163 0.04596276814630219 -0.015294406414300361 -0.016725951255259545
164 0.03848869141850993 -0.006744048594015485 0.001323336950101131
165 0.04217166669026617 0.002068944914954127 -0.022963214213403693
166 0.043896971209482924 -0.009610758195668864 0.03190714043834957
167 0.04217147898095451 0.004539133591883081 0.008960333425508817
168 0.04217210140718991 0.03432568992577793 -0.006364648236783622
169 0.03944232302320762 -0.0229530234171805 -0.018040739331924682
170 0.04304286799541176 -0.010650391646719843 0.007736116434973308
171 0.04304243506659714 -0.008219073007496356 0.016447573019342857
172 0.03650905086038952 -0.027601039231817264 0.01155287967209987
173 0.03848902471055691 0.0012261815443046946 0.026650967906546814
174 0.04555756568690326 -0.0005795725194203968 -0.027584416012850995
175 0.0394419211685078 0.021813966402553512 -0.02698947398029235
176 0.044734275006123356 -0.0038097399932522417 0.017620443596987216
177 0.04037180635535301 -0.023747550435743697 0.01593738694714671
178 0.04037222799866939 -0.009982669652557417 -0.028815062676231636
179 0.0399098330684902 0.01639563644767368 0.0028133340732883674
180 0.040830195387929764 -0.00625300335756433 0.015405911987130119
181 0.040372192276653764 0.031184792278196004 -0.0252521464800746
182 0.03848995667139066 -0.041174007230947385 0.029063877839293862
183 0.041729144652174935 0.011516779756428085 -0.008985700560453488
184 0.04260955035850501 -0.03813573619890402 -0.008841653226153663
185 0.040829441756602275 0.011826382968207825 0.013366128012836764
186 0.03160226240063404 -0.010265605794847248 -0.02336916861354094
187 0.04347130284608063 -0.019800175746777598 0.0016665315445545709
188 0.04217166823055917 -0.019380229470609762 0.0277200985222473
189 0.04217147633059358 0.00517410768792729 0.044216129503172816
190 0.04636539857717413 -0.0150819602929155 -0.031227921032668846
191 0.03547781128203774 0.01088281384031958 -0.006787804776210268
192 0.03701401686882072 -0.02519785009722933 0.021287897329613014
193 0.038488556705683546 -0.018949059876028976 -0.02014931386447194
194 0.04217204999534939 0.019151656481183985 0.011620393283703352
195 0.043472576415793475 -0.005510769754785069 0.015524948472434446
196 0.04217132418842876 0.02464542667382069 0.01205293326919948
197 0.04128123727438376 0.005131077920246299 -0.00595533838166196
198 0.03547712545711587 -0.0019946223207486483 -0.022280665146380243
199 0.038489228118623584 0.008573798310090395 0.009947683778282255
0 0.039909520472392976 -0.0022468422956963704 -0.024127234624059718
1 0.039441654698356955 0.014060511696014522 -0.005232372501086403
2 0.045557555573633224 -0.029060573407998308 0.0018013040512583505
3 0.04082927877247322 -0.006759816296810718 -0.0012311252927272003
4 0.03751156943323422 -0.04352898504627915 0.012207806991394165
5 0.041728741732867634 -0.018714076401101537 0.0009407559920844318
6 0.038968271710986394 0.0013320868738179508 -0.013643147389614441
7 0.04636482945625159 -0.0016403718370415989 -0.0036257592900192873
8 0.04037205066622621 0.00956572592731481 0.015011517201282035
9 0.04347186995329607 -0.030460968086704406 -0.01613138115445693
10 0.039441619067721145 -0.004268058702406442 0.021400366402627508
11 0.04596302548509178 0.021411820327140788 -0.01978413377368021
12 0.04037246883892787 0.012723136780490583 -0.005110082362633872
13 0.04082929646689201 0.01454863077889358 0.003819260154650686
14 0.04082997892639959 -0.007366355567571819 0.006110378548489616
15 0.03944205615211949 -0.02912205965134333 0.0229798604758491
16 0.041729217380209696 -0.012001445458362169 0.039537105020066035
17 0.039909563561872204 0.016183915524820788 0.005470735250285569
18 0.03990916442624611 -0.006314351210985451 -0.02622458345471084
19 0.034950446880908016 0.014716538203569858 0.013686087765045861
20 0.04217113975754646 0.011841024953852048 0.012140339163698333
21 0.039441860925327504 0.01408491030127466 0.0038372552434323237
22 0.03441424788432591 -0.0004127645286512566 -0.002693018573097443
23 0.0443178518061345 0.010694309245030984 0.004406816324397023
24 0.040828851005267924 -0.022848130575629445 -0.001637215016638338
25 0.04260904342054881 -0.0200632779890925 -0.017137680672539415
26 0.043471518174949736 0.017736023999457617 -0.015980817932252967
27 0.0375115505182003 0.014171901587947622 -0.008532799503380232
28 0.043042778740088716 0.025941337359693915 0.010918511348355035
29 0.038003678267348545 -0.016533370810591634 -0.03560473831399764
30 0.040829494669256665 0.015978738901742517 -0.012408493743728658
31 0.03800413575285058 -0.004133126654621439 0.0325018869056691
32 0.03751208246848307 -0.013699223278770925 0.008929519003014964
33 0.04347190474922256 -0.030952882000514735 0.02228936780521045
34 0.04304336530667227 -0.018499696255005034 0.028403755611732973
35 0.03896900315128083 0.03143702883477722 0.023661683996262103
36 0.04304318072295661 0.016949475572129013 0.02038301201128254
37 0.03387138989847545 -0.011048556126837417 -0.044260442658128764
38 0.04260947309751094 0.03669392614091924 -0.017764779549015224
39 0.04128169939761591 0.018892374529429438 0.02811970562455071
40 0.04128140929617218 0.00207864919226479 0.026183706977548793
41 0.04082952630240736 0.011605448898359476 -0.02320545312603992
42 0.04172868220560148 -0.014900400583676277 -0.005882502505933536
43 0.043472097244156425 0.017756746526077175 0.007555265274897017
44 0.04555719211655431 -0.015465775621229376 -0.014721381831130224
45 0.03990994886688395 0.008527942599058121 0.017108890342236435
46 0.040372705076409096 0.011399517825623621 -0.007621045870258192
47 0.04082829747388629 0.002914740365323491 -0.0383525503156783
48 0.040372427280908584 -0.01942558440806699 -0.018291690678336196
49 0.038968407593258626 -0.006343807190911064 0.007255790528547822
50 0.0394423195803677 0.04113128136145037 0.03292826570837593
51 0.03751182798593701 -0.02844688380952675 -0.010220946135391613
52 0.03848929051962394 -0.014035397657533066 0.028014726025608783
53 0.041729244337710414 0.018870532838993107 0.028395032541388213
54 0.04217116165497159 0.018536910444143875 -0.0044317921972897995
55 0.043042927012459375 -0.013408114308342855 -0.0042495612964437825
56 0.038488438930321986 -0.003095298177029198 0.028228107468905028
57 0.037014071307646786 -0.027958058096780387 0.006933019430991844
58 0.040829176876461884 0.0027305179601029854 0.028219997225385447
59 0.03848937944096925 0.014633785061966421 0.010423481673536962
60 0.04389648394794802 0.010939135205272501 -0.019142630979835977
61 0.037511662905452325 -0.03229480852212919 -0.019856188710606484
62 0.03800358553325897 0.0031173046022046833 0.025200295900920815
63 0.038968545470157955 0.013262165033035867 0.02500445341383256
64 0.04217165963625143 -0.008860403831787314 -0.00997660021903595
65 0.03650827677303489 -0.043954508448515395 -0.008448847438539396
66 0.03800345922431328 -0.012582265336832207 -0.005046305715405056
67 0.03751165851372391 0.02521044027455525 -0.0157535776840157
68 0.036508314242590045 -0.00315504024970606 0.025432892934384468
69 0.04128195368906462 -0.017402151801022146 0.013928716090973625
70 0.04082964274918869 -0.021402698216898122 0.028892288487133214
71 0.04172916718797424 -0.035728734348997766 0.014673091926711592
72 0.03751232306068304 0.003098026339272672 0.01914800143730536
73 0.04431746195893546 -0.004456725427021023 0.003402250623633414
74 0.043042931317772246 0.01067890069848543 0.031427693169602304
75 0.04514754030751452 -0.017472996541775202 0.007274477170434561
76 0.04082988619338184 0.01586967046147094 -0.005384051742193093
77 0.03751238442238561 0.017292479258787283 0.0005959968078118752
78 0.04347223763455075 0.026132845408152177 0.00801020899646856
79 0.0459622000767977 -0.012371082192098181 -0.04850501131034963
80 0.03944109287683956 -0.0035534812518392537 -0.014281774991856082
81 0.03650887176416961 0.03981400087451625 -0.0024317399916015895
82 0.04304222125111728 -0.007974321982124083 0.015942485349905437
83 0.04172873727539578 0.003956279217741916 0.013529806158710089
84 0.04217154629278327 0.008372130508746274 -0.019443814722057116
85 0.03896863570247676 0.010694479041026102 -0.030805633190035684
86 0.03599691117095124 0.01691303153934635 -0.016541500921491873
87 0.043043001744476846 0.010668313367219026 0.009472461187685837
88 0.04260858620990192 0.005304450475426584 -0.002441549821654858
89 0.04431816678141478 0.006580212598227396 -0.00972117426130855
90 0.032756673357985544 -0.019881654503901888 0.00951950486896924
91 0.04514785802434488 0.012875016017672436 0.02935328922705471
92 0.04473431170862341 0.004209851225132381 -0.021141645207306898
93 0.04431748059622165 0.007775654497021832 -0.026295530433075285
94 0.04172946160729954 0.011864092041588878 0.002158689209864877
95 0.042609280899160724 -0.005600265693199444 0.014506848360054673
96 0.04260949392134389 0.030626339560339763 0.027306234474653548
97 0.03990955997363641 0.001221916975566101 -0.01789083270216952
98 0.04082936682565702 0.002980344873531624 -0.011912785233367596
99 0.03751199769850409 0.06237334551651438 0.029124696191195284
100 0.03650913143452803 0.016043341576067172 0.005654347297616323
101 0.04473488701550149 0.033282631121573036 0.004419103718921588
102 0.03701362634036904 -0.01434552777202925 9.345912463502958e-05
103 0.040829191902477406 0.03291078836242258 -0.022364825749394773
104 0.036508890556821 0.005034820413918722 -0.029579441097916527
105 0.0430430865826849 0.011075644048653036 0.02167208773799112
106 0.04037257231051627 0.022895404292582012 -0.0014259342580513106
107 0.0434719476154843 -0.001576608108373766 -0.027597133441346306
108 0.04260923071564222 -0.01740442053194279 0.02315552799165622
109 0.03896857970833821 0.021293671679076774 0.025510639169313648
110 0.034414793475176834 0.012019485535013804 -0.016954999740113674
111 0.039442024773738586 0.000909851673171322 0.019102366735489366
112 0.03944125621253719 -0.03570450408152452 -0.042879936660978585
113 0.03944219442688647 -0.03310316762069202 0.008900318702668207
114 0.04347158752006405 0.014473629200347402 -0.027118625785050383
115 0.0403729113713619 -0.00746976740752392 0.002858776335295164
116 0.04217150628761703 0.024316505067755033 0.0012185869566132999
117 0.035996614854709424 0.00818149472639381 0.010703912984041872
118 0.04037263627743672 0.01478707582478309 -0.012674287059343124
119 0.040372576624187875 0.004421842523980285 -0.011557674755673012
120 0.04389688589093239 -0.002164053984337946 -0.02791169062815412
121 0.044317960415869634 0.014721807264574909 -0.034739644807394485
122 0.04037238146575906 0.04405768812688211 0.0033541543475400677
123 0.04389711988303177 0.033240335916859196 0.009976094158246119
124 0.03650899332101558 -0.006748284183470286 0.005421292465279754
125 0.039441941312501574 0.0005604014276655412 0.01516362969513526
126 0.04128139894025891 0.013166991592272753 -0.031417325335168556
127 0.03650853230253265 0.022270578117488414 0.03046459140270963
128 0.039441946625686376 0.017653713146852306 -0.003387805500714092
129 0.038489217901535824 0.003970752245054 0.016481626261873956
130 0.039441503906141026 -0.0020691990053194275 -0.0027594160834805547
131 0.03751197360988957 -0.017452407124805905 -0.01128221747939837
132 0.03990949641346773 0.028090231673076862 -0.0002633194263382724
133 0.043042177087063274 -0.011668146498390979 -0.020292622595641855
134 0.043897478062393525 -0.0013666310848255874 -0.0034350232152512076
135 0.04260964870481695 -0.0030043831919951305 0.021613773721259315
136 0.041281773503888834 0.00577610484937504 -0.0009003608472359798
137 0.03751175566953751 -0.027299659851540887 -0.00994567876468186
138 0.04037214521015698 0.01963646377155562 -0.014524115212201988
139 0.04636582649501343 0.00949455583687591 0.022262357862501726
140 0.03896859410413906 -0.0007608845412218495 0.0015955292690020095
141 0.04172803646579225 -0.0390735438763844 -0.010403317773509438
142 0.0451476283355864 -0.004048457499883729 -0.015489954321470996
143 0.04128166416997654 -0.005818441241573974 0.002978336359528099
144 0.04172860408197683 -0.025351889251469927 0.04213714052835994
145 0.03991034771290594 0.01672085378164928 0.023023582859493665
146 0.04389661199475685 -0.01416787761763723 0.006461943669882569
147 0.046763930480030344 0.026154267976958426 0.02010340149116399
148 0.042171163903669207 0.0003278165506930264 -0.01477259733142633
149 0.04304261822128036 -0.02371774158761037 0.024092437318743574
150 0.0403726354074482 0.008633247190413331 -0.013167238775482168
151 0.04217083457327031 0.014536070474345002 0.022213424470717873
152 0.0389678773029738 0.01827250718646245 -0.016029186587639188
153 0.04037215697705344 0.016451835477348516 0.01750505006930468
154 0.03441485420045458 0.008677129156532109 -0.03295496223313823
155 0.03896850232752279 -0.025445950510137982 0.006627918249906413
156 0.03944119654209676 0.030482805179015006 0.0348203074506369
157 0.0426094707544488 0.03917259226084899 0.020347602631180395
158 0.03441475813373356 -0.01460998877720932 -0.03723790032934858
159 0.0349497744045813 -0.02384283974570236 -0.009780182268056277
160 0.04083027174799007 0.0010303149701260369 0.017857712043914876
161 0.03599700393054201 0.043999913811549066 0.01591242409063754
162 0.03944189281511802 -0.03228040241031045 0.022308420703129883
163 0.04128207093806759 -0.0018908309769979923 0.01416497229807276
164 0.03991017122441483 -0.019265056422163293 -0.002388373427641794
165 0.04172853013773506 0.0019761187694189246 0.024108863298066156
166 0.042171985361459385 0.037210188194956854 -0.014945077758151367
167 0.03599675127569854 0.014749214369404485 0.02288374644612383
168 0.039909781362285304 -0.009292485857847203 0.02870635159850002
169 0.0417287377347311 -0.002713158082697648 0.0029620859486346805
170 0.042609126559990496 0.015010859750845599 0.00012543995805042632
171 0.03547691597671535 -0.012334013614752103 -0.008630396619052086
172 0.03495008920012406 0.010105172743338749 -0.0006579591654953832
173 0.03990998454812747 0.0014824627884817438 0.009578944123605082
174 0.039909155445216234 -0.014716073072054359 0.0062889916199261936
175 0.04172877491444771 0.009139687090895302 -0.005604159294609564
176 0.03991000204499349 -0.003973818592624564 0.016140911797458784
177 0.038968613179000335 0.008533857027470813 -0.0022477389886989435
178 0.04514808043008225 -0.0004691344079312779 0.001958871080286729
179 0.03547726359904312 0.009103240731893315 0.005015182049393637
180 0.040372177341525754 -0.00720049340263895 -0.024977816370127116
181 0.04172826467563535 0.01480935828118167 -0.017862701014868355
182 0.038489385145097595 -4.4625445844643875e-06 -0.0002741620662488536
183 0.04128182414462895 0.00020042652692262868 -0.010639867920570464
184 0.040372350448501126 -0.0118654274251811 -0.023970700846306772
185 0.04172900097515724 -0.01601687145722705 0.004110536803975808
186 0.042609071529169 0.009379472438711133 0.004073307364491842
187 0.04636485915673693 0.010751152044783266 -0.005036291989468986
188 0.03547725976494148 0.03485718762212781 -0.013974973823481122
189 0.043897093464445654 -0.021192969936165658 0.013386320756195636
190 0.035996850384569096 -0.004818328665581406 -0.011568375450905688
191 0.03800378889698206 0.028354371667712895 -0.009630121125244345
192 0.04431789766003351 0.01320568653130637 0.006274667194285165
193 0.04389693088890711 0.004505597101425819 0.03748115322601249
194 0.03848937677464354 -0.013329054229260107 0.020426530195501478
195 0.041281420851559614 -0.012457621870402972 -0.011418679105458464
196 0.04082920344905438 -0.004315943665944177 0.010423744951685196
197 0.04636478807201195 0.00847162631868521 0.002068531791433568
198 0.039910043339555626 0.003722219832597317 0.0022400299194014774
199 0.03848917819079863 -0.0014659753941468478 -0.018144739010517063
