200 3
0 -0.48163048493605554 0.009366637319628834 -0.3302680964313595
1 -0.3638968738139292 0.27170743980630413 0.13123050925421542
2 -0.3268224146539884 -0.025796085025614073 0.20541392366784483
3 -0.39853588468374973 0.14458973476074258 -0.3983657798282047
4 -0.3873615230145017 -0.10498851423509997 0.22334738808005122
5 -0.35002689054504055 -0.08797789401872914 0.19135750791558992
6 -0.3687450624291861 -0.30241075863485223 0.16598361056521152
7 -0.37249372808612624 0.36075490611177935 0.2983001709184521
8 -0.36261967278619056 0.0463516724749065 -0.42399578826321077
9 -0.31610547522063615 0.25599283300265774 0.3677872500588615
10 -0.2985544276519339 -0.23651849410867165 0.26442641119274984
11 -0.3827807241286021 0.37212185990807695 0.1570637120820558
12 -0.28085272631941033 0.27229800082160605 0.1369560497151524
13 -0.3156187463938306 -0.08469760617517137 0.06519891968232035
14 -0.2863168688799042 -0.09871292739925445 0.14002050331425744
15 -0.32515119262814013 -0.18305319996433578 0.20058952922711967
16 -0.43457740980284515 -0.019934369204216477 -0.2267155269034079
17 -0.4356619145861585 0.18830704967686568 -0.31940537954092324
18 -0.39533100416868905 0.12769720495016612 -0.17797563623744053
19 -0.34888557980430673 -0.3463535257830836 0.08087300841787856
20 -0.40125627829303806 -0.09972477048423642 -0.13989829883668006
21 -0.3615693351375743 -0.1545890817751575 0.03346921879571875
22 -0.37178176010061614 -0.18246398150059065 0.14314248974171012
23 -0.42597342472236743 0.04108144286651925 -0.19041949493352736
24 -0.4040058891260264 0.18907811297713562 -0.3501918651196211
25 -0.30655640040729637 0.21271719150767712 0.1501980283498855
26 -0.3323819932089274 -0.0928049081023974 0.2751880403331519
27 -0.37973773189784094 0.06643222900180173 -0.24104707878828047
28 -0.3237458215378174 0.03512456753748788 -0.2423726776344385
29 -0.4598152408282143 -0.206589355949603 0.3330323061161737
30 -0.3547071647985532 0.11066780338930031 -0.2648433737828226
31 -0.41610366915234714 -0.5036834048923907 0.269436507602546
32 -0.3413474480103242 -0.30208894795379354 0.2097104025140455
33 -0.35202208958815806 0.4001531852463608 0.4285386093328403
34 -0.43874669427970375 0.312443141205808 0.3042553205011372
35 -0.3216943029854051 0.24553194978098855 0.18878724186044743
36 -0.47319963964831363 0.038747306347921284 -0.43977005088137316
37 -0.3570427352477487 -0.0707159978601213 0.24010786989066343
38 -0.33108356381766507 -0.10475828845089198 -0.37921460579444716
39 -0.39139797019315353 0.13846577609161922 -0.16547882372991254
40 -0.3551324431726155 -0.2846422331641379 0.10576151420102352
41 -0.42262538792772164 0.07071811542826227 -0.2863591078936237
42 -0.2967708405906011 -0.2608503507231531 0.2990158485907477
43 -0.3736479539753044 0.31718335828586225 0.34045299289011655
44 -0.37325592328884605 -0.2509827220784442 0.10419336914252394
45 -0.38244871967060173 0.04479808617995283 -0.28124266315153007
46 -0.3778653919719246 0.1477999651219731 -0.279988477152609
47 -0.3672170970346107 0.06703666547600985 -0.31671713315932315
48 -0.41649346971214873 0.020957142294394927 -0.20232760951936435
49 -0.3705765544337291 -0.19579456329072614 0.2967060918915612
50 -0.3757162503885458 0.10029452263596425 0.25093105961690204
51 -0.3220939295162256 0.22181028851782875 0.06495398677234694
52 -0.3756102557090637 0.23282571916736974 0.2776446241860944
53 -0.2872383403075788 0.25041756754415734 0.08514335574939427
54 -0.3990623771788209 0.14108900690191892 -0.10132475732672838
55 -0.3219359569616217 0.2590585919892846 0.20305898105190873
56 -0.45809176567140936 -0.37196258053421954 0.3791057498017759
57 -0.2681276201294981 -0.16162108804629477 0.05667729894890855
58 -0.32418933393054883 -0.2935602066294668 0.23778700418451845
59 -0.40103357262929257 0.09948810495669004 -0.20372481203266113
60 -0.34859432448625827 0.05444807208808095 -0.2605121479722024
61 -0.34345666863131336 -0.30742640355818884 0.3663200381123067
62 -0.344152441767776 0.24091412052390984 0.031599632668488864
63 -0.406878137619945 0.23058333293742808 -0.26630711252990064
64 -0.36089763806208647 -0.3789038019902057 0.18601046343023694
65 -0.36038677596052415 0.009197117581864 -0.31037872009949025
66 -0.407971876432257 -0.2637818192495794 0.1280327853252822
67 -0.3435013238813493 0.14421776429242814 0.22486298873231897
68 -0.3942634514204611 -0.4409785346251588 0.11748974868586995
69 -0.39188144904383715 0.22839050929460472 0.1512175364209455
70 -0.3431925407215569 0.1759933193367059 0.24868554149787997
71 -0.38255199706493104 -0.14393083719034586 0.14000583768341032
72 -0.45582667328687937 -0.341220093205554 0.3295711311283182
73 -0.33012919531680657 0.2624782271414753 0.2653492659614524
74 -0.388859867744676 0.2993640482316881 0.32658715739444666
75 -0.3837527655011763 0.15368394238963407 0.10398840970681364
76 -0.3446331844675434 0.32333845740670686 0.33301060638107804
77 -0.4103439532774678 -0.4088684919194706 0.2614693678349832
78 -0.4906506761663122 0.09095268370217703 -0.2786638522012385
79 -0.33626629651643536 -0.22839356490995047 0.24268339539923003
80 -0.29654666139339936 0.3964002318248608 0.2257525206666653
81 -0.42089157044594905 0.11791667778105214 -0.28489320058147194
82 -0.42816701927698286 -0.06806310331705814 -0.26247362843120503
83 -0.3474756769302167 -0.3486405412992488 0.18091193938833502
84 -0.43657866680100965 0.05865977425237299 -0.41447913662247193
85 -0.32335696655403606 0.03627454475057416 -0.12226370245001249
86 -0.38029216713060876 0.13056764902979193 0.2958273777076543
87 -0.4221416923017716 0.05603586778351804 -0.41841367311322125
88 -0.37389114812119356 0.22448001637663137 0.2348547093439098
89 -0.42132420797249437 -0.0012840985040824535 -0.2776877199946371
90 -0.32266663145869007 -0.15694588780409685 0.059123222118040344
91 -0.3464845543673532 0.21518623882833585 0.2940713667053233
92 -0.40342711888021787 0.29799742841725846 0.3279457320409651
93 -0.39339672845290546 0.18547474435510194 -0.23708825734849828
94 -0.28089182836699456 0.1817126871842441 0.3376934152152288
95 -0.3472640569206254 0.04894675802885063 -0.17237281466107823
96 -0.3263945384929598 0.007973954064099006 -0.36836670682613737
97 -0.38497811160606715 0.08070602179819024 -0.3552222127170696
98 -0.36937292841903474 -0.3069940451214194 0.32650635157994595
99 -0.3498331282020573 -0.29315050658987557 0.024143777958710116
100 -0.327506851019215 -0.28283369739024095 0.18128761341931252
101 -0.3247921880422209 0.052241942407099916 -0.16411552753693126
102 -0.4494436911538508 -0.13072103148767458 -0.2532721874822712
103 -0.41098003193983784 -0.014239542044623002 -0.33430670624018627
104 -0.37448862415429596 0.27922215122167865 0.19952238775161635
105 -0.3514010294149055 -0.14853167028180003 0.19513143697637456
106 -0.37702812964979865 -0.05315990371521904 -0.28347860252355056
107 -0.33956548655372104 0.24529373048104924 0.2023318657171314
108 -0.3457955999080145 -0.2318136371274771 0.07909327897010852
109 -0.3511236255658705 -0.250080031021543 0.26919225133976615
110 -0.3949988350621966 -0.30703718139669234 0.061980032294918413
111 -0.4083152849649967 -0.17655813882768592 0.2921790511905184
112 -0.40335138342157983 0.2179099636468237 0.2633267043720167
113 -0.3785117229569972 0.2902770164329555 0.160727015251737
114 -0.36044517320138086 -0.0043743784676755415 -0.36602465943422974
115 -0.39520440338906626 0.27763090169673726 0.3195940421853102
116 -0.34293094206977404 0.17462539543166808 0.2863907720605961
117 -0.40859231216330044 -0.25970419521069604 0.22472632936670664
118 -0.3378291650203248 0.2515367119495167 0.15813090712741684
119 -0.3369114179932925 0.10242452950992298 -0.20260406981124876
120 -0.3321848611352325 0.16831202531413283 0.16853648527083037
121 -0.36512757434782817 0.18816556979605673 -0.023096204796759744
122 -0.35722565066069056 0.008988767194922963 -0.20836658866526062
123 -0.3756442102601141 -0.3161817451012959 0.16420303630451882
124 -0.36096353095175615 -0.04473394885616326 0.16600080762905597
125 -0.4501396276328094 0.020722859000501342 -0.3203056015122853
126 -0.3231920684201769 0.18732135429585833 0.21466889822018748
127 -0.3334774926434739 0.26777033483184237 0.12046549951656721
128 -0.3212578112023832 -0.3013901129137994 0.33885518329310116
129 -0.3887170985401156 0.11816972398935446 -0.3214334429617912
130 -0.3556059120770488 0.12782951734049644 -0.06952302896831149
131 -0.36887650106674114 -0.3056805395482523 0.12500919487199186
132 -0.4132810341833202 -0.172309772473009 0.2780298561898622
133 -0.42578172377365653 0.12494706235750434 -0.3602521863899835
134 -0.37525979626372613 0.17603642832458724 0.33464500221388316
135 -0.3919849546346356 -0.0030816067902520333 -0.40032159865808437
136 -0.42294961411502524 0.08148628829250659 -0.3650355963059823
137 -0.40048345180384365 0.3241011498572713 0.32085750369406296
138 -0.4792964761380777 0.033358039785712904 -0.3321657810181787
139 -0.41570430707051587 0.24876372479122547 0.33382321292928846
140 -0.32221605838994066 0.2719379297632026 0.32951630904410534
141 -0.32458373787071104 -0.4365312623229511 0.24485309208076422
142 -0.3918963965680304 0.10060690299385071 -0.29432739787577683
143 -0.4131212246017153 -0.023820959630053828 -0.21018798867086244
144 -0.366525522607219 -0.24988277922799013 0.12280176938378957
145 -0.3769266828121838 -0.29980559234927817 0.2235954428055003
146 -0.47560904638592305 0.0827764281874091 -0.2422517142132446
147 -0.37708298411559044 0.027378316580552967 -0.22607268537727487
148 -0.33546845041502293 -0.4172816385830453 0.18492201348654272
149 -0.381799607252407 -0.3029996606630401 0.11237374361071502
150 -0.377430076816258 0.2762210841015945 0.19560433901058
151 -0.33729307686295257 -0.37829177631356553 0.22972654474991994
152 -0.3534323854045546 -0.2966841089584649 0.14881051061878842
153 -0.29615709644629884 -0.00782507241212061 -0.09365252094494654
154 -0.34218677111424967 0.13138605885263685 0.17110367229057521
155 -0.36808421971461547 -0.21135533956719443 0.1716453650015954
156 -0.39890343533959494 -0.028076431913043837 -0.2893904472459567
157 -0.412634555311687 0.21569752030403838 0.2396709873976488
158 -0.3573844918917847 -0.3099281937055748 0.3282264465360861
159 -0.38994609836506133 0.2232039250162482 0.35303075949250645
160 -0.44864521179552225 0.058090128274931804 -0.3914448264299645
161 -0.4188801551372706 0.03127600229089803 -0.2585442511363242
162 -0.32719376674332 -0.017556281084438144 -0.16496966524226606
163 -0.42705471124244104 0.07244792867043824 -0.21519289865975375
164 -0.38894630707431327 -0.28822507112287415 0.05689877390153736
165 -0.32352550703980243 0.1807420350109916 0.21771158790905273
166 -0.3359221796223989 0.002889009942726472 -0.22960922014431331
167 -0.36065192083779246 -0.22079494145424888 0.21340105670264592
168 -0.3524238605962989 -0.2880403992511061 0.2936619092221713
169 -0.37069424157983927 -0.0091580416044684 -0.45790981423037547
170 -0.3469630978005799 -0.03675706466783496 -0.06921204409716933
171 -0.33749032847243643 -0.3732010841013625 0.33059758981812143
172 -0.3856847078913885 0.1769198169865308 -0.321931337039391
173 -0.36642900502355863 -0.3155370516660017 0.1850713665216437
174 -0.37204488346594905 -0.02108629017405631 -0.31905982054117327
175 -0.3959642357647229 -0.20751447768812714 0.08189767990105379
176 -0.4086099770270724 0.08050730299521315 -0.2578441185023114
177 -0.3772340077728728 -0.10181508356474771 -0.2623973934524171
178 -0.3543184777028667 0.2232497471191572 0.15736116034375172
179 -0.3686057613946781 -0.22997952466557756 0.024243402590568713
180 -0.425200567189603 0.015916407463864097 -0.23633301731739878
181 -0.3527383722515521 -0.1717586709717644 0.38913035721725686
182 -0.3290231185427951 0.18498030041748928 0.38662669595929117
183 -0.37611697715677794 0.14740168796805547 0.23940519453465697
184 -0.40252060248973576 -0.14357080415424767 0.11393263780763818
185 -0.44220562353737713 0.030776054484435825 -0.21485399808914238
186 -0.34090340432243255 0.21810066992339627 0.27781761747484846
187 -0.4093094700641212 -0.033027241703966606 -0.25663030306712104
188 -0.4404414744507515 0.10635155334005987 -0.2491557345229556
189 -0.40136501826174575 -0.213001431206958 0.2728868931907679
190 -0.37682333763339754 -0.39567394156742247 0.3086858233212586
191 -0.3041778556416535 0.23378499143500175 0.2952435789489807
192 -0.38561260136281655 0.31236298577227245 0.24464680028791494
193 -0.3585141259329227 0.08518270090651632 -0.24204367588068526
194 -0.4453148062801457 0.04665280769353859 -0.41531843645111766
195 -0.46250634292667475 0.08195379626763571 -0.14509337034015662
196 -0.3349967933727793 0.237907261544854 0.23094595819890085
197 -0.31773911387961395 0.2471372010847369 0.15123997447501242
198 -0.40816817995869364 0.3330175436092353 0.32903054418900846
199 -0.3594262073928898 0.26041479284554975 0.08466653526154512
0 -0.5427801760039137 -0.34524523361302967 -0.16613865093980743
1 -0.40448667915214875 0.18472497132605684 0.26033309701637636
2 -0.32872357900962457 0.20556216572661182 0.19618731246931562
3 -0.538486330413887 -0.2216271012409437 -0.1724234603196034
4 -0.523021198508753 -0.1782092050766178 -0.21690216616997304
5 -0.5211464907436316 -0.40508494266539213 -0.05777864815111503
6 -0.5764594266345089 -0.40705398252437847 -0.05432495075781394
7 -0.359262489856966 0.25097967461054743 0.340501160314987
8 -0.4579448033259597 -0.18147985940252806 -0.04823439026444055
9 -0.3341001799152919 0.2981506149501004 0.29981576349684974
10 -0.5086322147646295 -0.1189935118734274 -0.2163112362381032
11 -0.33366901336338284 0.3222123375944516 0.17579402036633573
12 -0.33851212155304145 0.32923524686190364 0.1738526571036028
13 -0.49996779094494104 -0.16087542191822207 -0.25632613864339665
14 -0.487107959545374 -0.2989925354265427 -0.03107480551916296
15 -0.45152250900975505 -0.25991108632361154 -0.11321923042528405
16 -0.49466834476845506 -0.07966917834989651 -0.26964497600194487
17 -0.5301197064307355 -0.30907911141481986 -0.08956752855203594
18 -0.5601242683985725 -0.2854340036532255 -0.052222233761158476
19 -0.5875391750708702 -0.1904444122767912 -0.15995879161141635
20 -0.5048117407848154 -0.15398044786856888 -0.149094737671364
21 -0.5991463032259936 -0.3213447786330642 -0.10705958027002595
22 -0.5612337475704351 -0.1676656133927128 -0.2838066385749743
23 -0.511463590214213 -0.25200765318325075 -0.2745752325934328
24 -0.4962025973245847 -0.11875463366602566 0.016762759926139324
25 -0.3885878458425907 0.08817724073087846 0.23809981125142693
26 -0.49222277634319467 -0.2720906429466032 -0.025375779259547482
27 -0.5394406831419033 -0.2664490450942174 -0.18579248948364882
28 -0.5033838505312018 -0.20058165053720808 -0.12442136710125115
29 -0.4215610666024134 -0.12645477221829277 -0.07327156848483374
30 -0.4833097463639179 -0.173973696053978 -0.2193219352435701
31 -0.6227370185457212 -0.3472312175072422 -0.17972521483442833
32 -0.5018268082750833 -0.3252864803259139 -0.03867465313710307
33 -0.3809501660402443 0.27313639185910804 0.21505158375622088
34 -0.34267041819129873 0.12995765834869152 0.19942188397441665
35 -0.2806995886969686 0.188765472317093 0.4000597980481752
36 -0.4916046995250327 -0.2759020650404905 -0.1953567347556876
37 -0.48116338785514207 -0.1181462060766568 -0.35671061381431707
38 -0.5038854401627006 -0.17098032289133194 -0.09830442603991822
39 -0.47022299904240034 -0.31289646465756626 -0.09645345834899655
40 -0.5299924375717906 -0.1113533324987788 -0.2885613202058183
41 -0.5317914886058273 -0.06666271872386247 -0.37747406727878535
42 -0.5192186615574613 -0.3314436369278216 0.1650421910835477
43 -0.36189354532188045 0.15749172586454693 0.3029428653007289
44 -0.5781809466833068 -0.2808397887378161 -0.1360431072580456
45 -0.560521766071186 -0.3338559250292054 -0.22567242095190007
46 -0.510971161541047 -0.36390767567834736 -0.19847702251943794
47 -0.5672061101811943 -0.38049444859197673 -0.04355776387127799
48 -0.4917715380275133 -0.1421176173687673 0.07661396839031939
49 -0.5783838877023074 -0.26153183086344 -0.09056124229714958
50 -0.4100287836409694 0.20948826573015972 0.14761485200965016
51 -0.4109820869857019 0.3620173855202549 0.25496873362632555
52 -0.34794161173427024 0.23235837264548626 0.24566722580161568
53 -0.34500673345387783 0.19078311909077966 0.06516665011614081
54 -0.5160392489909111 -0.20345139486138833 -0.06440482395805633
55 -0.3628209613895211 0.3084946659120374 0.2773378048935219
56 -0.5466651158907244 -0.3395140522834159 -0.06535381451376349
57 -0.5849047606054324 -0.29647829443826745 -0.13109238207765087
58 -0.5183934693620922 -0.1585323403975932 -0.041098192973865036
59 -0.5413675745896491 -0.3317877947933637 -0.22623629777026935
60 -0.5782053713657465 -0.2267637167299979 -0.2079585151500365
61 -0.4790789503201811 -0.19394676922908044 -0.005542793960638482
62 -0.2938936762063103 0.13092113425466875 0.294153973826289
63 -0.5165596729386479 -0.15416877592128486 -0.018499633105975934
64 -0.5256333219849573 -0.19746398756676106 -0.13971946648024638
65 -0.4825851866651279 -0.18227975165734833 -0.06347253770074535
66 -0.4427055776957014 -0.1568003739695892 -0.12449704904787516
67 -0.37836331706148335 0.26213140867064577 0.19858901645823276
68 -0.5530362252991669 -0.3432770719609852 0.04547163026129118
69 -0.40484065539277114 0.24917742753229816 0.3273445719538644
70 -0.3554394585274866 0.21592414319684283 0.15839527651192634
71 -0.47707498353312416 -0.23976667600777393 -0.06408788217785795
72 -0.5568859109681241 -0.1718383312472623 -0.2556799446867073
73 -0.39431690536108094 0.1825959891556892 0.22254501285180067
74 -0.41278889713646094 0.22214659457480362 0.14123666568720086
75 -0.389405351372006 0.42323567812469953 0.15702583824634475
76 -0.379627307348163 0.2792976700320923 0.21663530415906646
77 -0.5635410537542433 -0.300614969705033 -0.09250380261972473
78 -0.47728650338068124 -0.2180103546146326 -0.2282552831413049
79 -0.5463028141182285 -0.12010683126060126 -0.3019962026887829
80 -0.3309699923912719 0.2946627367659939 0.3797083808979693
81 -0.5153890697905225 -0.2065819253083073 -0.04057183201571394
82 -0.5498654194793876 -0.17579934447329684 -0.2818367962919444
83 -0.4928298046270545 -0.21916722208481648 -0.03542338629719974
84 -0.4193024135345132 -0.0805992093899799 -0.10061489096323108
85 -0.4938237518671205 -0.23102449599275546 -0.15322893635004373
86 -0.3350910391478769 0.20585985772639628 0.3367366255482066
87 -0.4696944459392257 -0.31515781024440664 -0.06531121065213948
88 -0.30511741859872943 0.3306950197535766 0.31622076118260356
89 -0.5419285787282031 -0.22239707807984924 -0.2333228532714276
90 -0.4751364699097096 -0.14621905991207415 -0.09325445075689072
91 -0.3931159223474294 0.2405163158131915 0.13859857283744023
92 -0.3668602950668164 0.20617479174783962 0.25764286353793414
93 -0.5033652476151563 -0.19905132081191335 -0.17265891373967826
94 -0.41086286103932956 0.12876839347210742 0.1898488772819892
95 -0.4636901185223071 -0.09426062098569156 -0.12707202018709104
96 -0.5005699783524314 -0.3403482203231682 0.05092175559128295
97 -0.5648018152006553 -0.2143996497473177 -0.10634255031364548
98 -0.4805663226905717 -0.14368819782079573 -0.06219531060722293
99 -0.48047690100943713 -0.11446949668548025 -0.06384375075555006
100 -0.48941720913220227 -0.18226726673411375 -0.0801367005180209
101 -0.5202064568841711 -0.09670804341640997 -0.06941952247662656
102 -0.4979609409400933 -0.2691849521515582 -0.15448638331770853
103 -0.5374666026349095 -0.25458995393687517 -0.04922393605795699
104 -0.39903808319150313 0.2239885681930997 0.2507953618101917
105 -0.5479888630562698 -0.39312989653715563 -0.09847988313873975
106 -0.5159278450177043 -0.25469842021047734 -0.12307534277117496
107 -0.31304211041610974 0.278173039968154 0.3111986126268381
108 -0.5035334358802561 -0.23609969685370216 -0.27115477517158865
109 -0.46535616893397214 -0.27920782358601254 -0.1418017893611395
110 -0.4621291952729985 -0.2533667829970009 -0.16883951288256854
111 -0.5508576610144141 -0.1876287159647199 -0.05754807373596757
112 -0.41468184436726785 0.18654048240086715 0.3843652686497479
113 -0.35523797711614624 0.29229910120147323 0.24713194602251776
114 -0.45270422803381344 -0.3263025008899103 -0.11131558334337284
115 -0.35226501528371107 0.27231237930924007 0.19261657450856737
116 -0.3530980562631201 0.13595758382988332 0.28353824879560546
117 -0.5210487660079963 -0.20930127759304573 -0.027966926787203587
118 -0.3971641234980066 0.26433216848612456 0.23686972896362418
119 -0.497485002952425 -0.254126880629427 -0.28597910512235075
120 -0.38458276235564864 0.2585499014401928 0.2102568036800456
121 -0.3465914572359109 0.039840921296082965 0.12512120072485894
122 -0.5427939012633121 -0.30608466663103606 0.1045344948172448
123 -0.4391353208711778 -0.16189005814075225 -0.15278865951052234
124 -0.5114744960352458 -0.1859569210122337 -0.1259649713059363
125 -0.5518808290217101 -0.18692517313057047 0.009956898402467601
126 -0.3026995866136731 0.1150158797711222 0.29886772863776506
127 -0.3319098251689074 0.3103446364620292 0.37378004361181943
128 -0.48222529499459427 -0.15009721179610067 -0.18746274840866636
129 -0.5962050282447838 -0.06460512409489484 -0.2514494944507156
130 -0.486287636073082 -0.11374249808804787 -0.18975888231775637
131 -0.5086184150895522 -0.28266028396699117 -0.12399564116165201
132 -0.44028064277285694 -0.0958757957277752 -0.2516583214107403
133 -0.513668173115428 -0.18301964129799245 -0.029318299469579586
134 -0.34310734932173237 0.3429627137707455 0.3169955802963838
135 -0.41654707533879604 -0.15362348289400116 -0.05985395973017407
136 -0.4961504710561302 -0.24180599658693774 0.12769231283317878
137 -0.3672068074729159 0.23619258441598623 0.22937421640052222
138 -0.4755538990722218 -0.2871475654224518 -0.03413958820950523
139 -0.4001999545104002 0.3226715350604547 0.3443851929084653
140 -0.3116109986423324 0.21612640856951643 0.20200422536268298
141 -0.4425965154429016 -0.16412548392566623 -0.021190817963041793
142 -0.5050199311726612 -0.2975638556652426 -0.013730845263250979
143 -0.6271615946621021 -0.2160028842061513 -0.07374054214058964
144 -0.5263403199785444 -0.17544989330224428 -0.19961216504062623
145 -0.4552629138819361 -0.1744121558011089 -0.10315646336674651
146 -0.5652973976500716 -0.22277877144043898 -0.06935159659186489
147 -0.40735401738513943 -0.14544417948636143 -0.14359536325664127
148 -0.5814080346037633 -0.2882911359196028 -0.23253200361376652
149 -0.4698296381372619 -0.3308947224221864 -0.20269828697244666
150 -0.30877632548454137 0.26770507315900555 0.27728133814877565
151 -0.5336260936168253 -0.2689413444971136 -0.08882262800347902
152 -0.4864805948854385 -0.2719896962742996 -0.173121648617359
153 -0.4880748222262133 -0.11190195099444146 -0.15049967096216932
154 -0.36740239889045195 0.23035805249306124 0.3639713057470176
155 -0.4374483649600252 -0.08295695750789701 -0.14468069407701184
156 -0.5662777969612921 -0.2292607324451191 0.08071466236003347
157 -0.36851588689234677 0.14574951561881264 0.17997927758560545
158 -0.5012472950957528 -0.21131557042316892 -0.0594416329743793
159 -0.3242325380046429 0.13217804379412182 0.11913379487785554
160 -0.4834751155639391 -0.20928879597921016 -0.16053003736452393
161 -0.459596505650467 -0.2634196798475438 -0.15792958941303026
162 -0.5340388795286649 -0.25716087175535257 -0.01552828827364073
163 -0.5227085797821139 -0.19571254032962582 -0.07068099810763705
164 -0.5090276751352352 -0.1557875934747108 -0.4340227456370744
165 -0.32159565848443233 0.2238980378678417 0.13129322965538567
166 -0.4810785142584943 -0.27324736445224107 -0.2749247645816313
167 -0.567669628664856 -0.2526691462724557 0.017578688074216114
168 -0.4928061466247009 -0.19469835053990703 -0.058254386202839625
169 -0.5300715146141222 -0.18703152401068882 -0.081096708738244
170 -0.5167748294702691 -0.2770876191930196 -0.12256455700400808
171 -0.501245109732251 -0.21888027080322364 0.009637651446105431
172 -0.5171739604761315 -0.1571949329217259 -0.2370513522468193
173 -0.5153247118247019 -0.24766670356148124 -0.13269116604594464
174 -0.5614531932280735 -0.22434255920684473 -0.2501579363779333
175 -0.5880344495897987 -0.20945583082968394 -0.11045465544870767
176 -0.44687890813685677 -0.26541907234550377 0.06190681418853342
177 -0.5489412259252242 -0.20591530747662107 -0.22497843518124275
178 -0.35897314682051995 0.12510560656389771 0.2375131061398737
179 -0.5113941036922203 -0.3410455988097318 0.08469937632907269
180 -0.4423944806326996 -0.08094404560636956 -0.038615327431194994
181 -0.4740125966036211 -0.30061166127436495 -0.03147350633022165
182 -0.40835528026950824 0.1314911862272325 0.3125702278891487
183 -0.3270335381418701 0.19747445078721582 0.2113152453457565
184 -0.4847639231488974 -0.12541655998740434 -0.1740753446219189
185 -0.49446175797050435 -0.28181213478977973 -0.15798707272889437
186 -0.3692363000284147 0.2766790513069567 0.32645386701344037
187 -0.49562729906166053 -0.3711443698974354 -0.09321135487892855
188 -0.47925400632502074 -0.15137139151581872 -0.04214832368594707
189 -0.4847156488716943 -0.1571168179210978 0.02577329779816414
190 -0.4181779180105541 -0.1683890776087892 -0.16902427751571736
191 -0.3117901936978542 0.14681348021864127 0.14546637015393302
192 -0.39353696629073487 0.2080251153238814 0.0959338942591291
193 -0.45336208673834427 -0.15905691395818103 -0.04064970300880004
194 -0.4911637689221705 -0.2684398485882279 -0.10771177080413305
195 -0.48512366531212414 -0.046103098269690855 -0.1448507985102406
196 -0.31060643979071273 0.14642543255218957 0.23690764787918292
197 -0.3354733165972101 0.2735195495838818 0.4074815879023241
198 -0.3142684746052938 0.18149141787867495 0.2502037531037165
199 -0.40311787160009144 0.20968139035064282 0.24587442275270818
0 -0.5757494568516426 0.32732741174990554 -0.21059409204660157
1 -0.5116872069410331 0.34978876176109525 -0.13925544872280993
2 -0.48256570859119546 0.28538430481989546 -0.030375999619785002
3 -0.45339852087106386 0.15978699893091994 -0.23597088167096308
4 -0.3901534462709735 -0.23908579222658954 0.2916486544711321
5 -0.4078881154498373 -0.23107380694504429 0.4040326626801898
6 -0.39899338564687187 -0.25242941697421273 0.21376017942455236
7 -0.4891096753489401 0.266370442707713 -0.06678339224257138
8 -0.41028968287830314 0.2002935402992078 -0.000587852983260187
9 -0.44072149090044616 0.3146866276953293 -0.11230132401347238
10 -0.3969003263516835 -0.3205888171308842 0.11317417585161939
11 -0.47303114580328454 0.32970158481375034 0.178198079341754
12 -0.47615388292888905 0.21741567058443012 0.029493394084700777
13 -0.3853795660934516 -0.20728216024286264 0.27140405055792477
14 -0.41196103777804405 -0.2836935801129829 0.2968422717247965
15 -0.4506619035389921 -0.15353662421908565 0.20175378139978467
16 -0.530532261748343 0.32223624477881846 -0.15192705810898421
17 -0.426626581205521 0.2192451876166 -0.1604728295851819
18 -0.4913106521933358 0.3004303542907481 -0.18429376017072804
19 -0.3284159833170337 -0.25778076736299815 -0.0196905556892929
20 -0.5311700638425562 0.21005219127683794 -0.1987337804828295
21 -0.3646672082837485 -0.17918864937460383 0.18968883275104143
22 -0.3696208298703435 -0.2562021994841735 0.26973895743219745
23 -0.49457401451383703 0.31025521258255395 -0.03175391049253709
24 -0.5772328900757604 0.2500222606730689 0.04082379976737297
25 -0.5835632954104125 0.200520972099373 -0.15675430249444508
26 -0.34032344049038127 -0.18981458285110625 0.21177365350786442
27 -0.5008605126470335 0.199756101810306 -0.07720435346651916
28 -0.44363954649715576 0.35349190803054703 -0.008848153403181153
29 -0.4514750285834847 -0.08455569898488567 0.2969216047550108
30 -0.4381298367029307 0.2456943564485688 -0.18050425390133484
31 -0.3534558019115026 -0.21844206123244259 0.3858247288868083
32 -0.3698350405181186 -0.39314988782408633 0.22888535906605995
33 -0.5254190426448723 0.30125090369432755 0.040432682269461534
34 -0.4532450627386051 0.21769917666078503 -0.0738137417603185
35 -0.440489215096771 0.23464583954008492 -0.11430430793329265
36 -0.48797256216703033 0.30184067253199 -0.09946422917242514
37 -0.4093158126268467 -0.24362467036685478 0.11088451362536082
38 -0.4905143348075867 0.269196584926552 -0.04501024962650222
39 -0.5632502411286706 0.393149698540353 -0.05471705031210325
40 -0.38480680713422083 -0.07184766741313982 0.16686251739118924
41 -0.49362587007734887 0.19651066455764327 -0.03215615623359755
42 -0.404851636374164 -0.19079892358553915 0.22156802088660316
43 -0.4699088634960027 0.23958079682470293 -0.2477976777033164
44 -0.38766590999793993 -0.20379089212233956 0.15530357959119392
45 -0.3958264824707086 0.22477166240908103 -0.007254126951860065
46 -0.5662821609515334 0.30884928953898305 -0.020841522434133834
47 -0.4978188800803851 0.24020136541512482 0.06420381549085849
48 -0.46584687053261653 0.23844504162515875 -0.14455456671129188
49 -0.33930835190310954 -0.2180150817357043 0.24157332603643003
50 -0.49945848182161995 0.2950672404745303 -0.014691791051774495
51 -0.573391233465155 0.2909206913934226 0.010662834936431663
52 -0.48407995102731816 0.20494651447999562 -0.11855289914921652
53 -0.5244340414624964 0.42850025030635114 -0.05323448767521533
54 -0.4916660368708006 0.2633682542291586 -0.050118276186542667
55 -0.39103429859644234 0.3170521601840048 -0.020631043058532653
56 -0.37302887662704076 -0.3178223536617607 0.3215205724966886
57 -0.37893740063875225 -0.2802140318586171 0.376184185189105
58 -0.37822092411985475 -0.20509959748944517 0.2286962707843337
59 -0.47847469123153924 0.1968611494398927 -0.1973184444035259
60 -0.3936186270636433 0.22395053190907013 -0.15687356942380204
61 -0.35332693682120325 -0.272968216811526 0.26910391305064413
62 -0.40263575132761803 0.3168864993989564 0.10685172167562094
63 -0.4982975167085576 0.212305031538262 -0.04734372684562303
64 -0.41528076167792866 -0.22688913822945733 0.10321399826738496
65 -0.4659902327393267 0.16801462552937202 -0.24211771675347438
66 -0.39595188629990274 -0.25913973579279276 0.13215154668582688
67 -0.4828839974748341 0.32010658281215054 -0.1432320392452165
68 -0.38820718833284473 -0.25066866426909734 0.022745963251235377
69 -0.5251391102215525 0.19143019969831082 -0.10844493742908427
70 -0.48142904456984703 0.3056535441366408 0.027073772133191797
71 -0.40517223735018965 -0.28739437847342303 0.2565078520163752
72 -0.41987248166619623 -0.1826995590348657 0.15619942689360256
73 -0.4923978488927807 0.16880496548711274 0.07195580520223865
74 -0.5001528976377376 0.2570290355670156 -0.005978632458932142
75 -0.5591608789678202 0.2835147134515825 -0.11883719095109026
76 -0.50700134978866 0.25386460291691626 0.017032552931581315
77 -0.399496906854489 -0.2818268983412808 0.22128456466355514
78 -0.5302511810127493 0.3435272639530872 -0.20563643249879873
79 -0.3852001562599508 -0.21190992573111372 0.38400716848151883
80 -0.5057486586791498 0.2654904776308522 -0.022488360486324358
81 -0.44508269228676933 0.08118878831296214 -0.16209314736680583
82 -0.472698861780827 0.23624566441175082 -0.11840392768695607
83 -0.31014149505761884 -0.2527593036431694 0.23781911092326
84 -0.5101515689349587 0.1817779683264055 -0.28412004427508714
85 -0.4809681943884314 0.09322317132262 -0.04618743257773483
86 -0.4878515402431668 0.03286453077822492 -0.10042940278515622
87 -0.560982711044208 0.32372005496752865 -0.0006269102482189943
88 -0.6254856012851493 0.2012066106030571 0.05089875032777106
89 -0.43902981816523146 0.2502953194625322 -0.15490257410730418
90 -0.4144748569739742 -0.42086947080327813 0.13202802274979872
91 -0.5047290430457231 0.19426668211392728 -0.10716551043008546
92 -0.46691420339097617 0.36365617172083653 -0.02411490016214061
93 -0.44654987064463547 0.4324804129104717 -0.2015575063801919
94 -0.4488585785092984 0.2709904703785141 -0.09694850175480924
95 -0.4952054458510946 0.20812082873049498 0.007254131847466394
96 -0.5499117637412075 0.21971328197519302 -0.10019495035170557
97 -0.5848647150920132 0.18442628284109477 0.03469863877064919
98 -0.35758262212375197 -0.30978122251077533 0.33305793675193457
99 -0.31483253270601524 -0.2625687718337747 0.1269122725862519
100 -0.3665714880490275 -0.17335063677319537 0.16225672302232885
101 -0.4638026310575212 0.20034111293948192 -0.03161422985045644
102 -0.5298107742010162 0.32303239751305607 -0.027318006082489434
103 -0.3921909508880882 0.2362101918779746 0.06355190225272608
104 -0.45401465802040386 0.32124868218636793 -0.12890053717198657
105 -0.37655749540064853 -0.34242211724324323 0.28336490245766804
106 -0.46408560993608716 0.32729629887168876 -0.028600266643421742
107 -0.46763512751607617 0.22104377930294664 0.05312278117399693
108 -0.40981880735288845 -0.16375283186793718 0.07013430888331801
109 -0.32098306909269403 -0.15350077764045456 0.1349209524636499
110 -0.4377892166755466 -0.23551161158781025 0.2397536568870872
111 -0.4139397422229707 -0.2109518066468558 0.2845266318769784
112 -0.4757057654106875 0.1178657685352611 -0.08187861690482581
113 -0.5310714762745655 0.26492309578234735 -0.07066490428841346
114 -0.4444346023276472 0.2539639455831739 -0.04436663844502248
115 -0.4354214674424808 0.245600969799255 -0.08711967888971439
116 -0.506289768794175 0.3552521466467157 -0.18122264859817053
117 -0.36424481303629985 -0.2528442820597187 0.029654511014232336
118 -0.5406768470839157 0.31165958443339437 -0.07605303139589122
119 -0.46698613752845186 0.16468173208834927 0.010083155686184697
120 -0.49666675371184404 0.24755208822519215 0.04355934123412208
121 -0.44125004642146404 0.2675805159041054 -0.06900349458149764
122 -0.48249961801881663 0.28846963067515075 -0.10863389014184477
123 -0.37018940196676603 -0.30789923948709363 0.21613843977182687
124 -0.36882004619717373 -0.15845561399244298 0.0895412109846903
125 -0.4393033818563797 0.2453354438549926 -0.05519082145233679
126 -0.5538534987853224 0.2534700486171783 -0.07547240494312815
127 -0.49036768450526386 0.19991191729899827 -0.015793028122464938
128 -0.43000425918107493 -0.30449135319985293 0.2588871586875196
129 -0.4534469231628546 0.22108429859922196 -0.0827949616460433
130 -0.516242087087892 0.21448399450653408 -0.15142959308058185
131 -0.355807622586634 -0.4016260983314715 0.25203320689678144
132 -0.3047695062465972 -0.2954628969974777 0.13072171895726573
133 -0.4465722561750763 0.3112337125458549 0.054831374154094156
134 -0.512580873728435 0.3474918281932826 -0.24522266270413987
135 -0.522732522653877 0.2889458458231966 -0.16691982066726205
136 -0.484095950857173 0.34485585036388555 0.02745817516834011
137 -0.45455005948645294 0.20045869265594804 -0.1622014730755892
138 -0.4704640178643245 0.16412229611460974 -0.01812074883815261
139 -0.4781214726511483 0.29632497712993533 -0.045966653593640314
140 -0.5294859630725597 0.29304493096143663 -0.11070787026176798
141 -0.4005559732965852 -0.35773909509759805 0.22057432352705988
142 -0.45063229687048484 0.08347816973766967 0.03760352269287472
143 -0.44912008775310447 0.3261002518423748 -0.08470913334265168
144 -0.3457625413452707 -0.21113629434557596 0.04283955658178435
145 -0.3732289938001336 -0.284919363403675 0.2932071470495709
146 -0.44707450617906686 0.23135055380921887 -0.12184532846258622
147 -0.5354638921525118 0.23263316323010813 0.024764711061727892
148 -0.39982855824215774 -0.0989160720893947 0.285145988624946
149 -0.3922707736188388 -0.34723693144809453 0.24358851987164865
150 -0.5113945819871 0.3005344684557225 -0.057587623514948665
151 -0.37368212366386916 -0.3360723297895704 0.23026987747886407
152 -0.3075237621527946 -0.23968739117705212 0.3400292414832701
153 -0.482138433103512 0.33337838794760905 -0.02294646894611925
154 -0.44644421144504226 0.389741466540042 -0.12736540633272536
155 -0.31195211763197145 -0.08671858820394122 0.2532131262263842
156 -0.5559985494789633 0.2752416586147207 0.034842070027724645
157 -0.47559972491535984 0.35509244314190247 -0.17967121503333033
158 -0.41382183710750053 -0.3476384858187837 0.1750194998652243
159 -0.5454282684291971 0.18645525907660981 0.10349013155641609
160 -0.48758056567000607 0.33710832021289144 -0.1226217691054736
161 -0.446623809912066 0.3586490100655212 0.07802142433623431
162 -0.4842745239929845 0.3957953136866925 -0.016458193836531295
163 -0.3820877495978362 0.2711818007503911 0.12183072886023022
164 -0.3779804525107849 -0.18756818491661414 0.27225913456317846
165 -0.43334003004992433 0.1305396301626148 0.1147908942140217
166 -0.5367606554891935 0.41927452031442997 -0.16167429230887942
167 -0.3925589731067566 -0.25213804395183015 0.10951874614952052
168 -0.37722138471733285 -0.2994747064687262 0.16785338067303876
169 -0.4605153364706289 0.15335731446666775 -0.09839413383407285
170 -0.5270982688590106 0.29538339089116417 -0.19446030811116666
171 -0.2872618590551866 -0.2603613499168816 0.1778471225335351
172 -0.4726842282180103 0.2951611783382135 -0.021306907440567895
173 -0.3265795298437523 -0.36031652825703886 0.431137890670654
174 -0.43972894157164594 0.2134096924250303 0.052950544726874146
175 -0.3385917947228186 -0.06373744273398352 0.27717410059109143
176 -0.47145993076388154 0.18978124794974618 0.008233272504205396
177 -0.5328835656599709 0.20565325989349456 0.018026234654430272
178 -0.47221665706568605 0.2776845271479404 0.11945087499600006
179 -0.37698615469898433 -0.33007364174225806 0.13026557727198898
180 -0.44398112723404787 0.23493519919884104 -0.009007842201068301
181 -0.3972461504204443 -0.3652517044345568 0.2697382330830504
182 -0.5284815810809084 0.2466138441342584 -0.03445695933078676
183 -0.48015410142202414 0.2321694434933857 -0.1566604451728589
184 -0.36605583252124235 -0.31845491138362814 0.2447373761270686
185 -0.4686246825010382 0.13582818181534978 -0.04202077117451485
186 -0.47215192991929067 0.21787649743059637 0.13579086574521496
187 -0.4897653583286838 0.2834420763272924 -0.03408170854773065
188 -0.4486085768554711 0.3181520063314332 0.0751787124280339
189 -0.3928882173932166 -0.2854424402367174 0.1887441013215533
190 -0.2739117226427345 -0.11037794752640523 0.21230490571746777
191 -0.5142354999749411 0.21185048608436197 -0.022094576604617697
192 -0.44419135778630914 0.22142707979181486 -0.05527500796032683
193 -0.5028553872113384 0.23004436962892072 -0.13086210033053877
194 -0.49380841423297384 0.3444761277633133 -0.08831399427258928
195 -0.4971986332408898 0.2302873762317119 -0.04645634711371304
196 -0.45380583642373334 0.40369654071473426 0.0732366559861974
197 -0.4493405653390405 0.34126817882819893 -0.05838888878650407
198 -0.479345992094437 0.18331922816425625 -0.17997496188119466
199 -0.5096564302424277 0.16261245783613112 -0.13712891633851573
