200 3
0 0.03837122687068785 -0.002016360678295041 -0.03215275340681258
1 0.03763157474881675 -0.026665724198235364 0.03165891261580635
2 0.03738310295724048 -0.026042955595896092 0.024605329168529314
3 0.0381273845069901 0.005214510802141049 -0.0317110627693895
4 0.03611436685440706 0.027798070517078333 0.02152786005743184
5 0.03662731292454416 0.03786118028960736 0.022668060082556788
6 0.033431317916042896 0.03151492940595246 0.021815845144975102
7 0.03585408799774984 -0.029393155956694107 0.03508570371864537
8 0.037634814606299416 0.0005445220604846238 -0.03505408293695715
9 0.03909111843138388 -0.02440312342237457 0.022371540848043426
10 0.038369401027349155 0.026625627331197527 0.0127770536925056
11 0.03738245744853524 -0.03585737852281003 0.038790653209062234
12 0.034257266878353176 -0.03487458992768296 0.033262805613903525
13 0.03738384267435404 0.031646752366144545 0.017130566175537338
14 0.03909149050781099 0.03599691104329028 0.024912197799762018
15 0.037879684964798856 0.029388492611175442 0.01631117553069137
16 0.039094009485748045 -0.008424892058553414 -0.03665719633580969
17 0.035596591972336784 -0.004143916349141256 -0.041036036681442956
18 0.036116651923157266 -0.006342492994385482 -0.03482204091535527
19 0.035330929223195306 0.02768714291421927 0.018903562513278526
20 0.039568980642343085 -0.0033902517279362334 -0.04584984704984528
21 0.03533079632506775 0.040045397739702726 0.02181822625202782
22 0.03836844162123175 0.03584264840396246 0.03014923771418653
23 0.03738599406971744 0.004633304995552738 -0.03402693037753058
24 0.037635233324563935 -0.005710376275975871 -0.04480004058718784
25 0.036370592895793113 -0.03324783701595647 0.03730476050304786
26 0.03861098200738446 0.032067446477424 0.028988755489212314
27 0.038855120010011686 0.007038658719100989 -0.04467401948552546
28 0.03980399020704762 0.0007143516273047568 -0.04348765048714864
29 0.03812539728459219 0.03481920230612927 0.013481764064438021
30 0.03933178080777379 0.004865641327086381 -0.030814289463195265
31 0.0393297178324634 0.028869713135958888 0.016386924900323622
32 0.03787945314669254 0.037508101988529254 0.023154457697582245
33 0.036113791012563734 -0.03033194677873727 0.02448553983147379
34 0.035329622273078384 -0.029832226302204758 0.03707680159514204
35 0.03812445105816532 -0.0320056540777038 0.024739985373749697
36 0.037635105468589364 0.0009613669552702982 -0.0411265637523178
37 0.03688129211014054 0.031544457320023304 0.01992879215235502
38 0.037882042859513194 -0.001876408073327599 -0.036003585729821604
39 0.0386133566137134 -0.006197353979300964 -0.026336235684641073
40 0.035593696814192166 0.029638605730282944 0.025129835259543112
41 0.037882148385613976 -0.003235355637976141 -0.03889140848570945
42 0.0373831917224532 0.01857659069333328 0.028802943326575202
43 0.0325823765420045 -0.035795297985592486 0.03346156932420044
44 0.03611443594195991 0.037299489941539886 0.01989065579082836
45 0.03885499599943325 0.0003549806152110088 -0.04344342553144711
46 0.036374195149034665 0.00030142020834292245 -0.034620434927438076
47 0.03585752325993528 -0.00032782495513868575 -0.03648860390788761
48 0.03980347086238675 0.00035066182122333884 -0.032376065798552664
49 0.03885229513850175 0.03069315338214274 0.01710214761941819
50 0.037132488345240196 -0.033890106027273555 0.028963255775949583
51 0.03559259529132731 -0.0330275684447356 0.03969280988016239
52 0.03398400557443977 -0.024796754660618557 0.03392999434080787
53 0.033430516820942155 -0.03790391075550245 0.029266999398399635
54 0.035068594209327265 -0.004291451486367256 -0.04427879076516346
55 0.0342572403817435 -0.043105171933008946 0.0328977393372557
56 0.034798425005296604 0.031668921575868564 0.02766147410796963
57 0.036371539352348416 0.026634976243897317 0.024598801674599474
58 0.03637171877842925 0.033045567274844194 0.0231452081383118
59 0.03763487757298011 -0.0038158513083749383 -0.0371339480030299
60 0.036374382189610366 -0.0014398470525547448 -0.03993046269909909
61 0.03763223117667538 0.024931778547140803 0.02377268738967908
62 0.0378786957179732 -0.03626840423148153 0.028446672542135874
63 0.03837169389484797 -0.0011918967629227428 -0.041212430515722424
64 0.03836877654722925 0.018922530621926566 0.02421142648779181
65 0.04073023149171054 0.005174091869066537 -0.03218548779940598
66 0.03787915757864867 0.02992630124503251 0.028136108730273487
67 0.03425808697114926 -0.028830760488674115 0.01717342992660332
68 0.03611386173489537 0.024812622364975234 0.03239036877715765
69 0.03713234988922558 -0.03572057719578092 0.031158529138230275
70 0.036626803043850374 -0.022656076814657804 0.026249371798574256
71 0.03713295669981834 0.026379372751590274 0.026781298042070915
72 0.03861150917545602 0.03832215959265154 0.01961838386698837
73 0.03688057623128052 -0.03074446302959215 0.025527076699649043
74 0.037383083326119934 -0.035064752299272015 0.025559398527930422
75 0.0331501234614005 -0.03513110305266869 0.03256782662781297
76 0.035329902466829564 -0.03623513432918801 0.03213100651137664
77 0.03637185599639293 0.03204245107796908 0.018259732877087705
78 0.037635234304029416 -0.006819883662650999 -0.04339036151079604
79 0.038368968638998906 0.035570477645402984 0.020192077003102972
80 0.03533000547303194 -0.027355481298870124 0.03193474561570187
81 0.037634801138023005 -0.004743163739686512 -0.03573056858313219
82 0.03980336106704117 -0.0026051143273407786 -0.03193904916986
83 0.03787937006233573 0.03233316119978012 0.02542256474022118
84 0.037634560446405695 0.0006969189780348745 -0.03006625076908474
85 0.03713619633552397 0.0006339221996285309 -0.046871427935574646
86 0.03559289286465141 -0.032743699996581874 0.032782815801193924
87 0.0390938070425598 0.001350289599992116 -0.031296891738184535
88 0.03585439350744133 -0.030444410569632936 0.027512411617124324
89 0.037882386564917624 0.00046896803287193217 -0.043974093680629954
90 0.03909094650267063 0.016647983213992572 0.031149554181254962
91 0.03370865845797756 -0.029502271797487 0.022440844215883958
92 0.03370849596565197 -0.02946470658350113 0.029012643072776106
93 0.038127666049554525 0.0007971939440761219 -0.04113994048108167
94 0.03452869116054836 -0.03529643846762716 0.029145079957337387
95 0.03533271009460256 -0.006897351630181972 -0.025729827678538153
96 0.036374282782099795 -0.00294341663865332 -0.038487509531535624
97 0.03788180651643762 0.0003613124788105831 -0.03139220487337
98 0.03763218553830483 0.030329020122859176 0.02409419059870391
99 0.035330439684846435 0.03417144654524802 0.030404756957033995
100 0.039329438853742904 0.03336887487348518 0.021674834531024586
101 0.03837150431537586 -0.004491715536122913 -0.038135181234583614
102 0.03956848093644299 -0.004341481519754473 -0.035263502840682394
103 0.03738620806818846 -0.0056654248556734736 -0.03781383456804816
104 0.038124475016346415 -0.03243147627474388 0.02440195839491954
105 0.037879248480364246 0.03229060677077144 0.02585357259554709
106 0.039093806322474 -0.0009037413626848197 -0.029424355069289154
107 0.037133027631106166 -0.02670285214037166 0.021369730907253984
108 0.03425822276391726 0.03706122597342732 0.022615188479228294
109 0.03713384707555503 0.03630638812596812 0.009190877791651415
110 0.03611413821015193 0.026813074256452213 0.025682947837810523
111 0.03738327017976847 0.025801266535623285 0.03104337466724867
112 0.0353298237587302 -0.03143263074910866 0.03383221884418359
113 0.03662695679829277 -0.035373970863992146 0.01977934713697765
114 0.03956804577176334 0.005405833024100887 -0.02570920054307743
115 0.037631410506414324 -0.02429193814702282 0.03393561063877941
116 0.03452845278915557 -0.03426467765540113 0.03612307884639879
117 0.03559333886973046 0.031142238202500727 0.03320942701669195
118 0.03506492610305455 -0.03550440089755061 0.031182449457869518
119 0.03688366948399776 -0.004510111039495089 -0.03666761057899359
120 0.03479761790791221 -0.03273316482384626 0.03425276592645914
121 0.03787864973475472 -0.03640193173585849 0.031152590199469934
122 0.038127667998337444 -0.007048666818126433 -0.039832362751910426
123 0.03585497775196162 0.025887551385331265 0.02064251188234275
124 0.036880860136991336 0.0329546913635582 0.028417053959987917
125 0.03885477068285927 0.005465970185126969 -0.03686012778744957
126 0.03662657549134571 -0.03505927068074059 0.02822111089169702
127 0.034257266763693436 -0.033022012846276025 0.03335876383012347
128 0.035065515687262815 0.02970528897439819 0.02603237919685393
129 0.038613761506751165 -0.010283381817805023 -0.03645109589005583
130 0.03688381663526634 0.0007590887648516016 -0.0406687798033569
131 0.037383784985850384 0.027401298660001145 0.01819938578118236
132 0.03738336099342361 0.02842031926229217 0.027328931698899578
133 0.037881832588605016 -0.009811957927248179 -0.033941010296435585
134 0.03909094869972638 -0.04194461588149559 0.025862217319604218
135 0.038127731948473215 0.0005485814216710227 -0.04056236742339655
136 0.03909417616003808 -0.001242180710248141 -0.03700709910668182
137 0.03425775271347312 -0.021555366650499713 0.024800172086936443
138 0.037881868879403875 0.00028585391838626073 -0.03402927776078036
139 0.03479775012843584 -0.033929422943216214 0.03282892864690667
140 0.03738301423103366 -0.030381361910016016 0.02673057919383315
141 0.03932955354788756 0.025082984766520437 0.02272788814625916
142 0.03688386440234629 0.000993933935729672 -0.04060960307277648
143 0.037635199485041654 -0.0026236599463277605 -0.042412116091702
144 0.038611083774921534 0.03204565946528747 0.02519307560272393
145 0.03861132448928201 0.02452676904842843 0.019705066198141507
146 0.03713577064776242 0.007268014889736028 -0.03590841259239507
147 0.03788202974515176 0.0003795841374576408 -0.03731242554355139
148 0.03398492450975748 0.03678612051996116 0.021131802114871943
149 0.03585503745078184 0.033494997032088636 0.02022206661023672
150 0.03688037547706565 -0.031549465926134945 0.03105382240859588
151 0.03713303127584531 0.028260060331562975 0.024356250327571796
152 0.03637129132773223 0.03685865531345576 0.03189754527572991
153 0.03738623782785053 -0.0027837387889320824 -0.03855499146847894
154 0.0353294332891422 -0.03393749900834756 0.040287848279473196
155 0.03585466870361865 0.04087003367201662 0.02850963577264868
156 0.03637419050062356 -0.0009569387785710585 -0.03445628720883064
157 0.03688050308697297 -0.02930384458594632 0.027163568328549555
158 0.03533090426926324 0.0378878195121386 0.01965324048590518
159 0.0381246248519843 -0.035528034483741054 0.021058450830337697
160 0.03861388891646055 -1.8589774084708418e-06 -0.03680775890375532
161 0.03861345058995101 -0.0021188821690742285 -0.0295282328452675
162 0.03688330641374357 0.005599411791977094 -0.03029971430804273
163 0.03812682099637824 -0.005678788297364865 -0.023529404437624996
164 0.03836878869807186 0.027221936849716515 0.025324716905502035
165 0.03662652035048068 -0.035626380435474184 0.0305466392051961
166 0.039332000655839604 0.004838515100544699 -0.03589149788682088
167 0.032583493854380446 0.03150839270682607 0.01898351680292872
168 0.038124649919512955 0.02466832357181893 0.02902287827473676
169 0.03763526213209152 -0.007518020827029314 -0.044415719734980506
170 0.03637448830186974 -0.0023887120471079546 -0.043423869263743836
171 0.03559416160872694 0.03641857724869604 0.018393991685067154
172 0.03933162080652937 -0.00028241951739739604 -0.029287649466681893
173 0.036881400657997276 0.03283341609788829 0.017028133239180693
174 0.03713561274270934 -0.0008329152531523495 -0.03396735542757277
175 0.035593524308927635 0.03620040076679609 0.030668495571484843
176 0.040730077630722006 -0.003541723220650564 -0.028123403608671677
177 0.03738591515953113 0.0001066974237686228 -0.03417489300060711
178 0.03662652657383287 -0.033456563274913365 0.029821549380836563
179 0.03585466343573631 0.031043640809717686 0.02808525473588814
180 0.038127312600715335 -0.002544635696240017 -0.03403479368360508
181 0.03956579422879994 0.03195213961835293 0.025168997142537407
182 0.03637125854774025 -0.027849858093495893 0.0224088467601105
183 0.03738287291644797 -0.03677768344148678 0.029739807573080097
184 0.03585531928879106 0.04042128921198795 0.017383777704105537
185 0.03637411385781645 -0.0012757653446740659 -0.03380244090500056
186 0.03425801560772606 -0.027730260157350695 0.019214481576489188
187 0.03611702801829062 -0.0023449365618731454 -0.041784206638182955
188 0.03909396171409673 -0.0034674703799783225 -0.03611959379256665
189 0.03662735903525256 0.027707777187216433 0.018893352650898653
190 0.0371333475198229 0.03370627132334429 0.01981817827480998
191 0.03637099342583543 -0.02947337960678173 0.029950761971062306
192 0.03398387284242754 -0.028320433941972003 0.03279471691964335
193 0.03956856737540825 -0.002059299187747826 -0.03681981119669478
194 0.03662969120034615 -0.002971287319946314 -0.03475765714258629
195 0.039094089608390115 -0.004379746055786986 -0.03727356291197562
196 0.03585477457094573 -0.028620466772180504 0.019685225690973335
197 0.03787843959172237 -0.027476800144626067 0.03593484718395279
198 0.03370825813115956 -0.034550993423743674 0.033178281629095877
199 0.03585445646592091 -0.034470458228023367 0.024425295009380472
0 0.044871125547110695 0.026125950210392903 -0.009969344725868037
1 0.03611416499387076 -0.030766185821071098 0.016224864510089355
2 0.03909093091346056 -0.026107914988556705 0.02770249826340707
3 0.04610184137747078 0.0216720094928049 -0.01063794514606056
4 0.045695340684100166 0.019449370997151237 -0.012810935104871354
5 0.04650484199519031 0.012779777611756768 -0.011610684745257834
6 0.045078441408431924 0.016820924747862 -0.008966566026706016
7 0.036370596395922376 -0.03421086576787332 0.035692900050651094
8 0.04339144475031422 0.026503960477954804 -0.014280842675801838
9 0.03370856471265014 -0.030652696069709755 0.025973577441062722
10 0.042959012730583626 0.02620744950326069 -0.00853726435335216
11 0.03425744492167996 -0.028717482580125245 0.028309696908229653
12 0.03688043967244167 -0.03223051647449024 0.029037072350178522
13 0.04360598811445969 0.023440186078496395 -0.014839745901617404
14 0.0465049648895604 0.027700999072493685 -0.012645246109817853
15 0.04549056062504028 0.027663271430492662 -0.009379354862838762
16 0.04769358178518766 0.01654765454791834 -0.015036378374980633
17 0.0458993325395786 0.02443197097372709 -0.01863898769163168
18 0.044453194760649836 0.018332806452155282 -0.006940003289416565
19 0.04650469037783839 0.024100043520964495 -0.00788689557046136
20 0.047102753673452465 0.02548721442112713 -0.009034533900664974
21 0.04549049319785485 0.02184972302618926 -0.006802525529920904
22 0.04670544437207875 0.02597935678709973 -0.0184446942258407
23 0.04403127249595284 0.024367772712356035 -0.004121500476136565
24 0.04445353928735169 0.021352243743737846 -0.015933896738480363
25 0.035592884685081976 -0.03337263712763277 0.033652981309628634
26 0.04528506846028601 0.02196951391762221 -0.009797339886797807
27 0.043606153837888594 0.024633752225569815 -0.018151754490317053
28 0.04381932947413729 0.025172300451648227 -0.013885945757005464
29 0.04670524299690825 0.026146092481766157 -0.01581142191894217
30 0.04569537800894234 0.018915701624145832 -0.012267878050236042
31 0.0452852330624341 0.024178085481423705 -0.014386173119800227
32 0.04630343525739679 0.018013747581297136 -0.004247612811664684
33 0.038851469351662775 -0.026696054851979432 0.028844842633065457
34 0.03506492449630975 -0.03482375422178102 0.030529471825956875
35 0.03861025083611961 -0.029035816369771247 0.034384066485222554
36 0.04466301118687013 0.021047882744900166 -0.014223381530706621
37 0.04569508967285996 0.02883602461800109 -0.006874899667219509
38 0.045695343511495866 0.021825785062427674 -0.011689266872790342
39 0.047496835728676155 0.020297857756180437 6.203688607434871e-05
40 0.04295917976927722 0.021397384123942712 -0.013170937256321777
41 0.043819641728644436 0.02520811169096233 -0.018314015551977765
42 0.04507882625037035 0.0213728559170509 -0.013284584446490348
43 0.038367915037109034 -0.03415409088932709 0.034160586501767114
44 0.0446629275906844 0.02784964870271826 -0.012587069978847294
45 0.04381951429830193 0.02381926577481079 -0.017941989955212168
46 0.04569470521959563 0.019012298036290252 0.001512889092748554
47 0.04295889358691856 0.029363987966399538 -0.007174524210787531
48 0.04507856979049569 0.024088812092446305 -0.00868951241925686
49 0.04650447728597585 0.024976404710950924 -0.0035105990640275295
50 0.03611332962672645 -0.03519613912924235 0.032507669745810513
51 0.032582091577138685 -0.03657660055956644 0.04013130048340057
52 0.03637136546739239 -0.02489023341338831 0.020992531312242407
53 0.033430291826110584 -0.028116637892432798 0.03531359539349244
54 0.04403153954992194 0.021261856327288758 -0.010531032950256213
55 0.03763171102466068 -0.028040077967694164 0.028909411176633613
56 0.044243339850845866 0.01996596646407914 -0.018532726961628464
57 0.045284995261146065 0.02773224683953862 -0.00751724048283928
58 0.04507828938664654 0.016257327732855844 -0.00599045765554629
59 0.04466267926870005 0.03358820454518456 -0.007550679659284966
60 0.04710260377875957 0.023616877770122082 -0.004957862041214039
61 0.045695267005654495 0.022076295630882967 -0.011318312738478208
62 0.03532988791031095 -0.033926090950268786 0.03189201366951259
63 0.04730084418538942 0.025420564476093463 -0.017756774441786128
64 0.04630412177263964 0.024883144378743467 -0.01802592145539687
65 0.04569581682807564 0.028920624267159308 -0.021552313764140785
66 0.04445362143250774 0.02578600144832792 -0.015180867443966774
67 0.03506511942316205 -0.03082423790150752 0.02558546664688716
68 0.04569492064671921 0.028746282432491697 -0.0028808683203229374
69 0.037878932835819584 -0.028206527945269205 0.024449525302189093
70 0.036113339416169954 -0.03286163945829441 0.033368234271748745
71 0.04466275632668613 0.02833610274532905 -0.009191792816154492
72 0.04360584825150625 0.02137867365557822 -0.013472468513447354
73 0.03585396593058534 -0.0385387988708874 0.03410576814172974
74 0.03452896595054814 -0.033252191563382265 0.024505440881921678
75 0.03713238787710001 -0.03412374435072694 0.030422365307543303
76 0.03787905237135801 -0.023662391609339344 0.02308073473962326
77 0.04650505076959498 0.021819912526943833 -0.01597429737169568
78 0.0442432588143246 0.016540086806420405 -0.018540951687079293
79 0.04630383622817137 0.0198307983173468 -0.01248817308411682
80 0.03398420901116431 -0.027010774780876403 0.026335890578732847
81 0.04670505277904709 0.025472299230436923 -0.011252585449410879
82 0.047300481876844644 0.021781369200907886 -0.010214296982599467
83 0.04528566563371268 0.025426296235728674 -0.021767074700819254
84 0.04549117309832957 0.0234390397198148 -0.021517914041443775
85 0.04569530258549918 0.012905843283588635 -0.013466601810834441
86 0.03885173137895774 -0.025769524861395502 0.02345554022883816
87 0.045898999083844094 0.023472458128917212 -0.009487985550106787
88 0.03559320096027694 -0.023628140510996057 0.028151258244473693
89 0.04466309247551014 0.01891402637314165 -0.01728474139455138
90 0.04466279628471149 0.026449303459613455 -0.011655025869926564
91 0.03479801223520781 -0.023561077306836924 0.02698893228594428
92 0.034798261311441946 -0.023719859515398973 0.02190895744524193
93 0.04769319785233172 0.02944960660375441 -0.005642985608653768
94 0.03585410570613471 -0.03742839141935089 0.029744264748505396
95 0.04339151144935696 0.0224735020577177 -0.016831129669158767
96 0.04549130890893969 0.0242930665109419 -0.023823142136652698
97 0.04528511739864846 0.021397050992978534 -0.012174551397386147
98 0.043819367508884044 0.027241386649008034 -0.014792208957726082
99 0.04650488277747218 0.02850967189205425 -0.010171224307006514
100 0.04528526374759663 0.02022795850232774 -0.014633628335050013
101 0.04670515867174505 0.027868995176924705 -0.011751977686900677
102 0.0456950334682749 0.02206918985283317 -0.005597479678023951
103 0.04630359674092699 0.02344284465774274 -0.009274769064002548
104 0.03662620947016562 -0.03015466582040126 0.038251271878750756
105 0.04630360365814485 0.023426741330016404 -0.00806614294628452
106 0.0423027875126135 0.02811750376307265 -0.014952841780896254
107 0.035330506407933275 -0.024594482849150327 0.021954073692856794
108 0.045490723396339576 0.029519744256466286 -0.011731284770545547
109 0.044871324625767345 0.01758769964182091 -0.014966060675432328
110 0.044663215224235914 0.017746858038367126 -0.021748799107283633
111 0.04445317323057536 0.01966840428730036 -0.007041477374640096
112 0.03585452648130692 -0.029138269461247215 0.023978448577779393
113 0.03611365678241464 -0.028438179941432426 0.027876843438939453
114 0.04507851569389997 0.025084564601011584 -0.009079535600196007
115 0.03343023910170934 -0.038243247634751634 0.03366196848624546
116 0.034798319449918284 -0.0318814451091666 0.020354775107335018
117 0.0440312667519669 0.02198257000505413 -0.005394678928778784
118 0.0366267302770214 -0.031711800067774 0.025400500061256534
119 0.047693363840197206 0.028506988032746355 -0.01063446504779608
120 0.0314162042286773 -0.03496027176301188 0.03253310466761878
121 0.037631669658219985 -0.0318949663788308 0.026999516427668274
122 0.04466318167569908 0.017917785809072075 -0.021386281854806
123 0.045898832681945716 0.020621656366081896 -0.006249011619779592
124 0.04507901466545093 0.026011571809441726 -0.019779253832258516
125 0.0467049760158141 0.027388092859276868 -0.010406332334273264
126 0.039800737807960763 -0.02475955094027806 0.022100814296124874
127 0.03585403974093899 -0.027193620321770955 0.035417660361812965
128 0.046904436184358765 0.03139223940112348 -0.011915964913374879
129 0.044031513571269366 0.020108607823426005 -0.009461525022543231
130 0.043819099281078314 0.022590682830180803 -0.00725225743431458
131 0.047693277606418574 0.02237534112765436 -0.00769968726627
132 0.04690433086538214 0.021016592473942965 -0.011075409844030226
133 0.04670514740313956 0.02387376538147821 -0.013297281536548683
134 0.03713318599578797 -0.031787682692122655 0.012229968528199506
135 0.044870883591228775 0.023792787725348676 -0.005878449987128284
136 0.045695230063198006 0.023732836848919515 -0.009394345367732362
137 0.03637108239273531 -0.03907259859994709 0.02516002018505107
138 0.04507886595571054 0.023154831210048153 -0.015437875173570974
139 0.0339842855098227 -0.03309371919045362 0.025436833162806913
140 0.036371191704658516 -0.018717581685503953 0.025697999071520712
141 0.04528563865776221 0.025014543815193708 -0.02160191078628789
142 0.04466292145711246 0.02715489132809871 -0.013337811533746975
143 0.045078674767848784 0.020577954046291983 -0.01331686177760004
144 0.0450787414303208 0.014473391969350432 -0.014346313939093802
145 0.04630413022421377 0.017996031202652224 -0.019917709363337747
146 0.04360545713283671 0.02213474276806002 -0.004536365697549797
147 0.04445361377199303 0.021906028918494466 -0.016728865164800807
148 0.04528521209585968 0.023826169735348048 -0.01370908796868538
149 0.043175820382044254 0.02616409665140306 -0.013902095705774609
150 0.03738280365521154 -0.020461043975557834 0.03127054650321044
151 0.04487154625212179 0.023676336568049947 -0.01981803060800966
152 0.04630383342513948 0.02195992295250611 -0.01254178177706968
153 0.04487151720300706 0.024788198489015808 -0.01798285818553483
154 0.03836833155222068 -0.03046149810889271 0.026422923406746172
155 0.04507821454857648 0.024043835761515607 -0.0006487324624155975
156 0.044032096212977226 0.019163412065735186 -0.02319558819472117
157 0.03611329127036936 -0.026338967213543514 0.037072753831848985
158 0.04690419893232939 0.020027988082268047 -0.006762593501041891
159 0.0366268900191241 -0.032569358489090934 0.019602567079285947
160 0.046505065087438374 0.032609232427107254 -0.01466863258563224
161 0.04295923243513959 0.01997337958611627 -0.016082919386056608
162 0.04403176276412132 0.022027191683015947 -0.01422141731175157
163 0.04360573904756584 0.023852591037353665 -0.011229231702895755
164 0.04710314792200248 0.021027766286641433 -0.017076791576139394
165 0.037132584657939685 -0.029928211064623973 0.0287339666380897
166 0.04730060661796793 0.027035926412814576 -0.013934493696098263
167 0.04403153120765452 0.019447224610811834 -0.009346714281589183
168 0.047300292418408815 0.021929610047800117 -0.006726869311197892
169 0.04569523679019868 0.025595044852728628 -0.00888987940101021
170 0.0448710605898843 0.020523352087674473 -0.007504184949920336
171 0.045695110285526946 0.017744351939219156 -0.007929956106455655
172 0.044031911813703604 0.025677599384903837 -0.017249997595716045
173 0.04569530159651088 0.027238045989956453 -0.012761032885576248
174 0.04424313727993401 0.03003576884577026 -0.014381589088496311
175 0.04507875498907173 0.02892593317113168 -0.011712889823514523
176 0.044453471974170905 0.027143342525395336 -0.012124451936656188
177 0.04549086307899517 0.02806130578363905 -0.014653426060997584
178 0.03425741031587852 -0.0328347715120624 0.029132638267703202
179 0.04445335113005949 0.024947173980622392 -0.01070525425000813
180 0.04769336681818138 0.02066572578042406 -0.010700776822093567
181 0.04650501733456204 0.02448495613597221 -0.01552683594061545
182 0.0355931968586744 -0.03538940809286534 0.02925983519532384
183 0.037132652702995504 -0.04113469289451339 0.02694509558834299
184 0.04360579738671557 0.025992147559864405 -0.008501540593183303
185 0.04528498982870012 0.02042597315615939 -0.009622929937429239
186 0.03637118515760303 -0.029981920572907925 0.026128956765442617
187 0.04630384622780266 0.02171865123425203 -0.012980927341076897
188 0.04317576773258601 0.014193841814103937 -0.013383877284011615
189 0.04650492369899476 0.016634169328432764 -0.012518531805730081
190 0.04208128299785163 0.021511223661536186 -0.009082451755132665
191 0.03787952533912136 -0.02156450365200036 0.013904047234227505
192 0.036113577601615564 -0.02624410509672695 0.029461231374709226
193 0.045490533041768325 0.025677854098722475 -0.007423730627425797
194 0.04569517443639895 0.030161229324145396 -0.006301813067533617
195 0.044031285105928304 0.022406092383589378 -0.004816416913708345
196 0.03585445096699424 -0.021618366582999027 0.027725585738073426
197 0.037631452304904105 -0.03533832330980153 0.03185760384487773
198 0.036113378193954396 -0.0295606288439874 0.032120265615050644
199 0.03688089549427586 -0.027475962364773922 0.021180735681887785
0 0.04274107326815162 -0.028333639115677784 -0.01221426597655635
1 0.04466203177627504 -0.029527409680147245 -0.003895953061783538
2 0.0438188498749399 -0.027868506135689825 -0.010278836887311774
3 0.04507823253392984 -0.03452825602304861 -0.009401541476004121
4 0.03637158269777395 0.03480001225434394 0.02627564529084206
5 0.036114455522772856 0.042167220901708456 0.020161977772424934
6 0.03738313172967472 0.030561025643583838 0.03089865446030529
7 0.04360570232173595 -0.029095406832674753 -0.01713216824770569
8 0.04610142174812096 -0.03418341456908058 -0.00795312226715188
9 0.04670455667337227 -0.021306863400144368 -0.007255532714360291
10 0.03688077673383075 0.03725267646664292 0.031821184653681805
11 0.040957769976059946 -0.02779448578449149 -0.017010585247884114
12 0.04424261604909935 -0.024133106258671613 -0.009614056425677973
13 0.03738342483890255 0.036245641534542544 0.026075424354771684
14 0.03688061888697394 0.031138942748433488 0.031928824995750664
15 0.039329536255054504 0.03426107374564178 0.020990136424585564
16 0.04610113448558723 -0.03227446275882665 -0.003592406686880687
17 0.04487095881098806 -0.02259987383869897 -0.012556026659788373
18 0.046101750491937085 -0.034292870690407276 -0.01659854212622236
19 0.036371665698805226 0.02734699491113203 0.021765652873647633
20 0.04339079614853204 -0.03036734501026296 -0.007089300510222264
21 0.03956615494246094 0.03458154695559088 0.019855775235490845
22 0.037383342944326076 0.034880297804836 0.028599905269222126
23 0.04487059200250192 -0.030672431491693578 -0.00815862471134511
24 0.04360544047360173 -0.03351235454465112 -0.012983278807872006
25 0.0452844942672151 -0.022257371748594684 -0.0032284005254142557
26 0.03980127844579548 0.029160744082227873 0.018885025254842695
27 0.04274101999063583 -0.027361699151080065 -0.011319700357530245
28 0.04690383622204168 -0.026866505426677657 -0.007168502924494912
29 0.03787959825796763 0.028095151874290448 0.01748607595351736
30 0.046101715198347236 -0.0312611812696536 -0.018018145975817842
31 0.035854834233899714 0.028664977076898177 0.02454646397525852
32 0.0376318382538936 0.03512991327437118 0.0343499847836333
33 0.04507826022628885 -0.021125173161250416 -0.00949519427908441
34 0.045694548111172024 -0.021481901279221276 -0.002562987697859405
35 0.04381881239835572 -0.030078652286608634 -0.011112134507397687
36 0.04630280969277173 -0.029067901503471754 0.0011942479102270932
37 0.03637141623244672 0.02880400593403603 0.027824070050467376
38 0.044242850922612986 -0.027840146467386466 -0.015288773173083735
39 0.04466271147601866 -0.018346627065438985 -0.01405029517065165
40 0.035854652457247914 0.036043696755925926 0.03033905523778499
41 0.046101291306029836 -0.03573715966956243 -0.008130764269381292
42 0.03885202701732702 0.02911798107425402 0.026698270194305432
43 0.0440316096983332 -0.02623070256087344 -0.018020994999742353
44 0.036880583361547065 0.028215496114708118 0.030586583620676146
45 0.044453049268268846 -0.030429969905312285 -0.011178530154050632
46 0.04507829711872371 -0.029844784857174306 -0.010054381236229646
47 0.04360514475329366 -0.022088427071691997 -0.004578106116356245
48 0.04424257684205805 -0.028828910763437708 -0.00973643730131051
49 0.03812448707655 0.02825271418888475 0.03145040341606022
50 0.04589850458102159 -0.027797563752490415 -0.007274136820568691
51 0.045490267489177234 -0.02467090958245257 -0.007968903495787159
52 0.04507820617239206 -0.029466241077944696 -0.00958368969585268
53 0.04445302992851286 -0.026894059747954932 -0.011272614649980408
54 0.0416353533838428 -0.03177153385758081 -0.011999608927022303
55 0.04445342808367296 -0.024826613030331297 -0.018809771888918306
56 0.03688078503384111 0.03185680425606943 0.027388743597500546
57 0.03885195026282772 0.02858090404608146 0.027696520699089424
58 0.035854920337834925 0.04070099400572001 0.026145932208284855
59 0.04549039834840143 -0.020157456167678712 -0.011748385910943095
60 0.044452877291679085 -0.026059944850158827 -0.0069332760816425195
61 0.03662728759397416 0.033049974009009435 0.023120730185140152
62 0.042081388479663945 -0.028804374832345714 -0.018676051837976056
63 0.04610160089590138 -0.02367883579684115 -0.010389401849052255
64 0.036627361043501165 0.03567063357846257 0.021824920852239228
65 0.045078344606143315 -0.029579421166837327 -0.011550882401229312
66 0.03425871080404788 0.030690742432862177 0.01144533637930843
67 0.04507785146595731 -0.0384705553936024 -0.002521989087574501
68 0.03688060986441216 0.023776242308465305 0.03195917393859265
69 0.04295822426582897 -0.03107603879701485 0.00015022431545994066
70 0.044662460144991895 -0.03038912579963758 -0.012485033366814027
71 0.035593882489313194 0.03199099835728845 0.021863715295119716
72 0.036113581844219304 0.039990903324621255 0.03600170058928739
73 0.044242918909248675 -0.020910611864250063 -0.015342949642640668
74 0.04295860044623086 -0.02551652531447738 -0.008032349116791859
75 0.04208099392969326 -0.027080848129520482 -0.009569681785004079
76 0.04528477957305032 -0.025611142928760457 -0.010543744181985632
77 0.037383510764826794 0.03582788088043114 0.02638401007650684
78 0.04569513991555437 -0.023721881133344187 -0.015253768553849523
79 0.03787924545493397 0.04304758472608954 0.028733540742375503
80 0.04487059367078815 -0.02642453064702109 -0.005658791038254321
81 0.046101536796959025 -0.026864720977823556 -0.012211467724096503
82 0.04424341287682231 -0.027226045475266438 -0.02554094887642503
83 0.040498463112431445 0.02028090436213971 0.014886991942343884
84 0.04630363248241742 -0.03363348936100746 -0.015820343516937334
85 0.04466252475049869 -0.029519135993554414 -0.01312003988364783
86 0.0427406809991099 -0.03190035963803063 -0.005566567950400085
87 0.04487068819718857 -0.031552592879102864 -0.008462604816153997
88 0.04466227153788167 -0.021931579879402405 -0.006260929116330711
89 0.04690397661966589 -0.02250075762808553 -0.00924404771383319
90 0.037879254644078514 0.03314433116432387 0.026307431819930466
91 0.0442422751977429 -0.029698189033246343 -0.004547660977224172
92 0.04507824279052606 -0.0324106110578048 -0.011660231240191273
93 0.04549040290208721 -0.020504827291043252 -0.011100395645131102
94 0.046101599151850074 -0.026757211405570084 -0.01215456985720832
95 0.04466240634195209 -0.026071423326920248 -0.010713240890798354
96 0.04445304549788415 -0.027813321575364317 -0.009140783084690508
97 0.044242577094588724 -0.031540134144338657 -0.010335424931146005
98 0.03533074367984605 0.036332829238594086 0.023867621491197043
99 0.039091559840745894 0.029615732255233906 0.019880210252513186
100 0.03738328456978228 0.02570929795069196 0.02714636615495444
101 0.04424239967670161 -0.03683924395904924 -0.006098086909269983
102 0.04569480665216704 -0.027925740914710433 -0.006912011224035995
103 0.04274101173606531 -0.034964837225367126 -0.012263440877358147
104 0.046903618413280966 -0.018096402037516536 -0.0010597813369670318
105 0.03688062246684361 0.029501648211417337 0.03168480848760613
106 0.04445296901915627 -0.02873492205460504 -0.0093672953367096
107 0.047299778149132825 -0.028521483134578952 -0.004175437837976897
108 0.03637175240206314 0.03129374781778408 0.019714324785637147
109 0.036371593629197375 0.03985542262321893 0.023494959125067046
110 0.0368811758797197 0.028397938086677718 0.02152316989562545
111 0.03932907822107368 0.0299149185372283 0.02830655158262362
112 0.04507838439941974 -0.0300597912962461 -0.013733174155084498
113 0.04690427661971821 -0.02316963773428212 -0.013349304227988764
114 0.04339102628900824 -0.028870830507810953 -0.011515393123827197
115 0.04360544737311119 -0.02840068300254744 -0.011513385136308634
116 0.045078463312522396 -0.02998820622838187 -0.01598498619288354
117 0.037383858420970965 0.024319667707013742 0.016250473094673847
118 0.0446623019236026 -0.03309601314579278 -0.007660968299370408
119 0.044453070597283276 -0.03186089970750501 -0.010853819453905202
120 0.04274099029713562 -0.028060914766639855 -0.011276997245737986
121 0.045694556752259204 -0.03363340996361127 -0.0035902071652373154
122 0.043605178058572655 -0.030057518515434634 -0.007765277811227454
123 0.03662731357983107 0.03057670655410926 0.02291364113664522
124 0.03662681293145642 0.03598405912247335 0.03261280401447841
125 0.04589878254807463 -0.026709313593607138 -0.013371336348260113
126 0.04381889274630065 -0.03328546976139623 -0.011900427642104614
127 0.04507854475036729 -0.02576768384931075 -0.017025755455214255
128 0.0371330769327944 0.030324899090789257 0.02574657867242741
129 0.04360531069420706 -0.03059087147403684 -0.008028613206656168
130 0.043605180015479215 -0.02906107894613807 -0.005815728397697055
131 0.03763213863107194 0.03987790140651244 0.02760190569811925
132 0.03662739644247938 0.03789425555778264 0.020966286495195895
133 0.04381879187576426 -0.027807614253192555 -0.009749052945459098
134 0.04317546637423657 -0.021837701844948335 -0.01207132668776683
135 0.0450778627488294 -0.022265844579028905 -0.0029085696822335077
136 0.044870919842334676 -0.03088926823565421 -0.014235020043005503
137 0.044662464431795564 -0.028779228421849504 -0.011751821628387395
138 0.045695056702030536 -0.025329321033748527 -0.012181580843123008
139 0.0436059580891488 -0.020719260427574496 -0.020825785253197362
140 0.044453177792955476 -0.029261201119425647 -0.013067589790249428
141 0.03479875765911194 0.031419191458683896 0.018915172311364706
142 0.04589903144405305 -0.026159996119548952 -0.017715930199705222
143 0.04185897865029116 -0.0265813450412031 -0.015690677452562453
144 0.03763258040237399 0.030047922582408338 0.01868736949722433
145 0.03956603219908372 0.03285750362413636 0.0214762343516595
146 0.04670481856153771 -0.021115379374715297 -0.012113031190321087
147 0.04507813704190457 -0.03180373836541735 -0.007068417446142352
148 0.03452938361458202 0.03729158585016932 0.02584558705004425
149 0.036113989275104924 0.036001847182997176 0.028845148509335474
150 0.045490304509445016 -0.02920584209138346 -0.009702010364423884
151 0.035330623114083304 0.03410195875335689 0.027889454023752445
152 0.03738318742329295 0.036138485111615784 0.03248884389756397
153 0.04360559039340445 -0.026590793189145846 -0.014278716140162163
154 0.044242685854959794 -0.03722294723469292 -0.012988623720323632
155 0.035330626121317016 0.02703220797583956 0.024105048843704267
156 0.04549060869580107 -0.019331647622487683 -0.015320362502483925
157 0.04507821274923615 -0.031442699337425536 -0.010358659218543757
158 0.03738327397155701 0.04598859560806263 0.030911085445700048
159 0.04690417973748842 -0.021989062565807158 -0.014151053858949533
160 0.04445272239695243 -0.027037575106807762 -0.002721879741973813
161 0.047300044691998944 -0.031035670798949557 -0.008429756039196705
162 0.04670454085153299 -0.02968290398364133 -0.008889439737899985
163 0.04528502398613503 -0.02310093647182783 -0.014127892532971675
164 0.0376324505165139 0.0310617723175604 0.019179754022571376
165 0.04403168892105857 -0.019518833976542492 -0.01759693279345223
166 0.042958456936818226 -0.03700794626886397 -0.005468040679051022
167 0.03738348934915366 0.0353744110911655 0.02583274878750565
168 0.03611428199074348 0.03824468661849321 0.023782707036096366
169 0.04360554474423556 -0.0285427414165257 -0.01526155625704956
170 0.04466258191182074 -0.023166740461825715 -0.014611260871660469
171 0.03370879514871693 0.03466240844525292 0.030713851261745247
172 0.045078600029334136 -0.02103378938738341 -0.018289196674095988
173 0.038124503992265926 0.0290949306896588 0.032149933176845794
174 0.04317560876379677 -0.02934932887082294 -0.0178172650354336
175 0.03559350350185729 0.02345095817380861 0.02893213689745345
176 0.043175489534146204 -0.024452070679868675 -0.013691462273665815
177 0.0454903225496614 -0.02501936552506502 -0.010752781987802995
178 0.0423026360686679 -0.027451365271433104 -0.01983215114902334
179 0.03787912938141752 0.036495054363862765 0.030277261936608686
180 0.044242641997193626 -0.03126103273634539 -0.011744538472095166
181 0.03662726729016106 0.027778789526241257 0.023209758543559295
182 0.04630351157889388 -0.02246039824361888 -0.012462427057394223
183 0.0465044556185628 -0.03219521180892765 -0.009455453287048806
184 0.037132897392263976 0.03128099159998201 0.031214497660585032
185 0.044031530997963586 -0.029056751733564045 -0.015407522368082864
186 0.04274082797667616 -0.02847412084713995 -0.005564844209026272
187 0.04749748316250758 -0.0243586886679084 -0.02024499803436679
188 0.04589885579638339 -0.02797968205078248 -0.01375905238170043
189 0.03533077578129234 0.03423484644949869 0.021168207872463367
190 0.03611396671131766 0.030875247875285318 0.030098748657333328
191 0.042958816994279385 -0.025501449397019985 -0.01137238953885239
192 0.046903925698771956 -0.024775448915520186 -0.008390882217746797
193 0.04445297914203852 -0.03014037875647866 -0.01131402890350265
194 0.04507795771835961 -0.021835707853538198 -0.003115064144778656
195 0.04610158491450302 -0.024210465293661533 -0.01201584722184697
196 0.04487101646865581 -0.025062817086588036 -0.014460972464417885
197 0.04528443290949225 -0.032479731871658236 -0.0029895953195250196
198 0.04445311503035275 -0.02274653457354719 -0.011558140397262648
199 0.0463034271292153 -0.023285031878948283 -0.00982450871637243
