200 3
0 0.04086283805651861 -0.0015216135517391086 -0.030204802729805198
1 0.03588157734242648 -0.022446060659909988 0.01099651246416403
2 0.034524094797707704 -0.02554265422669226 0.02780444012965262
3 0.03845352912378447 0.014256276098195478 -0.02625796246886133
4 0.03782533772365529 0.0419460561161511 0.029129221778769237
5 0.03845194171160018 0.02853492764229695 0.017961109447541177
6 0.04115264263284709 0.016197862422627787 0.005827570960114408
7 0.037188559715590166 -0.030578262190590403 0.03444476119448587
8 0.03686745844521969 -0.0033735054749998274 -0.021844244068318842
9 0.03845194511540824 -0.029910363835342364 0.020953961504767166
10 0.040271937048393595 0.02596153753590671 0.0329657930180709
11 0.03845177601866541 -0.04019773942264675 0.0344379821032813
12 0.03845191198809398 -0.019889809987981528 0.023405244278781136
13 0.03814025843376155 0.026568318742351507 0.007278922232739121
14 0.03588144964566607 0.017549983513319347 0.00868971460522809
15 0.03588107283626782 0.02194823084358424 0.021713428419674274
16 0.039374006995463486 -0.018617003339810822 -0.016780315526869496
17 0.042298890618441415 -0.006139512135493114 -0.020079735991436722
18 0.037190751183011315 -0.008049891134422405 -0.04240451550845095
19 0.03417607999621116 0.04536090644833142 0.028291097433662295
20 0.04027414340907226 -0.01284665769151639 -0.033263289204598166
21 0.03876187062172809 0.031224942794201137 -4.183619771404578e-05
22 0.03876118320460174 0.025782154436260706 0.018703542816304562
23 0.03906987351466831 -0.00023053101090692244 -0.03458089092675137
24 0.03588267104585821 -0.002613031184360886 -0.02586284405939651
25 0.03782575894352332 -0.02751404920291045 0.026033362507649344
26 0.03997512156557035 0.033512821401754066 0.007973073677219021
27 0.03876255334319067 -0.0040539215220478245 -0.021945670074843677
28 0.036542211126798216 -0.019026496225081086 -0.021342088154121416
29 0.03997444887161222 0.02419196457818711 0.025948584485761574
30 0.03782710138516045 -0.007961619240914722 -0.03093341580771473
31 0.03554691164056836 0.03356758759000092 0.00849879106513542
32 0.03845183047145097 0.034305438228087654 0.01840759160826165
33 0.029688080651213908 -0.030530039090826598 0.025917718201634066
34 0.03750875260191589 -0.02230860630914446 0.019787888338306785
35 0.03520915534615405 -0.019879177164274293 0.024876133210807713
36 0.035210594233444206 -0.0031476411811414834 -0.02959994801061208
37 0.040272142740080126 0.03413858813278688 0.029349672461091266
38 0.04056923386837679 -0.008839203464875775 -0.01534882548321279
39 0.03782736877257445 -0.002284860467667338 -0.03695485883606754
40 0.036866280117180995 0.04216646346963852 0.00865298333497095
41 0.03782678892232798 -0.005687952767107865 -0.010180885013687928
42 0.035546230962996965 0.027148134642902336 0.0317385359135915
43 0.03782547323923687 -0.01961475113338369 0.03050040821714599
44 0.039674793301764016 0.03531193954035952 0.0217605995638388
45 0.035882891913114855 -0.006484945739198358 -0.04377778794638312
46 0.03686747293558568 0.005262117819152751 -0.019160728035370958
47 0.03967650611131152 0.003321197330736962 -0.032983532292293546
48 0.03845359299235098 -0.00269292257285342 -0.03300515005951718
49 0.04201364604063819 0.04717785589278934 0.030292295580168608
50 0.036866140940348936 -0.029768582445687124 0.028058491788917252
51 0.03686643465447387 -0.026300890697646864 0.021223851292849
52 0.038140283216236984 -0.024137616021095022 0.019919299988284622
53 0.0365406079123606 -0.02505639613601823 0.020233929534150243
54 0.03814208424305889 0.0018482702997409135 -0.044320942875640944
55 0.03967510065715292 -0.03704023989549445 0.018918620248482468
56 0.03845130161122902 0.03284584746379083 0.032200843820410156
57 0.03967511071973161 0.03122554755276632 0.01063130904743837
58 0.04056755984230478 0.029867787095992124 0.025351406117503663
59 0.03997659321059461 -0.0031890313398273613 -0.034982139997589826
60 0.042299327475701816 -0.012450290396383769 -0.037179475924464384
61 0.0345233241250483 0.0276591269229286 0.03410542183466257
62 0.04341213591598742 -0.03047997724549994 0.027127678157157723
63 0.03845355767695188 0.0006813876446155316 -0.02743670810726947
64 0.0390683493860036 0.02530882203652476 0.012576331538510097
65 0.042299079880531644 -0.001887194357949596 -0.034528883835455604
66 0.035208672684581444 0.021889082363859415 0.031586953878632876
67 0.03967472806535647 -0.02146463009719817 0.03370997911785487
68 0.039372781134065823 0.02383548385920092 0.016040969309889228
69 0.03750836784629648 -0.022055146889039964 0.03034255521977042
70 0.03750846078705216 -0.018910155362924765 0.025821602309603276
71 0.04086116325633357 0.036892017940289075 0.011577804324996008
72 0.035881162488600966 0.03127296614163321 0.013491748057184885
73 0.03782573979455446 -0.038545403319659235 0.025736942040878452
74 0.03718855815765605 -0.028591553572243755 0.03159419785943015
75 0.038760994722387136 -0.01088533399926472 0.030801806719464437
76 0.037825551139070136 -0.023317343506035815 0.02243455133629299
77 0.03718821941190229 0.0217534216362315 0.029683473863889216
78 0.03967646676142125 0.006167249735770523 -0.031678162801270095
79 0.034524213070688675 0.026296316747631016 0.012263246552300489
80 0.03718897511224085 -0.025188293220469934 0.02127306491131956
81 0.039374644326684784 -0.013767544161174034 -0.03481334844039561
82 0.03876276257026719 9.677065321125723e-05 -0.024441576804396667
83 0.038139363789070325 0.03874959644906586 0.027939157562664595
84 0.037190782074153945 -0.003196524351487592 -0.04074130919389739
85 0.03782714920365232 -0.006294810470601422 -0.024529308339444347
86 0.03654043852798164 -0.02788823439990001 0.027746846546918526
87 0.03967625872682943 -0.008387991645957577 -0.028930802275117875
88 0.039675028976590435 -0.02906919494525408 0.01974176775237351
89 0.03876294937522766 -0.0064577233153286446 -0.0339868058932704
90 0.03554668206447501 0.02835174487703919 0.01737865124251627
91 0.03750835633748938 -0.021187372709747132 0.029604187595814204
92 0.0352091390469607 -0.010715284523510797 0.02337823319405496
93 0.041443228600957706 -0.0029077164995256104 -0.02818945501523619
94 0.03845165130629787 -0.030431902863077506 0.03181788019421272
95 0.03907006327473248 -0.021015929548197483 -0.03735697582142725
96 0.03521078036457739 -0.014562565651997463 -0.02601002042292682
97 0.0399763099748592 -0.0027699811968498068 -0.02836376360098846
98 0.038451931582773345 0.010638439520690672 0.014470532022604418
99 0.03845175327712844 0.02975369966799863 0.021739622941171433
100 0.03997506589786767 0.027568218115287976 -0.0010555187259356053
101 0.035547617328858944 0.004373969566992742 -0.009908400867527
102 0.036213904908047274 0.004211333567288744 -0.026126364365977234
103 0.03782660162128485 0.0003563577791761731 -0.021650123336382703
104 0.0368659733583468 -0.022721618539275016 0.028075049713576286
105 0.038140284480246936 0.04039190893876002 0.00728149336462203
106 0.03554819753040258 -0.006901133531483898 -0.02732595918576747
107 0.03686617350606111 -0.022409088584156002 0.026920378612820192
108 0.03654049850272308 0.03194328052906907 0.029810065131842443
109 0.03845186029196368 0.02009162728522848 0.018085651543508295
110 0.03718908224635356 0.02116487431273522 0.008129381827026059
111 0.039068141978722506 0.03139526224851478 0.026048286738345375
112 0.03876136884112031 -0.014721908316623102 0.025262594972416508
113 0.037508917112987705 -0.022084850345384693 0.014718900363459216
114 0.035210522078733035 -0.008985172152322835 -0.026796018773983854
115 0.038451836703471506 -0.02995208884754757 0.02969666097061598
116 0.03750854506966921 -0.027768542084693513 0.02342490939226261
117 0.041441662704902855 0.02810923271861731 0.018242715187702718
118 0.03621270283738932 -0.025178661810523792 0.024665402972317826
119 0.039374239498699684 -0.015562251584260662 -0.026871893826245625
120 0.03845146907636491 -0.010022220557448815 0.03526964722570877
121 0.03845179026173034 -0.02679855809837504 0.029507908990175087
122 0.039069852296887406 -0.017786157183219367 -0.0329668074732619
123 0.03997498664159558 0.02001100729833284 0.01223711190948377
124 0.0375082831163037 0.04109931953428654 0.024435491099541764
125 0.03997653517499847 -0.0018694123790022942 -0.04149496756697619
126 0.03686634837299281 -0.014936469283037936 0.02184076229629036
127 0.034868290101405436 -0.018342325951155973 0.026493380663500293
128 0.03814009037307387 0.027007175669233587 0.018588105375783922
129 0.03876307140463916 0.005759511457816776 -0.03513846540100297
130 0.04229897709868378 -0.007783181455278428 -0.023980416069250915
131 0.03686590809092405 0.037184012636085444 0.022541682886641646
132 0.038761308505005046 0.04420333424397098 0.011478601001180238
133 0.03997649995650676 0.001982618175822205 -0.03611057596647954
134 0.038451915661628644 -0.008043837801786623 0.021143325066630102
135 0.03967665544016792 -0.008614426398675221 -0.03674145551186241
136 0.039677003835415295 -0.012258651127849574 -0.04713486525581317
137 0.03686613988341653 -0.020315715273897375 0.025702453293410105
138 0.039069784570261896 -0.004422118551116709 -0.030440835866680345
139 0.04056804750916154 -0.02545759597340048 0.01745052205271551
140 0.03876124961206999 -0.02101390509409897 0.024995037208519238
141 0.03782547392149152 0.037242043210494014 0.01689163166797121
142 0.04286010874968702 0.0014340675696505284 -0.03116629306444924
143 0.037827323954099816 -0.010384468885557125 -0.03390117831438224
144 0.03654065785647216 0.03646077159185451 0.01899072143249108
145 0.03750854696789054 0.02124192229851899 0.016698698696252415
146 0.039676638526934954 -0.0037398555578426504 -0.03752216788933202
147 0.037827106676627587 0.004546982582533026 -0.03029960120883277
148 0.039068214258629136 0.028463606901192057 0.012920596120398717
149 0.04027217554807776 0.029986414214222146 0.022303108560611445
150 0.03814009731439342 -0.02285873273487986 0.024413911450724496
151 0.03654083289203289 0.02999183296940932 0.012590811737489965
152 0.03654043416152035 0.03565970396851392 0.026049106869605945
153 0.03782715612923077 -0.0122579534437067 -0.028403525847176276
154 0.041441705630817005 -0.018578837204305015 0.02374170197610443
155 0.03621214143458539 0.041436966013401876 0.02568453557483135
156 0.03686769134531321 -0.004899230423064899 -0.025726130309912245
157 0.03906796781330915 -0.020653746735489992 0.028941950169137552
158 0.038140189449146496 0.030016998484736546 0.013355553167179042
159 0.038451860000064945 -0.02771209327347469 0.02028214784836421
160 0.03937435409244497 -0.007907494757068098 -0.03689387992131238
161 0.03967663422637502 -0.009168267723577782 -0.0366481785316396
162 0.036867822996934974 -0.003647383730784569 -0.027882583935826506
163 0.039676502837898614 -0.009770807362897876 -0.03187065182275966
164 0.034868317195136306 0.02026526147031817 0.012673436747827648
165 0.03750839611592315 -0.024588623718621264 0.030210761878574004
166 0.039069809347733846 -0.010830900592641711 -0.035767658954187244
167 0.039372220112335966 0.0360605858610506 0.02325981382551257
168 0.03937246584357056 0.03439263396019483 0.019417827100824892
169 0.037827165416304154 -0.006749280652044173 -0.025633610277334528
170 0.03782730202171194 -0.0054799074536044 -0.029998013544922385
171 0.03588063108649511 0.025608529022604277 0.03191932980880562
172 0.03937409075468238 -0.016164139072235476 -0.02075263442882908
173 0.039372882516199116 0.029816373025826338 0.009019377585407348
174 0.040862901500347396 -0.004862945577239724 -0.029268520946205634
175 0.03997474511930497 0.02235724979305592 0.01991821944599463
176 0.03417788346894442 -0.0011880137118207043 -0.019197275291973563
177 0.0384530426954332 -0.010280337835153065 -0.022788673323514384
178 0.038140099764347325 -0.02517384196211882 0.019725059681036827
179 0.03654102022633149 0.027214774807813747 -0.0013444348209277759
180 0.04086315105407745 0.0035015282512492617 -0.04551639748950158
181 0.03813968339628911 0.030862190956506122 0.025958857888174237
182 0.03718936767556014 -0.029175674563175272 0.01014492030657358
183 0.03311163910660218 -0.03600816227890648 0.01793800519705428
184 0.04027237683625513 0.01963467360885866 0.026161965200850693
185 0.039976746066850845 -0.005391369984362377 -0.04011257661882902
186 0.03876172105327791 -0.026295260425825726 0.012925929854960142
187 0.03967625640086994 0.006066672244703278 -0.026830546653456723
188 0.041730629790780016 -0.003710566612155127 -0.03170783414790489
189 0.034523640174834856 0.0454580838827274 0.026670927405570862
190 0.04257898027264936 0.021403261167918845 0.013426839840420975
191 0.03750840581740657 -0.03294702122777197 0.0248819584536011
192 0.03813985228166157 -0.04477679210116353 0.032255673591317
193 0.03967670255281912 -0.006091635981872406 -0.035942411042217286
194 0.038453634715047855 -0.006906478968423088 -0.028089365422016337
195 0.039374415217457215 -0.0041456361569409015 -0.035494625278459216
196 0.038451766893951925 -0.0187563887230434 0.025377402000969093
197 0.03486798291335828 -0.03616389497213787 0.030085688490807807
198 0.03967495980613907 -0.02082258007989007 0.02614606142886392
199 0.03967496073700872 -0.0228746337525508 0.023344878353908364
0 0.042298666008027244 0.02351258519935084 -0.022059339671991127
1 0.03686606770372462 -0.019823928238267008 0.02980699598419529
2 0.039067922257151416 -0.019953976398456908 0.030113555493087252
3 0.04368725037507722 0.025847712423187962 -0.008321494701663794
4 0.042859705913936355 0.01834103203155944 -0.025801515804353848
5 0.04144259438340638 0.02867729424465405 -0.00786786090474776
6 0.044500590003214574 0.02302247042777871 -0.02935253949413368
7 0.037508423494671976 -0.024704339256682726 0.024376462584045657
8 0.042015358728076505 0.0204221794959938 -0.01904057979583457
9 0.037825470736318395 -0.039745494364122565 0.03439840106600341
10 0.040862081376898736 0.010554247930050333 -0.012918275227264183
11 0.036866355625101606 -0.026904167284876483 0.018526594827853796
12 0.036212136528984334 -0.024652468144286153 0.03531552669534919
13 0.044767574185830036 0.014523813574763738 -0.0142023977295468
14 0.04313644598025253 0.013742345639473552 0.00347284292981331
15 0.045822651131071264 0.013252301978013623 -0.022962537083114864
16 0.04115312283269716 0.03219765247860123 -0.007214369696921697
17 0.04503379686730661 0.011642294771532604 -0.021155178888978193
18 0.03906903132080754 0.015469248855325307 -0.007123372358462421
19 0.045297953137573524 0.01511760085332038 -0.012099319299386768
20 0.04313696269301545 0.020677920031025206 -0.011090754127986385
21 0.04368753524861539 -0.0005130735456702048 -0.01367192228452588
22 0.04476746115784651 0.023476023686506798 -0.004482516376361205
23 0.04056839376000024 0.031773881443622615 0.0007065174578799499
24 0.04285912147721693 0.027354647942060942 -0.007716998803851253
25 0.037825164181613 -0.02309232998719543 0.031818776450579844
26 0.04285894006511103 0.020116602100211725 0.0017260760227541647
27 0.04503357732997255 0.018053914894380768 -0.015431839356089352
28 0.04313800446990614 0.023201123325086826 -0.033472666521403426
29 0.043687593277672104 0.010527994385939035 -0.018833042043235302
30 0.042859448979059675 0.019699356940208267 -0.016835756754218383
31 0.04368742259457555 0.022885423970473596 -0.01591284499341111
32 0.044499896358501406 0.02497407906649051 -0.007975447922771833
33 0.037825172871369585 -0.017608182395566538 0.03384760593710111
34 0.03718871116092067 -0.022528847189268786 0.02694615375411277
35 0.03906801563222358 -0.024329487904871133 0.03756333274155609
36 0.04476785334280835 0.020145889874543917 -0.017112157267362847
37 0.04582251683545269 0.008979415222097034 -0.022982780648488032
38 0.04396001962078126 0.021848424644851996 -0.015268925504755565
39 0.04503396276572568 0.01966328566092663 -0.019336965159547418
40 0.04341301224400345 0.022470751299349757 -0.005596828743044192
41 0.04285967988919329 0.01043440502117228 -0.015235719631774025
42 0.04056855812966326 0.03075838437020096 -0.007087816322266626
43 0.036212763942995815 -0.025970506386904756 0.020056441342757417
44 0.04341323871204445 0.020959107467966094 -0.020050833240981815
45 0.043413466757649156 0.020081884851344232 -0.020512008891136666
46 0.046082506297615594 0.022769923123893615 -0.020007493282379097
47 0.04368761306540947 0.013907262815331282 -0.013048106950075673
48 0.043413201747284226 0.0315417448240013 -0.019002104508348112
49 0.04201530432732739 0.025515473423201082 -0.02219575391741051
50 0.03346994754663846 -0.013513322228675809 0.03270755425023342
51 0.0368660575954678 -0.016434115581232794 0.027142321326826598
52 0.03813977028539862 -0.025990031158739647 0.03548894566687269
53 0.03654111230927567 -0.028221879373543198 0.016269927473270825
54 0.041729831540016256 0.020190800586035194 -0.012027689927824103
55 0.040860922300196154 -0.0249536912495817 0.028115637608273604
56 0.041729327244373 0.023966712934525593 0.0014151192271117722
57 0.04115334769372365 0.021874126464678907 -0.007963764550665496
58 0.04556064649931082 0.015504399868889206 -0.005898033669131653
59 0.045033463452525915 0.016158225593595355 -0.005952340548208447
60 0.04229826626699364 0.02841184352927235 -0.012636865065280672
61 0.04396016337361991 0.021617179328037812 -0.020202033935221932
62 0.035881085311261746 -0.011871918499290448 0.026378470685285364
63 0.04423098095297104 0.013103602653383548 -0.011520703992472767
64 0.047360594996888175 0.01959742701029656 -0.01656099510409326
65 0.04285976318236252 0.015957183440455058 -0.019147013786381582
66 0.04529782923110114 0.023057708764602194 -0.007446269703240323
67 0.03201084436290226 -0.011860321768585584 0.025542279918236332
68 0.04608211634996295 0.02467061634623369 -0.005934902989237812
69 0.035209375417333696 -0.019985291117952733 0.020878626214455468
70 0.03876127555597458 -0.027037489333556007 0.031927879720061746
71 0.042015349477643016 0.011874135995691112 -0.02257302395111509
72 0.04710739568848505 0.02598222611722589 -0.011458288504072012
73 0.03347021534185572 -0.017743607171998764 0.020618558471010625
74 0.03750852261788527 -0.02663694442673928 0.030876276665634094
75 0.04027284172877526 -0.010756218317569684 0.012833448783160957
76 0.036540980716299264 -0.012026660201003753 0.011424007378607161
77 0.0450336633746423 0.0188035508066682 -0.015449870710306395
78 0.04503387929806494 0.01791839739381582 -0.023307635670262068
79 0.044230815485405806 0.01925935109274127 -0.011978072663227021
80 0.035209008370073125 -0.025212717407564606 0.029167246095559533
81 0.04476754690962115 0.017933411128442604 -0.012193781157634935
82 0.042859297910136054 0.017384193916435794 -0.014349527122665877
83 0.04761193357463479 0.01268146347479428 -0.015581759769146606
84 0.04736042234474429 0.01212939218535943 -0.016766276789851042
85 0.0434130812844941 0.01588624047735866 -0.012989590476289632
86 0.036541006844897715 -0.020995375755115866 0.019694001861558636
87 0.04503365280722219 0.03155621168473115 -0.015156357483637589
88 0.03906838817067884 -0.013856068599089336 0.021340793269728014
89 0.04503348445185994 0.022832833477887827 -0.012067989817437777
90 0.04395978027481237 0.01967881969397072 -0.012098902015870182
91 0.03718888755710019 -0.017792519781202467 0.021390893797442804
92 0.038139697540639256 -0.01424356208185661 0.03135060590879558
93 0.04313712381314051 0.01682314793722531 -0.010067302198800868
94 0.03686578114827238 -0.008141435755079455 0.03427176528754588
95 0.04423063799378301 0.022684102229855476 -0.0043780005796151674
96 0.0463408936526073 0.02540514061497746 -0.021786056196504894
97 0.04556093661209779 0.014741906630595566 -0.005849697151286991
98 0.04313694146708769 0.012096530597673294 -0.002873212500127404
99 0.043413177033788865 0.011715799584161298 -0.0095744145704424
100 0.04341333976165756 0.010876889023488781 -0.016219236906707443
101 0.04257995052722844 0.018169263159504193 -0.014778143191525506
102 0.04341317391857673 0.01586491693295316 -0.01320287359977536
103 0.04172974216258167 0.013536025299213479 -0.01539868886404286
104 0.035546568103586924 -0.022035538624110708 0.03429760187393298
105 0.04341309674652955 0.02998609149460642 -0.01682099619219737
106 0.04476805438762749 0.014393733051687537 -0.02541803320058321
107 0.04086107871091287 -0.014447062776822195 0.026411053965330795
108 0.041153684786670086 0.02342387532698838 -0.013815777752459468
109 0.044500170260972235 0.023321878992790042 -0.018712020573024297
110 0.04395987796414797 0.03056503902972658 -0.018580648558012475
111 0.04172970957507401 0.01720683469823314 -0.01028727332108737
112 0.03686624410861648 -0.035828201856316605 0.025513125845355037
113 0.034176376312878204 -0.016936760163475742 0.025832238829986642
114 0.045822160252013244 0.02500168942766366 -0.004513289112172226
115 0.03906851881944899 -0.023646441011080255 0.015158172654453508
116 0.0381400282244463 -0.02745569183195238 0.024924005786396822
117 0.04368744291343504 0.0214351966450773 -0.01439074621956645
118 0.03937267523592522 -0.0235247984312074 0.02308875792739183
119 0.04423097542627356 0.005227521751904224 -0.013753077849073888
120 0.03554712429798212 -0.024860642900709117 0.02267866354079388
121 0.03654123040060025 -0.01840662859778143 0.011854333163575894
122 0.04313718448488732 0.012659013717661595 -0.006675947526812365
123 0.042014786802193976 0.02379423977701579 -0.007079518708532378
124 0.0458221386772717 0.01655426586110403 -0.007682670011695351
125 0.04144299067669727 0.01901344993394682 -0.018275698700915527
126 0.03520867831987565 -0.022271744406556188 0.036087199534665555
127 0.0334700888196732 -0.018544023537565405 0.01941674653880869
128 0.042579742665659115 0.014751464684027254 -0.007515614809852946
129 0.04449976746342516 0.016844193006425014 -0.00566445551398312
130 0.04229846727974223 0.023179246973564143 -0.01651669143118461
131 0.04634056052516893 0.0191275695236501 -0.007884162161060514
132 0.04368773432969598 0.0014492283546476028 -0.01757638368686029
133 0.04368729318316039 0.02125699580942634 -0.011207209759749441
134 0.0358816003748629 -0.022087273477313103 0.017949874890824585
135 0.045033356052441756 0.026341931182979943 -0.014621806582774573
136 0.04229819201512503 0.032036917584810747 -0.012220663215599323
137 0.03654102047991529 -0.03086461647381791 0.02573199986599059
138 0.04503389305986136 0.01225664070748775 -0.012187238018598003
139 0.03782575148239215 -0.01859649046853387 0.018596332524889406
140 0.035881309316193974 -0.03316924665222667 0.021396772971079767
141 0.043137612846214375 0.01719417853407118 -0.02902610807776167
142 0.042859017824310286 0.02563266511500536 -0.00054791562980838
143 0.047612520502769 0.012681626928121496 -0.03238860555204528
144 0.04201497840017526 0.01843128456206213 -0.006360698300328477
145 0.047107434091824246 0.01712554469000903 -0.009306516688993014
146 0.04341304901383914 0.016035098169319514 -0.00786031354196019
147 0.04172958827496076 0.02816127075908528 -0.0101494153304457
148 0.044767124701137334 0.022655429703047587 -0.0014907778187310103
149 0.041442695740329286 0.014967548404140454 -0.013316955149665672
150 0.03718891236704737 -0.026452564433413872 0.01733469262893511
151 0.043413400148848216 0.019732996496207994 -0.02484002943993445
152 0.04423060552005521 0.01182736630779497 -0.005688248269484491
153 0.04450003316919793 0.020960294216550275 -0.009774472888983657
154 0.039974787867362326 -0.023782857343687014 0.02913052996080232
155 0.045033817311038234 0.009550235754404886 -0.01979636611076382
156 0.04423085899995251 0.028878807476065436 -0.014695889305375413
157 0.035881398721908445 -0.013270077732452853 0.01227678774176883
158 0.046598058345662476 0.018858508792902393 -0.025238190803360507
159 0.039674628581784756 -0.024223139060198788 0.03159614813339962
160 0.04341336913112573 0.028819600890007777 -0.027877236300209857
161 0.0405684193902391 0.022714672641968053 0.0048831530864841405
162 0.04395966070857275 0.016610830221356718 -0.004830579155286803
163 0.04027331874211579 0.022776192468087382 -0.00958219049020581
164 0.041729697484222075 0.024718592462216988 -0.01001809706911238
165 0.037825367159781194 -0.02832353311937697 0.03491698704674699
166 0.047107430480395285 0.019186021362553093 -0.0106119219436075
167 0.0445002384894838 0.01582077275613093 -0.014905676915582292
168 0.0468533222733732 0.018641924770924523 -0.012248073135795134
169 0.044499798653917746 0.025200484455261553 -0.00407911082981278
170 0.04341285296888952 0.015511933872099792 -0.0006159659470964162
171 0.043687447937234634 0.014164069490319 -0.012565295135178057
172 0.043686996046614454 0.028186918999469672 -0.0009807481625418153
173 0.04172975789561891 0.017744925608007736 -0.010814037363459872
174 0.04115354871869167 0.023154552631002537 -0.017784968772944724
175 0.04144261218567476 0.02524133582327072 -0.010037350981625375
176 0.04285937888174601 0.02760941243642385 -0.01264693324383682
177 0.043959420265557755 0.03400172740077816 0.003721652251500506
178 0.03937242193453598 -0.022620516787899784 0.030670857603110994
179 0.039975885407793184 0.017409211622403758 -0.016150187225154253
180 0.04476792725921067 0.021198386862853552 -0.022829632835448834
181 0.046082243384776914 0.02737244050185159 -0.014188790455045112
182 0.04341185035883178 -0.036314323228206054 0.041056265963317275
183 0.038452091263743625 -0.022036774379466776 0.01885989178012392
184 0.040569276814295195 0.011585705365993982 -0.023561923420063226
185 0.04257981339968091 0.019656402307469595 -0.016022641157896905
186 0.036866412610784785 -0.02067625944907855 0.021730677654861665
187 0.04476768765801334 0.008057237843252834 -0.015765980650591108
188 0.04115363314638644 0.0233364406413177 -0.015530762317868659
189 0.04396024480063768 0.012806508995385544 -0.023971146815359657
190 0.04449948236739092 0.03369878282464053 0.0019001251553845012
191 0.03486778386034319 -0.028148560687286342 0.044286612223244995
192 0.036212409643042974 -0.040105931352494746 0.037768110164913424
193 0.04529823597529465 0.017209924450416813 -0.02433300608541553
194 0.04556122044045179 0.023698548769020323 -0.021311230076271143
195 0.046597492631286014 0.0182252173475368 -0.002580060647507324
196 0.03686569407407865 -0.014754179017613951 0.040747033186777214
197 0.03750892839670546 -0.02728430139990102 0.015261368002713386
198 0.03782522987407234 -0.02580181765266576 0.03823083616569656
199 0.03520927854802067 -0.0274840571696073 0.02086330486094491
0 0.04423094871409646 -0.0330796594742478 -0.011291194276759026
1 0.04556069181396857 -0.025100135986019918 0.0026102191469675414
2 0.0436878645375546 -0.022041321969849335 -0.017956525796639672
3 0.042859617942180094 -0.023924524193230327 -0.009522154220458373
4 0.03782560076124883 0.021330003927070938 0.02516499864476138
5 0.03997456097204187 0.04413971223032663 0.017696136669307604
6 0.03997477786346722 0.04386888011956633 0.011304546120982747
7 0.04710688514033406 -0.018336851947302994 0.012232873781079592
8 0.04450019683514587 -0.023891470834648307 -0.008822904261457916
9 0.046340908522085396 -0.030545753888655255 -0.006971552842697412
10 0.03654078381322166 0.0322672922410112 0.021782846316171042
11 0.043137032998963105 -0.02033022034372317 -0.002551143509197681
12 0.045033881144917076 -0.021138126694702334 -0.011382619393547339
13 0.03937251960389332 0.03110169968581385 0.024266343254036697
14 0.0390677780113371 0.03364991580039364 0.025825866620020434
15 0.0362118821004625 0.03738419573580299 0.03368870681684348
16 0.04529810063883741 -0.03058874600347071 -0.0012569679336051742
17 0.04285970271069029 -0.017343626169326533 -0.016184190547962943
18 0.043687635025716716 -0.03270801528773237 -0.007957362657670117
19 0.03588117421064712 0.022577817719678133 0.015694244759522583
20 0.043959985198051006 -0.016897986075507264 -0.006317488873276022
21 0.04056839674696582 0.022958715280575293 0.005306446292043038
22 0.03906783985591618 0.03306234314900667 0.024352341283643504
23 0.040862030070801386 -0.026841308086855958 -0.002219550036313611
24 0.0471072312922445 -0.02815637612006832 0.002567477432379181
25 0.044767545453135583 -0.02024950900658374 -0.0059643872174180825
26 0.034524227492974166 0.025111261417614734 0.013591831700412482
27 0.043959641454064266 -0.021393288253245837 0.004013344436826669
28 0.04476758428639353 -0.011584357312053309 -0.006505051082939009
29 0.042579118417715875 0.016285795669229657 0.012862985248795254
30 0.043960237460962455 -0.022881327132199834 -0.015409180883926827
31 0.03967427901493202 0.02562863185706799 0.03368122655416884
32 0.03814022897299047 0.03352555564213695 0.00882288506401513
33 0.04115348968730606 -0.017449506286621813 -0.005565331093449909
34 0.04659763660153518 -0.021747816601138076 -0.003702677181111788
35 0.04450010740160714 -0.0221562763036054 -0.01217880109087376
36 0.04736084564722927 -0.022487509204822256 -0.014345509262288818
37 0.03654059874187667 0.02540458476470961 0.01687180807689281
38 0.045033519076150275 -0.0236741637572441 -0.0027342491944333104
39 0.04313735417418081 -0.013117236400787031 -0.014613066487403178
40 0.035209403634050875 0.03300432358056531 0.006333069284266456
41 0.0447678370933783 -0.01957243509738491 -0.016780534277874584
42 0.03845201415579288 0.025272310834020817 0.016055379963020054
43 0.04503420459548936 -0.02308845756357721 -0.01771801874452873
44 0.037508532138886795 0.012244873157919743 0.021758566263027298
45 0.04341308507831831 -0.022720111098392656 -0.00534568990825086
46 0.04229849108268483 -0.020566588935480926 -0.009053321289840925
47 0.04529840302245532 -0.022551314998275517 -0.01357510290923023
48 0.04086200881487635 -0.027780595360314072 0.001912970882941329
49 0.038140077496825735 0.017527102240401483 0.020912695583838632
50 0.044231108501527866 -0.03585168161391463 -0.011131755914405983
51 0.04313786235144431 -0.023938816638839726 -0.024790800807711684
52 0.04423107361866631 -0.03583540003218447 -0.010190990680135703
53 0.04685287515905451 -0.01959675377851603 0.008789778961178793
54 0.04172993484910731 -0.019287157149425287 -0.012665581892404926
55 0.040862184997306546 -0.027644480037196693 -0.004355454332980187
56 0.03876115931408545 0.034114674192192405 0.021784473405928133
57 0.03718826855641027 0.03683996185414212 0.028697445405167544
58 0.03554674667431461 0.02753249641534731 0.019387662088933905
59 0.045822977716839845 -0.020747485820197423 -0.023221183532703485
60 0.04423140573928852 -0.024318900613258657 -0.022541165283220057
61 0.03686613899272231 0.033991076207024705 0.02020620069412868
62 0.042298165651819035 -0.021183386500580853 -0.0010339771678771728
63 0.045822111623409295 -0.023505229816521644 0.003926667282926877
64 0.03588127486513868 0.028772515564891132 0.013411426723866257
65 0.043413248054027236 -0.029619647628160103 -0.009901056345881717
66 0.036540750423794205 0.0309095899283174 0.02385503115287702
67 0.04608205151582601 -0.018897369206913813 -0.000159608016093157
68 0.03997498386383985 0.02284361745519482 0.011810604461057823
69 0.04229870187772035 -0.02957723711576679 -0.008701099381279555
70 0.04423095081176551 -0.022065947345834145 -0.010193726421343656
71 0.03588124013164827 0.039430318767019704 0.013266293252816284
72 0.03845227207437802 0.030942465973606958 0.002681553872206105
73 0.04395993998193777 -0.03106366298246727 -0.0005053348760301125
74 0.042015149569135636 -0.016294045843914112 -0.012684475835808232
75 0.04659780901467022 -0.023190794714246087 -0.007846146634770975
76 0.04285920072551097 -0.024218234206079218 -0.0014043545413527617
77 0.037188604166195155 0.025840241259999924 0.02194388248251994
78 0.043413266434792784 -0.023294564819676553 -0.009043814547554143
79 0.038761152733566534 0.018625312200898747 0.027594968074813053
80 0.043687618875874176 -0.02400672820626006 -0.012622508524553638
81 0.0455610808674196 -0.030267950484345146 -0.004511551834931731
82 0.04172983068709195 -0.022417050624491626 -0.0031996298748961883
83 0.03750807006954765 0.035054253973943364 0.028782497012136306
84 0.04229820288897534 -0.028419661472479596 0.0019336024611951298
85 0.042015974456188834 -0.029532622664372093 -0.031813915662541596
86 0.04476769187548553 -0.03218583315035345 -0.0054052895621168
87 0.04201514041786729 -0.025366568618672248 -0.004229633666424491
88 0.043687536784048665 -0.02282316926159438 -0.010124718835004733
89 0.04144278370208033 -0.020719672987678964 -0.007920458143884555
90 0.0378258234646706 0.02493591315664441 0.012811017597692868
91 0.044230440154568125 -0.01891618130701778 0.0003314855438647651
92 0.04313718149134755 -0.018270930188232583 -0.005825210408362705
93 0.045033748658606515 -0.01575676081968561 -0.012975956489447065
94 0.04582206071819501 -0.017889264263291155 -0.0008618996268210942
95 0.04027354247590254 -0.02569265980586568 -0.007167409775317052
96 0.04529853222994438 -0.02020126190876923 -0.018761998505064003
97 0.04396015138308595 -0.022901498350789248 -0.007905830231354282
98 0.03621260187019477 0.027754190085491567 0.009581011350397827
99 0.03876088509167227 0.0307567337697397 0.02969685487190461
100 0.03520903653561298 0.044251400560382244 0.013326610170290236
101 0.04396040082031935 -0.021657637410960804 -0.022332769009009535
102 0.045298150311819836 -0.03086595714900427 -0.00946643062382414
103 0.042579832540712806 -0.028460534872132962 -0.00672999810171213
104 0.044230989628012383 -0.03429915171327569 -0.010832459597810812
105 0.035546471391846926 0.030241647272499478 0.02556751356898244
106 0.04144271062049149 -0.0253908115957523 -0.009760085974278996
107 0.042298260564589914 -0.031392772808044034 0.0036547160620901396
108 0.03382470323312804 0.030282842311920986 0.024897180121223446
109 0.03876139017073801 0.016449753859553037 0.015822219900608128
110 0.035209407159164145 0.027176694370142408 0.01391996212592499
111 0.036540841223159745 0.027368528548404346 0.01727382469508753
112 0.045297759032899655 -0.03619135848603064 0.005552837398415568
113 0.046341095043004696 -0.027635620180536835 -0.022767175264040044
114 0.04529837668955049 -0.010616215061739152 -0.005748493825738137
115 0.04144244635685291 -0.02848575943635237 -0.006256527957440059
116 0.04144269450463432 -0.02858245361263057 -0.010152593656769661
117 0.039674899314539026 0.031568607101973595 0.015313652264446252
118 0.041442644477928434 -0.04127036844490464 -0.012068831928688038
119 0.042859137357635996 -0.011586452462988858 0.0038716041065906385
120 0.04710729754172915 -0.027537022409261536 -0.0012300422521247412
121 0.04368725717151144 -0.024437743264248166 0.003177199459363376
122 0.04115367130545594 -0.02788506449142498 -0.012698698857965486
123 0.03937261129262594 0.022891651894737398 0.019767272840544657
124 0.04086086801913808 0.031374135298280446 0.027857121770099563
125 0.042014780726546366 -0.027953254816550168 0.004404378083835325
126 0.043687403051459614 -0.022364449361337232 2.792750860549277e-05
127 0.04172996927291541 -0.03509075552234772 -0.007688781528731031
128 0.03845188490009218 0.031531999856520575 0.017031800923232955
129 0.04503376073328116 -0.029153884298052705 -0.012835939174988448
130 0.04556140974257958 -0.030200600335156546 -0.021251020515119373
131 0.04027242449189394 0.02802352642175757 0.017298559752551387
132 0.03750823759942287 0.034141666589434204 0.0325844647151014
133 0.04685310013707077 -0.023283418398839295 0.002286439358817037
134 0.04144229518054291 -0.014220184869618936 0.00486219253561326
135 0.04450043730530809 -0.027218440816490577 -0.013466488363676893
136 0.0442309077644273 -0.030968224883477304 -0.006572902626534149
137 0.043960427893770734 -0.03509812011527612 -0.01935821839164283
138 0.045822124179369844 -0.024563052287078346 -0.0018585129354305816
139 0.04503369434671228 -0.027917185328488057 -0.006170484239866947
140 0.04529791742691465 -0.0064091307120607045 -0.0010262747114810377
141 0.03588107014862431 0.03803715222942568 0.01883534448905962
142 0.04285946915620348 -0.0291490594666441 -0.009942398369369537
143 0.04395998830160904 -0.02829401768487533 -0.012069082934079734
144 0.042297100208327616 0.030176745382611767 0.023496516148938003
145 0.03486865625650193 0.01089459920199014 0.015798485775454563
146 0.04313668329218444 -0.01189064058728573 0.006683132012193762
147 0.043687559428254336 -0.03703989769504323 -0.004287362686209396
148 0.03621276506215524 0.025055256179354547 0.002337553888922089
149 0.03486800924399184 0.023257890621244663 0.026867168550399285
150 0.04423068156164583 -0.028300132123112963 -0.0005422297666723675
151 0.037826136738622444 0.027384694997661458 0.0009104569681195821
152 0.03782558295455767 0.018551319121952254 0.02230363135960113
153 0.04449984740186435 -0.024420896612569607 0.0019088725398109722
154 0.045822375374953254 -0.024831605446508205 -0.0100633781169482
155 0.03417665757666903 0.025220312047906514 0.008550069780581277
156 0.045561354855673794 -0.030645733907773857 -0.019256668712536614
157 0.04086217439832943 -0.02142273706207064 -0.00540626349820883
158 0.039372949707718444 0.027909771031248573 0.008238713660582094
159 0.04710724590805564 -0.018471358102224552 0.007918464423249758
160 0.043687308188254434 -0.02283997665521506 -0.006443014997993657
161 0.047107913483511205 -0.02048838896549068 -0.009412882576481773
162 0.04285967336274954 -0.03473360541492045 -0.009588970924939292
163 0.04172957599480414 -0.03448568354545773 0.006609796162546537
164 0.038761137415590646 0.007603804724211753 0.02197506176415431
165 0.046853456678792614 -0.026908436698335706 -0.006091526899341639
166 0.045560546219508176 -0.035943819892008386 0.004895077486392419
167 0.037825620847211326 0.025008896520040458 0.017956558388184694
168 0.039067786123324906 0.03803886375281363 0.024388954929720243
169 0.04115321307878316 -0.02347406196149975 0.0029256197482790043
170 0.04115352682323686 -0.014488093318554286 -0.00935681767368937
171 0.038140186944122585 0.029412663116407285 0.012944908967984045
172 0.04396010916366257 -0.02416755755145246 -0.012974728604564422
173 0.0425787846514472 0.036631380543197874 0.01523366061886461
174 0.0442306421882607 -0.025739570248464263 -0.003356952740106152
175 0.03750805172853782 0.035473429590677806 0.032135595034977336
176 0.04257973449534013 -0.026019977810049912 -0.005275943595247891
177 0.044231175417152706 -0.022408799434106157 -0.013250483579637689
178 0.047107500144560444 -0.030941663291012656 -0.0030294580136461997
179 0.036865652614855304 0.034101786948360954 0.026970491627294212
180 0.04685346903598752 -0.023743300007652145 -0.013153855722427362
181 0.037508322177176735 0.03316649616502777 0.020231989568840317
182 0.04172977891100788 -0.025750721587006076 -0.0026570941115721344
183 0.048849850483203845 -0.013419077212558755 -0.000759018097883708
184 0.04086094154737221 0.029378848626241027 0.019452636924798452
185 0.04582237651440836 -0.021198687277307053 -0.006985282393030581
186 0.044500373728972725 -0.020488917263653067 -0.013905387608834625
187 0.04685346819628011 -0.02159188129241672 -0.004403318121924628
188 0.0442307856040255 -0.03423408557040792 -0.008979519117959751
189 0.03718847746803741 0.020072177760324005 0.018328732772551037
190 0.03588147477310718 0.0301226565400404 0.011709685446318948
191 0.04450014145235248 -0.02066373366792967 -0.01593123497288959
192 0.04503358328290965 -0.0213103885463949 -0.005866483202414496
193 0.04229872428606641 -0.02338532464540636 -0.010725807835241017
194 0.04476725946827609 -0.018249818734108556 0.00765339009492562
195 0.04503415694915638 -0.02602383423407187 -0.024536578504757694
196 0.044767734583650576 -0.02424106311021589 -0.012649594973238696
197 0.0445001539584222 -0.037843308150147914 -0.007217517801492883
198 0.04503346042271506 -0.03354305276683915 0.003656906678517795
199 0.04201522673562345 -0.03776983084111964 -0.005065487122414949
