200 3
0 -0.49184334163779936 0.11750206322796417 -0.20001442154846802
1 -0.3057967727888966 0.17488534828777824 0.21896441801527916
2 -0.38598672575585435 0.3289723159412943 0.32526672313426436
3 -0.3977372745415209 0.09218772465749443 -0.1457209695940805
4 -0.39730617598243273 -0.35650176138079487 0.16693331693457025
5 -0.3173286809326171 -0.3061463944938914 0.23345089256045315
6 -0.37386402168534383 -0.3245606058582085 0.1957391485234575
7 -0.42783059873041235 0.2194392941993196 0.28854917520185785
8 -0.34554921136966615 0.005735784745308508 -0.1921813162271849
9 -0.3839038860896902 0.24752134441108822 0.02776137409795353
10 -0.3578135578450507 -0.15828804579494016 0.13347314266642468
11 -0.26047485664399495 0.2253647671047571 0.2799412315534704
12 -0.3148764811097742 0.12878083838272741 0.2977184675744324
13 -0.36198074702888794 -0.2917082545958631 0.05239521065419811
14 -0.3279206930373202 -0.2047289367723061 0.24060949003853188
15 -0.4480275954419432 -0.2824625399557005 0.1789683874769238
16 -0.36300622067552035 0.05214833514026669 -0.2470842646019427
17 -0.4005427414925854 0.06651871946274582 -0.13771285493430885
18 -0.34833333714071474 0.03240562857652107 -0.24187479555893435
19 -0.39625118216771066 -0.2508004590735238 0.2153782950907696
20 -0.34871895799072483 0.10238175099801733 -0.32416646506965374
21 -0.3546648776484325 -0.08070185975846449 0.14685231277638797
22 -0.3392935955592149 -0.15518232615860636 0.20618804461865153
23 -0.3931148505353257 0.20621730840513522 -0.1970869747420585
24 -0.34080764474332975 0.07232520548399538 -0.29451278124303476
25 -0.3677661478945525 0.2719231959597888 0.1841078294575256
26 -0.3919135277411779 -0.40628567457080567 0.2173242182356089
27 -0.31728359265737754 0.04023209933995234 -0.22301936693629457
28 -0.37233531978460366 0.09456663852558381 -0.22043405807737124
29 -0.34221032945118446 -0.21589200569724648 0.22368637074177292
30 -0.3852786047274351 0.12066555078260116 -0.4315886554314831
31 -0.3328325943918394 -0.3245104132312538 0.2991993527129471
32 -0.4070706409935729 -0.3304071962904383 0.2938817042716454
33 -0.2728250404997357 0.2087166559011175 0.35723678907173045
34 -0.4161405653070054 0.26857167386798053 0.4565751108871651
35 -0.32946163877729434 0.18671007070758328 0.06961320129696369
36 -0.23872911999542518 0.08145388348649246 -0.11796556121510648
37 -0.45282654636643993 -0.40112527774079587 0.14091747217984626
38 -0.36586110712838527 0.19780049771540062 -0.3205921180220087
39 -0.46837398572426636 -0.047633080564217084 -0.38416215126324527
40 -0.36816614510550233 -0.1735380743401108 0.019511709098624732
41 -0.39917530803135987 -0.047767437191898576 -0.14974992682932148
42 -0.324256671484179 -0.2267439132911386 0.12057654311960916
43 -0.41941051490299025 0.16341302369088426 0.21297184509055347
44 -0.3371188242304604 -0.11387904041117072 0.21643975118735398
45 -0.4836019547084885 0.045630143468951924 -0.2922275566819533
46 -0.37234268637421286 0.2046611849764473 -0.13187486130568546
47 -0.3217354374201239 -0.005180719526611332 -0.07441077971219083
48 -0.2908260486724784 0.17447962303441994 -0.08449935598434428
49 -0.31970349097103845 -0.30133217839500503 0.25602994607221274
50 -0.3413041536739498 0.1838009283310516 0.12150912686923056
51 -0.33629120281955743 0.16952347286646685 0.11078604918093872
52 -0.3913220432430972 0.27060405871570153 0.12004960629712112
53 -0.3530529186691465 0.1055682506603307 0.229078570266228
54 -0.2752603662337548 0.13374663732253309 0.07791028796684703
55 -0.3503622710273536 0.31290217735764947 0.18207433523363872
56 -0.39091774332204304 -0.17483176303370054 0.13169829614190634
57 -0.35400648656502287 -0.18644917316852483 0.12255435156162736
58 -0.3053451189404012 -0.35098315386039863 0.1644932955413513
59 -0.38109187026821384 -0.08186640528365943 -0.2525983954167838
60 -0.32347525154209555 0.11294038707396539 -0.28610479401143224
61 -0.3709397924472366 -0.3144729254280742 0.16543023413892044
62 -0.32241335081186273 0.15903892417687504 0.027399675506425667
63 -0.394461184342185 0.16318252186448778 -0.25376201315553254
64 -0.36814739342579805 -0.3506583757262928 0.13610301921957726
65 -0.3433348955193143 0.06437984929662784 -0.3301197227650233
66 -0.3278749111964545 -0.11014258526506816 0.11666426710541587
67 -0.34165583324503257 0.21365280225588393 0.3293176579401688
68 -0.32004844052541315 -0.2569925553638486 0.08497708068634058
69 -0.34052093535330213 0.30324337104373145 0.28578542571583715
70 -0.4070111432673263 0.3237993405925586 0.31250993537047433
71 -0.2702254983646236 -0.21744928197845426 0.035550065017014604
72 -0.3448296167992245 -0.2690737081235162 0.2690244464872743
73 -0.43186049032279444 0.2468952570193679 0.3388915003036232
74 -0.33159977862812373 0.3009379956325305 0.14714552887487106
75 -0.3188233485951458 0.11132680233085601 0.11941287977165893
76 -0.31835497341304736 0.062312930169315064 0.12937106472030574
77 -0.3007898146160682 -0.24497068644954928 0.05585571038273674
78 -0.3686842780969654 0.09255935698054162 -0.15801460971885842
79 -0.37890617101578866 -0.2147479287366279 0.3067999145581253
80 -0.31182010754945205 0.18631828093225375 0.12815920935463443
81 -0.3303085347039767 0.1494459481807062 -0.20522431203446576
82 -0.39111351562131136 -0.008414170981647427 -0.22249505700950575
83 -0.4279156154399245 -0.3180675158194231 0.2861654698313902
84 -0.3552509739636131 0.15101403481938938 -0.20811503910827328
85 -0.48328845951746946 -0.13437461687788574 -0.25008028991856573
86 -0.3087131634810029 0.23559868056419678 0.20049589042575428
87 -0.38109291970254355 -0.07044685278486952 -0.38475138932904474
88 -0.4302980009156257 0.009152080181737736 0.2679936977281597
89 -0.3516702593146974 0.012813338421222068 -0.19325783426792828
90 -0.38614012761204414 -0.0005543726732558019 -0.014619511888996456
91 -0.38087731527454044 0.2921277444034905 0.14315618128315638
92 -0.3782342597261762 0.11700688263713785 0.31308152091628366
93 -0.4710486933709692 -0.0869748287493446 -0.3025033399662285
94 -0.32793332019251015 0.12127561218958953 0.3380045130076754
95 -0.41420692960697314 0.12685100742965758 -0.27685359575074714
96 -0.42668302163868477 0.02781191864491069 -0.264486792404002
97 -0.4539308017253246 0.11334129477209838 -0.17952542435529903
98 -0.3865016623631933 -0.29461059548195623 0.23102928020500188
99 -0.386040955049049 -0.1999517322429366 0.05719549346099837
100 -0.3594859060934859 -0.2099942417274223 0.3276670450683021
101 -0.38993743635927497 0.10799439346109535 -0.2778371291302047
102 -0.33895453815497495 0.04535531024987357 -0.16402353967346872
103 -0.2973490604015452 -0.04797791127452893 -0.19479068542764277
104 -0.3163665434024223 -0.02900109733743464 0.38192241303537017
105 -0.2997929300516497 -0.2961656666564263 0.3007816698356599
106 -0.3339422460332339 0.28327161258038347 -0.21978496761489777
107 -0.363991953245393 0.20471956340692812 0.17895547827604275
108 -0.354702247295453 -0.23528711696130739 0.2485892872889408
109 -0.3033091426822711 -0.3156429175965732 0.2102829974215349
110 -0.35123045226940564 -0.16785160184610415 0.19717969297215437
111 -0.44567926252102713 -0.22989061643823863 0.4329014418868479
112 -0.3763694779167792 0.19254131068816138 0.2833563119645381
113 -0.40770271691965154 0.07129365367789221 0.23576439777562813
114 -0.3751323859507201 -0.019727363958416254 -0.28512841239490255
115 -0.36182699374006627 0.1269319913305372 0.16325450675558612
116 -0.47770728325685496 0.18183094376656053 0.23798667427786943
117 -0.2999545515815513 -0.2213158012280653 0.1342512938639827
118 -0.3515586678547486 0.15524693176656448 0.21921429361662495
119 -0.3484293234588351 0.2004501376215608 -0.003961115152187728
120 -0.33924243057834375 0.153824354306094 0.17892710612004886
121 -0.4085028152217083 0.11982261603178951 0.25396592999683265
122 -0.3248245369833554 -0.05652333276690899 -0.3900062608452942
123 -0.39852419484292806 -0.2628713408740434 0.10452781430813521
124 -0.3131142803373146 -0.3079534724714955 0.2736898067816131
125 -0.40361510170380643 0.05218483182117157 -0.24540932819878836
126 -0.38033742635118256 0.2571414776036319 0.20132265041067396
127 -0.42747075405215135 0.21783627349250584 0.2194474777031361
128 -0.2744508982550162 -0.1381311685630152 0.2192583193945831
129 -0.38225688669343827 0.25721688988409813 -0.029313237225384575
130 -0.3955778737165111 7.873151363195881e-05 -0.16329187302649026
131 -0.42404609278122496 -0.36012020859480215 0.000768883979629435
132 -0.4000860647603691 -0.32698310850775447 0.2622700309791731
133 -0.37246432331755297 0.07193609216902543 -0.29157839074662023
134 -0.2816000292588207 0.12120007555872736 0.08038349766115675
135 -0.42147399124602025 0.12060415633438552 -0.20746358881712976
136 -0.2887614454028112 0.03232553994240895 0.026723509421996007
137 -0.35247434200797767 0.16294490707638531 0.2920925530866866
138 -0.39169162132232616 -0.03464288866801373 -0.37088675703911705
139 -0.3917332814537676 0.020220699348170456 0.1732864585062526
140 -0.3274842422459682 0.2274018633268657 0.15862253069251583
141 -0.4146752238973496 -0.2078195316494809 0.04848230784728734
142 -0.34512210579758723 0.15411029826122064 -0.2805156483252273
143 -0.4157737346853678 0.17008517785601016 -0.1597986137395144
144 -0.40156709358932813 -0.2833310012517302 0.010158039499663781
145 -0.404202183031724 -0.3458746284967979 0.07244345894868687
146 -0.3334718823082107 0.07742583111433175 -0.3164271038659875
147 -0.3436838050031534 0.05900426066828974 -0.19038650797545398
148 -0.4225834825169958 -0.15947969151076688 0.3400700690593345
149 -0.36895218392545015 -0.20219009381162636 0.19083291350314624
150 -0.4349478504204078 0.3215089482535967 0.009391084932737959
151 -0.38670583565474004 -0.335389166005725 0.24295457120074265
152 -0.3674094166118341 -0.2845748761739032 0.2968204432502081
153 -0.41392823829821845 -0.056323061993718435 -0.041902266058042696
154 -0.3268441001035365 0.14119351377442693 0.16647820486359913
155 -0.3822679765328596 -0.12558415008253623 0.10883825041932911
156 -0.38406935607826864 0.015452656605672103 -0.12099079645511686
157 -0.3706852535160957 0.23461959265720322 0.37852791328095187
158 -0.37404216154854064 -0.2670088706962321 0.12468807821896408
159 -0.3967280490160356 0.1379841129221468 0.36315858772671894
160 -0.3642750990935202 0.004288274298520772 -0.2567031995569411
161 -0.4622573345431112 0.10166931856732596 -0.20595041765004185
162 -0.3069164459336369 0.0907980083225969 -0.1696126871595271
163 -0.42366544392977723 0.006196985730112672 -0.28025058482368836
164 -0.3032600219164987 -0.18416150731319558 0.25089785347165283
165 -0.359667330465618 0.23486304999310678 0.3055144420613124
166 -0.4250812955859834 0.046430352762431105 -0.11139894184393084
167 -0.34429386867028416 0.02287875910355012 0.22963988732256585
168 -0.3607703495310462 -0.32093078187557594 0.25682843077403383
169 -0.351123547326796 0.08082187463246913 -0.295874779790433
170 -0.4442879808500439 0.12268632036556695 -0.5232743596419284
171 -0.4206741412175088 -0.29021271244687274 0.057786431709667484
172 -0.3464455487787992 0.11554518582585738 -0.2350585091535573
173 -0.34306386576319264 -0.27852955850372574 0.25343095350741573
174 -0.39605741526118204 0.05463097004288451 -0.2753438006220384
175 -0.36544162074549874 -0.1672232351746246 0.33656725715057184
176 -0.41166537267668 0.09508853928231145 -0.28819888664742854
177 -0.3903327975773441 -0.14643586684697132 -0.09346137592885502
178 -0.26317600347470615 0.14688965215355923 0.018886756768451526
179 -0.29450300762976894 -0.236754134651164 0.1306142504807451
180 -0.3358698059794479 -0.04624891587067435 -0.3906338790289061
181 -0.3801458825623562 -0.3630767822410399 0.21939412867209573
182 -0.3044249430827288 0.12879154618216454 0.28979308587133784
183 -0.4175190177621468 0.24943824672892814 0.4104123683673762
184 -0.33253876974216756 -0.18723032706333315 0.21559449405778297
185 -0.40418056019018733 0.03299730866537027 -0.14392553440653366
186 -0.294479012418017 0.16512028485301153 0.2912623770947636
187 -0.4281548811042678 -0.02214428307309485 -0.10444549307390513
188 -0.4220617309621084 0.13925322777371885 -0.2915390950411089
189 -0.3063374057358771 -0.2313829628839182 0.22833976488007543
190 -0.3783334975623636 -0.3078435465764462 0.2342596426878904
191 -0.351834414960528 0.23771887666730845 0.2124092389843032
192 -0.42126230422859556 0.1357925184512734 0.37071285842128876
193 -0.4543355076726257 0.09829946369319234 -0.42190064973021824
194 -0.3730906986940969 0.15277637050586126 -0.011699777995606892
195 -0.39297642669196003 0.13147057962706835 -0.2980117506237757
196 -0.4079097327635867 0.22123829161618092 0.21287968705485738
197 -0.4149081672045369 0.23324069995398183 0.19363503748290778
198 -0.4117283644574762 0.1253266133838395 0.13951559252459528
199 -0.38754684010336793 0.23676690095889438 0.016095354642493474
0 -0.5091358305590483 -0.1946923851299617 -0.08804513021057359
1 -0.33082121894502514 0.22868699372373066 0.2599081516142018
2 -0.3462996176384373 0.17252217749621848 0.2288147736547587
3 -0.4403165174545438 -0.04541445257602022 -0.11661996160641822
4 -0.4211170823114281 -0.28800757534030963 -0.08247968704943838
5 -0.48079878129731024 -0.2857660906763907 -0.19555985058439287
6 -0.5009725316911663 -0.1152311416024138 -0.03571669297190679
7 -0.292084675357589 -0.000539758052247176 0.21745563991691763
8 -0.4885705819916124 -0.3412531143068011 -0.23463444563748986
9 -0.3880884131086833 0.3095492922298671 0.16984500664126512
10 -0.46357426088036885 -0.2111828857586027 0.049915080005652784
11 -0.374546151340979 0.09174187331364189 0.07769806326097459
12 -0.3973316761923094 0.024794022484157786 0.18034014783561092
13 -0.5232670419463835 -0.3153694926773799 -0.030874101914945624
14 -0.4407492293260016 -0.11782202188319797 -0.2488479489525843
15 -0.5246549465607547 -0.017435560066815972 -0.011052418543454777
16 -0.4494960692537931 -0.0971416852986533 -0.14500861967330825
17 -0.47760582759850695 -0.17657741103872096 -0.03465340164270662
18 -0.5734790102679163 -0.23279346106386142 -0.3153594022982869
19 -0.48533214799065894 -0.10452914119104509 -0.09582928039091715
20 -0.5568081978193865 -0.16543250390072553 -0.26555171970522645
21 -0.45506019938803044 -0.30585710314781317 -0.03630503826562811
22 -0.5194356865160092 -0.23488763204098573 -0.30326870748802787
23 -0.45323409767256956 -0.09210035654138418 -0.19632496783389194
24 -0.47203097841457714 -0.2079443862660398 -0.1661357030240256
25 -0.2871389206482381 0.07259120449514586 0.26943254089243096
26 -0.36573283456296074 -0.034682974583592784 -0.19469048905731803
27 -0.4284584304299874 -0.1474902773727043 -0.07425156522241827
28 -0.4741643468323921 -0.24453319303038512 -0.17186286192197506
29 -0.5027674940730849 -0.2056804696495327 -0.1436704616220308
30 -0.42620164358431933 -0.2917340262430785 -0.07480401138471075
31 -0.46987826136736077 -0.14526929892742171 -0.10972372416067615
32 -0.5265891617486859 -0.22398473168573493 -0.06230567659525691
33 -0.36852099085736084 0.2009859081176682 0.26558216257401307
34 -0.3477439856739015 0.2222945459770628 0.16557139837587276
35 -0.352938967045404 0.18699508899047274 0.21464951649511801
36 -0.4560314324085803 -0.14119932745267813 -0.13762710915441734
37 -0.48028658488210846 -0.1224532152921071 -0.17176779674295153
38 -0.5191139435961424 -0.19657253162175795 -0.0839578531920984
39 -0.4488933136618558 -0.10411835207513716 -0.22156824807524003
40 -0.5643392684098311 -0.2828624029174601 -0.2750062744231612
41 -0.49476407761257796 -0.18586098684112715 -0.1674736167246287
42 -0.42490820919928884 -0.21011331528376606 0.008364554892742591
43 -0.3690098793752785 0.19534876524160708 0.1909004158939546
44 -0.41539512187697536 -0.0830738125803551 -0.2353526873579289
45 -0.45433564392746895 -0.02361714545986245 -0.30540233875247913
46 -0.5030449332074716 -0.24726108224796908 -0.06498900904527681
47 -0.49612789621863745 -0.19519187623203452 -0.07699929770396131
48 -0.48201071779427684 -0.15448392328777164 -0.33826928625344377
49 -0.47889068421348924 -0.09757533943388248 -0.13073664246626093
50 -0.39118941449308003 0.21419058208097483 0.31115803515655904
51 -0.4064201663026884 0.12002964513379752 0.3688668176247649
52 -0.35309365879705734 0.3331020235380057 0.20298632504678674
53 -0.3254664139708983 0.2662686206615431 0.09489708236058832
54 -0.526497731547901 -0.17697667269401626 -0.06762408153906818
55 -0.3515394926004062 0.14852641977818473 0.07961652718728764
56 -0.43892442410578114 -0.24706787967396848 -0.03204146280836452
57 -0.432944603904025 -0.16521944698507193 -0.10261959568658198
58 -0.3934553996854014 -0.1314590702155728 -0.27016361902473995
59 -0.5577646377896373 -0.19679493716764762 0.006079340492695872
60 -0.4916691319138303 0.019925526984990224 -0.07752969427570566
61 -0.41459002728388 -0.18853541856191106 0.051034548423163656
62 -0.380668506821483 0.2897488731464281 0.1660140471717968
63 -0.5189851821538253 -0.1472711763008921 0.08450767807159397
64 -0.5180098543899698 -0.19221087777472734 -0.07392301005029317
65 -0.5000182914510828 -0.1322505400290952 -0.055812065456070384
66 -0.5316194616632389 -0.3538352409066751 -0.13097173702210324
67 -0.2873353500670291 0.2723646694587384 0.2925910294962684
68 -0.38997302394975414 -0.1955148496612023 -0.14837155308942018
69 -0.37327571375369856 0.2181577637001592 0.2729823287993639
70 -0.2650916145888288 -0.051049768246833466 0.2111019696476698
71 -0.48992277028826753 -0.12476228167009357 0.07231901168317045
72 -0.5361248917133081 -0.31756778975812083 -0.07687262638800457
73 -0.3002364373397292 0.09856686586503711 0.20001090555720766
74 -0.32293055680559796 0.1976442096814211 0.15315248042213161
75 -0.3542711751223156 0.23360688046705436 0.06291046428839389
76 -0.41648105343130304 0.13608492220684157 0.22573698184746166
77 -0.4803104494072512 -0.15935829033675733 -0.25174283879494697
78 -0.4211145293646245 -0.30136665908724086 -0.04232933363904994
79 -0.49202332439198004 -0.24615891868165357 -0.04057793530228184
80 -0.2584917822896349 0.16916465776848993 0.26975686748292277
81 -0.43147843459014984 -0.15192246893895633 -0.09948027754020725
82 -0.41261946087184354 -0.19919821693161 -0.05684220991561189
83 -0.49791313597882125 -0.2611407041310241 -0.015742823294373428
84 -0.4854536491497955 -0.32919376357710517 0.054634664017088344
85 -0.4617405314080214 -0.26726636759509526 -0.17434625971723458
86 -0.3822018023168553 0.29053687426701025 0.29646699935023557
87 -0.49277395588150275 -0.22482723564267357 -0.11523537611455913
88 -0.36570921758598307 0.10282834791843387 0.25131054630213867
89 -0.4210649807232606 -0.19154041549569104 -0.13418131671023314
90 -0.5466509675567163 -0.19422832398470932 -0.22590082253284596
91 -0.3665355398515593 0.1837955089679104 0.1785252332924757
92 -0.3355921140790135 0.10106470450433729 -0.020135985119601758
93 -0.4824988937830037 -0.07193303292156603 -0.02496912813692484
94 -0.2963714056338808 0.2877782391505807 0.3025706812057465
95 -0.5206420699941422 -0.23597195474545996 -0.1620786456974419
96 -0.5279943724334158 -0.231160799691765 -0.031943926975527705
97 -0.449486450380024 -0.1770527359735638 0.08649703550625237
98 -0.48206814806595655 -0.372241620305992 -0.21131348775596756
99 -0.4564604741626116 -0.1389686264734703 -0.17340752225515035
100 -0.5173864890506431 -0.12849147348583723 -0.17234696405924746
101 -0.48278067928431206 -0.1859091187628183 -0.1825847813921429
102 -0.44867221083381154 -0.22206549398581366 -0.28859190599613493
103 -0.45095240594312663 -0.06936665949986999 -0.2573413597256105
104 -0.36116356750523304 0.2540913753185332 0.040760675301792816
105 -0.5100645556416217 -0.01663767352712575 -0.09668601797367558
106 -0.5130032767306439 -0.14328793990953917 -0.14989361586036623
107 -0.35500987959904307 0.17909390965438715 0.11880038611555359
108 -0.4538011458138937 -0.22493373792993876 -0.1904615771758261
109 -0.4826843563500679 -0.18934929786500038 -0.05666893180157865
110 -0.46869837730360797 -0.2556432585322585 -0.05907317544627583
111 -0.4480912863918559 -0.22321808492035083 -0.014884344657564217
112 -0.42072462243186143 0.21647001993966206 0.3611587261475267
113 -0.39636797715229377 -0.030909247863358233 0.32707014728216305
114 -0.3470498659548535 -0.17070849169888963 -0.12944913835948355
115 -0.3833279968810622 0.17877624357500962 0.3628279782795313
116 -0.35664116483004416 0.25721308548689514 0.28272800400903375
117 -0.4431130544855326 -0.09045769756297294 -0.23276737288458854
118 -0.3591084281052717 0.21889931371894908 0.1662945484337565
119 -0.5231834770223119 -0.18819838532936478 0.0027775317547721508
120 -0.3435476621112801 0.3348991380181132 0.2168898317742725
121 -0.3806222946371029 0.12471640651531135 0.16186125515970645
122 -0.46945898668406905 -0.016563213360789242 -0.4490002025915887
123 -0.4384379055567046 -0.30445042347276846 -0.16799922194527261
124 -0.46458707149835615 -0.13032209626836747 -0.1912254043191879
125 -0.45441072768077445 -0.11075137039710058 -0.18923434761376395
126 -0.3244166471620836 0.23815055720837494 0.2053183803116532
127 -0.3907547232307862 0.23047312290385014 0.3818609512752165
128 -0.4285041162653653 -0.28183884051968255 -0.13533635293787344
129 -0.5383100556570595 -0.0919113865970967 -0.1093232928409083
130 -0.4764338044324339 -0.1905345249599616 -0.1173109221652246
131 -0.5421443209142666 -0.11683984318957567 -0.1978136081446886
132 -0.43406185575966433 -0.19701890178868528 -0.1250391044718081
133 -0.4370837111679172 -0.2725181222206701 -0.1352495087960379
134 -0.36690023094358476 0.16014249819229878 0.06786054540651296
135 -0.5375881325194461 -0.16685305610343418 -0.3629254207133929
136 -0.5473259607835512 -0.1795201855953323 -0.27889622781007695
137 -0.33837001529653826 0.19804342869227498 0.3078872977796678
138 -0.58229052641146 -0.3752282399094471 -0.21597489351416416
139 -0.3334040187670512 0.19275044341554567 0.2809126235181591
140 -0.3016461468989795 0.1169380356785946 0.1410926609752513
141 -0.419159440660431 -0.22513398208488486 0.00571037010660417
142 -0.5280716228422656 -0.24652953194799387 0.08037800113692173
143 -0.4583221542153527 -0.24622207345790362 -0.236210316285909
144 -0.45574339152680726 -0.2515031884383325 0.03561237979368094
145 -0.484559768419094 -0.22039258634885828 -0.14050498325181107
146 -0.4363830606066814 -0.3170575626225681 0.10489779585100409
147 -0.4341397500164741 -0.08674338660643179 -0.12566773682744695
148 -0.39212505162759714 -0.17984779856014418 -0.20042221644243466
149 -0.5077706944618161 -0.2420347001011446 -0.12526311166537957
150 -0.37753836265655555 0.1875386508976673 0.15821569774358885
151 -0.4759674681507125 -0.21984239370438546 -0.3125521823658625
152 -0.4682245477175083 -0.1691318950842383 -0.15725715066343865
153 -0.5004474824579516 -0.1971474986798515 0.03626810073508516
154 -0.40866781975766026 0.13112341992743512 0.13793824052357978
155 -0.4282901463895116 -0.19518671841756355 -0.1543392146821533
156 -0.5004685069664627 -0.1331687449804288 -0.19865379041989611
157 -0.3829669490428206 0.2095751234733482 0.13819569481468102
158 -0.5172682851645268 -0.26112024682111823 -0.011537022319795415
159 -0.4239981218621217 0.1851244707564418 0.4241341312770581
160 -0.5245028550789574 -0.24780394694667784 -0.4003542415235443
161 -0.4670633288703823 -0.2573222010662834 -0.3059387686044163
162 -0.4921238298495571 -0.23029370893071271 -0.044786841254339044
163 -0.43201581946103385 -0.07734579722888033 -0.020036508321657966
164 -0.41390251735436595 -0.06380970339184933 -0.0667778361969066
165 -0.3310970882876913 0.1946421987992958 0.23990088719989644
166 -0.4795153065964495 -0.251933596902712 -0.07819670403132634
167 -0.4822458899868873 -0.21989330870322613 -0.24576357165373328
168 -0.49512642985934835 -0.1178046980239976 -0.2995283228998782
169 -0.49887465146595167 -0.11918195318337342 -0.023944277935194946
170 -0.48937220895425854 -0.10363335914754748 0.14888243805781415
171 -0.4909379490179448 -0.32563227388098576 -0.14047396472290477
172 -0.4905986006045689 -0.10776332262126968 -0.11656852845230975
173 -0.5345142500856549 -0.06934273739575063 -0.19398406466974277
174 -0.4240826488702427 -0.13196565269756746 -0.07132848338526294
175 -0.44146019369085154 -0.13076029985152696 -0.058889149585037215
176 -0.5096385978759828 -0.3839244859900722 -0.1682994008362248
177 -0.5372422753022555 -0.20608726200623223 -0.05125456535641355
178 -0.42828455921385616 0.1859411633318693 0.2707400841571223
179 -0.513152750357413 -0.2619828525076945 -0.1725970391050711
180 -0.4864472355841676 -0.1538027576342822 -0.10699228469037826
181 -0.5095894208762437 -0.14335155336736713 -0.05996396893413731
182 -0.3054099954697849 0.203957513338162 0.285054923797401
183 -0.32399116298703223 0.09056423478919713 0.32354300423259075
184 -0.5015043029000075 -0.1328665566881341 0.09504988105857967
185 -0.506820191272887 -0.15729752742727762 -0.26420879220995686
186 -0.3080413474533859 0.1524695068432003 0.22134296293150604
187 -0.44922981815296514 -0.22475787410266443 -0.17743878305087624
188 -0.485373510016068 -0.29153346273039116 -0.26684044636440185
189 -0.4155952792176202 -0.11852765506833232 -0.016578735812677606
190 -0.4701129272404886 -0.23053790035586968 -0.1586405840390705
191 -0.3026829195141293 0.0765331610910658 0.22088742588827087
192 -0.2855900794665392 0.1627125087367466 0.12122072579262824
193 -0.4423146224670059 -0.05100808152674098 -0.3322856556009935
194 -0.36646015044517016 -0.21437158975137485 -0.27780442453636284
195 -0.48415405763378844 -0.12824679996483035 -0.2451994804457408
196 -0.3474679149130667 0.18759609717595513 -0.06172883269677034
197 -0.4265748923030466 0.3339425253310775 0.23580728474846438
198 -0.37284237406718257 0.1390722676148421 0.1617200021682966
199 -0.3916246026458882 0.18086827459274504 0.17123551597518005
0 -0.42888264459650544 0.24134487617414568 0.12118209185083606
1 -0.5075244373810661 0.16135403470089363 -0.34781109433378415
2 -0.45374597636730085 0.29760444071543113 -0.13439127334995465
3 -0.4995243392844648 0.2624248437479898 -0.1090025210060646
4 -0.33370048791968854 -0.20065731632917627 0.3031385996925295
5 -0.329511270477963 -0.31032542281436265 0.10667577861367983
6 -0.41212245405362785 -0.33284580547050957 0.0937287041556435
7 -0.5001641931392141 0.20771322063648598 -0.18819072700697378
8 -0.40576214706086294 0.24575541606863818 0.005829802399923028
9 -0.4887646505179746 0.2595323541065225 -0.021021774711539366
10 -0.4234401755040888 -0.44868913085680157 0.05128702493475704
11 -0.5193618122081595 0.1251761551425021 -0.01902545568550113
12 -0.45132113573301674 0.20779010270328346 -0.21310507101238635
13 -0.49339312360564175 -0.3566057254214798 0.3185148478710488
14 -0.37203168874355114 -0.24661436441895274 0.017996779191468183
15 -0.37272854662807264 -0.28349842940397074 0.2509990744603583
16 -0.3461744149218869 0.22868852597541303 0.016164573937368778
17 -0.44251521319988263 0.24043504468760604 -0.06970278298199474
18 -0.5085917620369046 0.18284585751032204 -0.021431216270895757
19 -0.4010466600707419 -0.3283361511500672 0.31669957406600213
20 -0.5173740262101202 0.08378782394028587 -0.13727385866925437
21 -0.3916024977729781 -0.3035909606631849 0.11102361217823194
22 -0.3698623185401286 -0.42095783260854763 0.22912063403363064
23 -0.47924234835320173 0.08911895366044241 -0.13110500954194565
24 -0.49039843703657826 0.29475952388425447 0.08390746823087888
25 -0.5296547096765364 0.11117249189457806 -0.07042008962514994
26 -0.3961615617861808 -0.3692530693315036 0.133693096952565
27 -0.47142950141881246 0.23670097487697112 0.11682010313966487
28 -0.515061768214805 0.4422012655024867 0.0052178463785028184
29 -0.32188638896783917 -0.3284193837999083 0.055909833521671004
30 -0.4272489147916121 0.39747652546227835 0.04239940471598265
31 -0.3634101861939412 -0.28167703992883797 0.24125979279849602
32 -0.3344227748476081 -0.26066615571664997 0.22419700997080463
33 -0.47495406146241254 0.3552774158267399 0.0047302626177022295
34 -0.47530884246417204 0.2864674811788538 -0.18903506846599125
35 -0.4476510768275277 0.19788621521428995 -0.17487010981618442
36 -0.4427353561532612 0.2489337466190728 -0.18330008659191993
37 -0.37912800869232854 -0.22495348932282663 0.282970791670482
38 -0.4545628796216866 0.27659875652852295 -0.1406349858172371
39 -0.5195723953485077 0.14275490418677295 0.03930293947642312
40 -0.3008433002467958 -0.2384366916386231 0.2338290161428132
41 -0.47170642522891854 0.15481271696829074 -0.038132897092004736
42 -0.42555966084256386 -0.23509328498703091 0.30708075634783133
43 -0.37051601149927954 0.32874535491573176 -0.0391376035104365
44 -0.39453994328783065 -0.18966630809706114 0.15724667568615303
45 -0.43563330990252885 0.13114479643591126 -0.06000825633608989
46 -0.48196138958936463 0.2739367558950453 -0.10507147941579484
47 -0.49619827675018546 0.3500712887860304 0.05503453290950179
48 -0.42011147140866595 0.2596835379184172 -0.07597195716181913
49 -0.39653351882614185 -0.3815899348283892 0.1504156227115316
50 -0.4819006005728814 0.17836387821210273 -0.16018445642482704
51 -0.40225076452995784 0.1466232124048267 -0.030162957911838328
52 -0.47493424250293304 0.302746441806458 -0.21480461622435457
53 -0.4041198802094413 0.15119744837048216 -0.033071298598719955
54 -0.4962037226896824 0.34917793323435026 -0.019707154094537913
55 -0.5208934171922615 0.20148142581754933 0.1514425011200143
56 -0.35893503858450126 -0.2682426850331903 0.24605004593794275
57 -0.2875143255815015 -0.16656072343183154 0.003790776301332232
58 -0.3742092187469602 -0.3480948174415287 0.1138852851056601
59 -0.4952849794200046 0.36537312658091664 -0.08866924172108667
60 -0.4232680906938988 0.157900818408314 0.10529748156591354
61 -0.31913516952923515 -0.144748039621959 0.17886618734879262
62 -0.4581207875137425 0.22109700422120643 -0.03741858566382921
63 -0.4476707987090583 0.2678012235833994 0.02319329333480678
64 -0.43573150549276496 -0.1266348740970919 0.08785844279917805
65 -0.46428085560027 0.359726261665574 0.05311200536174661
66 -0.3449080087103133 -0.2813740338323071 0.05988636862092188
67 -0.5081494421341942 0.3455936331093008 0.03203344093142064
68 -0.3869492168202358 -0.29451645658900927 0.08875523846705265
69 -0.40050720708772364 0.2077806844584259 -0.11195446671054694
70 -0.5011318853887029 0.38049133961581777 0.06185014161839061
71 -0.41690327572022956 -0.30428079850050344 0.08066528645951804
72 -0.38548906658115084 -0.25914641204038547 0.11082948624798755
73 -0.48884809344432567 0.2987913576815856 -0.020193369608976622
74 -0.5021912206253991 0.28269034114328984 0.16212048732262893
75 -0.44333617611970805 0.2621660289074944 -0.025286208764470252
76 -0.4007616352947923 0.319691100331693 0.21395081985709571
77 -0.43247853260663693 -0.1975942098801991 0.07095537158051829
78 -0.4615345805114829 0.2984697699410482 0.048819123325794536
79 -0.3437159670109848 -0.3298392385335364 -0.050577197367744534
80 -0.45617732282037465 0.24942005382707977 -0.3216348851590405
81 -0.5085538562861736 0.2697886716336129 -0.0545455952168841
82 -0.44644269893895394 0.2501609878248149 -0.011175118807532431
83 -0.3886414887353825 -0.32977689558440154 0.23214125270626967
84 -0.4201224649412303 0.24995983595849897 -0.06350979134699321
85 -0.5321281854901546 0.44231882480963947 0.0025714931020175977
86 -0.5007139838511432 0.23839373788275275 0.01934488113514025
87 -0.5176679212900186 0.10992792862822796 -0.04011018147954584
88 -0.45934488676990065 0.2526752671011916 0.07987634540430268
89 -0.51098836764872 0.16127396023756937 -0.030896957389994265
90 -0.34910127674217983 -0.16335561081346023 0.04411003165654344
91 -0.4958137775277032 0.14007652454498706 -0.18603858350796543
92 -0.449188379778677 0.019135458951875482 -0.17478034909866697
93 -0.43006006773040334 0.10246517353824361 -0.2565063946314198
94 -0.4834727513449472 0.30442416515370846 -0.10301439763910379
95 -0.47665184226914 0.24187039641526015 -0.05608180691808545
96 -0.5023434670174023 0.2131761972598822 -0.07854384249298338
97 -0.5134125803010745 0.07419284984961463 -0.10271343092830447
98 -0.3911144158136525 -0.20155290180108346 0.355468640354722
99 -0.4280649112165163 -0.2535913849506884 0.21637396147326984
100 -0.45728653556558574 0.052521386559143415 0.22598436064404206
101 -0.44142200228423506 0.1937557643299189 -0.1027666046007754
102 -0.44075403361701987 0.2533346136146152 -0.16189262659163625
103 -0.4263945026801882 0.3033373971473815 0.029325783659839195
104 -0.4684981420791734 0.21723217585597962 -0.0036269856524121656
105 -0.32200596104761153 -0.34875139353544515 -0.03777682734103659
106 -0.4577315505209568 0.3736801972832955 0.02071123546916688
107 -0.45665885589122057 0.2091167994186296 -0.09132845898344297
108 -0.3425404310906989 -0.16793511566071695 0.2857757724626659
109 -0.401912808232021 -0.3095870598707813 0.15138896742672886
110 -0.3311843843994649 -0.18880646542554208 0.0766713810134319
111 -0.3634149905395122 -0.2819799464723227 0.14972972788832112
112 -0.40834067577288574 0.15653701822631236 -0.10583349403235653
113 -0.4732249869031798 0.3498020679599271 -0.01566749802300629
114 -0.5208435669328498 0.18713031848452913 -0.03680034640811115
115 -0.4977882395606672 0.36325994562847175 -0.3198379061954036
116 -0.48473350535018245 0.31445524105645534 -0.10133691539036574
117 -0.38034415515424447 -0.32117762394743715 0.12199956383775101
118 -0.48346803385235193 0.2616946791164695 -0.1488031547984721
119 -0.4901333630964036 0.24831038143289147 -0.1658559281641237
120 -0.4518122642366828 0.18877842510863962 -0.0496499006767966
121 -0.4783555419301038 0.312973433660756 0.0013830577212691879
122 -0.5100129189043647 0.2924133682003201 -0.09231670024017742
123 -0.3097346769507176 -0.33019690372276345 0.20692436641270864
124 -0.38373119746200873 -0.296400609821064 0.044971847746652034
125 -0.4373235878996762 0.22198020629800772 -0.013740293268339114
126 -0.46183040259458 0.23644983137516706 -0.06247922560215126
127 -0.4638339216634969 0.12208094338680568 0.11605848926041396
128 -0.3480621145245529 -0.2831909685661308 0.19534523537754273
129 -0.41625302317150137 0.28944895701260853 0.06168034641173896
130 -0.5235908226096064 0.20076896620913395 -0.030473450885032238
131 -0.3445723489160191 -0.3213725123124946 0.28887381088553665
132 -0.32767222157189885 -0.38972113458926544 0.20186414963168492
133 -0.43058193990615024 0.27255786598719967 0.012117331903237728
134 -0.47631710286211454 0.3739654271021812 -0.22660444993596154
135 -0.40188938092281845 0.09435951102064269 -0.08643283480716842
136 -0.5215988780576597 0.1454970575708715 -0.06440441247674268
137 -0.5005220366482545 0.03610137310608326 0.118833879873234
138 -0.42003818699619966 0.307715991913544 0.040424869314466615
139 -0.4670731016116999 0.2924271256927217 -0.05735443615804724
140 -0.46234991448364704 0.22258815488509784 -0.04549091286822128
141 -0.2696644223092937 -0.10083539382458932 0.18931238822950566
142 -0.46367571413691117 0.10641434062588682 0.23629066734748755
143 -0.4329286931922405 0.020970707432646497 0.09556542972235198
144 -0.37449136539539607 -0.20045265233497325 -0.043264675734358465
145 -0.4329849350440779 -0.2925089720931809 0.13482953201698636
146 -0.4647336725129357 0.28380922701272754 -0.009680625450351879
147 -0.4482205105189562 0.2997604909055258 0.006653335899251
148 -0.3061643442708896 -0.234188834381075 0.2307128057586552
149 -0.3803379897748322 -0.42957014658263715 0.17283242326509077
150 -0.5060690794332836 0.1331644660705108 -0.01628046626358159
151 -0.37332724643989984 -0.24504880777327798 0.14650206107601857
152 -0.41983044170332234 -0.24949398377093662 0.07925725041779673
153 -0.488367843043469 0.13622519194085142 0.08090332797099098
154 -0.5334176176703819 0.4681763660094134 -0.13432219460851272
155 -0.42083682307460313 -0.3493370828640123 0.23789976536600693
156 -0.43707559171884036 0.28585056575382684 -0.09841408852719317
157 -0.4538481991307069 0.2744057605863789 0.07967667350390405
158 -0.32289039092976796 -0.23525370892737113 0.2331228770373373
159 -0.5146601096931079 0.4010806156020186 -0.07467025149746721
160 -0.5202494548235124 0.28858666078170836 0.25397616511967663
161 -0.4921013476317017 0.3974793691346909 -0.05519673824176062
162 -0.4270029597269502 0.10543207559167639 -0.0724034753648984
163 -0.5295110756186785 0.3289619229878725 -0.0266809514333065
164 -0.3983664227083803 -0.12596006327878326 0.1725671106137616
165 -0.5094647090820745 0.27072816184649817 -0.058002871602901955
166 -0.4578145549463238 0.3601299209345377 -0.010243617777858125
167 -0.293956827165174 -0.19210723763065002 0.10929165070088999
168 -0.2860092345274666 -0.1645776097507207 0.1915877751138065
169 -0.5370945708023652 0.16800061785088363 0.13350467740983968
170 -0.5106437728552558 0.1742612544699495 -0.27258994323812863
171 -0.33252020205624655 -0.2277812031261473 0.2151188569521286
172 -0.4640157784569769 0.16838548831831285 0.10621546060955747
173 -0.3911175963310739 -0.2571479479668163 0.13363901480107038
174 -0.46359558475770124 0.3639491681965972 -0.049744541126888364
175 -0.34404173199949106 -0.23281165630711215 0.2677350098086029
176 -0.4353371102911664 0.34226945945839665 0.1511441245989498
177 -0.4370060459543644 0.25984508590773114 -0.005567528399209294
178 -0.4254648450298249 0.05955037441814552 -0.0672232289080047
179 -0.36591467019409696 -0.2166056861787155 0.18792024950274946
180 -0.4234572006377597 0.062900191375987 -0.28725498456373455
181 -0.3336616183280802 -0.16271705891728055 0.15864347332972434
182 -0.4696328904423602 0.14657854276669627 -0.2123108646642818
183 -0.4374491348718929 0.17301433551486903 -0.2576886729426006
184 -0.3470354416791849 -0.28863779974106785 0.3045644254699942
185 -0.3567081237766037 0.11785126491151947 -0.20446605954793623
186 -0.41952230779266225 0.23049428604806702 0.10485326202676636
187 -0.43329114623525844 0.22231203245783118 -0.010820704246133524
188 -0.4674351742079626 0.2405615327002917 -0.11405167662790935
189 -0.40089023567035564 -0.16221414037850612 0.04198088015697693
190 -0.33952668203887293 -0.1836450418593224 0.12368567324358576
191 -0.43445168675873375 0.20141056267038954 0.022671050242911116
192 -0.522631464168012 0.23407078167418013 -0.18216413030353912
193 -0.47370679494572315 0.2952768500075781 0.07013796678384358
194 -0.5102779089604199 0.3115210665418671 0.13809766791336445
195 -0.46576130748924116 0.26386147937055704 0.2046405699736277
196 -0.476570422981161 0.24875884934805897 -0.2349027236585234
197 -0.36135963253526443 0.327782963614053 0.03464133619348433
198 -0.4230213471605269 0.32714176935099387 -0.18723159866909272
199 -0.43487928884105087 0.18996225634454963 -0.0832579393742877
