200 3
0 0.04407175072837436 -0.010384354840075136 0.019339858175192112
1 0.035320962025352995 -0.02062006679899326 -0.023123854406682028
2 0.03976171636975725 -0.032958616348225646 -0.032961857234621396
3 0.03976274948344987 -0.009853522904431127 0.015612860280478032
4 0.040109882702301175 0.03510032098709685 -0.015059323054763622
5 0.03571249717953587 0.03459514949291454 -0.022306606416405386
6 0.03905677138979568 0.03450643602366291 -0.017918515335283144
7 0.04180570621026529 -0.022028558534815713 -0.024653238977601875
8 0.036861826544828565 -7.093473567314676e-05 0.019800599409467348
9 0.03941123620539447 -0.02657084264670902 -0.002678594159795753
10 0.037974960749795776 0.018257241691391292 -0.013129565728363612
11 0.032875973934827774 -0.027186233321634095 -0.03374617907239587
12 0.03609857340033958 -0.014729286222201843 -0.033593257443461304
13 0.03797519603767356 0.030576640281365246 -0.0050373401389512155
14 0.03686038712447878 0.022295125575741516 -0.02437433008131163
15 0.042791118899370845 0.027370666687923175 -0.014949578765438305
16 0.03797556892885785 -0.006677389327851661 0.026631964842052727
17 0.03976293464870796 -0.006285060325129553 0.014940018231582999
18 0.0368620870532423 -0.0034131111863659625 0.028748572493335234
19 0.04045435691229591 0.024645937962074867 -0.018325643740393565
20 0.03686213630371488 -0.009837843856389 0.03602539138991107
21 0.03797479308041179 0.00916390401625428 -0.014244360273866994
22 0.0372357009032957 0.01720865385037781 -0.020544972138103284
23 0.0394118921112265 -0.021188002600556203 0.020183891186380178
24 0.036861707482693344 -0.007793132134986211 0.03274937466302532
25 0.038699582195099315 -0.02836509216589582 -0.0168801853639397
26 0.04010959533704407 0.04044666206810571 -0.01880927857263524
27 0.03532195233928325 -0.005046357370488043 0.02611472517969457
28 0.03833981905761557 -0.00959861373058811 0.025318970846991258
29 0.03760671070916455 0.02284825878186531 -0.02313545067044401
30 0.03870098503280571 -0.012403264377985635 0.044952707123622884
31 0.037235338040866116 0.034422542918061495 -0.030277673268250812
32 0.04113523667222618 0.033314518197301364 -0.025989661798340495
33 0.033710474546389105 -0.02526386040867753 -0.042465569669458934
34 0.04147170848158238 -0.02643553106598535 -0.0408241976349055
35 0.03648217305368245 -0.020347784315469537 -0.00657256066319006
36 0.03069171382995001 -0.011386765841758174 0.016399977279926328
37 0.042791408560572106 0.03747213508817966 -0.010727307866049855
38 0.03760850650423662 -0.021212953665413172 0.03461970477821632
39 0.04279249008999338 0.003292098722423876 0.03606862885426304
40 0.03833939109342544 0.01741301321858389 0.001156564688941865
41 0.03976279664067652 0.004513635249186911 0.0173745384802405
42 0.0364819275798633 0.02593202307182063 -0.012024720329751827
43 0.04113594855612268 -0.01633187549867396 -0.018320509947361324
44 0.03686103029746773 0.011305645072832306 -0.02272574411564897
45 0.04375532575999438 -0.005142488103238291 0.02632767827713952
46 0.038339720021567734 -0.021812229272120794 0.01559227199034988
47 0.03571303182991567 0.00020184568890829706 0.010633991378291187
48 0.03412112162561884 -0.02052399381266284 0.010189144847279723
49 0.036099102841407535 0.03331995694849679 -0.025929978025829407
50 0.03723590444882862 -0.02037649653775418 -0.012130421154299673
51 0.03686109633060966 -0.01897293766576662 -0.008980379603352474
52 0.03976212665344507 -0.027273594494650187 -0.010560347468059263
53 0.03797461477414051 -0.011217419978308425 -0.02238060847306481
54 0.03329658627084879 -0.016274044157166313 -0.008905649938098972
55 0.03760723073384619 -0.03219046578873566 -0.019842786192878967
56 0.039762069040299254 0.01824249483309186 -0.011118416031587865
57 0.03797472839153846 0.02028299794788101 -0.008342100465508668
58 0.03532102082324343 0.039907385819684726 -0.017353867078018795
59 0.03870068504982353 0.00798342229761768 0.028206848638994773
60 0.03571324307296155 -0.01335920101403848 0.03272139720511998
61 0.039056717262828916 0.0330892147726685 -0.013149852746018301
62 0.03609947925922942 -0.017599495570196987 -0.0028180970136521457
63 0.03941202624873355 -0.016413499709789774 0.026865368121601518
64 0.03869957407649568 0.03587939687399922 -0.01139160559514682
65 0.036483357940997684 -0.006955071091201964 0.0381305694817066
66 0.036482048819897625 0.011694645226429498 -0.012780368556411141
67 0.037235840529601036 -0.02343970646234776 -0.03286590854522131
68 0.03609926524270665 0.029593157355422183 -0.007491026493590455
69 0.03723569412510508 -0.03340360383255213 -0.028951657964802282
70 0.040796497681271846 -0.03303504183927776 -0.03081356375781966
71 0.03287684902216244 0.027199552563348637 -0.00218897742742669
72 0.03723608690931496 0.029431547452158972 -0.02602532216077492
73 0.04213656979299742 -0.023286843336372327 -0.032217406025395676
74 0.0368608194010321 -0.03383481760077814 -0.016573569923034694
75 0.03609923223979343 -0.013345912708801517 -0.012933032851585147
76 0.036099107667018335 -0.008090424392878132 -0.013716126973693942
77 0.03492552155418262 0.027897067202303623 -0.005338289506015672
78 0.03833955397263544 -0.010361671544292891 0.017799203146370627
79 0.03941075399908738 0.02084531208698395 -0.029868572298450104
80 0.03571225920856674 -0.019673058103083955 -0.012886392685989892
81 0.036100106350960205 -0.016724146622654038 0.02308414409260067
82 0.03941176809828005 0.00015043432915020144 0.023753067862874504
83 0.04180571521882925 0.030403262427202746 -0.02452613767645303
84 0.03760787229838119 -0.017715720236921213 0.02261672284207809
85 0.04375529337625178 0.011486594920733013 0.023477709717437383
86 0.03571191227141777 -0.027963153259956814 -0.02221752271486761
87 0.03870064610553761 0.007343311471445312 0.04202919636214326
88 0.04180585855947576 -0.0016189800295489253 -0.023596402878356494
89 0.03723683830671779 -0.0025185427003399058 0.021188274079566975
90 0.03941134534815933 0.001066689445373536 0.003299463508602769
91 0.03941101710770323 -0.029868611448257844 -0.014026645454068625
92 0.03905704135525967 -0.011392036252135638 -0.028671015448106303
93 0.043115701835701306 0.008461131750807637 0.02868658121028818
94 0.03686044345105231 -0.012279322058418505 -0.03417280315203756
95 0.040455680541816974 -0.014507958524371027 0.02824438774081713
96 0.04113664024993907 -0.0022207227388281107 0.026883399404004655
97 0.04246604323735915 -0.010887413128789568 0.016325278312465743
98 0.03976172578575458 0.03051224065690517 -0.019872425617771514
99 0.03941131183972218 0.020528687877373466 -0.0028791084296534435
100 0.03833869888356364 0.02236788249294659 -0.03335992608656982
101 0.03905809374367971 -0.011311949171291656 0.029054540397189386
102 0.03686152651706557 -0.00469920851724399 0.01834403804450186
103 0.03412174480290461 0.005824433075200653 0.02544712080341214
104 0.03609881481320607 0.004106898552232575 -0.04110704924917373
105 0.03532054350667647 0.03482702749736883 -0.03302377443091974
106 0.03610041577579087 -0.030627953540277406 0.025677273950829173
107 0.03869932905877277 -0.021458885725791407 -0.017562241490760338
108 0.03797468610470764 0.02630048863580885 -0.023968644668935675
109 0.03532090410095609 0.036798015403112755 -0.02136386591673567
110 0.03760713726688164 0.01771165516693835 -0.020162868856384474
111 0.04279072129404969 0.02128188389174159 -0.03696271294677692
112 0.03941065093662008 -0.01928853297503284 -0.0266676175613908
113 0.04079656906246665 -0.0071814087919829395 -0.021481735219528567
114 0.03833990691386131 0.0015601643235357047 0.02989923109065588
115 0.038338867036012525 -0.01398993364526004 -0.015791875498518786
116 0.0440708337101434 -0.016104584523203017 -0.019543288762127714
117 0.034925489158347145 0.026006358009201366 -0.014053948748132445
118 0.03797458433207566 -0.016909241149691116 -0.02048325369842889
119 0.0372364788513894 -0.021590105682572566 0.0012559485225306986
120 0.037235778149002675 -0.015312189162930232 -0.018171447511972798
121 0.040796544273382654 -0.012878459213414274 -0.02387059674572222
122 0.03571337738762581 0.005351311815498729 0.04475610706988469
123 0.04011004360256802 0.026231219417850005 -0.007927984595039093
124 0.03571213088864804 0.035773275831958856 -0.02739769285647541
125 0.039763084752481345 -0.005558025871243199 0.02516968084652701
126 0.03941097521551849 -0.02615523957477238 -0.018083739257459895
127 0.04180570560308157 -0.02020345727229032 -0.01976870814215121
128 0.03329644511014704 0.01564296299299621 -0.02474530049651923
129 0.03905743276390801 -0.026458811063119283 0.0033608936053495723
130 0.039762692762958254 0.0009213650297421483 0.01890904936311559
131 0.041472368152395994 0.03493775081307921 0.0011439116810162942
132 0.04010999869319502 0.032639503830173736 -0.023294654572250946
133 0.03833989049289357 -0.008134221862209823 0.030532392335213314
134 0.03371121652512281 -0.015184135797585247 -0.008911262173372046
135 0.0407976347236037 -0.012890953918602975 0.02005339199105331
136 0.034120951928606875 -0.0036005327738224523 -0.0016478316949817772
137 0.03797450577266522 -0.01660113929879969 -0.028489037802645098
138 0.03905824783483124 0.003221262821149958 0.039860677446979874
139 0.03976211186843067 -0.002485359812901456 -0.014947230830379842
140 0.03648196309461308 -0.024962606960307682 -0.01733125395985084
141 0.041135794790767996 0.019850412602596422 -0.003300806921932626
142 0.03686184779127411 -0.017008388160720714 0.03194388170518587
143 0.0407972953249528 -0.01656382643160943 0.017808858169509653
144 0.040454871282713585 0.028462323078970644 0.0017707365806770617
145 0.040454874046803375 0.034575946872528907 -0.005084020623352367
146 0.036100428503191596 -0.009494945954536241 0.03771505736412668
147 0.036861716685439964 -0.005715090724520866 0.022303404914332813
148 0.04147209318035648 0.015291431938538668 -0.029114645482904596
149 0.03869954023442941 0.022628845588296004 -0.017555759888959296
150 0.04180627831482342 -0.030208221005167953 -0.0014130123923754264
151 0.03976179209714444 0.033813040907818184 -0.02127417298784907
152 0.038699312704086934 0.02925254328971397 -0.0284048841633104
153 0.04079711553389409 0.005215477842604595 0.005486916188511184
154 0.03648202054304132 -0.01553443286647308 -0.01693856428622266
155 0.039411064439356186 0.013829350032302741 -0.009666379192486798
156 0.039057608927543744 -0.0021442808487642322 0.011970407586250049
157 0.03905653822755694 -0.024584347403893626 -0.03764507675835096
158 0.03905689462045568 0.027184075518024976 -0.011140498627026246
159 0.04045432600663147 -0.01381958043503796 -0.03311438437426025
160 0.03797567508252012 -0.0012132502936184574 0.02851651777339612
161 0.04279204029755589 -0.009849525819008642 0.02168826727695368
162 0.03452662466714379 -0.011187074011940966 0.02024385241534173
163 0.04079778830400486 -0.0014021561196631098 0.028976408863022975
164 0.03532082486314505 0.021267853846772794 -0.026005910476516392
165 0.03869897913188447 -0.023927011215048668 -0.030868594195619017
166 0.041136476519572786 -0.00493865190886992 0.012077357451805626
167 0.037606927884700686 -0.0018204230394950696 -0.022536045525111445
168 0.03833874154793323 0.03338221551872527 -0.023297437036741662
169 0.036862250786409916 -0.008406551971926468 0.032207100047790774
170 0.041473900506753515 -0.012263057641845645 0.05111033778154294
171 0.04113605166409992 0.02900438263179462 -0.003291925348642538
172 0.03686202715319338 -0.012366471966942877 0.02755270689021017
173 0.03760670508557459 0.030718510625975963 -0.025100662143335197
174 0.0394122732014723 -0.004883697068306388 0.028288590402858336
175 0.03869922021388574 0.017443305102103082 -0.03221429361006343
176 0.040111045339978016 -0.009194562989568323 0.030419659328733143
177 0.03941185460298303 0.017018443305930234 0.01255091813884996
178 0.032451520304855375 -0.018030068343635262 -0.003325586805207888
179 0.03452552321857526 0.027036922702119888 -0.013093829194135688
180 0.03610058059604936 0.0055128109693140985 0.04476777137041036
181 0.03941079118243497 0.03822299379038025 -0.018946107703887414
182 0.03532080326097815 -0.013899520473420229 -0.031954963877198005
183 0.04147185985453689 -0.02418820051557637 -0.037843980255022204
184 0.036860781534662476 0.02052062479439126 -0.021671385913495125
185 0.040110517364722084 -0.0028091404615419556 0.014560782121161301
186 0.03492505014502913 -0.019309616533647395 -0.0322967967943626
187 0.041472681320245085 0.0021898277346985135 0.013263454877206324
188 0.04079766509655841 -0.012960592459014235 0.029706495002743267
189 0.035320951942570865 0.026603464404560778 -0.024268300905939653
190 0.03941070458504977 0.03105257757919452 -0.02169961609853043
191 0.03797462278405088 -0.02493405583211223 -0.021092548439743848
192 0.04147200959382361 -0.01189492115823988 -0.033617775837131346
193 0.04213822611727659 -0.009765544877354223 0.038944521568688766
194 0.03869997079325496 -0.01561898136729065 0.0014800723026458043
195 0.03941194261995781 -0.013434498600134771 0.030258959156841916
196 0.040796589835290074 -0.020809318033657605 -0.019338533842544928
197 0.04113577558202372 -0.023442303234518458 -0.017173241899962045
198 0.040797016328938514 -0.011921623524116036 -0.011439267520348257
199 0.039411424766040475 -0.024318404164171237 -6.185137333563697e-05
0 0.04500725874013683 0.0171205256992442 0.009398084169202002
1 0.03686056609557509 -0.026029177442001988 -0.027550556060461195
2 0.03760691108935012 -0.019262887160335865 -0.02291437849846309
3 0.04180658222835744 0.0030894737272243573 0.011679626358040254
4 0.04113621102994881 0.02829448811921773 0.010441899222947477
5 0.043755120294441126 0.02587507081020198 0.018763028549299066
6 0.04469744823565411 0.00927459791599639 0.004815163532563628
7 0.03452532761645687 0.0011757642897749481 -0.023790290487581214
8 0.04407158254706514 0.03143240791444032 0.022605195341668913
9 0.03976192930951489 -0.03135768471551492 -0.016053568732552943
10 0.04311509049171748 0.0184745722348184 -0.003458820942492721
11 0.03905682618989544 -0.00989346870815987 -0.008037515629126277
12 0.040109962847704655 -0.002678425992615022 -0.017708843131931072
13 0.04592377619724173 0.027300127900266532 0.004485966706036739
14 0.041806676366890096 0.00952757731877052 0.025470911934129797
15 0.045923602898209806 0.0028783827572401947 0.0028840089234789218
16 0.04213783733382893 0.009669157804909484 0.014538480003509225
17 0.04375496005556415 0.015613296543062519 0.0053390297411329704
18 0.047704845607032746 0.01861986357909107 0.027448705917857596
19 0.04407138594073028 0.008744503244861056 0.010918925598547858
20 0.04711868826462014 0.013772505641179308 0.022480402504362652
21 0.042791621170768866 0.02819679911180119 0.006053976193185941
22 0.045315270741961095 0.02075855318213214 0.028466923555404585
23 0.042466005761631585 0.00845493801443457 0.018820106686874227
24 0.04343639011674755 0.01912958519202914 0.015955981475485385
25 0.03452494555189498 -0.009005430370963503 -0.030526068536094738
26 0.037975662483260245 0.0036313846924502183 0.022394983887595712
27 0.04147263294228204 0.01588275326398694 0.007090661267519277
28 0.04343657409996838 0.02322071354137427 0.017510506572546658
29 0.04500695064065382 0.018178850358317913 0.014151846602101639
30 0.04147249763046988 0.027948540107108902 0.009941949817744397
31 0.04343622818359003 0.014081463294005246 0.01177110109378677
32 0.04592377205889154 0.01986305207454947 0.007674441173715922
33 0.038699550192419246 -0.020908114514001423 -0.026609435374685658
34 0.03760715311150753 -0.024592448650945356 -0.016609181117779884
35 0.037974597582633135 -0.020617552581082832 -0.022757171847180454
36 0.042791736433882926 0.013503479792501988 0.01391383185403133
37 0.04375515894558783 0.011213463994632649 0.016948249577003506
38 0.045620365397873223 0.016407769436316322 0.010272846761211643
39 0.04213786533580927 0.010160960352623396 0.0220599868076261
40 0.04741260868326942 0.02288159158715043 0.02546817823072638
41 0.04438565620360576 0.01605451949224496 0.015882768507894194
42 0.041136453964199626 0.0208321215401999 0.0010158438562983417
43 0.03869964527690832 -0.021051331757125577 -0.01808322308963286
44 0.04045573635196276 0.007512050195347505 0.02512547727826747
45 0.04246623622706975 0.00221382992451093 0.028492506060576912
46 0.04500697910823009 0.02152549522974287 0.008626395689204218
47 0.04438561294353339 0.018028871997735018 0.007880513973857459
48 0.043755324810405255 0.013305402822386788 0.029850508742303532
49 0.04375504270534223 0.009282764173022874 0.01474692088180929
50 0.04010952254322198 -0.021151863448348615 -0.029931312500133506
51 0.04079644511392709 -0.01248137080859879 -0.03307105400628255
52 0.03797464520965678 -0.03438923267647371 -0.020127930596081697
53 0.03609952332554098 -0.029880409065928364 -0.01092150927565478
54 0.045923898718420425 0.01599641853353363 0.008438471052920941
55 0.037974618901668825 -0.016585096825207157 -0.007309437689090344
56 0.042137203754061985 0.023999868578403503 0.005253414179751162
57 0.04147282045161301 0.016283725994536015 0.010802171942949166
58 0.03941198428028583 0.013256808777489288 0.029291299574493373
59 0.047412197291608636 0.017009903113876408 0.0008636138477481296
60 0.044385384246625206 -0.0012235097639084521 0.00827985317685595
61 0.04079711623033911 0.020198167384937665 -0.0020071011673753842
62 0.03905729079133217 -0.028983316484340393 -0.0158459142316116
63 0.04592319784247468 0.013769230076716805 -0.006786591406178675
64 0.04562027131008177 0.01715671456710083 0.006844160150322359
65 0.04500675238172026 0.012760180094922113 0.006939039526176882
66 0.04592412303024924 0.03129729266837268 0.01205122455812838
67 0.03452494978883248 -0.031292988030458456 -0.03341197254503772
68 0.039411715842847236 0.019152468400094214 0.016366304938028684
69 0.03905674117344172 -0.0219623249008924 -0.026373314785934895
70 0.03287632803502269 0.005384355229029868 -0.024616002746654996
71 0.044385240402956994 0.012828232975559654 -0.0033274892950145452
72 0.0462255114278483 0.02724352957139799 0.009799766056456874
73 0.03492556844774521 -0.012605224587944762 -0.021038996717596254
74 0.03648170290244523 -0.022190339810025755 -0.01662627747032377
75 0.03760760285906209 -0.025478333959501415 -0.006181507405173411
76 0.04113588315746435 -0.01296952888318359 -0.019754315147370465
77 0.0434368122970988 0.01440869555293317 0.023268480791831105
78 0.04113624277997037 0.029419080458011615 0.005769073657572591
79 0.04438535079504014 0.023048050730038423 0.004369320630452463
80 0.03287576486676865 -0.021829730297256947 -0.03230061714020575
81 0.04147286349865643 0.01506481011613564 0.011164411441509427
82 0.04079701280972444 0.020576591801530597 0.0061161372268128565
83 0.04469730258973171 0.02361892455953447 0.002672902574797972
84 0.04407125420280307 0.028981606406769563 -0.00245912101053459
85 0.04311506871038637 0.025251577133745356 0.01880041691981966
86 0.03976148308060748 -0.029190437996744006 -0.029304256710518412
87 0.04438551598986068 0.019056910424466292 0.010649606650949524
88 0.038699311567536504 -0.009914226081964607 -0.02320390876484858
89 0.041136277102245274 0.01922440712070624 0.015592522987486894
90 0.04652521044536154 0.01579324128141971 0.02050821953892201
91 0.03869944484042586 -0.02007107096313938 -0.018830670879437655
92 0.03686112583338311 -0.01047737113504184 0.0028437569525120118
93 0.04407117760995631 0.005812516353120391 0.003445521652420366
94 0.03492526174062722 -0.034539199706089735 -0.03502618510948562
95 0.045620358222418514 0.019925767911670167 0.0162711289640668
96 0.04592381878985775 0.020304731853724254 0.004824908008957429
97 0.04246560876283962 0.015992921205108982 -0.0074069807761705745
98 0.0437551529953927 0.03388514086481231 0.020030900317709367
99 0.042791745861846635 0.012770761455156468 0.01796951078772749
100 0.045620170433055114 0.011632057623851525 0.016885908077305334
101 0.04407133094948936 0.017242946967647093 0.018573203207923005
102 0.04246581544882036 0.01953611804064585 0.0285235146434062
103 0.0421378844187268 0.005749369487577395 0.02540545162846356
104 0.03833894259574561 -0.027222469988910793 -0.0032436262840562944
105 0.045007260127660854 0.0018786712014840984 0.009975937626888845
106 0.045314747371477684 0.012193079927064605 0.015112539236366334
107 0.037974762406800276 -0.019816378296097902 -0.010830274000461975
108 0.04246607418011676 0.020884902183877625 0.01982579900084633
109 0.044071120090319306 0.016131586545246504 0.00538136635773346
110 0.04343622339353066 0.024396399069968155 0.007381758545303684
111 0.042465689226386986 0.02007748732535585 0.0035536421087071497
112 0.041471884281300976 -0.021278581475281718 -0.03403238156093055
113 0.04045436512111749 0.002936839102936073 -0.029278413236348985
114 0.03723650194049138 0.018234503349822278 0.016301323695748667
115 0.03976158863099491 -0.018789293742519718 -0.03508716452426264
116 0.038338516264194315 -0.02811411924788159 -0.027866076021410946
117 0.04180684343899646 0.008298793807719826 0.02439620020140876
118 0.038338725567913394 -0.0226580341661818 -0.015503166480035718
119 0.04592367387419989 0.01611444779867986 0.0015336393290861362
120 0.03760687992371543 -0.03629788702952502 -0.02317038994434172
121 0.03941101286647053 -0.013107512376827158 -0.014901259025814202
122 0.04311577646407265 0.000826511409870113 0.04230369426773561
123 0.041806596579389045 0.028580817879159264 0.01733410630596875
124 0.04279223803465206 0.011764515568425327 0.019320905876905194
125 0.04246613800900806 0.010002242343231554 0.019344039215189082
126 0.03648174777709787 -0.026954279780460968 -0.020500709894918687
127 0.040109395705072506 -0.022036042007637754 -0.03791896982353834
128 0.04147280028508996 0.027282024350293768 0.015459530469794846
129 0.04622563853184861 0.008399436065809967 0.012129189862917927
130 0.04375488746545598 0.01755463193489348 0.011304988140475399
131 0.04652514051462989 0.01022813735541711 0.018720292066937826
132 0.04147300587672745 0.01926674188413095 0.013628852376572456
133 0.04180653591193287 0.026287048551217 0.015675641817412593
134 0.038339284708717655 -0.017132076916514603 -0.005932659848629681
135 0.04622571010371076 0.0141940487333735 0.03136282727487969
136 0.04652548597457411 0.013872631611130776 0.024673391579311928
137 0.03723559228913071 -0.021774287687407013 -0.030533045280473473
138 0.048283498471703025 0.029296372838387225 0.019354084923842954
139 0.0368606801152787 -0.0208610022535097 -0.030516989653727452
140 0.03492575523568161 -0.013648621858796587 -0.015768615672314492
141 0.04113610429738781 0.021430482572481684 0.0015726777090629314
142 0.04622500846964148 0.021108205052836768 -0.004088860405017398
143 0.042466294781783175 0.021835658557102844 0.02230108673360061
144 0.04279161778212173 0.02318482137020905 -0.00014099604696029427
145 0.0440714058027854 0.019169373013763206 0.015465146911350619
146 0.04213689308330377 0.030094212814594186 -0.0061184713074650615
147 0.041473075321961844 0.00859498002284244 0.012726964815365076
148 0.03941184091273379 0.018442221068710647 0.022202078560738515
149 0.045007291072501336 0.021437878251276896 0.014552529997072572
150 0.03905700276033727 -0.019704717805303373 -0.01581471600048168
151 0.04343667747668436 0.019765498035707308 0.030373855249861317
152 0.043115444527544726 0.015544560930586508 0.01591202317913667
153 0.04500676919093248 0.017258892783882485 -0.0015622642292697877
154 0.0407966943884291 -0.012210590797436483 -0.011929099608017912
155 0.04113678176312209 0.018212660555979438 0.016762717021429046
156 0.044697549372818834 0.011235983948586842 0.019629476111990358
157 0.039411083881976575 -0.021907930853162533 -0.011586578162854461
158 0.045314926643952466 0.022660114542661328 0.003041333734544664
159 0.0418053635679026 -0.017657967302863654 -0.03764148466893232
160 0.04562068982225475 0.021216683945603623 0.03497923862918197
161 0.04311544933047989 0.023940394429512447 0.028661312744836968
162 0.044385474722943595 0.020354529188372737 0.006255374600548181
163 0.041472752879655767 0.0071403399028487375 0.0023947409520872665
164 0.04079707196176443 0.006495208410703167 0.00752278858119767
165 0.036860718181370135 -0.02128324718549571 -0.025511352973056782
166 0.043754903315694454 0.02226133758768728 0.007758207925627804
167 0.043755265942901946 0.019556849390921 0.022586290344608788
168 0.04438570448374636 0.010386653426313248 0.02800032164224223
169 0.04469730717314611 0.01034102489579683 0.005280171805415599
170 0.04438520111123521 0.010346866180707728 -0.01156876913378512
171 0.04438528781329442 0.029299533609079255 0.01451437620369004
172 0.04438545527851497 0.0103705719186392 0.012174334993967277
173 0.04622540864849422 0.00680965042472228 0.01771543795839796
174 0.041136475194323854 0.011145597338523152 0.009280449869578144
175 0.042137218773664595 0.011497319241408122 0.008454813023093121
176 0.04500742414555888 0.034203431714994556 0.01748071814834918
177 0.04622549848042747 0.017189112610836794 0.007413427580003191
178 0.0418057900166265 -0.017338772528042737 -0.02404911750350146
179 0.04531487752060183 0.02271221424586968 0.01626136344488765
180 0.04407140814665479 0.013221247827561823 0.010258001355846043
181 0.04500725154045508 0.012825757981546528 0.006731786311516666
182 0.03532091584781088 -0.02446082086079584 -0.031767126431494104
183 0.03648167452874198 -0.010490992666296784 -0.034068808309454614
184 0.045006819306088255 0.01163137645944426 -0.004657387672925267
185 0.045007266340282646 0.014850524133643225 0.022613135084460716
186 0.035711800076334406 -0.018178463744422692 -0.02385249872189201
187 0.04213767145850318 0.021470919207314976 0.017147584401563484
188 0.04375539990751807 0.026092955614200868 0.024967912795068926
189 0.040797246175808315 0.0116140244299012 0.004709298112159951
190 0.04343627101606663 0.02027030497888399 0.01698501787077471
191 0.034925676584328706 -0.008872788306955426 -0.02412898207761534
192 0.034120571569997496 -0.020189745119535474 -0.013677506181936638
193 0.04180684894859112 0.0059737749990883895 0.03128456416235006
194 0.038339523996858166 0.02376683373765625 0.030441990954155534
195 0.043755445125678256 0.010973970529897967 0.023114364440696054
196 0.03723640092869066 -0.019641496694559137 0.006840328512355584
197 0.04180566119590998 -0.033283236330774325 -0.02080208940103943
198 0.03905690109128907 -0.014612481303911445 -0.015549103525593098
199 0.03976204755119051 -0.01819071925730914 -0.015563489894357409
0 0.04147260252594041 -0.022417559913423226 -0.011219613042536785
1 0.04469787744763285 -0.01482653990362415 0.031209350496017665
2 0.04246604083182869 -0.028497731390183807 0.012304035966544403
3 0.044697403930168515 -0.023946230832823524 0.010223499029670575
4 0.03686072894011387 0.022802613880433063 -0.030282582196771667
5 0.03648214715488798 0.032890460381648716 -0.009774322992158977
6 0.04079693634171244 0.03277774921338074 -0.006158383397497148
7 0.044697553939857707 -0.018362802885355092 0.016977600166406502
8 0.04045511258418152 -0.02278657960924096 0.0008763257715462019
9 0.044385243018772544 -0.023364090241380687 0.003974167507190204
10 0.04147226411312178 0.042969468225974125 -0.0024395897515558027
11 0.045620207229577284 -0.011130206408870654 0.003648887742742186
12 0.04246600947158832 -0.019990185927373526 0.021184042286127296
13 0.045006218326457535 0.03241639784386684 -0.02453151833502702
14 0.038699841162172545 0.024854761357662403 -0.00021006020404788715
15 0.039056752813762134 0.029829064490654342 -0.021783313402740975
16 0.03723628664441938 -0.026501849486838192 -0.000970072983093538
17 0.04213735670903353 -0.022243964852060306 0.007077401036050224
18 0.045314443739815954 -0.016870392946428715 0.0036844434147060546
19 0.040796192730018804 0.032769788543470874 -0.028963983260732313
20 0.04562018254240048 -0.008286690182370701 0.011975906383541174
21 0.03976212255152343 0.030502487108816086 -0.006715931793199169
22 0.03905657431859659 0.04389306648678206 -0.02218202078580661
23 0.04375491090824497 -0.008162050752935007 0.011155329062809837
24 0.04438524703352731 -0.027523688911055093 -0.006301012720831452
25 0.04592397817094882 -0.00997994445874011 0.005756685478755194
26 0.0401099562112637 0.03721166689584587 -0.011391988712849384
27 0.0437544646459894 -0.022712493808591975 -0.010649471496076174
28 0.04562009606629262 -0.037769764419272586 -0.0002718195173463859
29 0.03609933040667312 0.03613739562792983 -0.00441142826222316
30 0.041472591305849585 -0.03862740844921304 -0.0028168303266340455
31 0.03833889988220286 0.028366666809779416 -0.021766086038723476
32 0.03686089516719284 0.029654107126340347 -0.023051612416463283
33 0.04375468730479967 -0.03221046770366581 0.0009059854082753932
34 0.04343653327472427 -0.02594165303031143 0.01826501495751852
35 0.042137667516473395 -0.01794930324564145 0.018076964645713522
36 0.04213748008727308 -0.023582648338974044 0.018835885106757246
37 0.03941071823144476 0.022440325965561576 -0.026610141115080026
38 0.04246612557272769 -0.026858602900373296 0.013816525633638053
39 0.045620167249394085 -0.012152031524415003 -0.0017971766048741416
40 0.035320703664040956 0.028242625658482585 -0.024629067225440997
41 0.043436136800954844 -0.015044937412972392 0.002230740355891731
42 0.04180562084626811 0.023243254475748883 -0.026494806553651135
43 0.038699731126191045 -0.0347847092360676 0.004483506843329326
44 0.04010979655247232 0.01853215704366046 -0.013023492919755854
45 0.04180640598818194 -0.011492965201712006 0.005750042150778908
46 0.04375519615620338 -0.025076125387435984 0.01015083211006378
47 0.044697133741505454 -0.031320918702194264 -0.0038038798226614954
48 0.04079755960185864 -0.02606282302333258 0.007736775880323993
49 0.04010993506856372 0.0379298381958804 -0.013345871025190725
50 0.043755122006585996 -0.01657063749954079 0.016780494161640673
51 0.040110484053204234 -0.015225679191896562 0.0031925185831303705
52 0.04343653627352375 -0.028176237230903747 0.020416653902509775
53 0.04045496073149364 -0.014530964216412963 0.0032292519914838918
54 0.0443856939769132 -0.030367496783992802 0.004131084512610127
55 0.04592346841380369 -0.01756234446628391 -0.010129931114825307
56 0.038338599360441435 0.02909281645798208 -0.02270543549017168
57 0.03412078747101068 0.01932459220963166 0.00024310765527274977
58 0.03905687879120877 0.03557002996299733 -0.010134641136655879
59 0.04438558457195415 -0.03295169335470085 0.0092711758411538
60 0.04147228727610081 -0.01598753773709195 -0.009367821694213005
61 0.036099021764651996 0.01566593673230561 -0.01840512011881076
62 0.04279184201039006 -0.020125735483250442 0.007066000962058355
63 0.042465675360520226 -0.02540829495569198 -0.002585372110847506
64 0.04213684056166524 0.01162751680812128 -0.0066187696003400095
65 0.04311515987149571 -0.03281219641252353 -0.003428061210277755
66 0.03723621091365345 0.03042909445117641 -0.0051120116289542755
67 0.045314534241367214 -0.03115205290067671 -0.0006547328668015359
68 0.03976191997727523 0.030250293782785202 -0.007091311772374954
69 0.03976280897779414 -0.021459573552538896 0.012501174188063277
70 0.04500680288771692 -0.03384699113452307 -0.005825289231134871
71 0.04113584063070088 0.02899384954494389 -0.006200975528402218
72 0.03976175336907048 0.026670684340126472 -0.009837918833093304
73 0.04438523324825713 -0.027251025912315485 0.0019177451196808243
74 0.04500674468266971 -0.026006800912848783 -0.014427456202345786
75 0.04246540599768962 -0.026003527420250055 0.0030848796626941964
76 0.04045465656073682 -0.032153279660875306 -0.020944154624132467
77 0.041806141040373085 0.020044720820041346 -0.004334606448318402
78 0.042791886552282825 -0.02813660218265779 -0.004868425090645855
79 0.03723617065324936 0.03541307851936498 0.006971940005973751
80 0.04246623253058326 -0.024269923136820484 0.028562024934387694
81 0.04500715662267618 -0.024203588066732132 0.005456554944809944
82 0.042465743955779026 -0.02373909804394557 0.0028147669280200096
83 0.03976190439948498 0.03361520668055619 -0.0203157131743197
84 0.041136221628981895 -0.02465349153768804 0.006911598361317296
85 0.04622529477567703 -0.037579285208652086 6.162326183597009e-05
86 0.04500687871115294 -0.02174393940997855 -0.00030307558244988713
87 0.045620198353552965 -0.00977217868907156 0.002394604850943213
88 0.043114873440838884 -0.02355383586360053 -0.0068631865499429795
89 0.04531464213906446 -0.014424020085321725 0.003674298740033445
90 0.03760737268945654 0.017435495843262518 -0.0023280034539878555
91 0.04438569934792593 -0.01293631046243489 0.017135894172795534
92 0.04213775571701263 -0.0022073953146339574 0.018055061453656467
93 0.041472895532130544 -0.00994368272374996 0.024402507088782575
94 0.04375522214322473 -0.027987631151170343 0.00986758166981847
95 0.04375485962578697 -0.02261968037663053 0.006367306160353588
96 0.04531418065813132 -0.019831654019788644 0.005796908045962769
97 0.04531478101739154 -0.007390022061848845 0.010092147740340247
98 0.04010951176424999 0.02109807843291902 -0.03356778572536043
99 0.04180563499141189 0.02348891029356272 -0.018855893473537576
100 0.043114691746292066 -0.005653054078407887 -0.018262969233773556
101 0.04213731695686208 -0.018279032010181454 0.010961625796595334
102 0.0418067353652094 -0.025133832740544204 0.015362898019135601
103 0.04147258087953091 -0.029224516637553103 -0.0012103551911842138
104 0.04343607039171407 -0.020192259848521216 0.0021781469369448513
105 0.03571299770615346 0.03890876427332525 0.004998866407207744
106 0.0427917042802828 -0.03454438733532837 -0.0011309628705667993
107 0.04279166910981146 -0.019809987596760916 0.008558876079359436
108 0.037235889309399306 0.019394076287950767 -0.027873688293668295
109 0.04045469125454221 0.030048856137658665 -0.015162840067825568
110 0.0364823511714599 0.02023317343513032 -0.008195419367318086
111 0.03833907253489662 0.028267350120060666 -0.013010252751409535
112 0.04045522733572072 -0.01648899443178031 0.009244728895648131
113 0.0434364384655183 -0.03276737111152418 0.003194368505017081
114 0.04562040824495332 -0.016214851137230996 0.003756364460104334
115 0.044385961569804185 -0.033375875047699496 0.029144931794645106
116 0.04407125475671706 -0.02830093475485509 0.009919106851306748
117 0.03941097606183337 0.0328891478972418 -0.010435990874353525
118 0.04375525242217917 -0.023302886298682036 0.01474301966251881
119 0.044071703246932256 -0.0221501400323385 0.01575236006374355
120 0.04246583142686315 -0.018066763778371426 0.006661273199886737
121 0.04375494721745087 -0.028471111319098078 0.0018726990205501217
122 0.04531462728263443 -0.02542334309010504 0.009559863646609207
123 0.03571199068257231 0.03757648303771137 -0.021682226902248823
124 0.039411191649886636 0.028757348253126012 -0.0013107367731047571
125 0.04213709694496192 -0.021851203249433557 0.0031487368407640288
126 0.04279193315615915 -0.021892873820544133 0.006883721359588048
127 0.04311506007878335 -0.01131120844747006 -0.008729491402112845
128 0.037607124481074714 0.02873352555651649 -0.018024179109160793
129 0.04113599061304821 -0.028312539199094162 -0.004414354357866731
130 0.04562058391287071 -0.017424121609655216 0.00518795671056064
131 0.037606841688832215 0.03475023938363123 -0.02812006483133424
132 0.036481959325321986 0.04397196872029511 -0.0196341106101979
133 0.041472760703036814 -0.026269449484182382 0.0005138054847072226
134 0.0434365656329434 -0.03413652814280523 0.02044248093234581
135 0.040110320843810394 -0.009737912342850912 0.01039694578185336
136 0.045620415324283986 -0.012961455826133143 0.007475232301407696
137 0.04500676288651277 -0.002999899810101894 -0.006429328640505447
138 0.04113614527913954 -0.029871369078980345 -0.001968527925135648
139 0.043115312204851514 -0.02599966577080348 0.006069897895271823
140 0.04311513222520819 -0.020263741918966852 0.004569455936509301
141 0.033296274760630226 0.012678045095155754 -0.02205760699461253
142 0.043435643836010875 -0.010260371162961593 -0.019563827233808426
143 0.041806032309892965 -0.0026345310930519007 -0.007442555341881928
144 0.038700099733905854 0.020864541464432142 0.006839862114913378
145 0.041806121167118154 0.027609813095791264 -0.0101610745844573
146 0.04311513924728346 -0.02663472366348508 0.0003349894729031455
147 0.04246570935979551 -0.02835684760285838 0.0020265416930477956
148 0.03532100825246499 0.02748671267725461 -0.02484077776645007
149 0.03941082530093252 0.04465623751830267 -0.015989073210449543
150 0.04500711686182669 -0.012437647686437103 0.0021839206890473736
151 0.03869988364225808 0.025337457065368326 -0.011686654217820398
152 0.04147201286079454 0.024045944858803223 -0.006031481342268161
153 0.044385217444811914 -0.012097227471572321 -0.004623837977310921
154 0.046225486302169085 -0.04020531453619381 0.012920380183921094
155 0.04147204753124995 0.03345784511240992 -0.01894679870124559
156 0.041806464164506556 -0.02697968838174808 0.008359946502277116
157 0.04279156412048046 -0.025205073748373545 -0.005631370959963903
158 0.03648159553059129 0.025697675126404848 -0.02518474354434367
159 0.04531488192636111 -0.034333351523589885 0.007932139343878559
160 0.04592327065837454 -0.025293947188302173 -0.020241297244196144
161 0.04438537025127236 -0.03574293416222788 0.005576137856546778
162 0.04147261480804119 -0.010171081267268532 0.008431674726726613
163 0.04592405020683445 -0.028369796130859774 0.005595013162545853
164 0.04010997014156833 0.012768029000971147 -0.015721639736221024
165 0.04500732003148748 -0.022967657660905676 0.00663218896275855
166 0.04279166567235333 -0.033986721374375854 0.0018942324625620885
167 0.03492528503302207 0.021965648515532933 -0.010818530131950922
168 0.03412060736915937 0.01952375608277922 -0.021696352026720402
169 0.046524734483737944 -0.014856294922675019 -0.009247643990136225
170 0.04500736663159881 -0.01595359369799179 0.024154778778035374
171 0.03686071210856424 0.02547563351964454 -0.021657211510792477
172 0.043435882995516796 -0.015571479729213291 -0.008180504240919132
173 0.03976214568530007 0.026283421017049797 -0.011914463142954794
174 0.04311520991183829 -0.03324624097725606 0.005692968350229906
175 0.03760690486148564 0.027232277554136777 -0.026811437757301167
176 0.04213681613454014 -0.03298862386098467 -0.013512522266268921
177 0.04180646262895159 -0.02525755936122223 0.0015542871609676699
178 0.041136630432974636 -0.006103356313053101 0.00793074826848206
179 0.03869943243586433 0.022899180402543615 -0.018550058101024766
180 0.040797822139328366 -0.0066059951825416935 0.02816530111501546
181 0.03686078815606341 0.01860252024798862 -0.01733203559545217
182 0.04311551200671235 -0.013906015042643176 0.019785853167268774
183 0.04180661551589822 -0.017085179626189016 0.02511650677381948
184 0.03797408318480918 0.031012925412818478 -0.0298721333462217
185 0.03760788868099958 -0.012120151263732438 0.022267167501188703
186 0.04113617215569075 -0.022484644228270647 -0.007244189771465485
187 0.041806237587815404 -0.021594214734861405 0.0019505718407509503
188 0.0431153891956038 -0.02267047856196111 0.010718351126722902
189 0.04011016467304015 0.01608528239867405 -0.0008406005304017808
190 0.037235784833509145 0.02046442054123641 -0.011627249255026543
191 0.041806254667632395 -0.019533992211937076 -0.0005703066475992714
192 0.04562047609815954 -0.019250189426343257 0.015810812482354778
193 0.04375447922633751 -0.027298114587344515 -0.007322923467603433
194 0.045314495607882935 -0.02711660527898978 -0.011051819418607231
195 0.04343583604311654 -0.02351637723697234 -0.018212813596496947
196 0.04343661000803248 -0.02356069159868188 0.021154658684872842
197 0.03797536588539594 -0.03494395072664281 -0.003804783803207593
198 0.041136545394444134 -0.03175676183770234 0.020059463934239265
199 0.04147296114357586 -0.01802031136808963 0.00848036862302195
