200 3
0 0.01210092510410802 -0.003174162114096213 0.020108322224688904
1 -0.020912467510164845 0.0012387250436224316 0.0030494854670813365
2 -0.008082112007391944 -0.01956854289140697 -0.004040849571948805
3 0.0016992676529758964 0.011609473749862223 -0.018143285633727267
4 -0.007329874832010256 -0.023533586186525388 0.00981728631459728
5 -0.01904669828946573 -0.0008132539213610464 0.011904144977040246
6 -0.0018006001610674088 -0.00924357250718065 0.012654278324622181
7 -0.013421977123063748 -0.002688696162692448 -0.005005281974858833
8 -0.0016629833326382848 -0.0033533226293025083 -0.010647436137769778
9 0.0006387779066303056 0.010461886419736076 -0.01681772703160525
10 0.0025617531953500902 -0.0006183384510841938 0.018309480255758265
11 -0.0028441345329097353 0.009467614401682475 -0.008077790072826085
12 0.009936924714221165 0.010312810983166679 -0.0013696237852808598
13 0.0019264848714920096 -0.00201741348569668 0.012862867284150106
14 -0.0015548886329779556 -0.011716711152382736 0.014716624255336486
15 0.010896029670360519 0.014757422283634136 0.009244830962856231
16 0.002231280803346964 0.016803431561627398 0.012590716010804665
17 0.005230083640759404 0.00014244596495602453 -0.0033862284907114695
18 -0.0036837847802944955 0.0015870572040626325 -0.016457460661364623
19 -0.005017379174865295 -0.0005282837291446865 0.0053489374452730665
20 0.015053763932156065 0.0016699035249981686 -0.020279555579219996
21 0.0032557473506161054 -0.015231623020112765 0.011645360007874701
22 -0.0097341884534589 -0.0051035951834233 0.0017604375486202813
23 0.006984958990589457 0.013234361523626927 0.013125443606208119
24 0.016406131420998907 0.022339556580173253 -0.0022307532827166455
25 0.0008542818028115517 0.027502056002631933 -0.0078058864261674864
26 0.007842790604575938 0.016867655495724235 0.015275533437864641
27 -0.012159323880694725 -0.005812750731778761 -0.004588128575258253
28 0.00501899728748639 -0.0017184911457831867 -0.0070182358336548095
29 -0.0008534208080205824 0.004245554815088079 0.009097647878333531
30 -0.004646799977905239 0.01208053589398915 -0.005404411745594837
31 0.00117215342609538 -0.007235481711771449 0.0012917883847904793
32 0.012532154459814822 -0.001819805116386762 0.016848358580049523
33 -0.013952737358758405 -0.007424258881707904 -0.006774605350373025
34 0.009615800459999626 -0.008947822237240659 -0.00377136752326291
35 0.003397530685444246 -0.002664168675388663 -0.002286728401020316
36 0.01252052522802373 0.0018828989960976705 -6.883955068846814e-05
37 0.004826270742700679 -0.0200048885002235 0.011861894842057408
38 0.0025032763633380667 0.0023722770436733487 -0.001275585865730875
39 -0.028851617274007507 -0.004654920643007543 0.003375220389465654
40 0.00030765544886563953 -0.021047223132256113 0.008010980896740252
41 -0.007587629723381041 0.0016923873739087478 -0.0067508597625581535
42 -0.005003025253281161 0.0058133255917034825 0.006001308652076379
43 -0.0018632711733667026 -0.02682865959351842 -0.0035800866480722345
44 -0.01437096781767444 -0.0062994086069242256 0.0006750344591446925
45 0.011535612482920357 -0.004314266659033772 0.001516328650022403
46 0.007150893048279483 -0.0045966373524390786 0.008542420724892592
47 -0.022816402241937317 -0.00287061426660876 -0.03140151954210327
48 0.009083103703429095 0.005451850422492219 -0.0077319171681149365
49 0.011839241405328625 -0.012529811263774171 -0.0022500863034300104
50 0.009700543401026836 -0.00644918744207456 0.0011378181646846328
51 -0.01749247695170128 0.011690802408584451 -0.011842346424603009
52 0.002853840506101866 -0.02359882151258888 -0.004939650676943186
53 0.01160564695091075 -0.020864108871413684 -0.022172132893732807
54 0.01121425646253301 0.0013070654415564542 0.0024246406991954086
55 0.0022487202430340413 -0.0055452625428481644 0.010815155137461098
56 0.010634289973398901 -0.0038779478196342317 0.02236815586244098
57 0.009743625059616373 0.015644020561365324 0.007987975637327623
58 -0.018338581744292315 0.005025140331951776 0.014562676576587961
59 0.0021411332831953803 -0.002140735623070048 -0.011189294218476843
60 -0.0014420432434327987 -0.009135747942650412 0.00904789407981206
61 0.005890110874601997 0.0004891906791992529 0.022060118262299096
62 0.017261163300340596 0.014765473028688261 -0.003895704925809082
63 0.006991921778732684 -0.009623004203936032 0.012230081462426101
64 0.004785684728868988 0.01437124269525722 -0.005847651514949957
65 -0.001277137797154812 -0.001429189579937068 -0.016271902806645845
66 0.0010859648848391378 -0.0007404203877120277 0.004384197549629857
67 -0.004984292622217543 0.01150072192906337 0.0024048359661833045
68 0.011911646929461 -0.005049329100753178 0.0030801916158939013
69 -0.002289533197826654 -0.00852156951332874 -0.013136217742795012
70 0.006092833710540576 0.009255845355142282 0.0029557548863170567
71 0.01231133017200313 -0.009218517461815637 0.020774326928508023
72 0.002174585961361407 -0.008481879440047288 -0.000947591445301918
73 0.010928343877689697 -0.0012698335757294482 -0.005523062389214576
74 -0.007050882087999526 0.0005927501651571791 -0.006433542773058631
75 -0.011543411001780232 0.0026981243447017494 -0.008098034255540176
76 -0.0067967739129539545 -0.015136733327963697 -0.017186512246758517
77 -0.006997235798458484 0.020899539113047254 0.0037839141367219213
78 -0.015493522810758706 -0.0017389151850370696 0.002628920149122617
79 0.012157997633838416 0.019403395221389425 0.005431255527985006
80 0.015126531973624797 -0.0013546342887730597 -0.02699655758801646
81 -0.0012921397773984038 -0.008815808920474545 0.0022642803887231895
82 -0.009817256564169569 -0.005682869422428585 0.02032403680369385
83 -0.020667939570350367 0.008873043271385925 0.00277596062938313
84 -0.002697025457386388 -0.011066307054741382 0.025242295570261954
85 -0.009434610522192237 0.0033450354897784362 0.0022717135049611786
86 -0.010850631349273672 -0.016318564288877194 -0.017612901888605793
87 -0.004248228687996049 -0.005050268398105948 -0.010693101834309836
88 0.0007739581133055576 0.00976605857242386 -0.0027860669800578858
89 -0.00020278793890991104 -0.0019755205543289874 -0.016864840423828128
90 -0.001583147210378416 0.0185705962815753 0.017620821508059617
91 -0.0038216805216229263 0.012403025446317995 -0.012744734983901475
92 7.787831360113202e-05 0.016602502115301274 -0.004613316828319405
93 0.007574116672062828 -0.003923131744668906 -0.010615757910919614
94 0.01315407622359787 -0.004412423893006924 -0.004472179315578632
95 -0.005021599935425483 -0.0020877145539446376 0.003725023161161467
96 0.00859663274618945 -0.011618746048388223 -0.011382965990310107
97 0.006807028107858442 -0.008718448541103596 -0.006321193213593562
98 -3.363528518804046e-05 -0.0029835076699703603 0.014984382306179697
99 -0.006907128401868495 -0.014283561541011042 0.001570512136462636
100 0.011249210814765518 0.017266637954956962 0.009342922039283379
101 0.0075347899401999405 0.006857025197239637 -0.002982993330576632
102 0.0240267367737433 0.00316633174963191 0.010134607714129731
103 0.005760885471192828 0.0018769502220535705 0.00582943983471186
104 -0.003253058506958985 0.01586682157742582 8.751062217531025e-06
105 0.014780202854295557 0.0012847391175770592 0.007068258819273615
106 0.005083068244005494 0.0044976241199535215 -0.01167771841091074
107 0.012929389475155331 0.006551185588646248 -0.002203166763467549
108 -0.004218673492527377 0.0008701469883840296 0.008218031671847661
109 0.010398213781301902 -0.011197241789509677 0.010854164153009788
110 0.007793703100648315 0.0028819604836110846 0.0059112047237223336
111 -0.026558853258252427 0.0029867003347223975 0.010779340142027347
112 -0.013507957049956519 0.005986795943223405 -0.009854302010275838
113 -0.006438570759578696 0.0004219487601139077 -0.007861618291519875
114 -0.0157887043725283 -0.003972966795643445 -0.015506154232505585
115 0.004763197794661327 0.013851879323885152 -0.01948180080325969
116 -0.006528409910477852 0.013739055657432067 0.0031360848571676675
117 0.012599396438795415 -0.005078309810262666 0.0017041665943486259
118 0.003850291111692665 -0.011315311185456475 -0.012099457880630347
119 -0.0024828792287344137 -0.0035698455458491023 -0.00827795269268595
120 -0.0010314098996549448 0.011725292385704716 -0.010536177500965117
121 0.006779797787185807 0.007528090745098057 -0.012122903227301071
122 -0.002918087382242432 -0.00404134343975115 0.02142980462638907
123 -0.02437053570666014 -0.017475812579369462 0.01354881817671576
124 -0.009831579384679746 0.013727957529220347 0.010980278013577996
125 -0.002687460824210697 0.005347153551866414 0.006310940285741924
126 0.00028465100579232183 0.010930884353456023 -0.014513000803932127
127 0.002549911351342856 0.0010857618385875026 -0.008031321515567617
128 0.006815077699616499 0.006206661344475069 0.005305129788919789
129 0.013757484480345979 0.0016574298382026134 -0.0193034906060668
130 0.0037855388472844 0.008699279541834484 -0.01213904597839497
131 0.005312953149322355 -0.0028972391411917105 0.013308396382354412
132 -0.009075004956549039 0.0038329013675637985 0.010717169108758064
133 0.007404197690351916 -0.020716027114683414 0.002071193433317412
134 -0.007854479255095526 -0.005688712235899576 -0.0016382004238531603
135 0.010841506073634974 0.013139590814602423 0.026050755920718316
136 0.011094826432293967 0.0002335372568779137 -0.005528985155210369
137 -0.003080155206761845 0.003579196945193281 -0.008406420521286886
138 0.00021773756556868126 -0.0032007771907324525 0.007693860379753571
139 -0.00741887751674801 -0.011990114811354216 -0.00949138895919683
140 -0.006049583284471534 -0.011122748336646823 -0.00729407152495369
141 0.0075134224753520655 -0.014694160598030193 0.009426426858827046
142 0.006704305482774772 0.009576039725049609 -0.011026586132206265
143 0.0033872530037447317 -0.002556803630098463 0.02036794265073627
144 -0.00021020405698488065 0.0030289402229580417 0.018313267882049872
145 -0.003501665914247977 0.0019999851069707267 -0.00112717424608053
146 -0.012328903475438545 -0.0090972319637867 -0.014240536025672492
147 0.010966088980514536 -0.014321009592638552 -0.015472511946312842
148 -0.0015580099931069673 -0.01238708797330755 0.0005993517732574977
149 0.00576857952596007 0.004713296805502715 0.025633657117909006
150 -0.0069872473624758916 0.012389804450768774 -0.009202354652987837
151 0.005970229902885215 0.0012902034228821704 0.0050072731553675726
152 0.012958163020566127 -0.008299467543015583 0.011978642370416508
153 -0.0015894579281848717 -0.005748089664309335 -0.011275453365251441
154 -0.001539453628175643 0.0007206391543487164 0.01207866111752132
155 -0.011653306733943894 -0.00353825194408066 0.00205195791591941
156 0.006553169247058142 0.011253396455428466 -0.01568217066168645
157 0.004523552342214655 -0.002266112774778461 -0.0129926754211587
158 -0.010499488307428015 -0.004064139901950224 0.002518553796136278
159 0.002663341484616588 -0.010794906849966993 -0.01846183177878377
160 -0.013729655448115483 0.008893374255806039 0.021134107152574633
161 0.014425972088078956 0.006320529170372492 -0.010189692489770807
162 -0.0032695021644480755 -0.008203296610485328 -0.012316594635841033
163 -0.007734830270449335 0.02256987225867213 1.607639470202829e-05
164 -0.0017227712050432997 -0.0022204954553990755 0.010563301706717185
165 -0.0036594207981329417 -0.00011332404032157045 -0.001714609685608208
166 0.015460100817715504 0.0031340812092822933 0.015004525440165395
167 -0.006829123358378206 -0.0064616581856848584 0.006902436191937013
168 -0.007274664526252271 -0.011489822074534304 0.0043477157901238035
169 -0.002715770148325825 -0.0013376909124758296 -0.01718809093683231
170 0.008237606000998626 0.003099108710232043 -0.009443885458997273
171 0.010778128457085104 0.0017912308711986818 0.008800029701799092
172 -0.0006771249107468957 0.00716535116063077 -0.012714716799849993
173 0.0011715037385373762 -0.014973580895612876 0.010895604434461742
174 0.01682958476086467 0.004742989140094477 -0.004632178344429735
175 -0.007220067418834977 -0.007517382443524248 0.014585922687033723
176 -0.02113125042393907 0.016118443607819624 -0.0032944621281335122
177 0.0060053667513328066 -0.012573820792767046 0.006246829577257945
178 -0.0035641263611771307 -0.003499068671504787 -0.007266607246977919
179 0.0063752077732244904 -0.010733509973172961 0.009853498373620623
180 0.0010381022976788667 -0.001347188593402382 0.022667977682438993
181 0.0024940925192735094 0.010054725004669203 -0.004334712051479452
182 0.0005276427665794337 -0.011815331650325958 -7.497731979537112e-05
183 0.004068239000281242 0.01155322478503977 -0.01830291334033489
184 0.004150781383976676 -0.005081873823099313 0.012576134971014202
185 -0.003574980111667285 0.0077736996449428095 -0.0008968001392797992
186 -0.002963581142983899 0.0002672327431616772 -0.014861619715342694
187 -0.009138081984583116 -0.008863838544673552 0.0029924062931260386
188 -0.0019319438605511705 -0.0057461139906254816 -0.022725545206905617
189 -0.008206658214951527 -0.0014211700976184604 -0.003712022240602117
190 -0.0012713598966122494 -0.002307699336994991 0.027184095693680715
191 -0.0062096704152828815 -0.009475163727368091 -0.0015368988562515559
192 -0.031844477032981267 0.003928650227509864 -0.0019734387930992036
193 -0.015044285557941066 0.0076094720456125475 -0.009753327306905034
194 0.003689022319780952 -0.008273643773041517 0.0056277045917814544
195 -0.008717881145522442 -0.0004078368364593202 0.013111569286556983
196 -0.010471571001773657 0.007348177053129173 -0.019278480775000766
197 -0.001100495906842535 0.004399454091428428 -0.01803901866285358
198 -0.00481767711816812 0.011915029581729507 -0.01606576360272416
199 0.008407115357921737 0.01208738484004522 -0.00910242378127183
0 0.0062244765599123245 0.0062112935602208035 0.003984857932568774
1 -0.008754943324688375 0.0011433636165233164 -0.00832217224252425
2 0.011868948437698298 -0.012531116025015526 -1.23706209815104e-05
3 -0.004438052252359992 0.007888141830580744 0.005648277905445323
4 -0.008762531505962599 -0.009758474398970457 0.007972186663218452
5 -0.005630760818066058 0.004771752060975727 -0.0021400525951720123
6 0.002635988313734898 -0.004096085692315191 0.005267319196431641
7 -0.010354616302077672 -0.0037264766906429164 -0.0022617344515190804
8 0.0004860732927486275 0.003940982697770995 -0.003991844709032799
9 0.018389774658511507 0.005185235230224645 -0.0192656743709316
10 0.009853588699715168 0.008776447328202049 0.015594571487648728
11 -0.004397807846561165 -0.004961238078953037 0.019008113924256477
12 -0.00683669826690881 0.009595375849898155 0.008285376000578739
13 -0.00157429749176613 0.00433408981869848 0.0037110389801554705
14 0.007259817085228774 -0.004416240591839975 0.010973704782148722
15 0.012279840417174379 0.009224575673915561 -0.009455818803470142
16 -0.00421425640988015 0.003459433145977457 0.011747763881308479
17 0.002498981073965293 -0.004240388839382832 -0.00820152780331435
18 0.005668984305149927 -0.0017310159752167327 -0.004025936878970848
19 0.0022459108640921974 -0.011376823648652015 0.0010976524784384115
20 0.014817242799317322 0.00106514559605811 -0.005130541874123221
21 0.004976234597086378 -0.008026593148438357 -0.0019544575086995405
22 -0.020584987020547757 0.001202131750633953 -0.0002252281659930501
23 0.005201635936205443 -0.0003582876385504509 -0.016054986890232766
24 0.020186774156901316 0.013383766845244019 5.429147320444236e-05
25 0.006144705201679226 0.019626659162859314 0.0014389262391962723
26 -0.004491005553505408 0.014477064751530822 -0.0060987733637625635
27 -0.012046202008138322 -0.01347936072320359 -0.00021955475132459656
28 -0.002716974675977403 -0.005384198200845326 -0.003778052376197827
29 0.0011578061095870076 0.012194463938392033 -0.0015928161778755515
30 0.00021215561474653352 0.013052340643923063 0.0038754276692376816
31 0.006116506809033889 -0.0006468761688940144 -0.006367242189333083
32 -0.00035834387700384857 -0.006316699798011631 -0.0008978272757692168
33 -0.014824277026427163 0.006889202352543649 0.004106278204990266
34 0.004025881637772271 -0.008488916376588537 -0.0025467339007451822
35 -0.008374462533233602 0.005017930076077254 -0.0033629217730975977
36 0.008483752210517469 0.006157049859669719 0.010534388937752291
37 -0.010553385570321195 -0.01019311192070417 -0.007947007473800529
38 0.009337233282723942 0.0039387099930809424 -0.006324337000989923
39 -0.012105590955382994 -0.008042360033175697 0.004507727481145777
40 0.007811438439838388 -0.0022554462246603332 0.018167439711385583
41 0.006731490452316382 -0.01290107158314352 -0.008302546798056684
42 0.011917416665994484 -0.010165162716853195 7.668268439813691e-05
43 0.0032142586303596163 -0.01836680627376394 -0.010472267500812048
44 -0.026441621034675844 -0.008203993091967787 -0.008590169933595891
45 0.011215605562928582 0.006520226312328721 0.005296419816196794
46 0.003983144318384937 0.0084350370053319 0.0018619367458615338
47 -0.004255097714448236 -0.002537712442625229 -0.006537214336937103
48 -0.005231308660419352 -0.004332378180887116 -0.007819883240954395
49 0.004625675312321602 -0.007684043956880368 0.001047852288659579
50 0.0140376231325587 -0.015580862329251412 -0.001046072692184076
51 -0.016870845764537346 0.011693711871256202 -0.006264215588650722
52 -0.0022252467477031877 -0.023459332572693087 -0.007854721248713864
53 0.014852590300194493 -0.009847342233866768 -0.008369989144870527
54 0.008037619252845095 0.008135628777432423 -0.0072190037011675215
55 0.003897783468214164 0.009289539310991142 0.020252567630624413
56 0.004001468123565631 -0.0024915739860415717 0.012477892700466994
57 0.010963660681429704 0.019673841796776073 0.004322877515236849
58 -0.010570458257030624 0.010568257844086104 0.0005773462060400386
59 -0.006293876189594535 0.004041223118035755 0.0016742532629636167
60 0.0055757502598134424 -0.0017089776241239214 -0.010546163567371453
61 -0.0015309471177018307 -0.0009829327540156509 0.003978267446575014
62 3.517871968587716e-05 0.0008843421503490004 -0.0068493620530975345
63 -0.0001672608287274903 -0.003671091848345895 -0.0008256529701051105
64 -0.004415660393711912 0.012832912917208977 -0.005190815104854672
65 0.0018678780741749612 0.012144342187989689 -0.0035022335109709465
66 -4.639373113805856e-05 0.005334111408128837 -0.0017727031416814084
67 -0.0008657714567603643 -0.0010068245202238604 -0.0036603273043479484
68 -0.0037941750246284767 -0.007593855511046769 0.0032567002899271252
69 0.004668847491710974 0.008427532645621119 -0.0031148794650993974
70 -0.0015210879408839204 0.0022653451147851764 0.000674614035670297
71 0.007777764528600559 -0.009303088652427141 0.006584248633684023
72 0.013055108761156235 -0.010680674135627961 0.005136229257312504
73 -0.00896985388048961 0.004772845303280301 -0.0008298282293553441
74 0.006213580869415119 0.005368843319852837 0.004502313095967228
75 0.0015924407645591995 0.004698725334036306 -0.0010479240416866736
76 -0.012446836509954061 -0.014776051129019308 -0.005274884961524548
77 -0.010670739783314453 -0.002913038962606085 0.0012286565292570564
78 -0.0218574896633556 0.011865382683185967 -0.0025211383346089716
79 0.005816725067715481 0.008154830281240394 0.003556541779470318
80 -0.003663965264643493 0.002858169392485675 -0.005510894763219795
81 0.004113488523140991 0.004917387055968194 0.00195541760838348
82 -0.005327087046609384 0.00045763047832432513 0.011491682445446655
83 0.005526513437111913 0.008422342902255117 0.002117516995485187
84 0.006433519478780129 -0.009888550096441844 0.003395134576065287
85 -0.004693915423529711 -0.006236962056015316 -0.001715753344181687
86 0.004994764848358257 -0.010260475964049581 -0.009832097503978926
87 -0.01950888736610159 -0.008411860184799204 0.005611224095138555
88 0.0061397103276646745 -0.010922047944053683 -0.0007855733104876958
89 -0.007614306805578385 -0.0031514146777272597 0.014356495307544622
90 -0.005463968591562531 0.007525498753626424 0.014727757171827754
91 0.0014301646766797169 0.01084934841144606 0.006651527731938292
92 -0.0036791100260175425 0.004343229398033124 0.0022873816785917225
93 -0.0009062377514378328 -0.012025992756405864 -0.0014340568788863903
94 -0.004774444901073267 -0.003086948446383315 -0.013735595292750633
95 0.0080492349453841 -0.0007430996726848042 -0.005919965892135143
96 0.00835358749436049 -0.008686341326817129 -0.0021668798343433826
97 -0.003679233150739609 -0.0011842875080517838 0.0035526344016825993
98 0.011853250802534921 -0.004228837733940519 0.0028775409569016183
99 -0.0036392009524773873 -0.008478752732184167 -0.0009739017346408231
100 -0.007980289451710657 0.009926765217132108 0.0053992560292525915
101 -0.003465285785317365 0.0081113881390764 0.006854414238917422
102 0.009680574278840767 0.007621259644243008 -0.003659588074466383
103 0.010966114207116226 0.001567471452203849 -0.003532821748689914
104 -0.005987179217839984 0.008319551310524212 0.0028015299501472635
105 0.007536902302152398 -0.0021074210439045414 0.011025690866908647
106 -0.009301668718284743 0.005055370741030301 0.0070313775524986355
107 0.008008570224928638 -0.005828698638480084 0.007585353433392655
108 0.0048996847152630515 -0.011603035524156854 0.007311266325374308
109 0.020494531502569538 -0.006554805570911086 -0.0040078766662458905
110 0.005479723353620673 0.005667645973575643 -0.006544770969866658
111 -0.014722349219516498 0.008117505239734313 0.007563901975631504
112 0.0015056196491201601 -0.003910722117101882 0.006112326444053358
113 0.008434206905086665 -0.005201479024829453 0.002707194654109034
114 -0.008546749728152392 -0.00655130479126987 0.011208208125644763
115 0.00012246420476415276 0.006503631107995761 -0.010318390411139536
116 0.013203999436463873 0.015242053571265846 0.007696661392510445
117 0.0009130057870746638 -0.0009524679561371818 0.011912386591206352
118 0.0036484944904253613 0.005513320160070751 -0.0054953754737422575
119 -0.0025208016766448318 0.0009690964809877748 0.00830632044363521
120 -0.012285798649924656 0.006263324683322899 -0.0019959261408978024
121 0.00816180561982821 0.0012643561668222829 0.0019279825725423971
122 -0.007156528640633819 -0.0027217450329812772 -0.008308425375196164
123 0.0031117777866868507 -0.006935001692863818 0.0008022807230655821
124 -0.01704304946693993 0.003832379775054795 0.010381164268212867
125 0.0019396490057516538 -0.0007807857236637877 -0.0058039685423089266
126 0.010139663410898614 -0.011929549797010275 -0.0026304203720697444
127 -0.012090373125650488 -0.01325062812398918 -0.004689671721067122
128 0.0048620412079607225 0.010366860274512744 0.013059057175998146
129 0.006452301715670822 0.01162309249054292 0.0003102040714719617
130 0.007682026442655897 0.005692499261212097 0.003815925531908862
131 0.0032333943672313093 0.005031017498146788 0.00570560568842754
132 -0.00010356562124739371 0.011890299096925835 2.9419281595693958e-05
133 0.015657112058652944 -0.005054503996199347 -0.006520289348213394
134 -0.020006357539409818 -0.008565582862623558 -0.008196462316916217
135 0.007431977723442916 -0.006375647648192241 0.007218158380421433
136 0.009447123180734887 -0.008459653720500632 0.001659344775492122
137 -0.01576327147502312 -0.004440476889096345 -0.006744444374540942
138 0.0028018701151543667 0.014889189171077018 -0.0030973112224541646
139 -0.009229090661774547 -0.009370786470748925 -0.009111085454987546
140 -0.013935883087765163 -0.0018884270872801395 -0.0013126794610983285
141 -0.005880679595990486 -0.013342336643629764 -0.0032422840331130937
142 0.011665044607205327 0.007901093223884107 -0.005182596973035717
143 -0.003106823743184027 -0.004370086987741287 0.010092036466102836
144 -0.004854681139569314 -0.009064022493971681 0.015479488417661863
145 0.01018004158740507 -0.008761443871383025 -0.011448294773847331
146 0.005232510067792771 -0.007548409369335693 0.004788928236634144
147 -0.0019132278622204443 -0.005830724040619392 0.004363007134778239
148 -0.01768098110586588 0.0006975703086431716 8.749464771126356e-05
149 0.003577491977189085 -0.008475199130906733 0.0009891136703000097
150 -0.006128253535220181 0.0030495434881507924 -0.0032786153865766495
151 -0.0009126841050096403 0.0072445634782761364 0.0036973868498542395
152 -0.0023244784859079368 0.004755595084901149 0.003886763415825202
153 0.002424834056517746 0.010765912021116802 0.007019279349426762
154 0.010510610107072299 0.0018824293650254852 -0.006031271411280507
155 -0.0004692117401307351 -0.006083137274170113 0.007153434008570884
156 -0.008711301169415833 -0.0031662300193902766 -0.005248481114441414
157 0.0062318305853056016 0.009471989449814127 -0.0028657802748919686
158 -0.012398174790519176 -0.001773853111746635 -0.0033639907869292274
159 0.0013899707037344222 -0.020811864926759363 -0.005837251178584135
160 -0.005719694975473699 0.008227884447560424 0.007779135108452198
161 0.001275871890197941 0.004032319597127965 -0.0005292582783356439
162 0.0032342346236396875 -0.006559618742992948 -0.0033958043329834903
163 -0.005552695350765802 0.01607304623254191 0.005800165231134776
164 -0.0017220873271292028 -0.006887126306456208 -0.0010880192011199913
165 0.0018569308410635137 0.003923328613041592 -0.006606721661905138
166 0.010256573072445027 -0.002175764708286069 0.004402175687088422
167 0.008206490853327579 0.0018472403744561744 0.003148269552927907
168 -0.0010120675918952396 0.0018201993333026995 -0.0016733822741943332
169 0.0011109332295103427 -0.0019850626179406423 -0.00984703853398916
170 0.010329205974551746 -0.0039752597225770885 -0.010640423715544828
171 0.009730285206308212 0.004104975834699817 -0.0014439712191503043
172 0.0160811599540598 0.0035019313163385957 0.0006226016414796892
173 -0.012566398450400805 -0.009384277494605506 0.0006725978238727214
174 0.014294821805441865 0.0049717916474589785 -0.00627047102233258
175 -0.014760651228901946 -0.005038391954727162 -0.0030479712749072185
176 -0.004547243281022448 0.0025550579473628057 -0.0023661935947396004
177 -0.0018337770628565828 -0.009521319502880696 -0.0006851346990430635
178 -0.021775627522309347 -0.001869032599124354 -0.0029497940978433987
179 -0.002532065544220738 -0.000304642579921334 0.0031767723319116245
180 -0.008488664276598742 0.01454618128133408 0.007950576649437532
181 0.010074684433872966 0.005746805446543407 -0.005835709208929859
182 -0.012615602100370424 -0.002519650704545194 -0.008593524194539355
183 0.007905339331789725 0.00544101984871985 -0.011924610403480335
184 -0.006197015815091689 0.010425337748376853 0.015041887648864993
185 0.0009398538250809559 0.00866732305232322 -0.013374439241339575
186 0.0023965290970989137 -0.006413620509698275 0.0006056713320881507
187 -0.017345441890246102 -0.005787204827623453 0.0043665919241504605
188 -0.0045128524421324985 -0.0031851581907650986 -0.01186882598345633
189 -0.005362114668881625 0.011065470457619672 -0.002313973081077697
190 0.012180630186351963 -0.0012989173207150727 0.01256851269156134
191 0.0070351514333233285 0.004919667117239316 0.010486787155843096
192 -0.024967729694124363 0.016494793316267395 0.0018747756886147021
193 -0.0045344713306949835 0.010913302937407263 0.0035154759475068374
194 0.020563514194708907 -0.018692700088030617 0.007024595361929946
195 -0.006247382743483479 -0.01536536025855404 0.008972278676272955
196 -0.004018998370437926 0.00013883906643001424 0.0044979332524782145
197 0.006896776668147867 -0.0019287080676513631 -0.007773094220224597
198 0.008126585575914839 0.00038381242085592203 0.005713569838434664
199 -0.004126601478867748 0.005274650114971385 0.006940375484166386
0 0.0057933804015009235 -0.015417635921699828 0.005073137681867568
1 -0.032459113611201115 0.0029380258057367624 -0.011651867176728437
2 0.006410674320216414 -0.03434409526948476 -0.00536645491275904
3 -0.0053683251898658906 0.012481563505598828 -0.012332994654868104
4 0.0016412636233702413 0.0007200972498310476 0.013537708627504884
5 -0.010884199590306676 -0.00305071813502409 0.014204724261228326
6 -0.01716569207530672 -0.018563658710263622 0.02057067176913524
7 -0.004362326158359506 0.008644466195776218 -0.014643108054395459
8 -0.006629920209570116 0.0044382452504561 -0.024966605310387815
9 0.013824536868814935 -0.0020831577451869143 -0.01113959913405145
10 0.0016435193906855876 0.009411118468812672 0.011387519168680832
11 -0.0074331842141525835 -0.00048712671613563 -0.015239514312140507
12 0.0029386883135250445 0.010240187668230857 -0.014068758534653324
13 -0.009087539340310957 -0.00983148892919399 0.025858746659433884
14 0.0022657016256280617 -0.008525711428778712 0.008759949647494963
15 0.010458224938729443 0.00990862385835517 0.004850223740423199
16 0.013367712405307248 -0.003450614493971535 0.01634984943244755
17 -0.0033570695593274705 0.009277909789042816 -0.006070703049072923
18 -0.002643495667404474 0.006888731311945761 -0.017230241865648324
19 -0.011430943870086148 -0.004275166705449078 0.01955653263737478
20 -0.0001958023801807568 0.0007249043769123227 -0.019964887777863427
21 -0.0005768448167259195 -0.005100265097864903 0.009173428897547964
22 -0.003221355773928236 -0.011799138542324259 0.007489225639312829
23 0.018431808059177796 -0.00029074161042065214 0.010234622595609902
24 0.01559347787900181 0.011836525631946954 -0.0070909293256026
25 -0.003366685416680595 0.006011657545035604 0.002557845502446026
26 -0.004246369278817194 0.009500729373860206 0.01712616341745426
27 -0.0033351475248622198 -0.008039250020775567 -0.0015811297580014348
28 0.004464538261312155 -0.011574693940840812 -0.008587281446676948
29 0.0009883259168218177 0.004623806404104681 0.013030749986192986
30 0.0002154857219153778 0.0132165119802959 -0.0009924612948700585
31 0.005961794407597178 0.000777283743853139 0.012763215149872133
32 -0.0002479024615695616 -0.00738685671855676 0.014842028677308439
33 -0.010231720100389752 0.008702284172884382 -0.015383386587570057
34 -0.00110822116570395 -0.005237466778610568 -0.016025325550733077
35 -0.006466985366356044 0.00465917312752907 -0.012970009325887738
36 -0.002051679763695864 0.006573230280974823 0.012883135218833539
37 0.002938323222585547 -0.020961743833868077 0.009999590284799836
38 0.011570366032239758 -9.539400467793377e-05 -0.005490411461159139
39 -0.02093544765130881 -0.020213782630010217 -0.0018700578656501137
40 0.0007866541086508465 -0.0010234347130831309 0.013528055823387092
41 -0.008360767237044285 -0.0035356356559780866 -0.021674250202772506
42 0.0013943086452523762 -0.000794981779281766 0.004889482680502322
43 0.003104976864172877 -0.007707335983107522 0.0008784596781317051
44 -0.016154754033388813 -0.016058770296245216 -0.0018217088849355675
45 0.015393895517798975 -0.0022388673988196638 -0.013723307984670238
46 0.004386348348894689 -0.002124403907699194 0.017445203579887804
47 -0.008777289167291424 -0.004097131730730976 -0.022920785519187706
48 -0.00782450136504608 -0.010362643609468961 -0.0040207949720751646
49 -0.0020281548432128996 -0.023264884454009482 -0.002583980490980144
50 0.004360074244328896 0.005225575519593781 -0.01516659271780997
51 -0.0086196038406227 0.0016673314894871255 -0.008134463738595672
52 0.0026244129214946033 -0.02697304239081527 -0.022303665974506115
53 0.009782661203611598 -0.005198519535183577 -0.016621785706312037
54 0.0029276808755130806 0.008286785047746256 -0.016247342916914858
55 -0.0044889479438330795 0.013876475740745735 0.0004910460168391639
56 0.008693432005210548 -0.007107130876122865 0.025357898826821504
57 0.012996906076768747 0.020826835888141743 0.011183424719449164
58 -0.015764669434186154 0.006040233921157961 0.015842349997952622
59 -0.006131217268471684 -0.013287983402744607 0.022844515078889675
60 -0.0016795076510984453 0.005750880346947165 0.0006751253930902456
61 -0.00365346492399696 -0.0069617705864993985 0.001322040090808052
62 0.016176867678154253 0.004801245936773321 -0.003740948784215596
63 -0.007179472645835235 -0.003413956753288906 0.010282901776785265
64 -0.007726909922119577 0.020333649914504426 0.01415044520051819
65 0.012691256178758992 0.007659562393776492 -0.010877457391525444
66 0.010709480772571268 -0.0019794290886539327 -0.00896242240642606
67 0.0025279792012411935 0.006875367800089363 -0.003457185590835697
68 0.010688987929384039 0.0040186408793003656 0.023190901417540502
69 0.015461396459827286 -0.0035429913279910116 -0.007980184031365481
70 -0.0051238025440490526 0.0066675285629519895 -0.0070322528849228755
71 0.015911711542251905 -0.012016677274165284 0.00669735257918852
72 -0.0005468583739650784 -0.005158805240534629 0.025195302399978345
73 -0.004168692249704902 0.013051015071441588 0.0030962955603848785
74 0.0037538949719401835 0.003429447370319999 -0.012768824104288166
75 0.006834220477392964 0.017277345936076598 -0.008234272535466505
76 -0.007630603426669089 -0.009132522722435324 -0.021045285627606936
77 -0.01375385321981859 0.0082950121409959 0.010227671799328215
78 -0.005870314337353633 0.010759103989239287 0.021143724551931226
79 0.007431447943897933 0.012631387579211686 0.019686828637590366
80 0.01125606924149284 0.003409170152016111 -0.016266646281640346
81 0.006095900118893854 -0.0030934370875479976 -0.014764679769877637
82 -0.010054513833857692 -0.005247637144670872 0.030932815185487794
83 0.002210770984840349 0.003353019660335542 0.015240687570124176
84 -0.00023531739962286656 0.0006057766662398989 0.007659482907327292
85 -0.006842503764906298 -0.018232841997206463 0.008707088556454879
86 -0.009605701017960468 -0.005647584149810189 -0.008542341205406548
87 -0.0031399495855958387 -0.01385984096596822 -0.0076094042952976025
88 -0.0009528471910004895 0.012297005886585903 -0.013911731480076437
89 -9.26893785748728e-05 0.006848179006667967 -0.007145613940013942
90 -0.004387225289647512 0.0017923734996488777 0.01221454030050137
91 0.009017048631388124 0.0006207820835655922 -0.006108582818802555
92 -0.00013016495079807254 0.01423327635199964 -0.01969775470734669
93 0.01156128726528912 0.0003995495230037713 -0.0024949150390138064
94 0.00488282951852375 -0.0037285207943075042 -0.011724016239194654
95 -0.002121220411039318 -0.006736815628850597 -0.02511628952269624
96 -0.0050736945961023655 -0.010704555747014205 -0.008172179531963308
97 0.004261503393891624 0.005261709519223206 -0.01117884219350505
98 -0.0019183963052625923 -0.008618356960220924 0.004122643443085362
99 -0.004300223157146985 -0.008567811586666571 0.007161786861248869
100 0.005993299373285646 0.018744059148889283 0.006289465565378322
101 -0.0002693232596486725 0.003610302689895102 -0.0006554786476154813
102 0.0099745135336258 -0.0002632329261157383 0.018954749899776295
103 -0.0009683857958839165 -0.004602638681610057 -0.004825311266553977
104 -0.013290399642518505 0.005897523104219246 -0.013551316238426167
105 0.006269755366667781 -0.00665146813031323 0.009376404305376201
106 -2.087784250851335e-06 -0.005713079196540799 -0.02656477862556591
107 0.018090458357741382 0.0028332077942608462 0.003989328399741577
108 0.005048173974071505 -0.005434846296199364 0.01352576210623637
109 0.021218666134697264 -0.009225392596491556 0.0004150089127624001
110 0.010883808613992449 0.008969754071099567 0.0006876608552682953
111 -0.009324883967208666 0.018825179604804537 0.02392151060049237
112 -0.013340493130970688 0.012306620982977575 -0.00803172472336371
113 0.018946072351984186 -0.008136686318770129 -0.0064730461358203685
114 0.001171715609308406 -0.0010976128828554567 -0.0006772587627949201
115 0.009503980718837835 -0.0014687726776735285 -0.016706115416238634
116 0.007377797538706987 0.009320653752441482 -0.009904177409181522
117 -0.0014181869513098383 0.0018544476985478259 0.005113766200275767
118 -0.01051058362020712 0.006942658284484282 -0.01107289119813619
119 0.00035457629966717183 0.007780048136772714 -0.00545988184555118
120 -0.015345323767041515 0.019811727966211584 -0.009552787678906084
121 0.004289951523931211 0.002448994133158338 -0.01885720217805989
122 -0.009734139071298033 0.005587862773350258 -0.0016534236822910824
123 -0.007424955429268479 -0.01895984988503835 0.00445188631463473
124 -0.0014465976571284567 0.014577183986346068 0.014576596105522324
125 0.000846403379792826 0.011484453560455778 -0.01861303986307087
126 0.0022739196579129282 0.010561383299664152 -0.01997344915237019
127 -0.002457338273783173 -0.011902039479750846 -0.004871117936572182
128 0.014847825690873048 0.0029146741267588663 0.0017285351314483763
129 0.007698870757658585 0.006049539181610046 -0.0014012358574352277
130 -0.008872047923297651 0.001949267685907738 -0.012694708998560532
131 -0.004553253650371512 0.002021178125502664 0.016809814039743833
132 -0.0036849197170717926 0.00443847510366957 0.011446787897018924
133 0.0073131671014275285 -0.009562284283086198 -0.002314612844964115
134 -0.005922823464906732 -0.014333883425404648 -0.011637724679451261
135 0.004904511200250615 0.009764561183887552 0.018714845408565703
136 0.009580116421303422 -0.006417652283062625 -0.008643156986279703
137 -0.010662184840938851 -0.001845713605168357 -0.014227523651558202
138 0.004110586707945641 0.00989849664884633 0.0016503233510420882
139 -0.01680074116006139 0.0019231476573032397 -0.0074558663274846
140 0.004754318319893126 -0.015485620589381133 0.0032667267883958358
141 -0.011213476543774971 -0.00044950660305929924 0.012007683113293626
142 0.0044809201959363845 -0.006214587189043313 0.007091419199779316
143 0.0009922501029674354 -0.009359038872203403 0.027134287249469147
144 -0.008839703359760254 -0.008247350676378953 0.018917467610469446
145 0.011027384783285833 0.00036189452075984646 0.01233695465415191
146 -0.00034691896196105756 -0.012479172749666631 0.0036946925187081384
147 0.011220526527779877 -0.009839994056748638 -0.012132331531005673
148 0.010804408719020168 0.00436225204554834 0.010370887157579502
149 -0.015664025394301676 0.005703934034978004 0.016996507958920395
150 -0.002842342706589153 0.007475724473244738 0.004765905083916007
151 -0.012874983185551556 0.0010784254878224639 0.015080650204412988
152 0.00781530632651617 0.006721341253710772 0.011208162101181682
153 -0.008643759249323868 0.008983761599602076 0.00024037453714229745
154 0.000885474422182498 0.002585735144014157 -0.013050897487691403
155 0.0007692708669602977 -0.0036632540318222787 0.008019052114353314
156 -0.01599084238486866 0.0023751334332451322 -0.016784014002748537
157 -0.006825926061763054 0.003691212704079322 -0.0038357682386118627
158 -0.01817116991359348 -0.000577222501722225 0.015238237297510381
159 0.002636690280711642 -0.0066741340345347205 -0.021528040534170303
160 -0.013895277978785217 0.019029599065671532 0.013991428881785298
161 0.02334551611044698 0.013712045260137265 -0.009786130951867242
162 -0.006633279993587709 -0.00427116747628406 -0.019076666363387715
163 -0.01110002953551096 0.020364578664878924 -0.010165830847427438
164 -0.009773922593445589 0.0009940401236783782 0.0074711067345267675
165 0.009475146365485831 0.003648017206434347 -0.010911263428158208
166 0.0028794002617930498 -0.011403821077133653 0.018284084256430015
167 -0.0010012315332498295 -0.0145664300154352 0.001630723543699527
168 -0.004857891560273497 0.0014638025075444615 0.0009330080311612966
169 0.00416164693153432 0.0031171591235660176 -0.009503517984680604
170 0.009860716841395029 -0.0024519502623531657 0.003089881973675164
171 0.017544363985023653 -0.004142970467598293 0.010080042648443959
172 0.007154361205334289 -0.011484372401657698 -0.02485249248170287
173 0.006847049464169591 -0.019038406402706973 -0.008477058514992326
174 0.012699375928370366 0.0012783005897042121 -0.019940659802486965
175 0.00659515674003832 -0.004915254341839058 0.006624299932165553
176 -0.02423691977638552 0.004777454448715496 -0.009279583442491687
177 0.017176504969367477 -0.0148423285898336 0.019445286632547222
178 -0.00825845127220956 -0.0015855405861631075 -0.0071554116527957
179 0.0003790889602974627 -0.012241286327055283 0.006651269289935577
180 0.0007774908592445631 0.009769084446341808 0.007375622811754148
181 0.0026671057146203866 0.009020910382334893 0.011993813204860114
182 -0.0018934305407426952 0.013176672583604773 0.0017610460446058109
183 -0.007087565849300688 0.02464637635205262 -0.01880605184240107
184 -0.010799843827305988 -0.0065173234961467975 0.020390232969950184
185 -0.006020965137273324 0.010571658063244116 -0.022112996454187468
186 -0.010277657523793969 -0.008260771629267846 -0.020365068815852462
187 -0.01991821790643726 0.0019270108207569484 -0.002328053863484761
188 -0.005388099320402028 -0.013438723665222453 -0.018034968558784253
189 -0.0004239163186321518 -0.007568236989349815 0.020712830373142227
190 0.004624772201755757 0.005393223278930629 0.03008469564357974
191 0.009243994847142358 0.0017764493089311214 -0.006437504261923204
192 -0.029391333134803382 0.013874996803120612 -0.0075163574566544395
193 -0.00528568239586466 0.01850181604465098 -0.006164915943252747
194 0.021307836520333273 -0.00675661202250466 0.011105241112276017
195 -0.0001017453067416324 -0.002358059056881724 0.008060369869235952
196 0.000376869545597229 -0.004278596677890907 -0.01866401256081906
197 0.005375971135577917 0.003923179470880871 -0.024136161889000113
198 -0.006401948615489503 -0.015435425968878008 -0.01289194548860035
199 0.002672349576349032 0.018812395826294306 -0.014993243869224817
