200 3
0 -0.5015647177100105 0.0027557620392778866 0.39249789595273693
1 -0.4101633869232283 0.3663183257754626 -0.47875083262874
2 -0.3764990601283807 0.3702669417901599 -0.3776798952473705
3 -0.4111754695948229 0.01974373282222145 0.40167436601028605
4 -0.3875168127905993 -0.39174737605313703 -0.4776049190429875
5 -0.40556390679121784 -0.44884600959110593 -0.27210726782322087
6 -0.3787989388559919 -0.29918283512752847 -0.322456631127161
7 -0.4386335346820093 0.39148921780438467 -0.43708876715020095
8 -0.4852140156090561 0.026493411695994937 0.4810445918552607
9 -0.40925207832712335 0.3766573111285926 -0.40806769639205476
10 -0.3450729533020258 -0.3022599730624635 -0.36648805014403096
11 -0.39603364120488005 0.26488024671467886 -0.49721390410569427
12 -0.36504782049597123 0.32128164819602245 -0.35109910557400836
13 -0.394864645016216 -0.3852507471203977 -0.33423247577983445
14 -0.43898663622027617 -0.3564673185049209 -0.3181132211938366
15 -0.3281570880535565 -0.37239890719996366 -0.4409661194810371
16 -0.4523620154442343 -0.012160102855969978 0.5259244119325648
17 -0.41170065323880073 0.04439638145437659 0.2568417061007301
18 -0.4550446455579782 0.055407412894783896 0.36042860143164135
19 -0.4411273131403305 -0.4484172665298141 -0.338534849116641
20 -0.36710811506629515 -0.03362779664370699 0.35235589472626583
21 -0.375927194512285 -0.31369423493528553 -0.27642431533228207
22 -0.38292842061191973 -0.42791654138445834 -0.28080639554754033
23 -0.48502045862249266 0.04761094767385417 0.5014037126410902
24 -0.5158540642671472 0.08039014310776409 0.49985384587758386
25 -0.3526702465230607 0.359534246829115 -0.3678462888838064
26 -0.36708544548430977 -0.35982326667498366 -0.25665616241069117
27 -0.45381827207989694 0.05237548024191342 0.3836449022057256
28 -0.46761951438277094 0.09546503345578122 0.38382377911919485
29 -0.3667532170409823 -0.36746612951741187 -0.3725682619318479
30 -0.49516104948650314 0.08173940002897116 0.2447739553217536
31 -0.379082324961764 -0.32061646974744445 -0.32813223364096444
32 -0.39596014610911257 -0.5192963229913417 -0.3255773923091252
33 -0.38271538948167066 0.3068520197430895 -0.4433621883896915
34 -0.39023248770310415 0.39356880933610233 -0.4742234584936892
35 -0.4442786860988758 0.2919275006360683 -0.2824321569286188
36 -0.37824997599835114 0.05858973536250143 0.26504246990157343
37 -0.37419854483469855 -0.41886658999408105 -0.3416143642593245
38 -0.4427352787800083 0.06633324902363158 0.3552037174017846
39 -0.47352400541356154 0.12289914630234416 0.3628203485666502
40 -0.44092696262548625 -0.38096991958978554 -0.37811470656216756
41 -0.4767925264646889 0.03496233105951317 0.46944586923446013
42 -0.37885969046479706 -0.41933146065883514 -0.37841736308625096
43 -0.38797169677927235 0.32088202917489145 -0.3954742857152074
44 -0.3907678121768507 -0.34202854277167033 -0.36129789010628005
45 -0.45936456670159237 -0.01808386178266695 0.4150608477835652
46 -0.4986591303270728 0.04029866129646029 0.5099756173228758
47 -0.4315990634430337 0.11296960820954235 0.3641351380779005
48 -0.4278603837451491 -0.054913963863484946 0.4222324544103539
49 -0.3867180981514668 -0.4075911082754755 -0.33107877823973814
50 -0.42216194733261353 0.3174038001204466 -0.3821697462586771
51 -0.34918758427067514 0.2855525030553333 -0.27897512892434406
52 -0.3600396529557724 0.35061102315950204 -0.3391211842315229
53 -0.3943491445100024 0.3170605015812405 -0.3334234407680225
54 -0.4810615102881996 0.04823663375981212 0.274612225813981
55 -0.3643717353345111 0.2871104145575986 -0.4293476735316591
56 -0.40866167303220785 -0.39065146131893236 -0.2987657079300007
57 -0.3555344304791568 -0.3521789687604453 -0.3743523486223935
58 -0.408691043387638 -0.32561126162937215 -0.32263301343038453
59 -0.5075995244228931 0.07054623985118715 0.410717902498288
60 -0.45307621200433235 0.04162936801312709 0.3902761844295691
61 -0.3937360737323563 -0.38386547802351506 -0.4062708010256331
62 -0.35392007047022916 0.38759687841836726 -0.31091514247390334
63 -0.481682848057372 -0.017499189243215564 0.3486783045430351
64 -0.39565859212065385 -0.38419957209299777 -0.27528774397706907
65 -0.4398997500462565 -0.01860388282830815 0.28498839756771877
66 -0.40737012434340397 -0.3949953018355674 -0.20820414745539723
67 -0.39533917361260934 0.4628440383784254 -0.43662061284765435
68 -0.36947287435901827 -0.4243357847387941 -0.41890144477564295
69 -0.40538097425798564 0.31628803181130144 -0.37732200662645254
70 -0.34612108489736726 0.36424577025364013 -0.3898083331972378
71 -0.4332576734656906 -0.31391154700207174 -0.4157151147132728
72 -0.3549571437218677 -0.4117009200305899 -0.3055692688814609
73 -0.38215679425424587 0.30850559340594114 -0.3779590611049096
74 -0.3677939342969219 0.3732267339576203 -0.376320989108622
75 -0.3935465513194045 0.40291831034296155 -0.39328313471977855
76 -0.44007481926413095 0.41878801600348114 -0.3234583482271094
77 -0.4059315213315465 -0.37189111860962437 -0.3158876546325248
78 -0.4854859274008668 0.12043934210894397 0.34003547218216185
79 -0.3741515407431113 -0.32617403329639044 -0.26513185602833855
80 -0.3584943510948328 0.4495299534355701 -0.3929381955831426
81 -0.39961282650317653 0.023619907899388188 0.4003256340213445
82 -0.4624566960012401 0.05516953015544182 0.41397884028786647
83 -0.3625035250309504 -0.48707708456032084 -0.342369925225638
84 -0.4748105422063435 0.07831910181846798 0.2700391611719617
85 -0.39736247869817876 0.11663785245503205 0.41193819495200285
86 -0.313188306548091 0.35259922971524466 -0.31586914150593765
87 -0.46761063367970324 0.13911171367034944 0.3137453107018191
88 -0.3891165298064471 0.38859781903119656 -0.40721475427913534
89 -0.43501961805093686 0.08367718749145822 0.36537301744736767
90 -0.42762985612162935 -0.26607382033133964 -0.399139320674731
91 -0.42957868478830363 0.387464916365571 -0.3280373095675065
92 -0.42497196316184194 0.35938333774899067 -0.3441024886263113
93 -0.4795048604380072 0.056983495844160084 0.4955219647798534
94 -0.4079790614938334 0.37140922722378283 -0.3898374403997369
95 -0.3928180616097299 0.09949720349577176 0.4502120389515046
96 -0.41176783620469576 0.0477465025798071 0.4367004267076837
97 -0.4580619091749599 0.0065886465050937325 0.25764713037211634
98 -0.43442813323948076 -0.42128623880470406 -0.25486329363328575
99 -0.42243007572575497 -0.3666581417062189 -0.21151434561277085
100 -0.35916242613226607 -0.43691671967093937 -0.29673056955313576
101 -0.4421909692005625 0.02380832997594157 0.3640349736623116
102 -0.4457307495829888 0.014075217310452312 0.42252539057361
103 -0.49269225783647236 0.06572404765932133 0.35481864875934555
104 -0.40174332904468996 0.34251949711872975 -0.3134351323754954
105 -0.35996077439446295 -0.438828871665041 -0.298731859234307
106 -0.4865110855983176 0.0632460974866652 0.4109118564814928
107 -0.3679705610820804 0.3404997399810772 -0.4266048573924094
108 -0.4098924402349769 -0.4424280493371966 -0.31780732048363974
109 -0.3577557579372359 -0.33219688069052655 -0.25365956941455714
110 -0.34993818884201405 -0.329264298137481 -0.3318050529771363
111 -0.3811940030968898 -0.3767724046971347 -0.22175448745136478
112 -0.3530993483287326 0.33810188566785726 -0.37936470316551496
113 -0.4129352180486216 0.1889592091140607 -0.4508951462174217
114 -0.42870506574609735 0.046238590096328434 0.33010005450209784
115 -0.3878671892964889 0.33883628402421395 -0.3832431101646681
116 -0.45886006045875144 0.36742293147106303 -0.3104039188306106
117 -0.4730427630517495 -0.410731056553207 -0.30457082154396226
118 -0.35517259314670474 0.4280163293644912 -0.34970660535085085
119 -0.41468124231490355 0.03420369539819764 0.347223019741059
120 -0.33844437585120324 0.3561373624250692 -0.351218072334892
121 -0.3788850295348292 0.339088877756969 -0.3379157540280599
122 -0.4936355476523978 0.12694649819544931 0.47822345711083586
123 -0.37583625671202864 -0.31452952854597405 -0.3101806933279013
124 -0.3800700452860493 -0.35240071400188366 -0.25009537926296466
125 -0.43697792565376975 -0.015485342115589992 0.45012975086650625
126 -0.43675150741704405 0.40976261580525036 -0.3268812362647114
127 -0.35032689853708865 0.39507018974306374 -0.4412202590966429
128 -0.37835446161663117 -0.3585054467625799 -0.3676658297645809
129 -0.45454834314305426 0.02638374158008079 0.3796171824218254
130 -0.4828273747498832 0.00676032653883718 0.5536966818177528
131 -0.4204779342831066 -0.3694444615545748 -0.35182570394143226
132 -0.3226156173448148 -0.41534868015671006 -0.29720472505668394
133 -0.44020168435003 0.03486045591444569 0.42177211668961817
134 -0.3611295541311009 0.40980444134035243 -0.24518345114986567
135 -0.47620429857051244 0.03388410583743664 0.46105072784939927
136 -0.4709659235417613 0.07805838433322507 0.378111486004493
137 -0.3913488667047403 0.39714526242763076 -0.42205056524843354
138 -0.4704340580489778 0.09270589940820341 0.38143699804176356
139 -0.3837180526731406 0.29827532881818086 -0.4210458585068238
140 -0.3741906713262583 0.37926429055094957 -0.3068937531563472
141 -0.4485526985223912 -0.35438634096919264 -0.3177182837982689
142 -0.47710525289638417 0.10383648810452992 0.3402981658431474
143 -0.4095998060928451 0.06171893579637665 0.3673785343972701
144 -0.36246406183077245 -0.31858287069559754 -0.3476017078505023
145 -0.37585720276112616 -0.38365391827252565 -0.45837169950421724
146 -0.44611456665116084 0.10336087708522261 0.4938458602891487
147 -0.4187434190381815 0.08278449412611645 0.41168825849204876
148 -0.39674035711621936 -0.3903520797428005 -0.34356938750640603
149 -0.3747706977194036 -0.36061977841027837 -0.301010188798669
150 -0.40525142582179075 0.44163777431941703 -0.28890886452205927
151 -0.42163797396316577 -0.32817935649622243 -0.3555896246336179
152 -0.36377037653997457 -0.37505115406807066 -0.3488795687701995
153 -0.45234757446916174 0.06490471132071424 0.34714179720745914
154 -0.3770954579959148 0.35169224700295854 -0.3585681868719329
155 -0.3626283000570207 -0.4061576380332271 -0.32951310961618974
156 -0.4641301623327142 0.06542389879246742 0.35798797844563457
157 -0.4016195511155781 0.40716361826656816 -0.3772927301550101
158 -0.37912085602070467 -0.395808004682002 -0.43912942831549634
159 -0.3754025346457448 0.3216342276332451 -0.4062900729087731
160 -0.45125781154769795 0.07270404202587408 0.5137870573639851
161 -0.4654354393377025 0.021549516291650698 0.5308274382415313
162 -0.43403770723768487 0.03822858235037889 0.36091687755391866
163 -0.44094201833932967 0.06672477682866354 0.41723242930577603
164 -0.38335804691146813 -0.36909219050349124 -0.40284885580425467
165 -0.4007682289589123 0.2777843573889143 -0.31992554770650394
166 -0.45771944092139377 -0.07796187776588114 0.3235344787871207
167 -0.4386513633148117 -0.382461194421162 -0.37360780960822865
168 -0.35479478235130707 -0.3578268274419304 -0.19399108697579964
169 -0.47210925236164597 0.07746636391192609 0.320238603178711
170 -0.49264617443095815 0.0487530912875585 0.5296535855504454
171 -0.3429098862097174 -0.3742026687898967 -0.24567151720106067
172 -0.4686450103501765 0.07642727409534851 0.44352645856077877
173 -0.4102851542203659 -0.39283165354696165 -0.38657481047548253
174 -0.42380336293441767 0.1316691401255725 0.34442606023728933
175 -0.40333150557514647 -0.294943615819497 -0.23793357578849866
176 -0.5525618275313272 -0.019541942611638725 0.30873203849194414
177 -0.44083745662760404 0.11731278299988711 0.3370349514530079
178 -0.31429626719872406 0.2868556590515337 -0.2705308490359339
179 -0.45642981794118226 -0.34084275982321016 -0.22542223945273251
180 -0.48030668585044056 0.06149724915498667 0.32284586410408483
181 -0.37850268348223737 -0.3751816794557488 -0.4318455715716386
182 -0.32694239441867684 0.4248201889253617 -0.428310548535594
183 -0.37288635340945214 0.3379955021428406 -0.27657406955286973
184 -0.3550300158794938 -0.2755925003365861 -0.4014408654612849
185 -0.462773263355472 0.05589534715077838 0.355694506373247
186 -0.3686830758354232 0.3917394807963066 -0.4027683732652715
187 -0.44000123033002303 -0.014713852677037632 0.4287992924940946
188 -0.45779184829966907 0.05995851061799028 0.3937694113114592
189 -0.38996771372347144 -0.37297827370399533 -0.3354489231012369
190 -0.36385046364586765 -0.3379322075863262 -0.317507618612313
191 -0.3689323195795775 0.3245532824758852 -0.43949405098605865
192 -0.3864669703170704 0.365724242640147 -0.4892323875694519
193 -0.4605274853296957 0.014261968951803549 0.3578139722856759
194 -0.45942213933529547 0.019519973682484246 0.26728188627928356
195 -0.45520120960781696 0.041669614800114996 0.4699250296263335
196 -0.31135866652490274 0.29431588124290303 -0.26874935816872
197 -0.3566375020289458 0.30739859335878544 -0.42226743331136685
198 -0.42910442125581477 0.41199300114739695 -0.2802977426070524
199 -0.4299905863291525 0.32391648503486564 -0.3549202710137054
0 -0.558687208417623 -0.27158285272550825 0.24280924015822453
1 -0.349888664315972 0.3302611213515991 -0.4427706834850542
2 -0.4171661211167078 0.34089100350010326 -0.3250018115089727
3 -0.6369087225413061 -0.35540383947787063 0.18972972433394927
4 -0.6048942929953773 -0.23844970735605273 0.3159135923167923
5 -0.6399361695321263 -0.33379983834214194 0.10954098741918077
6 -0.6526886670497354 -0.3448785415899575 0.08987072019322384
7 -0.3707202521810639 0.3228066041198058 -0.3595326111958367
8 -0.624685151724463 -0.2662106373927963 0.13965356862010697
9 -0.36561403420679145 0.3379162254459847 -0.38923258255386406
10 -0.6142284716463333 -0.38744433350311736 -0.019289729322263315
11 -0.38822594994530724 0.30470401752158577 -0.30040523538041963
12 -0.36369516675384517 0.3240547691187379 -0.27625676856120984
13 -0.5840854485607826 -0.32516514355146303 0.006524783162298315
14 -0.5862395639585741 -0.30234331038659495 0.14046973756151185
15 -0.5825007645537309 -0.49670072800347365 -0.01618391662134644
16 -0.6142544365292334 -0.3063997808793996 0.1071566375694015
17 -0.6764882122588762 -0.41693579317384666 0.21967019193128928
18 -0.623728761052972 -0.27409571495584495 0.20276889696145714
19 -0.62080736439009 -0.23697810681070725 0.14174821195246223
20 -0.6609434550860522 -0.3790868554098983 0.0814349190742199
21 -0.6040432803590581 -0.34169506027972457 0.14480359931503772
22 -0.6509170363314437 -0.41414579910691734 0.12579831483244316
23 -0.6178434215362033 -0.3651378317575372 0.2598960212128038
24 -0.601498131657436 -0.3162284530948349 0.20068427099126712
25 -0.46601403589261464 0.3342770895993403 -0.3797100653541934
26 -0.6349497375729976 -0.3051849504628438 0.1033262008867251
27 -0.5868288722125404 -0.36845532138883197 0.10574203766001089
28 -0.6533961292180201 -0.3195172731872204 0.21905747349265817
29 -0.6038322970588996 -0.19221977368370802 0.21770944591218158
30 -0.6328148716577093 -0.37663979208981446 0.18636467226704262
31 -0.5904031083005216 -0.24962863587547823 0.11334879186378345
32 -0.6234437517505389 -0.23076174256471396 0.1697806636114624
33 -0.4127543654802382 0.476889778526601 -0.41859090218983613
34 -0.40489598533147747 0.3159134242055823 -0.30001909207633115
35 -0.3969057721057472 0.3939016009788818 -0.33550949779433986
36 -0.6363169920364965 -0.353550473646863 0.1526425278866095
37 -0.5992629671262124 -0.2733003949952119 0.09122402468628188
38 -0.6094513614173902 -0.2307314769970833 0.2251068494759558
39 -0.6179267449178497 -0.31164310180918764 0.1701961270392646
40 -0.6602789595069136 -0.3921902419914732 0.12026814244878516
41 -0.6129671745035015 -0.29623289377803197 0.09904785954038875
42 -0.5978302908315438 -0.4009724452120383 0.21381912278459086
43 -0.3439756691303651 0.3166295965709791 -0.3564070844190211
44 -0.5605716058594092 -0.287688005730979 0.20709201180065026
45 -0.6048549136476555 -0.38295808624107897 0.1019127075498629
46 -0.6040808875229795 -0.28647747737182505 0.14158753268589422
47 -0.6317734490954605 -0.3008726310894415 0.11446589860679718
48 -0.630998547688783 -0.35753236574681974 0.11854066088877464
49 -0.6017263091783183 -0.28911846888380416 0.09220425208185243
50 -0.31198760929763214 0.37078822035810644 -0.399567637563429
51 -0.37045990009248375 0.35112820199675293 -0.48709862001882237
52 -0.38122872068770924 0.36281439354750594 -0.34795140551098547
53 -0.3479356232211591 0.3001899964355418 -0.3310449728529835
54 -0.6307079280466666 -0.29922159348097566 0.10799188959008058
55 -0.36912827324654884 0.290872651068518 -0.3236056876996569
56 -0.6229475674199348 -0.3534091361144965 0.183002352568475
57 -0.687901147616997 -0.3733673458644801 0.14656656900017415
58 -0.5808040906789963 -0.2842610948788012 0.22242589502150362
59 -0.6390197582590165 -0.3261282486725281 0.1829764785326529
60 -0.6482136343072028 -0.3022441202255359 0.24699180243218508
61 -0.6055557122835307 -0.30152410109309263 0.17286782469953463
62 -0.3649908981501381 0.3790930852816052 -0.3624893138239421
63 -0.6339353010388206 -0.32218723584173053 0.06845852699622898
64 -0.6711786541065157 -0.31634599896448684 0.21203270024639065
65 -0.6611693383941558 -0.4294328870530641 0.14370923065464067
66 -0.6264089339793325 -0.3107129897702451 0.06929419701659947
67 -0.365349837651899 0.28970255173138515 -0.36625393979436316
68 -0.6819759419884305 -0.31913986374488534 0.1309652536248398
69 -0.3822234078286188 0.2731003848495956 -0.3969203542101581
70 -0.4295847211202616 0.30983627827903426 -0.3799911547194717
71 -0.5789641322447955 -0.31713561922799816 0.09677003271386467
72 -0.6120651370848692 -0.31237208002042327 0.27071802996868954
73 -0.331844372300023 0.2840368600034188 -0.18577729409820265
74 -0.34116955559665196 0.3902513858551172 -0.4003072966209206
75 -0.3848768666484126 0.31185503060773034 -0.439028434242123
76 -0.3292752995783848 0.33274013024706306 -0.33015979826247976
77 -0.676258431775045 -0.3069779693709419 0.09429710229557665
78 -0.6842897328111253 -0.35593165199382953 0.06200748881238095
79 -0.6300536211208803 -0.36205346251872644 0.07428410194499796
80 -0.33821157406996066 0.25947316955036753 -0.3458538305876098
81 -0.6749269488514038 -0.3211326603770179 0.16961773784001385
82 -0.6107421227535259 -0.32701059414288197 0.05133197294923374
83 -0.6388408824911249 -0.24643719817923204 0.3222809808939629
84 -0.6663567933486398 -0.26571947120040057 0.09848076314203218
85 -0.611126307527806 -0.33391031039442715 0.09934787713259119
86 -0.3961081114294196 0.3630832288896588 -0.3298448027204808
87 -0.6422115158665453 -0.3987460469277077 0.2174931767661553
88 -0.3480737918994487 0.3906780249532377 -0.4387093503706301
89 -0.6348256852192365 -0.3126119046809669 0.08185873633680316
90 -0.6380288561665121 -0.3326381818745844 0.150163768163574
91 -0.39364548105130076 0.24209711045151036 -0.25529821835277205
92 -0.3516186382807155 0.4560623534867075 -0.3624093257536607
93 -0.6337106795885092 -0.2816300711579581 -0.0011772792066969914
94 -0.42781337149037957 0.34877224565921117 -0.3666983997599186
95 -0.611586805774497 -0.21321891943399035 0.062092934364305165
96 -0.6810535898135783 -0.3085395960387617 0.09339774077276942
97 -0.5865331098875681 -0.2730682133406194 0.13520991649095201
98 -0.7206129295760021 -0.34556497334938474 0.20347402861491767
99 -0.6239925967390285 -0.33850302092077134 0.10169238548874301
100 -0.6667583831129374 -0.34087775240304125 0.200256671640931
101 -0.6004731076882669 -0.34228602463118 0.15735081628945974
102 -0.6315837353952338 -0.3667669046567019 0.07687852697749743
103 -0.5900810517557651 -0.3003362316563834 0.11286158931402474
104 -0.3843582436715217 0.23556093616585677 -0.3245099631677028
105 -0.6071459967380993 -0.29950361782112894 0.11690657452866628
106 -0.6193883753411736 -0.3577424518236145 0.13839862409438888
107 -0.31194381600474796 0.34582249934564924 -0.24829209436320876
108 -0.6711680998676725 -0.20050499722163545 0.21122591387312922
109 -0.5815819748876458 -0.32698018352226493 0.15607545345284504
110 -0.6615381581104683 -0.3109026206583066 0.17216150793821489
111 -0.6339517083236087 -0.4043798458144656 0.16590011337721847
112 -0.36022821255918375 0.2716242125690129 -0.2448130112611203
113 -0.4048315902990186 0.30286749799929347 -0.3228891132663594
114 -0.6937567626466926 -0.2850688585293155 0.2310116605631934
115 -0.39598351346499694 0.2601275736881401 -0.3968694760817839
116 -0.36838440879301515 0.3483573016403842 -0.39452426084170145
117 -0.613600818293532 -0.26804255004319805 0.19221589345099108
118 -0.4081283695173223 0.34530920470763315 -0.4225712606733598
119 -0.5408816070722775 -0.2975015270092744 0.12068270856319054
120 -0.2886369569939047 0.31703012722077023 -0.4112296033462692
121 -0.3629036951418226 0.3634559081807549 -0.32844580601215434
122 -0.640275149536498 -0.24180789432110067 0.2436077436812873
123 -0.5831653465462402 -0.3737449454790679 0.12049433762549117
124 -0.6523682450926733 -0.2885794248401372 0.11684890598032581
125 -0.6256694151301002 -0.39336328948551413 0.08292804665226393
126 -0.42176184408332523 0.2756030215997853 -0.47240875413392486
127 -0.379158786276824 0.36743954468454615 -0.42924618299336875
128 -0.6359929231279944 -0.29955161206641145 0.05066702666478857
129 -0.691087935526381 -0.36646926918866274 0.23963259584283333
130 -0.6145686626347691 -0.3167011988641062 0.041657542798794
131 -0.6104443671622927 -0.2904858146016738 0.10354083706470368
132 -0.6552850579446201 -0.35135625675386367 0.22811788966105093
133 -0.6332098672378563 -0.40634474015589495 -0.004429912252963767
134 -0.3537592787774289 0.22508068268058506 -0.3053808232249903
135 -0.6317312204221351 -0.3633887355323322 0.04297509524848087
136 -0.6522574920176614 -0.3998133557485779 0.20655790804205468
137 -0.33440944702459297 0.29778510518461826 -0.3286279961335796
138 -0.734176612342562 -0.3723769916504087 0.14689050546844107
139 -0.33477336722311307 0.32323975770362257 -0.34459713644931655
140 -0.3587655589717636 0.3182876387222585 -0.30042326750011816
141 -0.6199186671184425 -0.23811436812815254 0.14903586885298006
142 -0.6683761023465156 -0.36099059777612813 0.1324437372066808
143 -0.6365404866408287 -0.2366690492114364 -0.04135447762528444
144 -0.6704711279246288 -0.3865911819869644 0.12633651038959046
145 -0.6397111628516017 -0.2608851380351275 0.2234839542914864
146 -0.5752479390809124 -0.2835026552511086 0.20895336289300173
147 -0.6317308697427163 -0.3200986997386793 0.21496777248486346
148 -0.5872014245695887 -0.35189199001073246 0.17143430206710067
149 -0.6621860994279506 -0.33719806055198726 0.1673293927813848
150 -0.38148533238331855 0.3537551413255001 -0.3813957042660466
151 -0.6557380170989704 -0.2031967576581157 0.06591389574316533
152 -0.6484684808235734 -0.2742958649533343 0.20707418456076201
153 -0.6252698079038443 -0.38439083308722677 0.10234861898850932
154 -0.3586734789031149 0.2324562799214493 -0.317484313112814
155 -0.6075626648403242 -0.306616171849827 0.19336095199268075
156 -0.6197125218448841 -0.33443977555970744 0.1092438815952121
157 -0.35066821072900484 0.3245613540627235 -0.2606270619628602
158 -0.5772459384376568 -0.40900128007696557 0.10730603197831869
159 -0.3679011086377575 0.3166453420343774 -0.35121629431433915
160 -0.6952366103913614 -0.2873726348845824 0.14576046622168823
161 -0.6427441872399664 -0.3096146951690374 0.15965900946993392
162 -0.6646432702420982 -0.31388705712635023 0.0245036765012131
163 -0.5682386427780285 -0.287958659269113 0.059367276918755534
164 -0.6005093632659434 -0.3303660267305304 0.19557088963423233
165 -0.3750300630532483 0.3691389959482475 -0.4559586812743712
166 -0.6082974606561754 -0.37966474852828896 0.0633731057909853
167 -0.6210554763941647 -0.3244774563165307 0.1360742282868947
168 -0.61150614262505 -0.342266118598882 0.16631749308464425
169 -0.651317749404082 -0.4501591497909181 0.0877470894247899
170 -0.6287588463881908 -0.2742017335089469 0.18139144485543301
171 -0.579899179746503 -0.26959959379095305 0.20537547142529708
172 -0.6418887354794219 -0.3092934294447287 0.039137522573526186
173 -0.6320848905245835 -0.36480336090588034 0.054420006262416484
174 -0.6375069734166907 -0.33243680431711353 0.18853700415610058
175 -0.6324555777546923 -0.3204714597782306 0.08919701982582702
176 -0.7522973477605832 -0.308965888513482 0.08766729531586677
177 -0.6341719715265048 -0.45060943763032885 0.09837554073481714
178 -0.37018468331237553 0.43256234409389294 -0.3954649118850707
179 -0.5508049213007078 -0.34669832979933496 0.11037115373254773
180 -0.6347610230914542 -0.3235015726895264 0.10773823182891604
181 -0.6583701995873225 -0.24101172368601528 0.1335432279571166
182 -0.3462980994569027 0.31870419791652277 -0.30228664874944194
183 -0.2988579765553213 0.22271599401074052 -0.23192003944262013
184 -0.5708718171178222 -0.394786642746403 0.10084309050241319
185 -0.6255912241742709 -0.3433734139196853 0.13905913724404945
186 -0.4040303780219643 0.32177589978690213 -0.28988869623937497
187 -0.6042962260525855 -0.2878266702209068 0.1604562360418212
188 -0.6259233523308215 -0.34079623421145727 0.031383820015718565
189 -0.6909667028281982 -0.20633533111365707 0.28048956120967034
190 -0.6163698482811851 -0.3064564722952901 0.04549613568674896
191 -0.3786565848395745 0.38403999818164625 -0.3743524077860541
192 -0.3946395245039477 0.33667930400418183 -0.35140885727972837
193 -0.7067680043894323 -0.2959507340079398 0.16567384390047865
194 -0.6314553676759742 -0.31529313149871513 0.2005951446542517
195 -0.6347033399097104 -0.3026802373849886 0.06957554068195324
196 -0.373919005446261 0.3208492307637902 -0.35604066752720664
197 -0.30782556051164767 0.30744727963269175 -0.2726178012981197
198 -0.393755025574145 0.2578264366555526 -0.30843753568131754
199 -0.346116633315444 0.3288162511824231 -0.42017289723843015
0 -0.6272461143723815 0.3858613402839307 0.16803119243993678
1 -0.5968705097071881 0.4050548894625381 0.06276657294989915
2 -0.6134991960229731 0.40407791438284696 0.00778007896270496
3 -0.6110549578764284 0.4122462114381398 0.17073826265269268
4 -0.3863925081598581 -0.4205272346469679 -0.33147294399250327
5 -0.32758646473509767 -0.37646525537081815 -0.26050689083828615
6 -0.3659641691442092 -0.43542785978275467 -0.3612007461374035
7 -0.6452521076859562 0.3307476554869088 0.14761428109464367
8 -0.5947631420200045 0.3647238201575687 0.10319169645363525
9 -0.5891071730300365 0.2736489002045823 -0.008945935725621907
10 -0.3695294427978905 -0.4051358589963052 -0.2665523224533096
11 -0.5922720598790443 0.34361699850467003 0.04342222989509499
12 -0.6185582116768717 0.327305975928075 0.17715827713732862
13 -0.3963617591877768 -0.3128974707827585 -0.1558944174432833
14 -0.3326352693858082 -0.35902374858521996 -0.28650863553540623
15 -0.4686150808117227 -0.3348448122392589 -0.3769156582341537
16 -0.6354858962233392 0.41111187854095477 0.0821922135470481
17 -0.6275309202258857 0.3798893299932277 0.032874501567155365
18 -0.663126953340611 0.31281968546387107 0.19549249446950073
19 -0.38337075826529243 -0.3664268628665552 -0.27595638543830897
20 -0.6222646954562178 0.37484109374187147 0.047118357126002146
21 -0.37998902779513516 -0.3452873286414504 -0.24341354633637083
22 -0.4060313764128913 -0.43714607527414057 -0.2656010116439289
23 -0.5912902514441467 0.38102646313290256 -0.024513875532917933
24 -0.580662040580114 0.3052120055687638 0.11313471037087242
25 -0.5394731453015045 0.33400101193545045 0.11606600869293492
26 -0.3502688987717245 -0.270903848733874 -0.16995803086675768
27 -0.5957509003349056 0.3474186232497894 0.08543380480317307
28 -0.5895316091060239 0.41437768825744375 0.1309084709719551
29 -0.4409559777772577 -0.3352071922438878 -0.2744965765971968
30 -0.6286802182172381 0.37709934146815866 0.05125233928538039
31 -0.398635284910131 -0.3878622216129842 -0.34147910599821446
32 -0.3638847215797504 -0.4152588605200902 -0.29869324858761054
33 -0.6713794939604005 0.43152270227934153 0.12650970944491136
34 -0.6237615679237748 0.40593391562833997 0.07950865894632535
35 -0.5775506514203278 0.24955071599411768 0.1866577859065866
36 -0.6626157258446426 0.3611217069631883 0.07837196495091565
37 -0.3557557351698056 -0.38245795881974365 -0.26739212948765456
38 -0.6479711702696436 0.30890437724726405 -0.02205066241694829
39 -0.5847530302930743 0.3929248495568993 -0.05643628182178321
40 -0.39930424603234654 -0.35332965160546276 -0.34423273776128305
41 -0.6017738352764027 0.356046398507455 0.16895462812503353
42 -0.39112324669476767 -0.36693276174353295 -0.33534922376506354
43 -0.6609095424103206 0.3624636216819454 0.02845717955413271
44 -0.4211898107413086 -0.36973349029375585 -0.2690033271171412
45 -0.6270509657119426 0.3319512382925358 0.15199677986631552
46 -0.6076061057199069 0.36129240902171517 0.15758104711523657
47 -0.6513584658222223 0.4033541721578897 -0.021070510181035763
48 -0.6619555608851737 0.4028099729668117 0.1855756692498728
49 -0.4103328856326671 -0.26069828963530295 -0.40705329903348514
50 -0.6437940219311856 0.38866932533178555 -0.10140947527633419
51 -0.6048951311361527 0.4228710945486888 0.16330211568866276
52 -0.6520034550668738 0.3953726580788662 0.12685062070856218
53 -0.6167654973653063 0.31060645006138965 0.10996333806542546
54 -0.6250111121641202 0.41887185706102636 0.14130158473853957
55 -0.6354003305110574 0.38474828998269417 0.04416074465553931
56 -0.39168497681369063 -0.3594637993621232 -0.3489019732154941
57 -0.3785003930559853 -0.3443652039903358 -0.332988836224876
58 -0.3806750927267834 -0.3356193874650231 -0.22537041863209578
59 -0.6409544719539509 0.3581719064732341 0.00725698268826262
60 -0.6291406786546299 0.34645930271803566 0.18134293075720795
61 -0.3492823324719403 -0.1882722802551139 -0.25933865992902894
62 -0.5471875941907725 0.342588394566261 -0.003959117791648617
63 -0.5990136915212491 0.37542608339107447 0.07484948557251574
64 -0.3684652286699086 -0.36348792474895175 -0.35591430334262447
65 -0.6597196402623302 0.2983400853764853 0.21199834582492585
66 -0.3568238989870979 -0.38603316719852204 -0.3563438511661657
67 -0.6079812085233391 0.44905539376709364 0.06985503557307879
68 -0.39770523671884017 -0.30488661298442765 -0.33047581000758997
69 -0.6161517141763094 0.3949665394266003 0.124151364164884
70 -0.6064639337662356 0.4102169935369608 0.0757083460400371
71 -0.3727828047958773 -0.3389427446672632 -0.2896902579821124
72 -0.39857402808587433 -0.39717674826833627 -0.38297363617214797
73 -0.576776146480539 0.3742273240871988 0.07238785162105214
74 -0.5879859847884606 0.3440907019001556 0.08266019397887273
75 -0.628518791499999 0.37215381464225666 0.09508641973620532
76 -0.6210202614162351 0.33198506905523956 0.06039172756237207
77 -0.36996445182490606 -0.30934094794790057 -0.29486285098793863
78 -0.6303039043156051 0.29137044416993046 0.15227722379347758
79 -0.39892669106973255 -0.42255598239925174 -0.31850319605805916
80 -0.6078068698483883 0.3711549286928412 0.013886770267898764
81 -0.6568534584355641 0.3482561622960079 0.07801035675874557
82 -0.6079795786344212 0.35919917026862236 0.04210706406194569
83 -0.36810425577226247 -0.4026617727303313 -0.3339551989849316
84 -0.571762188590419 0.271639938072065 0.20268551386175482
85 -0.6219570491879257 0.4065880477012182 0.175886141192093
86 -0.5949708211871341 0.3371088153325034 0.13084580429251186
87 -0.5805030679379981 0.3782145922088764 0.06394442530198605
88 -0.6316042389374653 0.4130603517044189 0.05557870966553974
89 -0.6083855292429108 0.3542019076207594 -0.013721422265927123
90 -0.3470051114725309 -0.3968289473195178 -0.3898000952496412
91 -0.5964141942077039 0.4245649048695804 0.012138746986863848
92 -0.5835088692084663 0.4196201326055325 0.10901835698872749
93 -0.6395329890710522 0.375766421356173 0.00865593758725084
94 -0.5844873489807717 0.4636995941357829 0.12142901242030872
95 -0.6093214497111151 0.2545977892702258 0.12263206386485004
96 -0.6726214631087412 0.4043910307865871 0.00166539412445575
97 -0.6790160059502649 0.2742406103280711 0.08111359987569788
98 -0.39248948198803124 -0.3876572898308318 -0.3147170381894969
99 -0.3341005556550708 -0.3558113931523204 -0.19646818350359613
100 -0.40901646781115397 -0.36454422676336135 -0.1924251479421771
101 -0.5991649728528167 0.39098510714700707 0.14344460476273324
102 -0.6116141011590672 0.3012946067280397 0.10337772470536313
103 -0.5766399146581251 0.3423658314383392 0.1939049090532929
104 -0.614553919255565 0.38400895473434044 0.075154347334177
105 -0.4105808646255569 -0.3240649384094637 -0.24037535827993817
106 -0.6513598177474644 0.3230742131539601 0.11894269090396495
107 -0.6819206445472746 0.3910023607181282 0.10829934143624435
108 -0.3992041345160617 -0.3439940959650631 -0.3773290856944808
109 -0.43525738503864386 -0.3370199186818302 -0.42424142389743114
110 -0.37311185636005095 -0.36146623646060266 -0.3638283378407754
111 -0.3654576191195419 -0.32036908745728293 -0.3601776437189763
112 -0.5898902166232097 0.3591030382088816 0.2397588309990207
113 -0.6065145952635324 0.42175078876101185 0.20531763760578833
114 -0.6428354787199637 0.2958231762893517 0.20679118321568749
115 -0.6522923721219461 0.4126518797595277 0.08109517269752017
116 -0.5960368904429354 0.3593397083141747 0.03219792343372018
117 -0.42869425413962 -0.40480883807488327 -0.29799451950021383
118 -0.5826537210582649 0.428922439201401 0.029098767310917113
119 -0.6620152331770595 0.4078918119384161 0.08651665569899077
120 -0.5785671648985236 0.3390775592676927 0.12027003984084578
121 -0.6158922180064732 0.30527950140285554 0.07474515360267041
122 -0.6167233703874303 0.4094163300072959 -0.028147288787961137
123 -0.3685830174529033 -0.3645604708018492 -0.31871520243036894
124 -0.3941640024417624 -0.3561411670523233 -0.21604534086469895
125 -0.613026521836026 0.3898915558198484 0.11793008893195306
126 -0.5411694674309773 0.3125786509197386 0.13000071855440815
127 -0.6133610193029975 0.42074210933761097 0.02836949017238776
128 -0.4472668337573948 -0.4189409007878792 -0.2584630091819129
129 -0.6539481982175309 0.4414212972272333 -0.026580134546698504
130 -0.5939215502616663 0.34475445144422145 0.13493919836555035
131 -0.34915831047529544 -0.3209594071457049 -0.47080295964178465
132 -0.4324775784461015 -0.3879836599384839 -0.3293427840385363
133 -0.5923332120224861 0.31587223767611183 0.1648016022648292
134 -0.6701883381322337 0.3760544685814967 0.13626210313675727
135 -0.5426359776459377 0.38951876410571834 -0.03585280668877763
136 -0.6474789923762351 0.3425194157367455 0.16657485086921842
137 -0.609208758984575 0.44653863913049924 0.07398235367982595
138 -0.6278152676709062 0.33885014528157914 0.042923854842691955
139 -0.6690673581192149 0.2692343657540155 0.15030267824200746
140 -0.627888920764713 0.3235703330351222 0.16544418230894276
141 -0.3284498388478264 -0.3028009209508923 -0.37921997620262976
142 -0.5951004093797767 0.39912817459605754 0.1558507854840591
143 -0.614714156744113 0.28478655171894823 0.03259308515011646
144 -0.3565222154313518 -0.34508765560210053 -0.27758537580572423
145 -0.46416541704127995 -0.3868293250135225 -0.3712147741505888
146 -0.600627060941324 0.33900589541850634 0.14044779479291888
147 -0.5614739503054785 0.3529422597853387 0.08916404064065958
148 -0.41784249899382264 -0.3323841182138756 -0.2754879781837864
149 -0.46969129160231765 -0.420589156098563 -0.3400406694830697
150 -0.6135724562120671 0.3789258728687685 0.14118250900926363
151 -0.45011986834168244 -0.34622315613941257 -0.36965358970714396
152 -0.3553150828197564 -0.39005245287740964 -0.2577369551365476
153 -0.5640255780994063 0.368121910389842 0.07232693339007196
154 -0.6400380158308114 0.3568898069835652 0.08899362559164857
155 -0.36717676413763595 -0.3274661847741545 -0.2810639266895227
156 -0.5879683833334313 0.28865352404401584 0.06943749438458492
157 -0.6064695821883291 0.33351967748728345 0.029027226399174537
158 -0.31111099323205793 -0.3398688937265146 -0.2462088294526013
159 -0.622827675146804 0.3526104359832201 0.16913421347264182
160 -0.6204240133467791 0.5117043544444533 0.0025858648300856072
161 -0.5833798258699017 0.36178807887058995 0.11559811777356896
162 -0.5966393951823642 0.4183264096553858 -0.003275365351468738
163 -0.5425919256033637 0.31310148074773836 0.17691758336735197
164 -0.43444453561445806 -0.37783679336816806 -0.44625660616508955
165 -0.584820268305982 0.3933450287709685 0.12426620757749827
166 -0.6467779260529903 0.4059848690768979 0.14256259508596394
167 -0.37996120359092594 -0.32514263433750995 -0.24836658642921602
168 -0.39400329638639975 -0.23852919958626959 -0.2588110951140635
169 -0.603219099019671 0.4175085629246509 -0.01452897859663767
170 -0.6226022379727503 0.35631919426300507 0.09292570663675702
171 -0.37816729786852843 -0.2691008500822848 -0.25829444789922573
172 -0.5970146799471234 0.4683053054886227 0.10068397943403004
173 -0.33694485921186984 -0.2893276520441178 -0.23140185155278484
174 -0.5473268049499724 0.4266902307527268 0.07486960590442253
175 -0.37594555086563985 -0.33621797189793234 -0.23849736066143867
176 -0.6571775207335463 0.2165639350574889 -0.008970551454071973
177 -0.5695304784045563 0.3950889845584957 0.13968784249071706
178 -0.5805161288952737 0.36506210214665813 0.07361726801001775
179 -0.4030430869599405 -0.3832262519871698 -0.34410503061515496
180 -0.6121994297645971 0.36740468946521415 0.0952096980239856
181 -0.42295903114072436 -0.39370717485115153 -0.28109774226646045
182 -0.5646923591495963 0.4078301800174137 -0.08312287092008676
183 -0.6490057473879217 0.34323044785332396 0.13016763499096648
184 -0.3331898642912873 -0.18153016692295554 -0.26739917544546465
185 -0.5740297229638024 0.37629901193052273 0.02976705661807192
186 -0.6130713167067438 0.32028614840008607 0.10591690495839919
187 -0.5984387337703222 0.3437212532595548 0.18175534303866492
188 -0.63973001019005 0.38167935458992086 0.05927178511994843
189 -0.44257157431776795 -0.42920074288331844 -0.2610558687401441
190 -0.4310746174921299 -0.3727544834977647 -0.32036899345218806
191 -0.6321828500548264 0.25714305805700083 0.05126045569800798
192 -0.5547869134908129 0.342991681405 0.09753697668037327
193 -0.6447827095440918 0.291141130068004 -0.022701554133700157
194 -0.631173536729477 0.417486423973099 0.02469710533951602
195 -0.6179077860417479 0.3439523438498711 0.12140811299734527
196 -0.622299864631372 0.3958762369347641 0.11225482563849917
197 -0.5992494398883098 0.3245838423302975 0.16099504768625458
198 -0.6001200489246197 0.4318273811839136 0.09373758310721678
199 -0.6232157697073396 0.4056259325515273 0.012698798170101852
