200 3
0 -0.39082298396420845 -0.2147021054396412 0.20269901713559194
1 -0.3773560461206346 0.45301394092568986 -0.25664671375076287
2 -0.35744151821465925 0.20942557832418424 -0.16698131025095686
3 -0.2873789929163083 0.07835354485984303 0.13307232948153147
4 -0.34903204497236845 -0.14511869075945527 -0.14793899835470828
5 -0.35077331319575067 -0.13761124875391323 -0.04454225726562634
6 -0.37211467454286506 -0.2588057030316393 0.2686034597895362
7 -0.2885836747358648 -0.13307507298761737 -0.1635943209560804
8 -0.3467818335572613 0.002310809750366397 -0.03272887205537435
9 -0.32356919587900357 -0.08917447797299174 0.07186237391862067
10 -0.30601083757580483 -0.16208924677649633 -0.10396263422258013
11 -0.33131756318838196 -0.17247503784410606 -0.05992920344649722
12 -0.3842482497229616 -0.017227343323353798 0.12800540485379058
13 -0.3376653833675449 0.024070699595884714 -0.03674893669209128
14 -0.36356904698840176 -0.024856866844335596 0.033927465467702755
15 -0.31992250112818665 -0.11837693782948745 -0.0286486069858638
16 -0.3289244588985645 -0.09458381356915362 0.0919309093345892
17 -0.34972362303896665 0.21673005847642052 0.054169682582362016
18 -0.3716015910688547 -0.03188577939682305 -0.18913115387574034
19 -0.3339266431565332 -0.24560237351024178 0.1103315061865998
20 -0.2867572949656668 0.10233017874519777 -0.2880423231439346
21 -0.32866977899440253 -0.06933719421671344 0.037342420192798445
22 -0.30017713510814287 0.059597126178958855 -0.012603650332100586
23 -0.4070187584354013 0.16643355759283576 0.03635377559914475
24 -0.3148723942546742 0.04682373634682285 0.42130452267825275
25 -0.3719500291166501 0.06684497416564726 -0.2477420103785558
26 -0.34649846361598435 -0.08946163039230635 -0.015906092084973764
27 -0.367690706766552 0.07194118396112326 -0.12256796890977133
28 -0.40051748159924566 -0.23358448277329866 0.07308307072792002
29 -0.322065863686145 -0.07380595097133574 0.03991378118749661
30 -0.31267128593120763 0.03545090515393309 0.12003437561221798
31 -0.3120478213139682 0.11875374329414262 -0.17916306726223635
32 -0.36136217902649576 0.1383776591736276 0.16460389719289717
33 -0.3086607222286637 -0.07923224475590497 -0.13332628075174904
34 -0.4140935447445486 0.14837532787999821 0.14215860134127745
35 -0.31309809522578524 0.13776636041402035 0.1600739326644794
36 -0.34231789063906237 -0.07787768013695216 -0.25220126259353187
37 -0.3413726796962827 0.18219472118123242 0.0918873496791319
38 -0.41455872357334933 0.14543999734155835 0.08566534288935489
39 -0.33944659999385196 0.1921837207038792 0.13019571643790587
40 -0.4142545861282671 0.13442749157700862 -0.27106913932397647
41 -0.37205168009303685 -0.16502392663031354 0.25669816112469096
42 -0.2644049508471528 0.24875641851800304 -0.08923823412802274
43 -0.318757366176956 -0.05359589045016311 0.25585925567248835
44 -0.3281253247809463 0.20299668440299273 -0.09393245757198393
45 -0.36042248114784625 -0.0033820480181814177 0.006575414288080803
46 -0.38349577263177004 -0.31619105708021306 0.21771052321847634
47 -0.2936236903827068 0.20311460704173886 0.113325348916129
48 -0.3901405110839647 0.030964515826627594 0.23593085401062663
49 -0.3072449807048837 0.09323258842519438 -0.09205257558144597
50 -0.4384700195128659 -0.15078514838895835 0.2357895254742487
51 -0.3159777633463022 0.016143778693590866 0.08177706881185516
52 -0.3958848055526131 -0.1160658690841981 -0.11102725151376067
53 -0.3179093534382494 -0.014341916727571175 -0.15180701551314554
54 -0.35066295099315276 0.37345490701936956 0.008435214962724579
55 -0.33046282091702567 0.1645766735234092 0.03630405304775314
56 -0.43194020905115893 0.14168979083738809 -0.2757695537492227
57 -0.3719445204188351 0.10164144600847418 -0.16623554461019702
58 -0.3948561881768701 -0.23870265109600583 -0.06859091124245632
59 -0.38307801993986984 0.1623243721597835 0.017270982439187288
60 -0.3098206230495936 0.04416937169174253 0.0026787432822402988
61 -0.30932439305311327 -0.1159532722420714 -0.24917081984773093
62 -0.39176013029604023 0.15605833387244544 -0.16818157041999104
63 -0.2965130230854519 0.12330052212603326 -0.19653414602061509
64 -0.3958873097171884 0.07168837504307933 -0.0707648864508516
65 -0.2985657383484682 -0.04755547182520208 -0.16105475525792604
66 -0.3022374531733296 -0.011120892276714657 -0.1671524374151969
67 -0.36210789779713415 -0.2902675042842984 -0.05377423880292392
68 -0.3425489040521087 -0.10334863090293496 -0.010394568780665145
69 -0.25395136946127506 -0.03659623335891359 -0.12218042703431631
70 -0.2641963167941979 0.17128740607032839 0.17911492280819752
71 -0.34050261913420615 -0.09667730778726903 -0.2497104334896612
72 -0.2997567053539786 0.08118068814828039 0.08225474785916373
73 -0.3414378477249719 0.030878119656996116 -0.03104247706440335
74 -0.38777923352911325 0.21009876205520925 0.14078445154076946
75 -0.26984478133455797 0.2897723890547857 -0.1436120323941378
76 -0.2848928464038121 -0.15381441660299394 0.05721958282919811
77 -0.2600630861062285 -0.15413997833006407 -0.053267444284974604
78 -0.2203395007035141 -0.22651811890889414 0.10064164927179267
79 -0.3816885338719704 0.24864932908355078 -0.0575538225407279
80 -0.31618285304665106 -0.14228751787183178 0.0517566054120053
81 -0.3294530735420675 -0.08670494967308234 -0.12050123068487857
82 -0.2358811775474469 0.04528311671640245 0.13340295476620412
83 -0.3353425310011356 0.00877874238459147 -0.026682968241537236
84 -0.3915416131559597 -0.24747371791906564 0.3246537865688918
85 -0.3332306925833376 0.3309062190079491 0.005916998788301667
86 -0.3364906161785034 -0.12224138851902581 -0.019549805754289683
87 -0.30458180872584506 0.0034172145185975824 0.14242526618850757
88 -0.36334815822837074 -0.017407530785898677 -0.03602417920985812
89 -0.27963449228862675 0.19809357085908094 0.013147925325784902
90 -0.4276798938501982 0.19687238637415044 -0.14341181642263892
91 -0.35281031899479826 0.17242073058227977 0.026506264286138802
92 -0.3937427652838125 -0.03834348922438835 -0.07264269464361886
93 -0.370246151939234 0.10433117339630026 -0.169421504991399
94 -0.2896503227975697 -0.07480957762775206 0.03505842546174511
95 -0.2767716897884934 0.19078181089662077 -0.2778040729952457
96 -0.3789307682095331 0.04249648389757422 -0.02033992489687388
97 -0.4076735491121594 -0.061374832980697167 -0.1294202998983546
98 -0.3996577222425889 -0.04492011761536237 -0.07558737330647786
99 -0.35150462517012493 -0.010311782333525619 -0.11456904988187021
100 -0.39056325604369296 -0.1946574888546898 -0.13194703784664222
101 -0.25091389094793726 -0.0007989882325313991 0.2222115705847318
102 -0.3848222082669539 0.05161854467355791 -0.10034807133949371
103 -0.302341931458933 -0.06367860291583356 -0.09071079456003665
104 -0.320503545297892 -0.17692875783638143 0.04436002290301388
105 -0.40718410656643966 0.004161986455451397 -0.3232112507467855
106 -0.33147203554849375 -0.06829254452385634 -0.2823452869907272
107 -0.3046428465164223 -0.47639039025866353 -0.12398169653428122
108 -0.32046665306922223 0.07167857435612157 -0.007672871169826045
109 -0.4105542389559964 -0.2843984159308441 0.06739644477120546
110 -0.3911240893578807 -0.021508422308720403 -0.15018846400566077
111 -0.2989625609611801 -0.09102957162922566 -0.027472247980978273
112 -0.3109602261824681 0.12544985964223837 -0.24409730251335857
113 -0.3122708033035391 -0.03704761927312882 -0.06657311600119499
114 -0.3628491128118682 0.022765253413561157 0.026235574683772918
115 -0.3361793548723291 0.001451267564549051 0.004774025280428389
116 -0.33197716677394457 0.18989852747586303 0.04059355437068094
117 -0.3511902278345125 0.3893626487627531 -0.015200634608744098
118 -0.36107273300342885 0.015294857188331254 -0.1136738880056571
119 -0.35954039064745863 0.20233410013316944 0.07941838819017949
120 -0.3732997007934203 -0.06608736735209098 -0.11007334717985852
121 -0.3381132802024828 -0.008713555792421073 0.1859521401638058
122 -0.2936936518147132 -0.1787090286404358 -0.022705132239343593
123 -0.32875586758180253 -0.07193769079092067 -0.06994368703574
124 -0.43840358945013885 -0.09087990087242419 -0.16018625646782805
125 -0.41924764236605877 0.22843015771592468 -0.19468629609698684
126 -0.2785164699641978 -0.04812369857627564 0.011996689804271793
127 -0.3425782307964768 -0.005290234487399212 0.03020582613128513
128 -0.35535929396238614 -0.062183205046706436 -0.19030880059933755
129 -0.39290298373287424 -0.33299880456166614 0.14163355613131104
130 -0.2905547884420645 -0.09196647985503639 0.08567874710341435
131 -0.4251586594070802 0.004736808579454747 0.2083013479790697
132 -0.34684926476729594 0.1823207861666309 0.056621545136993336
133 -0.34463104355091156 0.1294671336469297 0.2923492716634416
134 -0.24557650525015723 -0.001949119401562305 0.032646568170641876
135 -0.2934949854305526 -0.013364535247668764 -0.2037491577350718
136 -0.31350577037234234 -0.05204566754608705 -0.05775838854055142
137 -0.40275355798002427 0.11095277721519599 -0.04642695520982373
138 -0.332417988892884 -0.10823096282185345 -0.007546942402785158
139 -0.287419689391701 0.177714734165237 0.21636050422073158
140 -0.3722420483346635 -0.058413552729693036 0.2331755689030986
141 -0.34743546464268216 0.014489047978817884 0.2844707145366599
142 -0.3509110627756743 0.009896182994803885 0.03075581755166955
143 -0.34573195231330806 -0.1348618052871271 0.07231393778232974
144 -0.3184740771486289 -0.01227939692438723 0.017556434132140936
145 -0.3498344011984835 -0.14946465234674858 -0.19138843280553952
146 -0.3073296579988562 0.17599375760164265 0.05727552211374473
147 -0.33409253480491474 -0.15036613605354723 0.06267004465197418
148 -0.34105159317919054 -0.14374763553478354 -0.013477463749562624
149 -0.3469099130473435 -0.019611805736137786 0.01372422276863735
150 -0.36236541147957085 -0.191208419670779 0.012999425606898457
151 -0.34047260651330746 -0.12592840978760947 -0.3017267412573087
152 -0.3573631569344355 0.10634521758602145 0.15473052727453673
153 -0.38173044905757864 0.013184856065657344 -0.19472491231038183
154 -0.3936517442245792 -0.19562569342014546 -0.24193995358681997
155 -0.36491632037140664 -0.14917780391955135 -0.034941864289140506
156 -0.3061233247054677 0.27701033837081446 0.07021242832750135
157 -0.3523464656194082 -0.03708348296553678 0.13010002249814215
158 -0.34244627835561103 -0.007538003744226964 -0.0951789745264128
159 -0.32040712115038633 0.31138605118506213 0.03347904842459639
160 -0.34007162002508123 0.16151329572794532 0.0011172381721217205
161 -0.3894331177975361 0.25414471751584716 -0.11684487693150443
162 -0.3114037194710498 -0.12227854366183526 -0.024485464990611782
163 -0.3615893865495037 -0.12927474265341438 0.24750223584708814
164 -0.33128525639588186 0.12766616247696366 -0.028628691266497697
165 -0.3545469170445495 0.028859026117880188 0.13383351660659765
166 -0.33307737988969555 0.18881320346917424 0.05902040755117722
167 -0.34878036274024526 0.04046941409729186 0.3492681444552117
168 -0.4413095655131484 0.09804824346804293 0.272369827838812
169 -0.28382326861037827 -0.1064308499251316 -0.07049933749389342
170 -0.32224105583294543 -0.018155469922884176 0.09934224877906433
171 -0.3170253243409795 -0.13392808602628872 -0.14274314795177742
172 -0.3532615258146408 0.13048017207930612 0.05816231738446235
173 -0.3913320350857314 0.0551035827654088 -0.31067430663985907
174 -0.351593337158914 -0.22892741794778282 0.2887403829302551
175 -0.3359196437788583 -0.1353561500188644 -0.08861268831024924
176 -0.3108458802367864 0.06704728978666817 0.10591662629685619
177 -0.44814654467730447 -0.16778557747499853 0.43796694286474697
178 -0.31754214644513873 -0.1965506128532702 -0.07893381923983714
179 -0.2650639564155856 0.10824815609363123 0.02300706590869208
180 -0.2895629509901736 0.2663223538999363 -0.12654025084360124
181 -0.3171271855201315 -0.026515883713554466 -0.23114029443951167
182 -0.31759674014620687 0.06420115994356386 0.1807196495489344
183 -0.3020610426937055 0.09379007157384628 -0.06688146088832937
184 -0.2599423056845651 0.08614143916160878 0.010493729439810914
185 -0.24106477312844327 -0.08695709906110351 0.16783438162795228
186 -0.3467257964004912 0.014921328355831884 0.1172128837227579
187 -0.36396446313028613 -0.1209855204037109 0.23293900492326663
188 -0.3059385380483297 0.06141903828737986 0.483452937137392
189 -0.32661135588513346 -0.26684261653624963 0.06399833603346053
190 -0.3746236099313991 -0.08328579024940859 -0.1961792590050174
191 -0.29522347154716627 0.037707168740136854 0.010389601321064045
192 -0.2709570641768014 0.04214236281303161 -0.1368991323950783
193 -0.2961618466104969 -0.40555195509123576 -0.26494048693248423
194 -0.42678076408032967 -0.008959346340939443 0.010655941369949561
195 -0.329346380395458 -0.20679592925067591 -0.06908825951960569
196 -0.31547246715750604 0.11581795046932906 0.20568357587538347
197 -0.3300513745997383 0.1416810545174631 -0.20319762500042854
198 -0.304371450524943 -0.05016854410419536 0.03551247550077673
199 -0.3132770498801297 -0.10992531715807204 0.07235808774964946
0 -0.3030320889723067 -0.05649919305591765 -0.0034259174089717073
1 -0.3489124329935511 0.10067019129242115 -0.035826612949998296
2 -0.2593549458848818 0.0170267997604908 -0.18188503131473724
3 -0.330866030793823 0.07981728977877046 0.11829641479076787
4 -0.2617873202184124 -0.1593980626318235 0.11670169261311784
5 -0.28673034085693755 -0.07764735928753595 -0.047878510787962965
6 -0.28919987424674193 -0.3061652953989712 0.231054148871021
7 -0.40618348824376443 -0.13232324753864505 -0.32564232913347374
8 -0.2816007884635179 0.20398217980616448 -0.06582336426704462
9 -0.2715224118070494 -0.16681596785930855 0.07645442411208216
10 -0.3468715981313418 0.12139010497560637 -0.12773735281286963
11 -0.3216404717756816 0.05688420248757023 -0.1625108476681605
12 -0.37471987757513625 0.26484196127935294 0.0647939584414256
13 -0.3022503725060331 -0.22436004207499077 0.08961221857133003
14 -0.3469229304150795 -0.1327203934002776 -0.2568709008684211
15 -0.3620692250078111 0.08993260619960475 -0.11751157930809521
16 -0.29955702545724344 0.07138859934062729 0.056271461879083
17 -0.32658299639949306 -0.010754259983556138 -0.06564713567492082
18 -0.3623191387193243 -0.2636035537398024 -0.2851006066362432
19 -0.3414104163731514 -0.13069242446980295 -0.1581312826261426
20 -0.40227080258887293 -0.17790490279477983 -0.17848736650373911
21 -0.34872967420220835 -0.32924922619615754 -0.027216251537753856
22 -0.2900571604311377 -0.03175702513843552 -0.1316626733586675
23 -0.3132031850015373 0.18504231232139678 0.09483682440638388
24 -0.2690032102767469 -0.09806966619543267 0.03118266679145525
25 -0.43744568885962287 0.06198151070582322 0.24176595062179176
26 -0.3251614885617559 0.09688663559407598 0.09782466803433681
27 -0.28372619762410994 -0.055666418284565096 0.028392315364780846
28 -0.2634843687158035 0.05210291361430575 0.1353195532261219
29 -0.3584336091928471 -0.11988441462688927 -0.14407973753050024
30 -0.26141075083702353 -0.045136716994309586 0.1578644857165856
31 -0.2451682305077561 -0.11666117606596194 0.030996897972118895
32 -0.31504813210356497 -0.30303169284368253 0.3506359063236166
33 -0.3406764923078877 0.14677893815203008 -0.028715860467560746
34 -0.28290976309718063 0.1547281998968932 0.45776140940500065
35 -0.2885018690341567 0.13749012682215994 0.039044272862634524
36 -0.3493993910268103 -0.15755782463526286 0.056177544629268335
37 -0.2830360674581055 0.07015159662240997 0.027534200975805674
38 -0.3692678182839024 0.24618294576983427 -0.023016386449224425
39 -0.4306109207417367 0.3737044085252468 0.27132026252615743
40 -0.2916949494030144 0.034132676071788395 0.11749085579415484
41 -0.2774851463765803 -0.05570381273614429 0.09606705588341431
42 -0.34144043605531166 -0.1363101540073594 0.07700666734120379
43 -0.3928000571074978 -0.22701211346794306 -0.29693780190787317
44 -0.3395700261634335 0.1047282454407105 0.13915205917179357
45 -0.36301690610667875 -0.29805485823391753 0.2335818947041635
46 -0.33386635807838605 -0.2864337020760878 0.15672736119943517
47 -0.30975612408613673 -0.1485074422487925 0.16923521966383054
48 -0.3073374322178891 0.0561116282999198 0.07733495804516231
49 -0.30938986451912437 0.0591072497737485 -0.12868305300858168
50 -0.4189252507642346 -0.1417502242605732 0.008262786393842076
51 -0.26125113910837827 0.11809259607585612 0.0588520954467325
52 -0.4737978301981586 -0.37508708401167 -0.3334019528813012
53 -0.3639956465965753 -0.008713816211173467 -0.19704056127444286
54 -0.4195729556122734 -0.013682491021749158 -0.22972221644436502
55 -0.313277364452578 0.2224874481215342 0.1889785806588761
56 -0.3661192692248716 0.25113053676595126 0.1058005551164242
57 -0.3250860241560865 0.056155416660388036 -0.0367674595213173
58 -0.2704099250893775 0.0074877290753603025 -0.11675730441576876
59 -0.3805883616297073 0.015007863048763292 0.2571870378389824
60 -0.3174665175830708 -0.017234750626733644 0.03411717008566991
61 -0.3171736212418659 0.03712220254367655 0.0464128429572876
62 -0.3035196437822722 -0.10444539554210733 -0.031984096576363516
63 -0.3086298712133411 0.04192479236740813 0.0548839913530694
64 -0.4214841770164869 -0.07357278838579201 0.18306113275838673
65 -0.39459500389367774 0.005768636244454195 0.08995193656536556
66 -0.3295893767855136 -0.032240363420182924 -0.07606696083209204
67 -0.31964217107143095 -0.38706263713904737 -0.026166445934545084
68 -0.23349545725650825 0.034912707450940765 0.006305242145973765
69 -0.35967121017327386 0.14218537421198285 0.168948085484487
70 -0.3516429084134092 0.08660045780632264 0.08780248728645422
71 -0.3865990874184345 0.11352306578280018 -0.04400146849489593
72 -0.31298332448256133 0.07509912646882239 -0.20107718043644168
73 -0.27918115636777685 -0.027750715575381165 -0.041830030407702716
74 -0.33637110437973666 -0.08064425628054936 -0.24887322888234933
75 -0.3566965168985627 0.0029981805521004505 0.06472510276340536
76 -0.3416781459592103 -0.06943451419273154 -0.05340317723260674
77 -0.30739755233759625 -0.10808476869262738 -0.00106243374468162
78 -0.38018583516048793 -0.019036170268333912 -0.043191208247070755
79 -0.3233215289623947 -0.20502669267731335 0.11021154541027835
80 -0.291425070307548 -0.3164934217684138 0.11545443644553903
81 -0.26463820127933246 -0.009866522211654292 0.08770075063352605
82 -0.3142966179645647 0.04523030082703625 0.23679537179599572
83 -0.2665237692295667 -0.023717229332183593 0.16754450951197203
84 -0.2757629680307606 0.1554655231174071 0.12255325613832042
85 -0.24640356229129393 0.06047381652875292 0.06552016478066566
86 -0.36156468525799396 0.07213008461623811 0.5276345539633582
87 -0.2903724938772322 0.15331559363902986 0.09717730538051719
88 -0.46162141314300553 -0.2729247374119266 -0.12401167620863368
89 -0.24203009374659926 0.08934509514363917 0.10457773094723377
90 -0.36592160201881374 -0.14783126688094897 0.023497909429960696
91 -0.3146363234557472 -0.34253238497976346 0.030036657290979624
92 -0.3438749554266116 0.05783578177344872 -0.13078702809228557
93 -0.29426066155001485 0.0074151467734056425 -0.06877074943058117
94 -0.4697507425050542 -0.13675752027212446 -0.0398229661230994
95 -0.4064947906455542 0.019848458187457407 -0.20747223808027546
96 -0.32441790261854847 0.005808926154155028 0.00564739195480115
97 -0.40949193914537274 -0.16735883665848114 0.11214078344315091
98 -0.33892517699185787 0.10357444692007596 -0.027174495909391718
99 -0.31974316579584433 0.0985019868367299 -0.04968480466432501
100 -0.24161529630734035 0.0321195310426889 0.09701326106665184
101 -0.3597453891692247 -0.03881155326329996 0.10932678772130228
102 -0.3176789869202274 -0.008587261303611786 -0.048122445863227684
103 -0.3331638543339861 0.10761851733588403 -0.020733440063447902
104 -0.44807433699543 -0.20239803923947436 -0.27554730418127515
105 -0.36783023543154997 0.10620741607556909 -0.3273607075281343
106 -0.2934697474039416 0.1911549372197893 0.15101271364495938
107 -0.2903232189991794 -0.006405711455143715 0.08486466938624124
108 -0.36918145640166194 -0.2828541406877027 -0.20709471042036517
109 -0.30299223422566113 0.10276475163177883 0.1608709415827907
110 -0.3376450705702863 -0.01578502510950979 -0.016470189018970342
111 -0.31093396616897256 0.07273864812784295 0.14190799091719106
112 -0.37017321819898913 -0.33133647710960384 0.08759764872950983
113 -0.35037299142921613 0.2614378705938358 -0.12221950459455806
114 -0.34802936036052634 -0.0009760616888993261 -0.05504736453826324
115 -0.40923123194111466 0.10432457108691075 -0.06458981015306133
116 -0.4016324933520937 -0.02870628499856891 -0.13046958730522815
117 -0.33861789917487584 0.2460404041048761 0.17058345922574666
118 -0.3208001037205804 -0.010787452112914316 -0.09750649839749201
119 -0.42548774680759693 0.30202210090690434 0.41595905210162
120 -0.3682249305502916 0.1359410064210047 -0.03042000838873441
121 -0.282094730382217 0.03708860516128238 -0.2300183258297755
122 -0.3552861123427684 -0.17255197453765475 0.012708317477849652
123 -0.4176659925712956 0.32458760580963103 0.058551678094735805
124 -0.3520565028124785 -0.008239282383351528 -0.16951134174522875
125 -0.3036990094978387 0.032552004960576454 -0.22424645067646365
126 -0.3694921544429942 -0.21383054224912793 -0.4843987090086687
127 -0.4007764935134035 -0.03927327918315892 0.09405918346462101
128 -0.29326373977466735 0.18132149732386532 0.022468864202016
129 -0.35067402147251175 0.0999793496817082 -0.03216011727942773
130 -0.3390713435212162 -0.06503848507874983 0.23684506963961788
131 -0.28015162764976487 -0.12340021890825208 -0.10795720266922373
132 -0.35573674022405843 0.2923429551696693 -0.19355250246179684
133 -0.3452954324444628 0.17992086856719058 -0.0937857548148699
134 -0.40587163482545824 0.17951458306207826 -0.3259313494010161
135 -0.31831730682618115 -0.05384030918133015 -0.02623857537538717
136 -0.35186316375770244 0.11437989402634259 -0.026953078681578025
137 -0.320862594383924 -0.09078594467830595 0.12653045855939432
138 -0.3390708167822075 -0.23375292984421808 -0.04497738759195047
139 -0.33261407711205776 0.059541952897381845 0.15957897329273454
140 -0.33641446334531233 -0.3179183502321425 0.05781212103752852
141 -0.3421069411677348 0.2430775313058685 0.28103266116233544
142 -0.27196418450828713 0.18931094138955645 -0.10679660723056221
143 -0.3729746426641332 -0.20535523280126697 -0.02628261244119546
144 -0.3355168410624681 -0.08949782987644486 -0.14528773903907705
145 -0.3265619347461666 -0.0853946340017433 0.2666905010557175
146 -0.2900867515840703 0.19096009760307797 0.04636852372277229
147 -0.3166968748616364 0.11967696262505625 -0.05850558468089734
148 -0.39080651576658915 -0.048227376862192646 0.18779900122633586
149 -0.35225004795761894 -0.062231116675084484 0.2768769974463104
150 -0.33056457902154446 0.2222434265753613 -0.03776474665721976
151 -0.3913652754861826 0.11030506130982264 0.021298674552161383
152 -0.3396521294565201 -0.09046718477918478 -0.17153459884451866
153 -0.3382244394593451 -0.18432268861576756 -0.12761808930347587
154 -0.3428218988377363 -0.020276768338470537 0.1772854939812523
155 -0.3189958820214856 0.2518442983546066 0.1591635502685306
156 -0.3236530635826953 0.1087786494604159 0.2415461044509261
157 -0.39241042222402855 -0.18818517189951445 -0.015607815877036935
158 -0.26781738797407517 -0.040669671395185306 0.03248866448913482
159 -0.2930918248392269 0.1641684815532775 0.2681733214552733
160 -0.3447912429986944 0.3806797484301841 0.2886625761710029
161 -0.37526455833978467 -0.21870134568543154 -0.18692585892622765
162 -0.32669336833668616 0.0997026969998138 -0.04638129403362485
163 -0.3247396322844272 0.08985586799323628 -0.026835090587927463
164 -0.4014950575340706 0.2541684032842873 0.27010907191323735
165 -0.35871784917406363 -0.009775005773717965 0.353547639598205
166 -0.311818472899815 -0.1500198628529949 -0.014503067459867045
167 -0.36932393097314364 0.05899586471572989 0.020400859471741983
168 -0.3556353467034578 -0.08739131297108431 0.21550588049015187
169 -0.30882087578033346 0.04519055642782398 -0.2462033212077388
170 -0.410774401789885 -0.3216362322848098 0.03552312177086618
171 -0.18318244994234706 -0.11377907936091868 -0.10907191632865046
172 -0.3947613925645364 0.05825789051143693 -0.39390509424142506
173 -0.35625308169949554 0.11921587528894244 -0.035681548343923064
174 -0.3748304932067749 -0.03827149300653997 0.19140379188655232
175 -0.34934273269698185 0.23215899858905675 -0.17008164999613673
176 -0.33553700580936807 -0.024402077711049873 0.250353631835799
177 -0.35918603094526996 0.2864712862545884 0.027753088081379156
178 -0.26558064528212005 0.31139829652332307 -0.05154071713635876
179 -0.3465606529090353 0.020936795377950092 -0.11792284754171259
180 -0.3709460476151572 -0.03329446625854699 0.09910580537204974
181 -0.36811577533474843 0.15116230840811878 0.05239938654749436
182 -0.3984832943135306 -0.3859463934578045 -0.043150145283001075
183 -0.36622044946642857 -0.22100032861176216 0.2668363169427569
184 -0.28467050471101907 0.02818168589438897 -0.057212666601018404
185 -0.2959552832513082 0.12057957018042503 -0.18469705106593765
186 -0.2790405964700484 -0.031215995369105725 -0.08623439871224299
187 -0.3294164545687598 0.03273258883106845 -0.023708974984514877
188 -0.3779435799143931 0.14774449411765916 0.3898011752561566
189 -0.3700162259559021 0.2175898763931755 0.04822613104694062
190 -0.34653194462029574 -0.04179673130525655 -0.0390575813853941
191 -0.3766370939338991 0.09117653353577337 -0.16014658814805768
192 -0.2170996247596039 0.2058962793633565 -0.002854104399115563
193 -0.3720248868047713 -0.042999103658339116 -0.07136853855935227
194 -0.3322531498579524 -0.16653129718238677 -0.12515196152451272
195 -0.21798769631437398 -0.11246600539052386 0.04121676246254573
196 -0.3864144580805403 0.012232906233497534 0.09137531313226076
197 -0.3854793966701278 0.1419214735863296 -0.056685706193016945
198 -0.3843579148582489 -0.03035670166904715 -0.008756463054785548
199 -0.31124618251507824 0.07045837530899852 0.1577915970986882
0 -0.3576426013739969 -0.010304645436527976 -0.06641590378988217
1 -0.3438651441124594 0.0357266314781401 -0.12533986077073836
2 -0.3355741213926245 0.12321424324934749 0.13914749614841135
3 -0.3496578919696695 -0.16474800196261585 -0.02165552345222211
4 -0.39042381838738144 -0.0629457100547509 -0.21312167608724591
5 -0.3394883963712424 -0.05086320848559834 0.05390857694109678
6 -0.3510508235093896 -0.08821942812859657 0.16388827205854783
7 -0.3768628665678839 0.12521710456430477 -0.33278949341348324
8 -0.3723060529804924 -0.18707599525355365 0.15887048646016055
9 -0.239759180315173 0.05845511381825012 -0.17265496169633723
10 -0.36274250847541634 0.16600708655225951 -0.028798933615000126
11 -0.36535961235967185 -0.35408116115514804 -0.15553340151998682
12 -0.36506131163262123 0.13201053878017385 -0.13247596572501097
13 -0.4077240495161189 0.16352026204572961 -0.28767112432123065
14 -0.33937081869989744 -0.24939771933976196 -0.3194984365661693
15 -0.29759971672255264 -0.03653271424565508 -0.3221548673038987
16 -0.3640711458821788 -0.2868129871608542 0.012349538177743686
17 -0.353185012633995 -0.11040701883829757 -0.14395040328076597
18 -0.3817713631646483 -0.054256455737720866 -0.2086657603475056
19 -0.3318484635909213 -0.041248974695722564 0.025476448669944075
20 -0.3451572856672181 0.025166089566159663 0.0022732805199331993
21 -0.3322920725435229 0.021938664954729632 -0.09062311279594347
22 -0.3095323410575233 0.1979227448376334 -0.05251927617381974
23 -0.3074554957378481 0.07499688144133211 -0.14995534658491994
24 -0.31126994722127654 0.14763868283633216 -0.09863151594826626
25 -0.3924844291403636 -0.1497825137014378 0.07543872081321928
26 -0.3999617567291196 0.09774971878675003 0.050026342589117194
27 -0.3685477120600638 0.0529901287083201 0.1812239897298119
28 -0.39006821914360024 -0.10583922237114722 -0.06529319290601178
29 -0.35639931963872956 -0.09739185702867137 0.052443995171816755
30 -0.3487272225343888 -0.22968533994266802 0.050600491399040055
31 -0.38438209760987413 0.26510452181533267 0.12087032939706853
32 -0.30167235085058686 -0.24665935163096853 -0.011022230851341394
33 -0.31654394179669954 0.24011319689612023 -0.05228462950592232
34 -0.3392677678733184 -0.22900696114257335 0.03634549938042802
35 -0.4083470714804534 0.3289946061908196 -0.10597421021851296
36 -0.309788953316529 -0.05055636621110813 0.07214335940249178
37 -0.38266628445097434 0.1822455383023675 0.25454687980120017
38 -0.3207605625431118 -0.1635363566797249 0.012462925018621191
39 -0.2823599344026303 0.020167169137955313 -0.06824179059337446
40 -0.3206396536892813 0.24920899041156136 -0.1202635289558963
41 -0.33713787589940647 0.15107870561624992 -0.3980847848709182
42 -0.36276146825157674 -0.07996745049490801 0.22537243590984385
43 -0.32985463168380474 0.03181740757610662 -0.10816289289900143
44 -0.3807033287756188 0.015084878974615462 0.00471902796178608
45 -0.30745557525384404 -0.010348684935219033 -0.12932999419700966
46 -0.37760240817158836 0.22119252941382395 0.16488409685793257
47 -0.2524570611389737 -0.16341890087432212 0.15106020851016233
48 -0.4097675698120142 -0.11155540169263553 0.1554195071973918
49 -0.2433486687125235 0.08332485060500615 -0.0846813064434042
50 -0.2618486531502238 0.08750012706695524 -0.06582102512371857
51 -0.33710990281844444 0.23384407300096163 0.09286768766720946
52 -0.2739905566210783 0.2441229078223244 0.10180004473876365
53 -0.3202631038149049 0.0618997255111016 -0.009183750277623567
54 -0.3329784360194746 -0.3000676772534094 0.015275970776599175
55 -0.43881879469639284 -0.12992792554705274 0.2541835178206729
56 -0.32663762909833655 0.16180908653902207 -0.15495582826924262
57 -0.2722795610662457 -0.14615473196961815 0.3483814859760006
58 -0.35333137409797793 -0.021734763071028524 -0.12760354862136702
59 -0.32751335172197893 -0.04703830929058124 -0.04066608946879481
60 -0.3426149495269773 0.14347644047979194 -0.13587404733809755
61 -0.33653870194028723 -0.04216607946154752 -0.0829649152895711
62 -0.28902455029514074 0.2002697435380585 0.012847191477278702
63 -0.27979795594659673 -0.16993999960413617 -0.06373819931946102
64 -0.2694889627128527 -0.00880368768082248 -0.15293191245831494
65 -0.3793179521686332 0.1127869301970029 0.28345949855290625
66 -0.32933715887836257 -0.07584761188542466 -0.029141731381213523
67 -0.3380118778381652 0.24478117709001773 -0.0030700539318113387
68 -0.3422517051604832 0.30515991113599383 0.1742663689957767
69 -0.3242510753962979 0.073278384021401 -0.11401152972247097
70 -0.3222132473217865 -0.09246471379090694 -0.10855372471595671
71 -0.2774479576761962 -0.11552302240540527 -0.02613542118397162
72 -0.3096995358931261 0.09312640798160494 -0.08363150668373347
73 -0.3801397113935767 0.22882685460024177 -0.008548267311944057
74 -0.31963808482351014 0.014506380450124378 0.03289684522076613
75 -0.30742793719275535 -0.17669938582274297 0.036495123886749345
76 -0.3574723550428489 0.0989664465743089 0.10124997157420193
77 -0.2945551472176965 0.04540205387413167 0.016586638282115665
78 -0.33935134158337793 0.019882737721352673 -0.13921947080387917
79 -0.3009618425812125 -0.0849588734810804 0.25716362293564043
80 -0.35995159482693223 0.12425868325714533 0.004331246490958308
81 -0.34502599277006274 0.4031240641830583 -0.1359315411904885
82 -0.3950094492187428 0.237461962287282 0.0726076892601525
83 -0.4118540081507831 0.17503379540343103 0.045742327800217225
84 -0.3574990940384165 0.34957358646164816 -0.056547975505810116
85 -0.31309278908055604 -0.12962054548080507 0.06467984705769836
86 -0.35353718296295084 -0.17500386160813045 -0.1532089675385811
87 -0.36677229247368515 -0.22728699917740502 -0.023320601949789938
88 -0.30590538593090055 -0.07433517368319631 -0.23488232228923098
89 -0.3356184391588063 0.051129478542733565 -0.16582812211635348
90 -0.404655710786711 -0.04845828573380235 0.3013569803938774
91 -0.3903773205913251 -0.1840584338073383 0.1960073895275015
92 -0.38704205560544164 -0.2215266813885874 0.4856030992269566
93 -0.33246553059208167 -0.18919560328966772 0.10832999097588548
94 -0.3468235375430567 -0.13192080467602676 0.023057359077400513
95 -0.3110277979460493 -0.03318245067420075 0.04455542524522506
96 -0.2903119413451056 -0.07003176523874435 -0.04869324701117462
97 -0.38022663020849323 0.20645146955117805 -0.2296272484681643
98 -0.3744404087564163 -0.12601612583538177 -0.011597637769707316
99 -0.29166620819770817 -0.006718304132862992 -0.10999634352930109
100 -0.24183748811724337 0.15874256587226462 -0.005365065501022584
101 -0.40995403283697773 0.12080049934836733 0.13351378858033275
102 -0.34900690091004316 0.054341841164105786 0.1654423841766361
103 -0.3337335014479547 -0.21828471104397532 0.3460738019615629
104 -0.3340572324657443 -0.014445269740164414 0.05052608689563882
105 -0.3484635118318819 -0.17412514705406712 0.09249146792525798
106 -0.37096901993783576 0.027860621282499193 -0.30587863982185876
107 -0.4312435859607653 -0.15116800737477043 0.13680526582851252
108 -0.2695167722216893 -0.030042825061340334 -0.25850298631114926
109 -0.3249051010142077 0.03364614499606169 -0.008715654579063056
110 -0.38212077397913036 0.008939382222723584 0.31853668008865144
111 -0.32331557396509597 0.046932331006203115 0.03394113045820452
112 -0.3313564051506842 -0.2751550593532117 -0.09351270598993673
113 -0.3922764005436442 0.20840467023368545 0.04106916794807905
114 -0.3187522836116894 0.14307410755250186 -0.2745278545258408
115 -0.31423105763004605 0.19035346691479407 0.05861183158164695
116 -0.31855187552284264 -0.25130796025480834 0.14497238134377355
117 -0.3787587291804958 -0.22177920310426158 0.17067899691542823
118 -0.33009292750232544 -0.0878066268078816 -0.052489148417689584
119 -0.38576737782335574 -0.0048815777240179955 0.05949723795833717
120 -0.3731302704895569 0.24798954465286516 0.058646517784499204
121 -0.3707817788814562 -0.07762769098489328 -0.012363247137712552
122 -0.29804525578392016 -0.16479322687069706 -0.16494811067050708
123 -0.3457637760620556 -0.2580419175596153 0.008572949810478655
124 -0.31846985339905604 -0.2343504688258251 0.13803701246726888
125 -0.4013972334224369 0.1737684296430354 -0.12874986637388786
126 -0.38430019245460173 0.28127207666774995 0.142894394519486
127 -0.30908439705683693 0.24858899556637523 -0.03154417063564014
128 -0.3659119640719135 0.20740800636414383 -0.05563823841837653
129 -0.3149453116268049 -0.23411565635582735 0.1113544577085562
130 -0.32681407268962825 -0.19201963801159097 -0.26218908320638273
131 -0.32284501477271177 -0.09548250956426885 -0.31410760261426274
132 -0.3640247865193832 0.046254929018788186 0.13177141650492652
133 -0.3345980810211527 0.02176688865701116 -0.04403521241478922
134 -0.2918597319360603 0.03784867201912593 -0.0739168752041907
135 -0.26374048001586764 0.20794657995536925 -0.1575520060459206
136 -0.40474419781911086 -0.05139611957919514 0.14955791634193116
137 -0.33616730095707115 0.08017109538414927 -0.12807755809129168
138 -0.3801944720682818 -0.288284392211504 0.2842655407114972
139 -0.23470765140876906 0.04711594012081524 -0.000454900952887117
140 -0.36463576018104943 -0.14844949654369616 -0.08227460828304524
141 -0.39404180710981407 -0.30915031236823753 0.010468611478200635
142 -0.4153385434850877 0.23652189353787886 -0.03522036807373701
143 -0.290340120228349 0.24824830442059395 0.04955618410441529
144 -0.20321405687149838 0.0997406250045847 0.024868284908399207
145 -0.36440724932681073 -0.21586374442810466 -0.16016592429812734
146 -0.29140909561440337 0.0732219396667058 0.05200456203028853
147 -0.2958327342514161 -0.07256727946674828 -0.09708039238047832
148 -0.33414718437612356 -0.04635769104835629 -0.007170990766273609
149 -0.3073859022646992 0.1742848248698091 -0.08267434663299593
150 -0.38214751825101473 -0.02877811026857575 -0.01372107091476548
151 -0.3704085411657917 0.14189644724954129 -0.10628190423683294
152 -0.3611766848181421 0.21195065107863265 0.21019836652336293
153 -0.2820317834300752 -0.04004667327131356 0.0055561779157019655
154 -0.3391354909958006 -0.1151572730828156 -0.027118608593570143
155 -0.3137959584198249 -0.34787988601940606 -0.014671811404304022
156 -0.3359498475593851 0.09778127983432677 -0.27178244002981966
157 -0.275538374843183 -0.1861884152033642 -0.17991615068425815
158 -0.3831192512607172 -0.05755806117542208 -0.29129567186901556
159 -0.3622604140271579 -0.24924454985978864 0.24999932725142085
160 -0.3561393863907427 0.064173580826737 -0.24605849844094263
161 -0.3553588519983993 0.05672491720445335 -0.1260294630232513
162 -0.332019844917225 0.20915996342575188 0.12480196627361999
163 -0.4000327782608443 0.1150864455958663 0.4782773018475963
164 -0.32428622371682075 -0.1036235422087606 -0.10029477387226002
165 -0.347375596982997 0.25767142864692555 0.024866550959546974
166 -0.31394621069838213 0.033632365865060396 0.11390524426306585
167 -0.34149957937996506 0.19630135449956668 -0.19448528359621892
168 -0.30656143186537066 -0.17881270690819412 0.03274697446391389
169 -0.3423342384978459 -0.010568649746883969 -0.06197972499856844
170 -0.3509673092098101 0.29148961981016636 0.02451376652274559
171 -0.3467696723982864 0.18312934613107287 0.014544313777807658
172 -0.3132492745050474 -0.042927769712270095 -0.11424808808544176
173 -0.30925075368488425 -0.3049656336192865 0.025884631001274208
174 -0.3474420227811899 0.11233650484698547 -0.22727000557795177
175 -0.3327166593215152 -0.06339645819481858 -0.044579406120845294
176 -0.35690596839126754 0.022356793538354767 0.008142549799041398
177 -0.28381554830584277 -0.1373446040759357 0.11291874781439964
178 -0.4076697230453511 -0.11557522166730552 -0.09774571263416709
179 -0.3427103859079153 0.058437958000602266 -0.19723452886580076
180 -0.28295223507033923 0.14108804707714037 -0.3446070226221198
181 -0.3145269990595903 -0.06254635367500073 0.06249246577964146
182 -0.44074160851566685 -0.1945071659477999 0.051924811866869695
183 -0.2999903840074213 -0.12232443656304116 -0.1245393755777307
184 -0.32667714786316515 -0.15444682021130263 0.02407652258396071
185 -0.30779873864767937 -0.29416771154856747 -0.055627305937127856
186 -0.34491891594179297 -0.02627982008574973 -0.3364305280038016
187 -0.3316831882454247 0.06864739885946909 -0.16408300155909936
188 -0.3139357992835138 -0.03973104840232357 0.38671914991324885
189 -0.36121659649701443 0.31382849243462274 -0.16789955562143424
190 -0.40029816448034844 0.3202761821824336 0.16390436078947374
191 -0.3070224681699662 -0.009396048271193412 0.04579970360726961
192 -0.3625962918684916 -0.28474244253448733 -0.08074537791696315
193 -0.3335214876934472 0.06229307622858336 0.03820370997395413
194 -0.2570066043194144 0.010158949591140751 -0.12681387854541495
195 -0.32091558277579463 0.06546846710392232 0.0951096015677313
196 -0.3270421092785178 0.05458628383996491 0.2841108769129726
197 -0.41269447381366936 0.07523708659664932 0.20136245252559246
198 -0.29950839692056747 -0.07757397119237715 0.029479330901380708
199 -0.3301029898548025 -0.21556871739257707 0.20244555386079713
