200 3
0 0.04376391744199698 -0.015581020737843473 0.014067289393818494
1 0.03870382334146084 0.0023394092474497046 -0.018436148698822416
2 0.04653719219072275 -0.021193860723464034 -0.0028020844466478292
3 0.03870436394707541 0.01078419887178196 0.009890738151006355
4 0.04080408502442153 -0.0031657331685453678 0.026928864693282418
5 0.04786334961969589 0.001960955384896207 -0.01919883010153179
6 0.03976774328762024 -0.013066750933366185 0.0034604532573054244
7 0.04131185378879834 -0.022594063457966062 -0.013720490367234238
8 0.04280023757560211 0.024363229166961927 -0.0318095102650466
9 0.042309555496629445 0.010021272885594843 0.012488592529465775
10 0.04080331362129571 0.018999691792432202 -0.014406458043478355
11 0.04328536479892787 -0.0109563714814434 0.0066826426348569655
12 0.04181361279172207 -0.013546718790172977 0.011780517175781218
13 0.03976834431629606 0.014592598899831959 0.009392995532598812
14 0.03870476169873427 -0.018118486804973053 0.0006959604033133486
15 0.035321704438032266 -0.04156542974745504 -0.010787354528490644
16 0.04181387200511933 -0.011576369678638307 -0.006026828703390537
17 0.038704395572658624 0.003948743451792866 0.03461034983667235
18 0.04231055234997104 -0.004980826872431602 0.008485894288877091
19 0.04080388836104857 0.03875204034622036 0.006800561228310302
20 0.03923928699415365 -0.017353346956402605 -0.0008076063783831669
21 0.03870355069244064 0.013663299770276166 0.0019019700724681161
22 0.03870439656738777 0.028904490926844002 0.015615828078174418
23 0.03816119844772983 -0.00981190298247178 0.019230552680538637
24 0.039239093208970253 0.001155087538157162 0.00943287031026069
25 0.04328449852383832 0.01684952470900224 -0.02411944029289974
26 0.03761113704733694 0.008258338605322772 0.005564743477161989
27 0.044707790280838496 0.004602055732124691 -0.023810531019586686
28 0.040289869181797354 0.0020844905554163982 -0.05216378831382227
29 0.043764313222896055 -0.010988401023471652 0.01768935809028111
30 0.04181353190548321 -0.026804243518519677 0.03509025109779588
31 0.04423719073318981 -0.013854045597811502 -0.014226138448425416
32 0.03705157275002579 -0.023683461181448696 -0.0008332231581121074
33 0.03976801926114992 0.03125908997868271 -0.009615369870733186
34 0.040804098338663955 -0.0006212950665001097 -0.048905570123875954
35 0.03923984601239536 -1.8464518247433895e-06 -0.022986592494742566
36 0.042800415856933366 -0.006778311497666823 0.009429986755572725
37 0.04470707833560332 0.004500998910466773 0.009541360572124591
38 0.0370523580108514 -0.022296232725763306 0.02041738990717477
39 0.04280105120678777 0.003457108127115992 0.0027719411094845334
40 0.043764111899474295 -0.03455167304851253 0.010379573982125063
41 0.044708352136352734 -0.010588423865163172 -0.030665502371389243
42 0.04231039956097099 -0.03500037343113008 -0.023082390378122368
43 0.04181371940438153 0.0018640893657775077 -0.016040048273063188
44 0.03816160248696604 -0.010029461986784902 0.009137234871449674
45 0.046086338486964265 -0.007064504930174653 -0.024587685777322583
46 0.041813967791377145 0.005456437438366381 -0.011301679175549733
47 0.04181361610461259 0.040561076057409745 -0.01590584721520228
48 0.036484322156233005 -0.011996758926481612 0.011377835635021302
49 0.04653699708541413 -0.030996881123474724 0.023933275512023854
50 0.037609811193958634 -0.02681257377329579 -0.004453635338921337
51 0.04181351978389531 -0.004662974077450636 0.006067880052365361
52 0.041311697186059766 -0.012719107073304207 -0.013123339869634397
53 0.03287469350598489 0.01932333294975469 0.008034217629401808
54 0.0353218728620496 -0.00469281698533965 -0.013824871525672638
55 0.040289362697811366 -0.023940962943553724 -0.03213822119043757
56 0.03472609362904442 -0.01708344240316069 -0.03791684535295549
57 0.0456309341694767 0.005759567355050007 0.01333163533681266
58 0.03761089195587499 -0.0012811576129195758 0.004476151071433299
59 0.044237428492364554 0.014899613716750564 0.011564143818937955
60 0.040289764058701064 0.020929835501310112 -0.02252286992926971
61 0.03590665332156727 -0.004287064903313391 0.0027308572638458494
62 0.041311248054304035 -0.029408596977834517 0.009081427094346436
63 0.04181316874655273 -0.013612944154145525 -0.020648051536180188
64 0.035908185482920886 0.0016908714818999156 0.012150489694574775
65 0.04742523841506864 0.02242231474768833 -0.020498961778863827
66 0.039239998942792675 -0.008026865240546445 0.002531368508055246
67 0.031579359923984585 -0.024710637812615243 -0.01698834860241064
68 0.038160927842490214 -0.005617196825670691 -0.009017845745371443
69 0.042800002185926195 -0.0076475118868611905 -0.0336060562983107
70 0.04028878275394029 0.00244916010472217 0.026959452811285863
71 0.03816150583127271 0.04312531101796737 -0.015862831309351372
72 0.03532158984851206 -0.017101510353032045 -0.012829866919034467
73 0.03590805925174486 0.012271034094132839 0.0021698672399678527
74 0.04181321828448433 0.025031653606845092 0.016975923638718866
75 0.048726918597275556 0.000912172502965764 0.0007093599589256414
76 0.04080352310209462 -0.011818263146265315 0.005181065707038734
77 0.04131262854569038 0.00011987989992656596 0.001144802205299961
78 0.04470697781191508 0.0019786817307317255 -0.0015389512717767363
79 0.039767468421929915 0.00884191450831758 0.020297567051739775
80 0.03412026065463297 -0.01859847277264838 -0.014314368231211235
81 0.04230951706463927 -0.009324428110443036 -0.014899387549193444
82 0.038703803141452595 -0.019356733576486602 -0.009624159076459898
83 0.04231049897411461 -0.00321832088387015 0.022781027789793202
84 0.04230977006368102 -0.015560795183536627 0.017147188929115893
85 0.035322475529248894 -0.013045789458504736 0.03152726165203418
86 0.042799718364509486 0.00536418048028943 0.035602195391709945
87 0.040804449283114594 -0.014556290896504067 -0.006997507520886797
88 0.042309990312508816 0.006356026696079866 -0.006799068147351845
89 0.0387040549461219 0.02754045283675848 0.012848135005294425
90 0.041814100511985926 0.023417435151176887 0.005016016629176816
91 0.03816176598955128 0.009208177631272794 -0.024186855842085006
92 0.038161931785695324 0.018830346666983824 -0.04195261411365023
93 0.04181381638411553 -0.036310641985954115 0.005119525009810234
94 0.0432854432367019 -0.02166953684676017 -0.006414172418702244
95 0.040289222707722436 -0.0037864946470819853 -0.014763006319244378
96 0.04080316314547869 -0.017102651704841116 -0.011520321003317728
97 0.044708397051966865 0.020935574566323095 0.008374528169638898
98 0.04328495361087264 0.012566347168342916 0.02374846633095625
99 0.03924006052195001 -0.02540436351368972 -0.015508415774798034
100 0.04181437054478327 -0.03587378384542963 0.014859375600401176
101 0.044239079246522484 -0.004075333923594328 -0.009065104236450131
102 0.04181416018063385 0.01808599423148488 -0.005966289402866849
103 0.04181436726079741 0.013167145398487753 0.0023440648150620984
104 0.04028890449207774 -0.006790493818470819 0.0330370722134302
105 0.03976715993531184 0.050446515075408704 0.012513687051150154
106 0.042799070426889234 0.0023229592775053627 -0.006590207630173941
107 0.039768005288308726 0.009854824481816467 -0.025168054042504273
108 0.04230942558886333 -0.01720151459052326 -0.007066201459234284
109 0.04028926281231589 -0.01751325098125274 0.004615879774932776
110 0.04829602467157579 -0.020122806030200665 -0.00984558579268169
111 0.039239508709439735 0.019437514906613083 -0.01658359411575672
112 0.04080382549456365 -0.019676558013857932 0.014976374826590215
113 0.04028893216136479 -0.01225264953408074 0.008858605877891704
114 0.03976747963559146 0.0020715680809588323 0.006132567427347197
115 0.042800094233320395 -0.018719913167197857 0.0176069334320511
116 0.040288624246653436 0.0008745505639975214 0.010913340838652249
117 0.04028904031399552 -0.009750434731276748 0.0018183726382878186
118 0.03870438597707416 -0.009392472577134112 0.004008595889398682
119 0.03924006477180116 0.02537451096480255 0.01018909102732366
120 0.04376387574683475 -0.02543328856682353 -0.010997363790775993
121 0.03923889418276377 0.01192797578051697 -0.0006793318331436936
122 0.04080437070324998 0.01563527962066865 -0.006440682108852591
123 0.03976807790341518 -0.018181552907489504 0.011697189648216132
124 0.04080312405817904 -0.020811839141501462 0.04390768998451066
125 0.03590820759852653 -0.007170880707370037 0.023469198448560876
126 0.04230982810703563 0.016885555859411136 0.012824142749567771
127 0.044238594766476784 0.019387131812277875 0.03156844242007192
128 0.03532244859359434 0.0010796074576902338 0.023207209760310762
129 0.04131151502607608 -0.008444842680040998 -0.01329190898517506
130 0.03590839233557151 -0.012672700358446693 -0.014390392378740645
131 0.043284234545881484 -0.026210773877140384 0.02348601887176863
132 0.04517184308019219 -0.0014930388340126859 -0.003380122772700444
133 0.03870428909291164 0.03324075874082491 0.00010163343008916335
134 0.045632144902078994 0.009198943409337792 -0.0026898094240665315
135 0.04080393447038652 0.042552921721641004 -0.024250754337958393
136 0.035908250569392966 -0.00445684374772 -0.015189668897494076
137 0.044237708149249044 0.007036132598567188 -0.006846298022937641
138 0.04131257794370668 -0.006758837823730175 0.026783658927349557
139 0.0387038579301535 -0.004531469913159168 0.00818861751208094
140 0.038704182874160414 0.0027573734060482103 0.031027480479742655
141 0.04328473022300357 -0.0007001387369770201 -0.035725127316645504
142 0.04470827258256947 -0.015224562617015817 0.02824711500219975
143 0.04080402266123238 0.004857724864306985 0.00852317029442167
144 0.03976787797762227 0.002232539021495036 -0.02851108859945619
145 0.03976784032151033 -0.00278673712240056 0.02652564731015729
146 0.04231004666418763 0.0020719138365712813 0.007027220294830413
147 0.035908214069226764 0.04922474719965641 -0.0018812516416788468
148 0.043764077970422276 0.013731624667251849 0.009751372007117481
149 0.043285212605892104 0.03555273305989109 0.02241077343691951
150 0.0376101121835686 -0.0320410432674807 -0.01544273340307375
151 0.04028887628442932 -0.019136233941652796 -0.0072180618306196985
152 0.042799670250365 -0.0031922510993172863 0.0515428308245181
153 0.0437646126918372 0.04561094587169734 0.028649208508785905
154 0.037610883059242976 -0.009282054106545094 -0.022818782631557007
155 0.044239419722716056 0.0065475513560029775 0.029569732775767386
156 0.040803790798766205 -0.005800050928691174 0.016172313990175716
157 0.039240049182950494 -0.010321548153194547 0.012276695712274929
158 0.04028861776996992 -0.006537105646827652 0.00287751203250467
159 0.0381609292659084 0.017196077390958124 -0.0183029026429516
160 0.03761034719923707 0.031743681070713924 -0.008288116595407373
161 0.03705191090085466 -0.013276910103002837 0.014753611970607244
162 0.040803470844368354 0.010857432368701143 -0.011553472505281182
163 0.04131155555869425 -0.0013364130213633027 -0.0027592283702677365
164 0.03223377912937997 0.017946256188133575 -0.01390690920649123
165 0.042309607387233744 0.0006746514797849597 0.041612131768742046
166 0.044238232182471325 -0.012212736635876851 0.0016832943768462796
167 0.0402887832411856 0.00905223682648936 -0.0148997362439815
168 0.03287479975083225 -0.04536801358867151 0.009743713651209265
169 0.03976806499893589 -0.030870206472482942 -0.026584084278152634
170 0.04328465532029692 -0.04080154439953403 -0.03611180807328548
171 0.03648424132758173 0.009223379204094719 -0.012658663853532915
172 0.04028888216555282 -0.004185072311926372 0.004716020791572157
173 0.04279969319182951 0.009396751001112391 0.020643016525042343
174 0.04131122344828571 0.01624633226527134 0.01585404941286409
175 0.03705139891173173 -0.01939918967234345 -0.0009430741376873302
176 0.04328590023450965 -0.013434116319832521 0.010759404585220659
177 0.044238335555459196 0.0022242592070637265 -0.04513450537512847
178 0.037051397712852305 0.011523208097219191 0.012119066023669356
179 0.04376462933576053 0.002404553277139404 -0.00839557430066172
180 0.04080346277989247 0.05152641083153598 0.0018056652553949497
181 0.04131204370551982 -0.02353160162361737 -0.016276511943427777
182 0.039768451163231744 -0.0031070508953674266 -0.018594176540318648
183 0.03761066836177713 0.0005967849911988455 0.002966907609356378
184 0.039240069261468453 0.004589229890489364 -0.023703485733747018
185 0.043284617279816875 0.013712423265617245 0.012673835965047127
186 0.04181402095306007 -0.02853259925532328 0.00776885870593714
187 0.042310666355550745 0.03765495461644002 -0.008557462329421768
188 0.04131213503485111 -0.014468849095053252 -0.011270836616872417
189 0.04181357904529259 0.005397012100400675 -0.02489577288199537
190 0.03976806593622621 -0.0018243797706558227 -0.025522930483426538
191 0.04279990663590012 -0.00390175293108046 -0.031085455898885058
192 0.04080252759008989 0.0022330996720044405 -0.007885317590628297
193 0.042309679018913596 0.018537578237180836 -0.0160680836125874
194 0.04423850224567359 0.009585422433609958 -0.003110816006445589
195 0.041813973510411176 -0.004775457927151709 -0.027391592809245476
196 0.041311556342863785 -0.02929388567805165 -0.035414480860085584
197 0.04028938739347348 0.008287239787523578 0.02134717119464277
198 0.04470777153088436 0.028098183315672216 0.004533648809868216
199 0.043284327610341435 0.0036631168879954937 0.0017383277775493717
0 0.044708383002120995 -0.0243025204402451 -0.016205406956381407
1 0.03816149677989738 0.0011407698831267926 0.04406763385836297
2 0.03648418087101422 0.014854850130615702 -0.0020086974538230636
3 0.04028846105489175 -0.009971327564012599 0.011349615843722712
4 0.037052118098341746 0.003582063024660852 0.03139454743626919
5 0.037610323948977384 0.009394653712707257 0.01617948427372206
6 0.038704203322830984 0.0566139255841899 -0.015957052980976938
7 0.04279895677746522 0.03138120572224736 -0.007819356092201154
8 0.039767939644430414 0.013632148769584105 0.019876897179682825
9 0.04131143473100817 -0.008116736557412465 0.018995704723881277
10 0.04279992487202722 0.011318910726590291 -0.016460610093838354
11 0.043765178270032304 0.00428180287088714 0.013730270156274847
12 0.04328478221111964 0.027928059988506938 0.0035259380490739317
13 0.04423809910701588 -0.030588292313006308 -0.010065921060118214
14 0.04131162012913827 -0.002393895702829811 -0.010057212438672586
15 0.04080312821690181 -0.02183159326047468 -0.019666390647361424
16 0.03976684792523924 -0.03340562554630519 0.0017818711078080392
17 0.03976752434714952 0.03594140269368668 -0.029963143005362687
18 0.042309808458281174 -0.008473373241217571 -0.0174087333069303
19 0.043284475100618135 -0.0019004727078784135 -0.02556566646904635
20 0.037051345056927386 0.004274613019371727 -0.007148521195804278
21 0.04786301615935541 -0.005283943905809691 -0.0127639968535065
22 0.04181371045022126 0.015588589280123211 0.012417043776317055
23 0.04280048004395002 0.0046337169152800665 -0.012851620802121473
24 0.04230984356964939 0.011589700610433103 -0.017330124117665567
25 0.041311650537680336 0.008518124921422355 -0.010251879991991026
26 0.037051252129200254 0.023440262234323425 -0.010518695849802083
27 0.04470808520710004 -0.011757154311915612 -0.008502474246869141
28 0.03923996593554567 -0.024382209067248826 0.011079695835913233
29 0.04328492347113842 -0.0023188918516266073 -0.025831787563868197
30 0.039239700684771964 -0.028174869872097438 0.014468322811896937
31 0.038161469987208166 -0.008534743464912481 0.014993593851712617
32 0.042800408261195716 -0.0005098747265392914 -0.009979750296268382
33 0.043285087538921053 0.007486381963211802 0.010230638461652876
34 0.041311310024560295 0.028754016935542897 0.005290003776098728
35 0.04279972887913671 -0.01636255929596301 0.02403741404220401
36 0.04181473736380207 -0.01067094860714772 0.0022794765407519726
37 0.037610981038134185 -0.0019616626251496424 0.005608346352095169
38 0.037611446801300207 -0.008107073704368114 -0.030580265271920336
39 0.04080379634389651 0.013448221213578493 -0.006251916104263558
40 0.043284740360120484 0.02322357657685657 -0.003044679485260088
41 0.04080414135570193 0.038397682132338046 -0.011800332000852733
42 0.0442378993211739 0.0010763607549632652 0.017069868521756047
43 0.0413117421361209 0.024565405862715422 -0.00576489671519223
44 0.03411998003148367 0.0006215444498535983 -0.03684178345165423
45 0.04230992011963037 -0.015270596777587428 -0.01854552074973269
46 0.039239673543822885 -0.029336486504828185 0.02784687403934496
47 0.04230913310754329 -0.030859587347788483 -0.018603770794311136
48 0.03761110710149362 0.002627707206294393 -0.0177919255790263
49 0.03761119093788033 0.031874180596101635 -0.010607603169686723
50 0.045170931545472914 0.020723679600411018 0.007713000033422234
51 0.03532168698363523 0.00729290701384765 0.02418077446972808
52 0.04376408754690728 -0.013569925421802397 0.018305183369753533
53 0.040803025764574376 -0.019286649761437184 0.01242802059562119
54 0.04231021142548164 0.004148205052466431 0.05025086587554317
55 0.03976769402773593 -0.005823816985540786 0.008841212428085912
56 0.04080334396202129 -0.036319073697741976 -0.017946174438071075
57 0.0437646733589049 -0.012345479190310635 0.02948556900554437
58 0.04423795619836479 0.038501527371399356 -0.00990875663095351
59 0.039768068426865165 0.026155929344021597 -0.003801616075929062
60 0.03870365595590642 -0.00690904673986432 -0.012841518528120325
61 0.038162239519411605 -0.001979952146473884 -0.0019157315297554985
62 0.03816081209998771 0.005127417360552933 -0.01803682966646916
63 0.04080339189877687 0.033635982626101506 0.005710115337103571
64 0.038160932261338425 -0.001036892305274013 -0.01986588594839457
65 0.042800262007275866 0.0319860822211463 0.012733464078582175
66 0.03648486331204856 -0.008578725887129499 -0.01429810403786471
67 0.040288863462640524 0.0023534324893742216 -0.010524338934643851
68 0.040288066923672136 0.00031131094418173987 -0.015273318355777365
69 0.03816228446122192 0.002476628285407159 0.017655067565146468
70 0.03472664549144209 -0.027256197804749676 -0.013711119314542096
71 0.03816119475753838 -0.011782975572946927 0.009770299000314389
72 0.04131235457305237 0.02385547030233197 -0.02399400935254354
73 0.0335035654353434 -0.020051470303575986 -0.01180898780242991
74 0.040803812895191645 -0.01680547901961145 -0.003279803515934995
75 0.04181397206734166 -0.0066013415673243534 0.03608845935237358
76 0.03923903660292728 -0.008373285315904587 0.003112719991525388
77 0.042309359084317356 -0.02314272722969859 0.004985319783036535
78 0.03816189362545074 0.007427094364770262 -0.017680143781698937
79 0.04470775564394815 -0.02246248766376384 0.012238919354227535
80 0.0397669464747787 -0.030021565717891784 -0.012599904595329905
81 0.03923998003173782 0.00685458465070548 0.03193679287420988
82 0.04028941701786455 0.024614783175032472 -0.011655722561448542
83 0.043764377271060736 -0.03359202107848629 0.009556173991737358
84 0.044707037493236505 -0.0013225913845093013 0.0017837159911334745
85 0.04328451250856698 0.03481947486823433 -0.006582222851449346
86 0.03976745228678497 0.030946005676617427 -0.022125376246516393
87 0.045172841069323795 0.017400124689942058 -0.014916863275329978
88 0.035321142148379815 -0.0170642542807151 -0.007263098054501827
89 0.04563135690262242 0.009781909862551426 0.01937671651831638
90 0.04181437500399009 -0.03228517743176021 0.013506285465895973
91 0.04028900162465804 0.01580499798149101 -0.005296021894266668
92 0.040803854408358924 0.006051716420224619 0.004103413475452976
93 0.03648523171734873 0.007721744299410361 0.011858718461908235
94 0.03923990802689349 0.022045680272768826 0.013579755611262283
95 0.04328495060844989 0.015553421936431196 0.03660444447453376
96 0.04376438464299339 0.011793384917645238 -0.016184185503790638
97 0.04080272957326158 0.006438200105361584 -0.02070832566919244
98 0.0392399437254609 -0.018486951203451816 0.011690165661313878
99 0.03976708040577377 -0.022369704912491874 0.003429202022248713
100 0.03870458482460941 0.013450346692813704 0.002205318223884724
101 0.0413125106767009 0.026534114116289424 0.0104608984256929
102 0.04231008485150868 -8.295344010480934e-05 -0.025627677579296383
103 0.03870465762492194 -0.00896102559957836 0.024993470354754143
104 0.03976699512795917 0.021139832163156895 0.02040792235750543
105 0.04280042766355636 0.007956379781512363 0.004609663200219385
106 0.0353220670421603 -0.0033046293302032743 0.008744833132087182
107 0.03816157215071311 0.006301511166921152 -0.012085745878520916
108 0.043284801586624455 0.02161108437384865 0.010723575079530381
109 0.04131166860695394 0.025299750838759818 0.02010322784980152
110 0.03976735510613628 0.026233495520676168 -0.006840811148637973
111 0.0413120031162641 0.007316288582437817 -0.04237819103775669
112 0.04328485442475908 0.0006666273391977572 0.021712801385187976
113 0.0423097701837694 0.0030230900143313755 0.004491536707338039
114 0.03923915845222315 -0.014401433190726936 -0.037023173735706856
115 0.04328508446726212 0.02806930284949409 0.007861379533122704
116 0.040803710156791614 -0.03621334513768905 -0.012434603707379845
117 0.03976740114315187 -0.030110564429042565 -0.014527862154339198
118 0.04028871222790349 -0.03229341201054747 0.014812853250897115
119 0.03761063666674904 0.015575910491016505 0.013819312694950873
120 0.03816058624164305 -0.00624540450650222 0.008282165806390678
121 0.04181340073500215 0.011220792728166729 -0.006729105001895994
122 0.04230960586801591 0.0222996125919516 -0.0008998804811206565
123 0.04080429659867929 0.024506327945668285 -0.01753738408774865
124 0.03761073102258508 -0.016930892389831347 0.005708762517334873
125 0.038160415308807545 -0.018475167047596188 -0.0017796104023618492
126 0.03870339266410791 -0.007589900020905139 -0.0014871471090656862
127 0.03816160019037218 0.004449476476003798 0.029991867184782785
128 0.043284708769485834 2.7899379331837837e-05 -0.01824087472666985
129 0.039239145691308985 0.0441171410636397 -0.03432658402267552
130 0.04131082830118684 -0.006363437147800286 0.00015664059897438714
131 0.040803800180344615 -0.0005082215804671376 0.03209494682771046
132 0.04328490271212397 -0.004948394362233408 -0.025042243394573543
133 0.03870395516426224 0.01009312559472616 0.022656720736638998
134 0.044238391871719594 0.023678196784323653 0.020140670435842733
135 0.03976813879628629 0.016783626586846095 0.01803720103497867
136 0.0427999619329831 0.008702274216860836 -0.0005536205739313275
137 0.041813364469214236 0.0022388908876269 -0.015254771390243869
138 0.041312453266348206 -0.006424911960174856 -0.017713051466966098
139 0.03816091676306092 0.009713619232238438 -0.027723081020473536
140 0.03761008644249359 -0.042032394168258776 0.019323020195520683
141 0.03923893475145668 -0.013014511825961021 0.011984845511756919
142 0.04080506656485428 0.023649810972035386 -0.017445417510694228
143 0.0408040091281945 0.0007665391851860699 0.01394140460231848
144 0.04328586169392387 0.0004635924043817626 -0.015246728769201913
145 0.0397679520892112 -0.005747646343015786 0.024762171506886206
146 0.04517122957900233 -0.0013219123130175324 -0.014920819956926974
147 0.04181434211964742 0.005103574275555673 -0.0037076479759079023
148 0.037051266150596535 -0.014858896352113696 -0.007401666934813078
149 0.039767661181890485 -0.00851344393269664 -0.009506506984458511
150 0.0381614934563073 -0.019569785212998847 0.01768413509945889
151 0.03760993664813831 -0.026189027125429743 -0.009543353389942158
152 0.038703991457610554 -0.030151872738751317 0.023272240113545766
153 0.044238838826728306 -0.003851346032818533 0.004701939821400337
154 0.04231012263506709 -0.018389968404970786 -0.005404649241447159
155 0.03870458375896186 0.015164560213691468 -0.02417323446620661
156 0.04181406484270406 0.00024094020827652188 -0.010506884161061086
157 0.04181329264692165 0.013704973932908485 -0.009029097954926976
158 0.037609563714415754 -0.023588055927098242 0.02713731140282001
159 0.040288465929045426 0.016791724225824787 0.025003612558139977
160 0.039240159615479865 0.03617620992686348 -0.020634672625043975
161 0.039767927350502934 0.027588038011669595 -0.020300281115351648
162 0.03923932930667466 0.050110471797153305 0.01160893236621665
163 0.04080354666376435 0.012755125542395739 -0.00038075432919705234
164 0.0397674929807286 -0.038558497477063254 -0.035999900618951065
165 0.04423903344460213 0.004099693890404117 -0.010743372899061453
166 0.04376321716682851 0.023109168506905208 0.004232230746295108
167 0.04131103935181252 0.0205465607509529 -0.005881934563075192
168 0.0427992348890635 -0.027130563576668605 0.012793867318216119
169 0.04423863596233691 -0.01808318108703443 -0.016021696247376902
170 0.04328574042310488 0.015824848240096976 -0.04254780838554385
171 0.04230999976146087 0.016548097237122233 -0.004081409788409171
172 0.0423097679234736 -0.0058854552894502974 0.0069249347055522015
173 0.04328543508692001 0.007266000828981112 0.008807966126846402
174 0.04080347910383343 -0.024041937004463526 -0.003304957014039145
175 0.0432842756088982 -0.00873628796724757 0.02738855955887465
176 0.046085926239277604 0.016026379471194483 0.0019982150552452964
177 0.043764825503864145 -0.005422523662807297 0.009786818058278675
178 0.03350343136688917 0.026750252294261135 0.02050407306398761
179 0.03816116946207336 0.007058418500535534 0.04965114627593102
180 0.03816110612354087 -0.012646388942548567 0.0013177613562127862
181 0.04131180480843837 -0.017626552807994644 -0.009065697331596305
182 0.04608631656282942 0.015054719728200728 -0.02587681245243866
183 0.03705171059877136 0.020963751956249523 -0.002583375150291618
184 0.038704153635065144 -0.011536216884686997 -0.00730894156560982
185 0.03816239663031752 0.0037444606999550377 -0.026967053259920007
186 0.04080340408778573 0.0010318177086553596 -0.023876279410181587
187 0.040803382477376464 -0.001173088923387891 0.011792412862232364
188 0.04376460045434284 -0.0033345250653538114 0.03687301221748532
189 0.04376392204861141 -0.023148949596661635 -0.014791779705705891
190 0.03705184450490051 0.005096673523898217 -0.002245023154966032
191 0.043284681345812426 0.03308928039753762 -0.027852968887009874
192 0.03923893341662159 -0.023777336258892355 -0.004108205056385357
193 0.03976822035897683 0.011714875403296672 0.010854701318374554
194 0.03705136584877578 -0.009495724350399672 -0.0007734096376435057
195 0.04181415983811452 -0.035433697117651604 0.027724802351259882
196 0.044238216996338994 0.02166545249301601 -0.023621961111021064
197 0.039767785117639086 -0.011026312583054193 0.007115170430666142
198 0.04230947434796326 -0.02535591860555514 0.013256772696353215
199 0.04470744208438721 0.01099105509440979 0.024936992385858368
0 0.04230960415560417 -0.0010875579176888174 -0.0024391771295548016
1 0.04328525605141198 0.0004462578765805775 -0.004639678950844839
2 0.04230917499968534 -0.02073994817996426 0.010521614739251199
3 0.043285770101905895 -0.022653850975918075 -0.004448183732806303
4 0.037610907579140075 -0.01570403074137259 0.0001530822714164826
5 0.04181439716450043 0.002349051773540714 -0.022324465448461107
6 0.03648392064936496 -0.009299400053956896 0.011905572863117058
7 0.03870338941461965 0.02326006141919991 0.006554776284437987
8 0.03761072289340726 0.00699145887470053 0.0008374595969771844
9 0.04328529582324456 -0.028752130618908904 0.000387762162699665
10 0.043764247039054835 0.008045604552513562 0.020577521679539707
11 0.03590781575763205 0.025107298034149583 0.019312339740686472
12 0.037052217357693 -0.02346743129035599 -0.0353726619858523
13 0.04376430910489771 0.01686982858891965 -0.01545048994483074
14 0.03923973519812176 -0.002656827663775962 0.00334459921435997
15 0.0428002000912944 -0.016962537589613833 0.03937695420375644
16 0.041310831830034735 -0.0015563534465294574 -0.00832402046746145
17 0.0347264116741724 0.011950334812583716 -0.004098601526952956
18 0.039767492458382604 -0.012869373966275924 -0.005592527884529316
19 0.040803491896356306 0.03695715840752811 -0.002799573499916823
20 0.042800749162845375 -0.006187895320817194 0.015968966475243773
21 0.03648399110882542 0.012265411091220722 -0.003560307674642869
22 0.03870429033052041 -0.004829566382036157 -0.039873683407556565
23 0.042310158592624235 0.02504261620523959 0.02596549189424969
24 0.042800424552349996 0.013080359041213824 0.013627653856912322
25 0.045631780927481394 0.01445987848765218 -0.011978053198035438
26 0.03870380508261532 -0.009234959986220802 0.013360214533928048
27 0.046536495931973364 -0.01721877878752495 0.01202250844510793
28 0.04423811841353573 -0.0105028321177519 0.0014802057597544471
29 0.03705257567212601 0.018813682182014648 -0.039139007094753125
30 0.040804215979176855 0.005578194792916507 -0.02001259189698183
31 0.04423846217608824 0.002185479916395372 -0.0006412163880844954
32 0.040289228085279544 -0.035262232467158545 0.03570507358454498
33 0.041814132396034966 -0.025046789079989834 -0.01323723758902047
34 0.03532167188572632 0.04088182695675212 0.015844147720081345
35 0.043764294332133864 0.017513727272105675 -0.021247366558563675
36 0.045172227276581794 -0.005564701380878493 0.023730542375103112
37 0.039238971613313696 -0.003031815988974256 0.040973289814690075
38 0.037610980686406795 -0.007038495380864223 -0.0238139893635233
39 0.03976782909871067 0.0030471511411688545 0.005296478575833526
40 0.03761103462233999 0.009234753047206466 0.005870936484524502
41 0.04423859995788781 0.012408099368374968 0.028576067788211056
42 0.039239934683934836 -0.00035968587827732174 0.024780042457349223
43 0.03816051192211658 -0.011750901355591302 -0.027242060905728463
44 0.04131148064160834 -0.015188151955181613 -0.03484538606640707
45 0.04280006558248149 0.029072514615059403 -0.032087268649915714
46 0.03761193946409635 -0.0012216668870110034 -0.0041880174759984365
47 0.03705180020974524 0.018329382554080707 0.0055145157167151276
48 0.039240070526986394 0.014265575159998389 -0.022768096738735585
49 0.037610071563370755 -0.010610877216130615 0.015768126425744673
50 0.0413119331109342 0.02130846937987097 -0.024496167564077312
51 0.043284214858988465 -0.018602499530160015 -0.030996313327480166
52 0.03816137661264225 0.0020376545031529567 0.012168257198947728
53 0.04517211834159887 0.016413992088902513 -0.011914874765701973
54 0.037610863206622554 -0.02286877784079934 0.00029472524466587347
55 0.04028894973017741 0.0021633605864873674 0.021398487372027552
56 0.04328492583981255 0.016470000868726114 0.019106436521686705
57 0.03816137996769498 0.006164457448739386 -0.0010698955132930872
58 0.04280082988696901 -0.021924811291563102 -0.0310948293513917
59 0.037051761448529855 -0.032577017449268414 -0.01869249276700686
60 0.034726446060777245 -0.005259988580577981 0.017941140983407582
61 0.043284821135969966 -0.01519793087485029 0.012632161302519145
62 0.04230942398934342 -0.006272789697137996 0.0335814770457147
63 0.038161440481843036 -0.01527918938992005 -0.01899886575121289
64 0.0359070940015072 -0.02243172788688656 -0.016120552349364676
65 0.03816182683977223 -0.03199303738347225 0.02176983703628477
66 0.041311820746317694 0.0067307234633005066 0.011875833252664988
67 0.03923968091029096 -0.014184697028352202 0.02099047181276255
68 0.037052559601183345 -0.003237946054760358 -0.017924792665901128
69 0.043284566175141065 0.025987486843228495 0.0026572469088260047
70 0.04653695547239887 -0.003909394729502556 -0.00405181940027298
71 0.03816175596109944 0.007667929983314083 0.023858202458886826
72 0.04231056068191974 0.04274422447610203 0.03456785521905058
73 0.045632373215076204 0.0014927141147947224 -0.012011203415432731
74 0.04328526756515482 0.04295380747461847 0.0071303513517849155
75 0.04181403823019153 0.012935528350275833 0.021993935603571865
76 0.044238886123898626 -0.007046918872812213 -0.015226060844038892
77 0.04376387091896347 0.017511512707894767 0.0005460653546037648
78 0.03870441102290696 -0.02035459312470506 -0.011847839544930235
79 0.04181356905344668 0.0037449032401714586 -0.0036806166845930913
80 0.04376461215266509 -0.007273704794070312 -0.003791991742227667
81 0.04080336563894603 -0.028800365874103947 0.007463746939353936
82 0.041311640409483666 0.023188408426116757 -0.014562529245431966
83 0.03350316731831662 -0.04131236310107153 0.011346509348818631
84 0.04080416875130809 -0.003921540055085326 0.03050920114979233
85 0.039767582414274825 -0.009721291287406083 -0.02115670445251001
86 0.03870419977797663 -0.014384544754089377 0.02762278012231665
87 0.042799389238599585 0.00774718291132206 -0.022072763583222632
88 0.042310130643267274 0.004753343260356775 0.0023065153859890605
89 0.037610635543376555 -0.004365457784832491 0.027877444954455217
90 0.03705130824814155 -0.0037783376158868785 0.036700974027352395
91 0.040803913561229026 -0.01125306625678916 0.01144508500238363
92 0.041814332280700424 0.01585258798351813 -0.012217269541192203
93 0.037610943412455876 -0.006768870655107689 0.02264522897106704
94 0.04328524765972286 0.048538698117455904 -0.014751107504560832
95 0.042309699932190734 0.013400720934833028 -0.011387012352466235
96 0.04231000724674015 0.0019278490162377268 0.0017834686845132888
97 0.04423867446777426 0.020997489621771257 0.01882723621330605
98 0.04328523492850036 0.007966052738144155 0.013446636356820814
99 0.043764642561240165 -0.008027952466917787 -0.018161514167870606
100 0.04280080563073572 -0.0034301348536615464 0.012601289346740834
101 0.03924001145101362 -0.01048545408123444 -0.052376309758497296
102 0.03923926554815072 -0.00782865680045786 -0.032785103885456
103 0.03648392823412372 0.006792168613753808 0.012564726637475404
104 0.034726277496606804 0.025272574993624078 0.0062455957736001514
105 0.03761035276545091 0.014467636097538568 -0.02774200951485844
106 0.039767333471380666 0.017243056977022275 0.016520040687360196
107 0.0427994601720028 -0.010170544020075587 0.001683982831296283
108 0.04131113084205555 0.024572701586990205 0.03717798396894998
109 0.04131096447126385 0.0394659919831645 -0.002542921241977944
110 0.04231003751219049 -0.002681354133176009 0.021280539963041068
111 0.037610865762192074 0.01171669264467426 -0.03967398616546804
112 0.04423805744632886 -0.05705713602461677 -0.01784188586405532
113 0.038704696311938465 0.031006007934398772 0.0013287069208066844
114 0.041311609609276836 -0.012356307327512375 -0.012011415717826268
115 0.037051209138542394 -0.009267899042408715 0.0007655075968232142
116 0.037051689185447406 -0.009593839325660285 0.004547195885274513
117 0.037051952896185215 0.015457888927714963 -0.0008588207867876362
118 0.04328502754028056 0.0035475549342897463 0.03200788412389698
119 0.04653722505016381 0.0024770171072797807 -0.006574418223165131
120 0.03816248583243069 -0.003781472900551474 -0.017944033394853207
121 0.03976735045876732 -0.006688451748129127 -0.028559545138476326
122 0.041813908083334204 0.010649186658543513 0.026332441451334513
123 0.043763708518099506 -0.011743409422582214 0.012001585069229949
124 0.04230979770260829 -0.01900671191336669 -0.005017645889842325
125 0.043284956650778125 0.02858504135745732 0.01741903447404255
126 0.040288689006137746 -0.02138598778833881 -0.0006385574531043836
127 0.04328449482389563 0.01778147519817809 0.004690894770850158
128 0.040289120068551156 0.007237680752435392 0.019480120623501813
129 0.0408044541956755 -0.01726272970920408 -0.0032644108728411693
130 0.04230923468471731 0.020526748786930685 -0.002645079620432641
131 0.04131233719459854 0.010407547395341173 0.010736037091216719
132 0.04080379779667967 -0.01342264648708671 0.015086489592120556
133 0.04423868821591085 0.0011384992147246446 -0.012289650074414649
134 0.04517253313694556 0.0021432858378639605 -0.016106398221115596
135 0.041814168390187326 0.008138928031172343 0.007169812402756019
136 0.0423095854003207 0.026589158102224963 0.04397934543484075
137 0.04608652442047072 -0.007912549759822739 -0.012206743395705662
138 0.036485038946423264 -0.004564721693417048 -0.006328100876825844
139 0.03976813621354137 -0.03905958742897256 0.03969305864329516
140 0.039767713119265 -0.025246815176633977 -0.007462205940136917
141 0.04181367151797206 0.02534460602871409 -0.013224841663457122
142 0.04028894891256798 -0.02752692663406043 -0.034675213373978726
143 0.03532190923427842 -0.03633843602641684 0.020455458489508024
144 0.0397676289257641 -0.010636425848148817 0.002732112792618357
145 0.04328488478428323 -0.009704974952973414 -0.0052631604047173285
146 0.038704352631074336 0.029036144540589382 0.009423965372695351
147 0.0408035681211492 0.023007618382934938 0.00035681431264980454
148 0.038704264909885176 -0.01925757159769893 0.0031285516992485274
149 0.03870325378392988 -0.023621497668891888 0.01769861264677018
150 0.03870481524176677 0.002568146194020678 0.006382720283095183
151 0.03532285845066838 -0.0177225459449006 -0.041676622595239646
152 0.04181419312847642 0.0004632005907881619 0.012145691948117581
153 0.04563213541552218 -0.0012150170958647414 -0.03001272044149447
154 0.03870443832525287 0.014368976235019908 -0.026560643747945617
155 0.039768286562185125 0.012166816087477076 0.012850354907931742
156 0.04080391494011767 -0.01627808539704964 0.01927136397886921
157 0.04279990609434389 -0.00586558055562346 0.001405616634935372
158 0.04028875832295689 -0.04337417717175367 0.005337135243277878
159 0.03870484237317465 -0.0320901209995359 -0.002274600889741511
160 0.038161131542118025 0.030056537503877007 0.019090694206135607
161 0.0387043895588612 0.004871059300378343 -0.03545787110917107
162 0.03816162211412509 0.014239513249185822 -0.002409900424848308
163 0.03816138966580018 -1.124874211120727e-05 0.020025585738753703
164 0.03976774472917233 0.007368493854121295 -0.0158968394896344
165 0.04376414912442247 -0.01255765930532713 -0.0031882264543077756
166 0.03411975751835327 0.009640291362809639 0.003756192955322906
167 0.036484669288546594 -0.029681131398505 0.014513153041412269
168 0.03761034624470139 -0.0374689361656158 -0.050026045022493956
169 0.041311760785741274 -0.017527201175310023 0.032991260441545746
170 0.043764328896339466 0.0030191137448079023 0.010857685500161623
171 0.034120121753657966 0.01584615263816093 -0.04046175391534023
172 0.038160923915111424 0.02153055403613235 0.02116541528240192
173 0.043284032579038005 -0.0034472134699603464 0.03172216905702917
174 0.03870386492150538 0.0044268422246535166 0.0031792385336939697
175 0.04028973228975794 0.01921953175577956 0.030372027784247788
176 0.04608639675841422 -0.011978304848837875 -0.012871012832319706
177 0.04279997294174134 -0.0047820871990101824 -0.01414022608066029
178 0.04029034613950037 0.029088418025233872 0.008784384763634788
179 0.04563134960123837 -0.00438306557497064 -0.0035939873481631718
180 0.04653629130312997 0.014343104609523386 -0.009888776802244342
181 0.04131176006215644 -0.004232713782538095 0.004390780279909923
182 0.041311906198097846 -0.01544742770059814 -0.005442555852131216
183 0.04563115389176103 0.01626805928002666 0.030267882593339512
184 0.039240008612256266 0.022185134989231754 0.006293785565136229
185 0.03648403826072296 -0.032048281175368294 -0.014191752100239784
186 0.03870387850052066 0.01569545614044368 -0.02155377420595124
187 0.03705161150481739 0.00625099118345534 -0.004868701745445813
188 0.0428005869848365 0.015163465699158886 -0.03320288368098136
189 0.03705154440986396 0.020581728816022726 0.032812023475513714
190 0.04376399340029642 0.0014164743049854172 -0.0003340978611656076
191 0.04181366481172312 -0.053187893319952675 0.031086507644753174
192 0.04028932353888587 0.011698797192277205 0.030938500963224348
193 0.046983183347198136 -0.04787431327338373 0.01345861668325287
194 0.040803402152589215 -0.022019252473691773 -0.017629334362905914
195 0.038703758361809816 -0.026116331505150733 -0.017416949233865442
196 0.04131117025916733 -0.007781107233183993 0.030022081631949922
197 0.04028882638111357 0.011016794761220984 -0.0021270715443695593
198 0.03923898193189911 -0.039506515267448986 -0.027644189846094208
199 0.037051159767989096 0.005852272335140177 0.010581005597669804
