200 3
0 0.03858762263734955 -0.01419729084221234 -0.012310016951280414
1 0.041688225815463865 -0.0032212198616306574 0.0010634181703871373
2 0.037497351405149246 -0.0017765191139166774 0.02756133400343628
3 0.04410514075553136 -0.006493986567455149 0.01798325586039124
4 0.043631389266562695 0.01492728353218138 0.0009594669057262912
5 0.044572736210456286 0.012364541763817224 -0.005264910238692632
6 0.03401730291315946 -0.010892024913161063 0.015468453232210728
7 0.03749722900341206 0.011338593044381652 -0.0007857864999932517
8 0.04267170644364409 -0.005411756923335576 -0.013681546292571655
9 0.04218252729138441 0.03108100653485624 0.0003485289233808443
10 0.04218269167430098 0.01818012160683966 0.01829285962084619
11 0.037497830147898384 0.026655428381618492 -0.0018764054548887
12 0.04016713601904215 -0.011005780389686571 0.010241201827763743
13 0.040681384077818926 -0.010852502173296133 0.005933993865136931
14 0.04016700882564641 -0.02371355079584217 -0.010695409000500745
15 0.043633049155153696 -0.026787791773380188 -0.007106939163716249
16 0.0374974003599389 -0.0001817307049183132 -0.012425653019219638
17 0.0421823220124288 -0.018463956386928677 -0.008151639548109367
18 0.03579974483337664 -0.028065337848886807 0.011627169486834213
19 0.04315421250779876 0.031297891196335706 -0.009198376715093232
20 0.04594645411994191 -0.028455002480133645 -0.018558205879342603
21 0.04457298596237294 -0.006199176884969433 -0.01007036652989695
22 0.04118738945153704 -0.02075893977200514 0.008686030054897874
23 0.04594716343388808 -0.016989917397958913 0.04130115624930726
24 0.03804654025732096 0.027364931823346688 -0.011859288285052817
25 0.03912186605477971 -0.014783776561456501 0.01233695923393018
26 0.04594649009248794 -0.04266401462511768 0.02253396992573824
27 0.036939628341563086 -0.009402182186340518 0.046612878144245966
28 0.04594744951587314 0.0213913379766381 0.026236986970746674
29 0.03858820237253463 0.025005345804070767 -0.00822994147199988
30 0.03693991497492101 0.009021958397561118 -0.0305613125299436
31 0.04068059318253456 0.021897033865263853 -0.004081797767677148
32 0.045947607987032436 0.010811237498730043 0.022023936890102475
33 0.041688204409114936 -0.0027024485329647735 0.004200418570653094
34 0.03912112201900011 -0.009216480932272265 0.019002990424109474
35 0.045947433635895624 0.005820177597583922 0.008956862541284343
36 0.0411873118645784 -0.01343490000473434 0.028227695899294983
37 0.042182296508484055 -0.016335340658390398 0.04183240926282124
38 0.0411883945072436 -0.0011444522206815982 0.01615555563757114
39 0.04315447394663283 0.029651498365183993 0.02551307470719692
40 0.04118757944452587 0.004092899657846364 0.010596751021044333
41 0.04068056791349123 0.011831179973660235 0.003843486613363762
42 0.04684121537250564 0.015685490213669967 -0.002285241447434815
43 0.041688387526433335 0.020164517618254177 0.014801133674009615
44 0.043154555995457006 0.009069067574384531 -0.04542722632056133
45 0.039648186957240296 0.0008222644720703627 -0.006594830701557691
46 0.04016766156774332 0.002847885399007996 -0.007211610035540976
47 0.040167280499396746 -0.004283404546544387 0.029983582365085748
48 0.04016768196888639 -0.03552913602302683 -0.006665203432811828
49 0.044572587793825266 -0.022367845464804206 -0.0215160878144523
50 0.042671705520057716 0.02823670354379543 -0.0015379132722468105
51 0.04118707855968478 0.0008968928129140577 -0.02277758150054966
52 0.038587590517798864 0.002425886019712552 0.05367973701304424
53 0.03637443834753404 0.011353910936247508 0.003990663024707736
54 0.03579917537171608 -0.006702705593849214 0.02881119421196305
55 0.038046900640298885 -0.025072595283073294 -0.009741920599154881
56 0.038587016304752135 0.012977897701918916 -0.014350615574797613
57 0.04168801364942812 0.018392669079856518 0.015876097390406886
58 0.038046512857998566 0.027051818550324153 0.00581361791520379
59 0.04118817447895995 0.030669048449175052 0.017980917123406426
60 0.03964810392924261 0.024511114795112393 -0.0035229103962637147
61 0.045493927740959915 -0.00671857023008752 0.018190197483083505
62 0.03858799207971601 0.024302244101034248 0.001774235307113431
63 0.0396475210751897 0.007504128162310389 -0.03419752279078308
64 0.03694078505230724 0.024060011397090915 0.011033207530334923
65 0.043632632988050195 -0.008737463828532032 -0.03617728875238944
66 0.04457337474385498 0.01005736839240436 0.03555892678303385
67 0.038587620152628135 -0.019741458979630904 -0.01577383239054856
68 0.035800742336488486 -0.0016902384113854885 8.263202564779886e-05
69 0.043154410857711774 0.0010319460833374456 0.03238795503859267
70 0.03912066615973469 -0.030350558229374304 0.011151476950506493
71 0.04267161644978728 -0.012281778510773647 0.01789422806554504
72 0.036374913211579485 0.015680919130926944 0.0016556496028740607
73 0.036374606508052854 -0.01212029948523228 0.014756354503274538
74 0.04068174761592194 0.004037921924083977 -0.0003425337205688365
75 0.041187827510272196 -0.03491061912451458 -0.007254171929216591
76 0.041187514919864804 -0.017449180217255843 0.00523961040291757
77 0.04016712268768954 0.01018333041823592 0.017884610945462388
78 0.042182260496791 -0.042380656589943166 0.004794664379380555
79 0.04068064539728563 0.019986201862119135 0.006641004623968459
80 0.03804635311703989 0.003635970414190968 -0.0051704353387218745
81 0.04218244443912693 0.001412013240513881 -0.0005484288838327856
82 0.03749770926056245 -0.0008956429973302686 -0.018611766875433363
83 0.042671244763050696 0.010810665298221486 0.01171866094776436
84 0.04503544615961639 0.01760695740147226 0.02308916043960598
85 0.03964780607807973 -0.024328630803858657 0.008380692564496552
86 0.03964791926063454 0.0022786155563480777 -0.00870868744257874
87 0.038046431539805574 0.016267058477929124 0.01800541718657391
88 0.03912151539279797 0.017265195911488774 0.0030314862860415224
89 0.040167927539278274 0.014756536282584633 -0.016814978560441094
90 0.045035805209020056 -0.009675951055734088 -0.007251278156192736
91 0.03749687886645637 0.01052124278732355 0.006524897545610137
92 0.04594716115892806 -0.012699928370933831 -0.0038230029329338355
93 0.040680809069229204 0.014657374497253996 -0.003412260160978685
94 0.041186820527568946 0.006381037696065225 0.0209826979771047
95 0.039121660820852715 0.022557204009568177 -0.01723563217551432
96 0.0416872765233322 -0.004335620911188494 -0.005240569944149971
97 0.0391219684049731 -0.04030205733026174 -0.011842883586324106
98 0.04363181815655584 -0.017390381947834307 -0.029285648846893733
99 0.042182505977594216 -0.004733203029178444 -0.015614166583633888
100 0.041688649739630546 -0.016342601635171438 -0.002381552950931612
101 0.03858719670046496 -0.0031587360937662258 -0.03915000421366285
102 0.03462199655293091 -0.010758370305427265 0.001067974715460407
103 0.03964756010132014 -0.004149941718354278 0.037167956316138395
104 0.041687596190784236 -0.008554604321004862 0.015832600877523376
105 0.040680183825241606 0.012601700052839827 -0.02542550837801282
106 0.04315439700824743 -0.011234147315986922 0.03586070328774363
107 0.04594783405816931 -0.0032282586637494403 0.02761417452603285
108 0.04168806689531539 0.004861443441325224 -0.021788368991818925
109 0.0426717585091326 -0.0034508429598811914 -0.009195706313856472
110 0.03579965134739397 -0.005243186820163168 -0.013668806493678529
111 0.04363305657393033 -0.03289423891959364 0.027297298837957666
112 0.0450363070947862 0.002318541126220048 0.0042159290740027945
113 0.04218268761184861 0.004176085465703154 0.0002958496013716506
114 0.038588617146579705 0.039631166434769854 0.003069056223942165
115 0.03579998679700979 0.027197089561606196 0.0040397257983605045
116 0.04410491630163567 0.030823345713761895 -0.008196414052422324
117 0.03858748786079787 0.03188211220915202 0.009483331177830954
118 0.03579922004386511 -0.0032635762846645504 -0.020466161668897115
119 0.045947766310839314 -0.03251728096778285 -0.0012515699544230422
120 0.0421831066765311 -0.00852002006976642 -0.003748096992021484
121 0.03964781342492847 0.020982868517008965 0.03890282513388973
122 0.04315446287444827 0.017793086407010317 0.010735174424093484
123 0.04549387085872282 -0.0061902819563102295 0.020511054794486304
124 0.03579992053055497 0.006882501383667735 0.02951028682214179
125 0.03912113517993823 0.006920503758143482 -0.014505938610190089
126 0.04016752788921172 0.03244548745540834 -0.018752334369668805
127 0.04457236607178954 -0.00419130229958331 0.026024742874189415
128 0.039648671053665235 0.0179264346893919 0.003207525947909094
129 0.04218272565654837 -0.024507456509438353 0.017348169029703698
130 0.03964819428194221 -0.001577898002392137 0.03659785527001362
131 0.036940210685478266 -0.02563086396649849 -0.015628211839456698
132 0.04168837658610772 0.010289407628360746 -0.0007812973454583989
133 0.04118718669324757 0.015175792402299037 0.020703316886285072
134 0.03694143188949142 0.02271699343043795 -0.014767782015617096
135 0.038587532075068244 -0.024502170821568477 -0.01073856954503675
136 0.04457280653142638 -0.01652907984116673 -0.0016612915370265806
137 0.03858790223121124 0.00010051611998749494 0.036445329690658515
138 0.04168732514264946 0.0019357764160905545 -0.014973370973633843
139 0.0450354941028508 0.006537150019273604 0.005786609937916621
140 0.04315444418768101 0.010610113159893762 -0.01002936672175866
141 0.04315409164822701 -0.032018411134516006 0.014405387335979555
142 0.040680359477739826 -0.009078611024891834 0.033794667012958385
143 0.03912087242560107 0.01101133072618597 0.005091960224468713
144 0.04068125245222612 -0.011682555181821683 -0.007745093224253985
145 0.04068073229915538 -0.004650356739734773 -0.012613769646890458
146 0.0391208749846178 -0.009354522964245167 -0.022793705805555738
147 0.04118688009054827 -0.003178312853593838 -0.048992046147251625
148 0.04549399477192233 0.0032454316091095493 0.011127726880369575
149 0.04118790106609907 -0.017635086321429988 -0.004659198627451682
150 0.03912114406121014 -0.02727592146405669 -0.030882416927436818
151 0.036374637344238125 0.003000275439599113 0.010151394015001916
152 0.044105284269143466 0.019593038280363174 0.005056253450655412
153 0.0391217212057534 0.008057180589284863 -0.006320538597960373
154 0.03804734417625776 -0.011409161090488873 -0.005469849851399001
155 0.04068088627795027 0.001972897933682852 -0.007525610772080306
156 0.03858744399157645 0.011648725409239778 -0.02303515309551915
157 0.04068052834866166 -0.008613358864200218 0.02447799868271834
158 0.041688654715292324 0.02360420761093033 0.022442309800917364
159 0.039648285070901255 0.029393147783084765 0.012713683534164898
160 0.04267123729255971 -0.015733651057205998 0.034679504139348595
161 0.042182739294539424 -0.015590490344944315 0.023899266565157794
162 0.042182297190279126 0.007963497393574296 -0.019136760905392854
163 0.03912066131017482 -0.003397093075861628 -0.01142938534631914
164 0.039120926219511395 -0.00783305927067766 0.009462871929263868
165 0.041687367743210836 -0.026585376777932178 -0.008928050037942364
166 0.042181508785543574 -0.00418713215657031 0.013510897159901043
167 0.03804614101184334 -0.004768647242680252 -0.03321048523232089
168 0.04168749603521015 -0.002791456775676212 -0.006940317811042231
169 0.04118763835682467 0.026211857410279784 0.005390853217674616
170 0.03694011751319122 -0.00796514807042814 -0.04838873641259382
171 0.04410550776937826 -0.009878333220332994 0.0020791574477638315
172 0.04068115663048029 -0.022976923614826214 -0.00748904270112912
173 0.03964806433030746 -0.01747647260750612 -0.044384240404435206
174 0.038046399034764894 -0.011477477906281636 -0.010775110278733064
175 0.042182706584151755 0.008107454463261997 -0.0068633486090183176
176 0.04016702577908403 -0.0037059303744987693 0.000587485959069372
177 0.042670737233769414 -0.02714856359640792 -0.027070206740566025
178 0.04639646096743407 -0.007461786660356866 -0.028660223116887675
179 0.041187262804872594 -0.011847635961799592 0.03570362253835732
180 0.04267124161871887 0.015582070100837706 0.00038071081202506165
181 0.03858811073216363 -0.006506757954731978 0.0169430173003157
182 0.03749816875495875 0.002086694382281076 0.021903583880305225
183 0.039648648686954724 -0.02487172662113651 0.014681497740868112
184 0.03637420615626594 -0.018007682980052234 0.009683402540862772
185 0.03964755491671456 -0.006210834142892047 0.026692239848408288
186 0.03964841350350771 0.01933656248389623 0.012327528220450934
187 0.041186830426361655 -0.008159348853375237 0.03211440703637816
188 0.043632725921323876 0.02527830486191431 -0.010121266926858918
189 0.039647603220609264 0.002430057937408968 0.030185837023884506
190 0.04267111653906448 -0.007380819511791335 0.007063565771998031
191 0.04815160447243512 -0.015443550159670997 0.005897759126247637
192 0.040168076723589824 0.0010524296579600585 -0.014890987345445894
193 0.035798491146001955 -0.013314044501730335 0.0028955169228016206
194 0.042671010081937986 -0.006211114198225442 -0.01277846606742325
195 0.03804654776820695 -0.013333740616168255 -0.030383114636440885
196 0.04016808305385082 -0.013222824719542474 -0.009994012648740792
197 0.03749671018539648 -0.009379497491100092 0.014319428300291547
198 0.03964820632588221 -0.012244270374635106 0.014498758799151109
199 0.0477186114473699 -0.012701426137773175 0.006381273161745692
0 0.04363301741279133 -0.005105013868172334 0.011485025891498121
1 0.03637411515993255 -0.012338018038717834 -0.011520300346222947
2 0.03693962189044229 -0.023474750082431477 0.01026307805332155
3 0.04016782394901126 -0.009344018503621796 -0.004109562702838855
4 0.03858712381324058 -0.014764641589386483 -0.014940997052850617
5 0.03693946522756872 -0.000759659502477116 -0.009819703479949416
6 0.04168749681359161 0.034824332543675264 -0.02866385703437927
7 0.040167494893817844 -0.02500129711514877 0.0061963398289717996
8 0.043155275989508274 0.023823766617979553 -0.011565560724418803
9 0.04315475377460992 0.024898684808772782 -0.0040836420950394175
10 0.03912214299901827 -0.01358316064800675 0.011014036270255335
11 0.041687503232818564 0.013254153358997732 -0.014677352808317414
12 0.04315468659296475 0.024302282848985824 0.006664724328706757
13 0.04363247572322249 -0.0033425578355730963 0.013525550690550779
14 0.0374978874253269 0.050943542650472066 -0.02375982780194652
15 0.046841280000456925 -0.005338247304977275 -0.027815493170972077
16 0.04315401872830787 0.01058906272715506 0.021566583457280724
17 0.03749799928826304 0.02094992673741829 -0.02168089578799502
18 0.04118703233849659 -0.0013759061949999857 -0.0012364023559892326
19 0.04728229966111809 0.021000166326126325 0.016044347415955344
20 0.04168821298929114 -0.0167629042053368 0.00414593752507319
21 0.04168820637329458 -0.010263337820212624 0.030339153355387744
22 0.04168741416735211 -0.002244445976867643 0.0035899219548433574
23 0.040680834510270866 0.006049409561069742 0.0057684045125734155
24 0.036375353272563644 -0.026965710761989826 0.018764934153640465
25 0.04168777291564286 -0.04296168964504882 -0.013093818592392266
26 0.04218236265257155 0.00344020946300688 0.017252078123587193
27 0.03521561788955708 -0.034837273344715806 0.02520997697547245
28 0.03858781720460322 -0.01589959122108805 0.01706985338522083
29 0.043631896654299666 0.02150237869045808 0.008891269105885183
30 0.03694037935488924 -0.017473711257065882 -0.00200141498473407
31 0.04016758242581855 0.023821366940132992 -0.03945260543982847
32 0.04218240160802431 0.006903825287312636 0.032000442285198424
33 0.042670916662834825 0.023024591414729165 0.010723058036136818
34 0.03637417377414949 0.0009483387550491536 0.01860433867796874
35 0.03694052594341837 -0.00290846475716728 -0.018487096252830813
36 0.04168820912802313 -0.0011861325412011563 -0.002697986747482446
37 0.039120907186840324 -0.016802342257230988 -0.018531102083109482
38 0.03580031456213289 0.02077205859048193 8.894099724273675e-05
39 0.04168742976316766 -0.01190389572332239 0.0002088331749835154
40 0.04503590818413646 0.008723553597669968 -0.035033662849368
41 0.03964837763743803 -0.017060829007848097 0.023334404591422206
42 0.03804639471685671 0.0033622090620070385 0.0023722089375089266
43 0.0431547368109991 -0.004131746279370915 0.023056350451439875
44 0.03693986678771852 -0.01687556558174065 0.024693548575180097
45 0.034621552122946986 0.00707025637066811 -0.007382894241603424
46 0.03749755064468907 -0.006973808345532804 0.038912193860818775
47 0.045493966708174446 0.008056953595016602 0.020651050903212197
48 0.041186643993140974 0.020197258150889214 -0.00880108356110528
49 0.040680758035960614 -0.016697430536769507 -0.020336684780089622
50 0.04315521493515196 -0.0010868823682444267 -0.008563581564497257
51 0.04728179473255364 0.029604419026544766 0.019646850193298194
52 0.04315387856974124 -0.018869219141452367 -0.019928778727095066
53 0.03804689572608968 0.003505048422362043 0.02489372452862031
54 0.03749733637996012 0.022694416332285004 0.012626220135473905
55 0.04267142286445998 0.018831877025819354 0.0010304125064745364
56 0.03912088238641463 -0.009175633834872042 -0.031365659159701194
57 0.039648277926674615 0.025019004592100897 0.016228107024941773
58 0.034621536033565284 -0.002468510200046372 -0.013988172003430062
59 0.042671296993976315 0.01433639401392934 -0.021926355722365037
60 0.036940547127769445 -0.0022983250893593155 0.016559846550080734
61 0.042182126406449354 -0.011504077026464107 -0.0440149843877578
62 0.04168803444736171 0.001312823954926967 -0.0068732092771977135
63 0.03858765497739385 0.005425099051247247 0.001355384966193703
64 0.037497210849432944 -0.013752488594089006 -0.013872813905761559
65 0.04068109819698003 0.008074704655882229 -0.021070323922166994
66 0.03912161135710146 -0.002111543708626085 -0.0004917661799640873
67 0.03462141953303592 -0.03890971041835923 -0.011613795963310226
68 0.03964890156188834 0.0028943980293576164 -0.005998332826838289
69 0.04363288821038674 0.013200279735023008 -0.021716343250225985
70 0.03804646615481108 -0.011562288716839219 0.003840007482046797
71 0.03912062704074947 0.01908027840818007 0.0005553717992042662
72 0.038046278986605266 -0.01922437084051054 0.006428257658293333
73 0.03521542899077069 0.006679595300565579 -0.022519149666532408
74 0.042671726524759326 -0.026036117742472973 -0.019510057615084966
75 0.039648142328084494 0.02116534095197372 -0.009288191844282033
76 0.037496944177266185 0.003787647031912656 0.002348494725803658
77 0.04016741907011746 0.005876676208119819 0.005712407399375808
78 0.03462261518652485 0.0009540791096303835 -0.003711089920807013
79 0.039121566747410484 -0.02679219921478373 0.015383543360084313
80 0.041688586024185785 -0.021369245434590577 -0.008314804030100242
81 0.03912129592907724 -0.012928831865607544 -0.03052235276025349
82 0.04457241674564656 0.00045443739129953555 -0.028477252791435887
83 0.04218300796357352 0.033942183294538145 -0.00943154225422101
84 0.0369399100295551 0.013658125582848759 -0.024566039087255305
85 0.03912230789951901 0.009242707055813138 0.013877908826883528
86 0.0426718345239029 0.025988139213884844 0.04132216207810933
87 0.04068046228103035 -0.026291773083065396 -0.014101719432613569
88 0.03858810693277207 -0.006195411907560727 -0.025343665740125202
89 0.046396260869017 0.02970128520737034 0.020497146702036353
90 0.04016784776340754 -0.014454069966840349 -0.0027266986031595614
91 0.04457287400559462 -0.02383958733579132 0.010596644223369431
92 0.037498172041235595 -0.021623793471067257 0.016348458078532635
93 0.0391218939668845 -0.000419765681031833 0.014830675659248714
94 0.038046088149227233 0.011153996980460629 0.010500657178485499
95 0.0363745428219802 0.026011780684086203 -0.011757285191517081
96 0.03749739012864148 -0.010047082380807863 0.0025003557223456582
97 0.039648751428446684 -0.010644016195100086 0.031101806491414547
98 0.03694030305546115 0.005399145253073357 -0.009001796003693704
99 0.03580008611811353 0.0016700699403396947 -0.004260434663899742
100 0.04315451612512622 0.03504905772876888 -0.013986860433476939
101 0.036939987521941525 -0.006603500782159087 -0.018313668840054097
102 0.04457293824869442 -0.005994395112366654 0.03809920978327639
103 0.03804648807765767 0.009661285443769142 -0.03071897439886571
104 0.040680893008184164 0.03868556176683328 0.008748692697714255
105 0.04363224574316583 0.01962159778255046 -0.014064098736444805
106 0.04410543420606368 0.0022477916072911283 -0.0137430916505654
107 0.0369397841026636 0.014051973054761812 -0.029915390059259597
108 0.039121801200213746 0.007531194431836295 -0.037928153377156805
109 0.04363279120558993 -0.00865717867648306 0.008571209375324703
110 0.042183177872554135 -0.015636211777303136 0.031244645164651284
111 0.03858756213714871 0.013492550959843084 0.021871461132947356
112 0.036940504659032834 0.016955711923302957 -0.005132464520537982
113 0.0401675389657312 0.013747611079475237 0.0015170830067856205
114 0.042672089784150845 -0.01590310528943899 0.008277692853954775
115 0.036374269416945985 -0.018459088268495148 -0.02300437514680813
116 0.04594755562586962 -0.0019646112195878715 0.014188717178727725
117 0.04118714747762261 -0.00924615856040969 0.002329983496101881
118 0.04410513417473035 -0.013156955625914572 0.022735029941725313
119 0.036940307243101315 -0.00413045380993748 0.04786592757521575
120 0.03858778052737171 0.030309718308147708 0.0015694423530037323
121 0.04363224325105801 0.01274879108604681 0.019725180654085576
122 0.04363256345147249 0.03339355775032565 0.0010049039025730388
123 0.04549443616873928 0.010447139567254491 0.02381481699144214
124 0.04457338144426569 0.03562297934330088 -0.020052803696933286
125 0.03964830577327136 -0.0074175626735192065 -0.00926669488982286
126 0.039647896609557476 -0.00219464891484799 -0.001729550165087377
127 0.040680798500233185 0.04336568392307014 -0.00916085915140128
128 0.0441049553316558 0.018687671692461223 -0.033870951249639326
129 0.039648700251116616 -0.029238811562613893 -0.01668085739744785
130 0.03858693844142543 -0.0026390832838903955 -0.027205783602101814
131 0.03694085482982506 0.007620565423910223 0.05023264119882017
132 0.038586967436221614 0.0348320501761672 -0.011099617455194971
133 0.04267137774857096 -0.01718577996687015 0.021746974326554945
134 0.04639607214979146 -0.03240095740229322 0.007300878043315099
135 0.04068039072537878 0.004639522934202985 -0.008573813018311222
136 0.03401765840053167 0.02051950969959581 0.00259470340780485
137 0.03401711354526545 -0.02976122826463648 0.0034902488323790594
138 0.03804705130404051 0.02675460829515839 -0.015142334032826877
139 0.039121485365938485 -0.003688332670256426 -8.344553202800939e-05
140 0.042182587886880285 -0.00248910660732649 0.005480359317577958
141 0.03580031478280871 -0.0034272062031407207 0.0033693801209427336
142 0.041688241819129015 0.028401680162743557 -0.006840716338954941
143 0.03912196952863886 0.012704316547755605 -0.0060675996042173315
144 0.042671373887400554 -0.005081707316283974 -0.017657410295705864
145 0.041187532566406074 -0.010191005794467113 -0.023960680251015522
146 0.040167512269671204 0.0037574116141384966 -0.02672448515224954
147 0.041187135464798644 -0.000985377949460139 0.03499405461113702
148 0.04016787238331594 -0.005244714370191839 -0.01566361566284807
149 0.04016754136724232 0.01940130402106674 0.018974528351252243
150 0.044105041225098736 -0.0337714487705482 0.012473314077042925
151 0.037497904170839154 0.0012978761245342457 0.00928159536063563
152 0.03804618214910049 0.01215617748035217 -0.0163508574551843
153 0.039119972669127756 0.01101710395542291 3.751175164146684e-05
154 0.04068031327239424 0.027186681941748836 0.011693764950045342
155 0.04218331851568489 -0.0017775631504130032 0.03063935848461785
156 0.041187571836877254 -0.003815287886987916 -0.010302786681008437
157 0.04549312732823984 0.004522002628933285 0.004784424493733948
158 0.038588023006481294 0.005443929651490713 0.019422531898122406
159 0.03912132755969739 0.006915301072986305 -0.002048079907863563
160 0.04594753780753694 0.006366694078788376 -0.033894789954830556
161 0.03693938781166022 0.0001363873220257367 -0.016701014672386178
162 0.040166940039215025 0.010303653287818858 0.03824930906833625
163 0.04068075099316707 0.012967833227621614 0.011374758478534032
164 0.0385872753418779 0.039142780696173884 -0.03016156922278558
165 0.04118726608730122 -6.416418893983378e-05 0.005486761774336221
166 0.04267142644648279 -0.0025889115720750663 0.010364455712665407
167 0.041187945421177874 0.006237179483209014 -0.026732025925614727
168 0.039121661776564794 0.045038320247015456 -0.010751912538329782
169 0.04016828478291378 -0.004980088773665947 -0.01636649032711797
170 0.037497123220946386 0.004438454225956255 0.00027278794933469346
171 0.038045881827910306 0.0037627406278367623 -0.02114705758882839
172 0.03964773488552812 0.028258773517996792 0.019461405345590314
173 0.04218312548317892 -0.018683822721163822 0.029661180633839764
174 0.04363206996144199 -0.02961840125020532 -0.0403420347733336
175 0.040168241619312095 0.011592001999400314 -0.02730509122921255
176 0.045494437256380034 -0.0015954549708362034 -0.01995801761556997
177 0.035799544462244634 -0.024580920743588443 0.01804991652583053
178 0.042181087712403344 0.01330188482013527 0.020139407338360206
179 0.03964757024525526 -0.011031510205387679 -0.030969772350249124
180 0.04267159637552931 -0.015401736860501848 0.023387517054946603
181 0.04118755988926101 -0.018103454863407507 -0.016553071133808245
182 0.040680486584956994 0.01909517639607051 0.01504730818406855
183 0.03749735346679054 -0.009258710018242782 -0.015409710523496888
184 0.04016667820630326 0.003546537307015266 0.003194438186126751
185 0.04218218358717398 -0.0014953894836942487 0.03241857166179444
186 0.041688313575714765 -0.02495086689822578 0.02579673886549047
187 0.04410457527038925 0.021003105738919614 -0.029939292126514822
188 0.04315388092393463 0.0024353799647828783 0.031371120021003784
189 0.04068100529054311 0.016201597648839064 0.021848592658423902
190 0.042182071746302674 0.02310274409858399 -0.022343618963479143
191 0.03858782227033449 -0.02232600934467156 -0.016432078966776197
192 0.042671551964127405 -0.012228260365625751 -0.0031012136755033757
193 0.0406813269058592 0.010369490670398484 -0.01138040624555231
194 0.03964895924555761 -0.016763754333340514 -0.022119799537835928
195 0.04168812189512994 -0.0006187266552477586 0.025287469011603572
196 0.03964853922011495 0.007407513870249699 -0.013359006691625014
197 0.03694054919039708 0.045355216774654865 0.00883309556894968
198 0.03912108822898551 0.01601679732698244 -0.018619883496975038
199 0.03804644525581861 0.003846106502880713 0.004542277897913172
0 0.03964820264355073 0.013484639604609525 0.021641082044501683
1 0.03749807881970881 0.03309630951159629 -0.0010638273210211377
2 0.04168755245852279 0.008814354604925178 0.0015473153407107457
3 0.03401727238481578 -0.0008743268288421517 -0.03227704783114305
4 0.040680404386620655 -0.0004997958509488783 0.008544700961931917
5 0.043632575696235465 -0.03630797216825866 -0.009672590139370755
6 0.0374976499707311 0.023081333994745174 -0.005750445072489101
7 0.046841337786814714 -0.011431025348929294 0.003616683123729372
8 0.04267115466629582 0.0030390982834250556 0.006765601136976419
9 0.03694015888655938 -0.005595279792197214 -0.009293774676438427
10 0.03964790531795338 0.028695184228139076 0.03251146885028581
11 0.040680312872974106 0.047328002451895314 0.0037471655512547595
12 0.04267161773387544 -0.013675103995567907 -0.012786057283079182
13 0.041187355743680855 -0.04000186507147013 0.009390907540363147
14 0.04410586382186143 0.011536907459074673 -0.02289068602214429
15 0.043154247202173916 -0.006478830613986663 0.013303105133671288
16 0.04503525802291209 0.03459706559363876 0.014569220974537112
17 0.03579997274492752 -0.01323391561715755 0.0022605152857534286
18 0.04363258030606302 -0.014657260786536732 0.007218295539511503
19 0.04068076825794983 -0.007016682055516511 0.032711969206461126
20 0.038587603063928826 0.030047670196160902 0.009460497915187594
21 0.04118801005982584 -0.016212584587257713 0.02162543312712065
22 0.04457331021002284 0.013542761607934283 -0.03361326635677986
23 0.04118758982627443 0.01468193580716765 -0.02881460782455319
24 0.039648412635468235 -0.01472857380466011 -0.00027943016329063736
25 0.03964810396326827 -0.021522640981690933 0.0012186261014688953
26 0.03964849250120502 0.012024596757632499 -0.006591165389870163
27 0.04168728572714152 0.015438687376761736 -0.03680519968928794
28 0.03579944135334404 0.031455235558672294 -0.010802418984765274
29 0.040167147106605294 0.005752880722771848 -0.00571705005875557
30 0.04594771497709669 0.028784759030734058 -0.020278830279701014
31 0.038587868889468926 -0.01345982843344362 0.006408970350365956
32 0.04315403458171855 -0.030259429451915742 -0.03801633475845635
33 0.03462188174598504 -0.0008836905207313993 0.002879016991702808
34 0.04315471964270073 0.009863848251288472 0.0269412235227402
35 0.047281774291557215 -0.017622870432695472 0.004564028510432699
36 0.03964852282606751 -0.022816650354470204 0.008126077575573779
37 0.04016850820619308 0.011978845377532344 0.006637118777515677
38 0.04315468928516333 0.03046588567665471 0.003972571923496832
39 0.040680621023695955 -0.005579358339248696 -0.011625116232506779
40 0.04118721976841404 -0.008546054661749587 0.02322103494867649
41 0.0380455572738329 -0.0012719337546404353 -0.018842032885624454
42 0.04549298658239795 0.012388949873057333 -0.0007209195911504825
43 0.039647951572868816 -0.012269557435308437 0.022319513107742873
44 0.042670471589823615 0.0007120662100770685 -0.008861280148189585
45 0.03858775916779345 -0.02212114987264387 -0.0025154637467079996
46 0.04168776364337961 -0.014095662983260373 -0.004137205048597126
47 0.03964745913846479 -0.01613334222396587 -0.01898077147424513
48 0.03912104518847626 -0.014183058430078326 0.006519113601427094
49 0.041688090985296564 -0.015976020128420046 0.02172583295349205
50 0.03579924618644121 -0.020803441142913062 -0.019559106790223147
51 0.04410495388834271 0.0032436096964293818 -0.0013242449741093182
52 0.03804657257585397 -0.010120702618009526 -0.0065417373905809865
53 0.04594793407570878 0.00020006512882151517 0.005172596186274839
54 0.047282411284169164 0.015099271944604826 0.0009165812689800281
55 0.04168788448613383 -0.01748743274738837 0.00817837985910629
56 0.04118757103107391 -0.036251792956847384 -0.05495441647501156
57 0.037497441380977416 -0.025144987057581634 0.02778815699267162
58 0.040167982995421576 0.013413859943554936 -0.023563818776086244
59 0.03858704706057278 -0.008856256565833812 -0.014868903446767532
60 0.04068059554082506 0.024464430098328736 -0.02964927188187844
61 0.04016797624604702 0.044154655184272126 0.0009305252775605331
62 0.04728203510760604 0.0026790980828484364 0.020679621011326695
63 0.043632460833877666 -0.0066782959399573774 -0.02012221883276045
64 0.03340229953411157 -0.0034948707395788745 -0.0007295801055476654
65 0.044572324624202915 0.010074844267328908 0.013318070319850281
66 0.03521618333239618 0.03958652088124138 -0.02017045742660691
67 0.03964777870938039 -0.035980687880434285 0.000975419911581672
68 0.03579948198917325 0.04822700284907678 0.038271871270308545
69 0.04410435644282548 0.002508342197790874 0.001629691554730243
70 0.04016829960069774 0.023799632845493954 -0.01183674601979452
71 0.04168809208509928 0.025510981666707955 0.011660959182163859
72 0.04016753100665939 -0.01374578426840724 0.0002754172652134004
73 0.03401749505566104 -0.006471112875025543 -0.005179036309320056
74 0.04218278377869151 0.020772273696044192 -0.02318587698545656
75 0.04168836163466985 0.0034667220495167997 0.012438765843520624
76 0.04267101536982047 -0.057166592735308115 -0.017477596350448613
77 0.03912143313417342 -0.02653568218339504 -0.01575048789273503
78 0.042671404604938006 -0.027526441031073597 -0.004230066965589177
79 0.03749744666673084 0.012636932793740646 -0.011867063436034175
80 0.04118749926271602 -0.011234590011529034 0.046242051086870455
81 0.04315329833751295 -0.01811362805787736 -0.031914761551227
82 0.04118760181798185 -0.047718695926504504 -0.0399731188381029
83 0.04267122529318617 -0.006540972822040065 -0.009210261716847941
84 0.0411864577922689 0.0009861701974178 -0.014378224062436613
85 0.039121688721420605 -0.004713686033782402 -0.018178795514618887
86 0.03858849888462544 0.028508932400516725 0.0040715518660736335
87 0.03858812737585803 -0.003931947627849492 -0.023201603309430774
88 0.04068057069675969 -0.018402068244600306 0.022560862145099322
89 0.04068033007135154 0.0001061073767567672 -0.01729529843649694
90 0.03580023919449152 0.005048684909019264 0.01221952008074675
91 0.041187137149164825 -0.00515178247633189 -0.028755132989605563
92 0.039121739827545146 -0.04278856947644179 0.019006482735649588
93 0.0441055032063498 0.01101358635596119 -0.02343230018259558
94 0.03964848715016254 0.02443370952905562 0.024665276805468192
95 0.04315388211837285 0.016568324657821026 -0.028977162786101074
96 0.0411877616372266 0.027721630173324577 -0.012172454637666133
97 0.04068079109811679 0.020459779881430117 -0.002488068823442651
98 0.03912135614048741 0.007435994299572417 0.02417489658456706
99 0.03749809642436265 0.02142302697943924 0.02106036734220431
100 0.041188095517451985 -0.012410568885319903 0.02118132505844708
101 0.04594710759535899 -0.022012488776975783 0.013892695741540863
102 0.0396478710042885 -0.025656443266572827 0.02801352730026938
103 0.04118773803799779 -0.01151106175549757 0.00928646994335859
104 0.04168775875585667 -0.008964904139702932 -0.0027194537808743605
105 0.04016742815055851 -0.002710259624340765 -0.0034080953530927606
106 0.04118765947520504 -0.02670830890604484 0.021958386000224945
107 0.04118729511728617 0.02950904661803008 0.021453054078046794
108 0.03964798459888446 -0.005781432196249851 -0.022607622580511657
109 0.039121037223808316 0.010223301287993957 -0.0238640989825773
110 0.0431540134056561 -0.0033930324546499933 0.0031108296791274694
111 0.04218203074192394 -0.01933180180509192 -0.026785831480150783
112 0.03912117158478905 -0.0050078972827910925 4.877260747004514e-05
113 0.039647414454172504 -0.024931659100164188 0.00284962551076054
114 0.036374234294986214 -0.027666381058229886 0.00021523728089856964
115 0.04168846073825678 0.014790101897552381 0.010420152808876893
116 0.048580210488110655 -0.02796685940296664 0.0068900021460181204
117 0.0396480232095223 -0.010760796649447709 -0.0032190795552701885
118 0.04218290245999545 -0.031383230445043556 0.022748355114285617
119 0.04594830053707945 -0.004732100354229117 -0.027273828117158345
120 0.03693962351156307 -0.0357658044807069 -0.03223738561802865
121 0.04457213711424103 -0.013268035245850516 -0.015711852838104636
122 0.045494407781955334 -0.006776936051007883 0.03179948106148892
123 0.03912153083563608 -0.011924365231026959 -0.015359341139006739
124 0.04168819813619228 -0.016328419743155517 -0.03474372167788473
125 0.04218303947979793 -0.016931383281496515 -0.027517021108203362
126 0.04857973988324688 -0.03703423579872547 0.0011028332277882153
127 0.04410547100930919 0.0023416246637591245 0.008115011044842784
128 0.042182875416833646 0.021385440641355846 0.00858619916755228
129 0.036940572262611895 -0.02511130467502453 -0.0176561954733216
130 0.04457317067438612 0.025140359730315733 -0.03764268703164348
131 0.037497681353190995 0.03668697738864902 0.004846953174300607
132 0.040167736103965464 0.02199166584779292 -0.01190705789332414
133 0.04016826918095902 0.01598196817967526 -0.005858507709786147
134 0.04016752224701162 -0.0020774066364885623 0.004581615240760456
135 0.04639714084506816 0.02113268979897135 0.01962097187826366
136 0.04016788139322508 0.06078603387856817 -0.03269690819171385
137 0.03804700975678045 0.027571155370570786 0.013445923483265189
138 0.04168851948181815 0.007402456284347371 -0.011849692865785553
139 0.040167235267696014 0.010333347473429275 0.0010821489569178037
140 0.046841438345935085 -0.0009593294689638472 -0.028515957162775236
141 0.03694079293188094 -0.027584690665432343 0.004066131630386062
142 0.04363164799172408 0.02865990520238843 0.011012953838037466
143 0.03804550521373687 -0.0037580581150184872 -0.007107513638982997
144 0.03912142985874208 0.008990795040801839 0.01598348293742879
145 0.040168220876398694 -0.042180554232011114 -0.013285566724437632
146 0.03804731232587732 0.036461894183848306 0.01573803037209498
147 0.03637415216755605 -0.027684970048469728 -0.02579428007345304
148 0.04315431124550031 0.00011332664824473483 -0.010267646513326869
149 0.039648028346475316 0.005262774204122903 -0.024961476715218072
150 0.04016772536916575 0.008269771320805386 -0.008772274126221011
151 0.03694042802512435 0.01781560741373694 0.008084762098622104
152 0.043154698559942875 0.05199326675979019 0.013503925435867077
153 0.04168730944472435 -0.03467900376872291 0.02834613413715489
154 0.036374935339075834 -0.019749882000540234 -0.0069403702707705245
155 0.044104519592147756 0.01624648933308169 0.004505158814797518
156 0.04016818037203967 0.021911569090116607 -0.01682758639643905
157 0.042181775059054995 -0.025409657248759876 -0.030723388199170018
158 0.04639643434856945 0.0032220517342130546 0.003278175325901299
159 0.03804621947190902 -0.023974830551801593 -0.0014478414744618863
160 0.042671938667476275 0.0065666436918667675 0.010978303013413949
161 0.03912157943437776 -0.007842187478443563 0.011709470079210286
162 0.039648136236417476 0.004403974134047052 -0.02209455406123017
163 0.03521529421527813 0.016495861185412936 0.018480239946254723
164 0.038587861881529815 0.01067237219758587 0.02162133596853642
165 0.040168055701421485 -0.002071797665899036 0.00010666603328092855
166 0.042181968897573696 -0.012834580351147516 -0.00415810198860461
167 0.036939928614585955 -0.011636689236685108 0.0020917681975567808
168 0.040167877483556526 -0.016859611713904224 0.0025099535904649782
169 0.044572653666240594 0.028153261013699256 -0.024528318547709038
170 0.042182041313584356 -0.023624402688058564 0.005349384379742354
171 0.038046897770871335 -0.029331439399222965 0.014800499320737914
172 0.04363206627551867 0.022797060123553627 -0.011018501896315277
173 0.037497122157662384 -0.03193228347718043 -0.012995398418531893
174 0.04118735099765196 -0.018758893840822573 -0.026490826548888593
175 0.03749714720033335 -0.01265064227714089 -0.00883119748227661
176 0.044572672366524985 0.009335377191810424 0.005736545791589308
177 0.04363299256105634 0.001343636131970392 0.021016563870122712
178 0.041187710056399714 -0.0025981693745386228 -0.0016252358530685837
179 0.040167578106100686 -0.02088437374132733 0.013991941578221109
180 0.045494637086843155 -0.039315233598724415 0.020670248749033886
181 0.04315448198082621 -0.0016833598076087214 -0.02401114093985342
182 0.043632268776745434 0.011414309786946849 -0.023385401329534646
183 0.037497467759850016 0.03427307539875346 -0.010715914365857898
184 0.04594713862491993 0.023196456996004335 -0.010951771312374074
185 0.0411867831185881 -0.026738694189044853 0.011168515932790968
186 0.04016770423301131 -0.004802755199370372 0.006150966471964089
187 0.03858804888741074 0.033406875486713575 0.006499938246156413
188 0.04267131639548725 0.021520306941926394 -0.0023971282411838954
189 0.04118693188026316 -0.031424409995808256 -0.022638744617853233
190 0.043153808971525966 0.01211410206169932 0.02845039555855799
191 0.04410600493158131 -0.01844981458528772 0.0005394097267011804
192 0.03964751643147138 -0.045459818945340486 0.012223229098625462
193 0.045493923030597225 -0.00759240978444753 0.004881015132892697
194 0.04594744129856358 -0.023085731142586864 -0.007940631057578314
195 0.04168734295838501 -0.015580480773688782 -0.02611877046502983
196 0.037496530623526064 -0.02071044499735423 0.027231735756267944
197 0.03804684651452478 -0.00679248989274565 0.015419191408458016
198 0.042182848819623295 0.039098690913274566 0.02379140461531751
199 0.03749805949202639 -0.009205092035739824 -0.020850524605737487
