200 3
0 -0.4815527583504486 0.4187163647538785 -0.099478514712449
1 -0.2424036645876189 -0.058925968679090085 -0.4958327863549176
2 -0.39989820743911564 -0.3499289893670563 0.27917220935878445
3 -0.4139377010025014 -0.27673726726045755 0.21189588579330823
4 -0.38619954409467444 0.22857618453180523 -0.10855417108315546
5 -0.3730380976049369 0.41758545938418395 -0.12967384211168645
6 -0.4413632765485381 0.5314426207541642 -0.07597491584459012
7 -0.5094105261263268 -0.344868950681223 0.04541803168657473
8 -0.482570260637701 -0.33351820964465223 0.26714017736741935
9 -0.461407076033706 -0.40275365625414516 0.11783551820233575
10 -0.37161332513504997 0.3992966905772138 -0.12029342345467253
11 -0.1814528886655165 -0.056579214098053776 -0.3364591726639053
12 -0.3990435922934325 -0.2222535626544725 0.2167820801128681
13 -0.43032389431828355 0.30624278336915917 -0.08356803474433352
14 -0.39674978960436075 0.369345250465873 -0.157379224983002
15 -0.4593434503820177 0.21860299416898088 -0.009433767916565411
16 -0.44731669796580176 0.40120622540852213 -0.17200784929419186
17 -0.4629277909074416 -0.40558121064481106 0.19560281590816173
18 -0.41036418784086726 -0.25563929090695003 0.16441513229974222
19 -0.3872087478036571 0.3217333904244081 -0.10124677411794555
20 -0.43897396481488504 -0.40537314920643963 0.21536770321333573
21 -0.4381018354281053 0.34780131464633784 0.059037480330054994
22 -0.4095990688817339 0.45579612109263345 -0.07656517923848678
23 -0.4285276481340527 0.34382060967367 -0.03524469403422665
24 -0.450852301290655 -0.37013046734885596 0.19200194006703997
25 -0.5060131740591921 -0.3678151162681589 0.08809918687411686
26 -0.4519248693706024 0.49473380749907503 -0.01656783322407246
27 -0.4901894064148392 -0.3705213364103638 0.1802045949692332
28 -0.3585784714163395 -0.3328415998089128 0.23252025812523586
29 -0.4375827019769985 0.35122099957815395 -0.190676570739815
30 -0.44393929683186234 -0.4443980158615936 0.19605247620352567
31 -0.38603239708029774 0.3821318723188176 -0.07773903655744989
32 -0.5108720037235123 0.4314416473750612 -0.08982558196384056
33 -0.24288135338501618 0.10174468176402952 -0.3243048456240144
34 -0.2535274352357899 -0.0337333352994397 -0.3966409881077999
35 -0.44131155464769684 -0.3359943789275319 0.2154219828224144
36 -0.48066028023407187 0.4381916939915752 -0.14864127927559742
37 -0.4450162342451215 0.3650657334059992 0.004688090384028398
38 -0.41383866227185007 -0.2690770993152666 0.18769209843062865
39 -0.43809106056488467 -0.39078079542047073 0.1042464192701959
40 -0.4758031258543869 0.31713049906972146 -0.07580289274569472
41 -0.5102431308791239 -0.31127488816331167 0.33052903116157367
42 -0.3817776113719911 0.3989993156211522 0.0439559582689008
43 -0.2204162576014299 -0.03295507012144196 -0.3815754500392997
44 -0.43680088835300007 0.34315602701254416 -0.029796622721878763
45 -0.4792359959738064 -0.2569396180256216 0.2834545398767021
46 -0.4381013623256745 0.46394564913034925 -0.12122842464187362
47 -0.4869302235685993 -0.4047747592668802 0.257456342151198
48 -0.45180616588798445 -0.42079882484214937 0.2368938500722694
49 -0.44981225738165737 0.3957058778787959 -0.21161597581869973
50 -0.21761256130070045 0.06183897051532709 -0.33930011545458577
51 -0.4404188641479324 -0.3076731512289464 0.26045707082193614
52 -0.27069747736634636 -0.025224200528741386 -0.26549715795282025
53 -0.49736632432403677 -0.33793734558814864 0.2708797590171916
54 -0.45829277626654374 -0.15396161802846972 0.30684307460947385
55 -0.2487534006825343 0.03854765242919318 -0.37712315175442435
56 -0.4205849675248692 0.3960324704994144 0.04659959158316655
57 -0.5206407470051557 0.3699357919545186 -0.029955684836886234
58 -0.4532419669103256 0.3770318594857613 -0.2009051906002069
59 -0.38317690028763024 0.41662632558747653 -0.18960766182698963
60 -0.4765418691147858 0.33724542082720005 0.04151585070391653
61 -0.49695415449826175 0.3234128048453237 -0.1107984775069573
62 -0.4202109260201241 -0.24634409579473238 0.1403036605385207
63 -0.4597064858612456 0.4223260627051162 -0.05285510525396284
64 -0.41680171522725085 0.38265335743227163 -0.06072490740157703
65 -0.44447980018870326 -0.35221670269108113 0.0970187800349048
66 -0.47780358241007764 0.38557841845714813 -0.047050875006715835
67 -0.39637615966665374 -0.3182110853927867 -0.006386223691273584
68 -0.4419526771488917 0.30086505902966787 -0.18979595163219237
69 -0.1731612927457449 -0.020072799300540303 -0.5416394379666272
70 -0.4270422045126516 -0.2090401012382369 0.05644497737983142
71 -0.4017165560953434 0.37523932971441276 0.048742953930410435
72 -0.41910035583312916 0.3601407048304437 -0.09500603326163372
73 -0.4082935533041201 -0.23409912949836692 0.2543548495049707
74 -0.5034662293234459 -0.43241932983842285 0.2002126605998716
75 -0.4633565945191351 -0.306462069977476 0.14950928331726662
76 -0.5583119208014676 -0.2493754829142686 0.34404828858299674
77 -0.4143985104674587 0.3636066837735159 -0.13552514150125547
78 -0.39400097575362325 0.36854531768025095 -0.14076523258925264
79 -0.41532869845464704 0.3973233949828726 -0.08704735755719073
80 -0.45838014081487616 -0.2601283748377978 -0.012465164638411196
81 -0.4701230032850743 -0.39138562741976535 0.09154640367588111
82 -0.45841323838532 0.3867643153202418 -0.08161245776124593
83 -0.4214540632411255 0.38747682195053884 0.020775178233155833
84 -0.43752787368586044 0.45832824608863343 -0.14353895702809846
85 -0.4332969218879947 0.4583911032817071 0.007738386031481834
86 -0.41001304139734207 -0.30542552384390287 0.1958451020997793
87 -0.44631949848507524 -0.37322623760398466 0.07800681199558734
88 -0.43789613892241575 -0.3182811947319482 0.04555634612430715
89 -0.44209919682885956 -0.2843980225438078 0.22333388624923387
90 -0.46246036252774597 0.3361553493943037 -0.3722600376387804
91 -0.45525628864967044 -0.33096252047255853 0.006422145615587777
92 -0.47542300645258756 -0.3464037819139737 0.33427934219551847
93 -0.4563408113163821 -0.42108306166911136 0.1758796784214437
94 -0.415804739692134 -0.2637225588097378 0.14401434733493032
95 -0.4483600168986158 -0.37851280978746094 0.20288521899585196
96 -0.4188998199682379 -0.2854122686635429 0.07038988712297509
97 -0.44026699328457014 -0.3422102304116993 0.12163953223395174
98 -0.4447145414082942 0.38171335322753036 0.004150624679218761
99 -0.43925514104595403 0.3843667858662285 -0.07941273080508036
100 -0.3762952593213814 0.3353345958752662 -0.08196162363796552
101 -0.4656296088906182 -0.3375762484589116 -0.024931959747893702
102 -0.4671599851928773 0.31591261728786363 -0.1438241179439945
103 -0.4051439647136609 -0.3895367513732366 0.2746438232825291
104 -0.2619078400622735 0.00773679611267633 -0.38704644305957275
105 -0.39157444791215784 0.3879959181514036 -0.11872097110861142
106 -0.4302924961399723 -0.39922792402638013 0.0998013841389707
107 -0.4486204757400349 -0.22992625544584203 0.22484599891259588
108 -0.3940521510766164 0.48224295329230676 -0.1503635582658589
109 -0.38335222042240147 0.22077805735764428 0.02139477258489479
110 -0.4535441210089647 0.3536886808049541 -0.0816772640765867
111 -0.4253693082926262 0.4702684929550093 -0.02949995702928114
112 -0.22935980031754552 -0.10308897165321745 -0.5254025012038332
113 -0.42355026868581724 -0.30957227141098426 0.03759318315600829
114 -0.4722861875660593 -0.45877543693019945 0.1877708870903787
115 -0.4875404216558013 -0.2790336552388307 0.030006936487889223
116 -0.44702279555651553 -0.3220528331619343 0.18098436524352973
117 -0.4412020222143275 0.2913126013212971 0.04321466684725472
118 -0.4381166056547004 -0.3223905850774514 0.09307754816664625
119 -0.4133652470496561 -0.3234092513111094 0.10289156390123909
120 -0.4219905216622176 -0.26248278229847494 0.1188219261923104
121 -0.39933807230755003 -0.2998230198865737 0.18554788048590157
122 -0.4783714703211032 0.2684498211944452 -0.008768987030483998
123 -0.4514745258108521 0.30084388270505186 -0.10720272923334265
124 -0.40235769913706027 0.347477967572332 -0.14691908803776232
125 -0.5111008444497711 -0.2930601931395113 0.01458657584609497
126 -0.45993055854302173 -0.33970932277810445 0.22749959930771688
127 -0.46041093768146685 -0.3089322833509279 0.045491274524853235
128 -0.3858129874507835 0.31262117746006884 -0.24070489001608036
129 -0.5168415685731089 -0.29447405344923977 0.30505608247446275
130 -0.4643779673984349 -0.3514924114928637 0.14368211635134934
131 -0.45756041197965275 0.38262588489529176 0.02095165272781664
132 -0.4391352031788675 0.4061707302993701 -0.06696780095603286
133 -0.4510277749463435 0.284078497259631 -0.28559343098972756
134 -0.21801271213118326 -0.04572780647787633 -0.4759351795409667
135 -0.47461010581864804 0.366892285545991 -0.03229228762573804
136 -0.4400166608576057 -0.4288558770773167 0.16720524945174192
137 -0.42994606493691917 -0.3538533165497364 0.039104179610579465
138 -0.45243497849211173 0.4494830753729838 0.13671732550429552
139 -0.221846705838102 -0.06108888784435809 -0.43190188495300624
140 -0.2446473676103901 -0.09377762444651537 -0.4731948615624689
141 -0.4446659652904488 0.2940326474768591 -0.014220658555904195
142 -0.49972234502105967 -0.3213123681019416 -0.05161607955930535
143 -0.39567869693705465 0.300790922698074 -0.07766161465400871
144 -0.4430837805519279 0.33076574226675104 -0.09837855064028837
145 -0.47318962604905324 0.4096150982960456 -0.1785809405223159
146 -0.43968832526870416 -0.359837648481555 0.04052150357290654
147 -0.4153276111898881 -0.3900341301290938 0.2267654441863646
148 -0.4605287891532107 0.45017921100223407 -0.1180466241419733
149 -0.545549768547307 0.40356147031631434 -0.09845488938972315
150 -0.2783441944720637 -0.12603970020347552 -0.4302558447031884
151 -0.39512605060044176 0.39387134914948446 -0.04064432047969626
152 -0.38545832009340203 0.30184519227703366 -0.11130194698427896
153 -0.44166439747065783 -0.31070441036387325 0.04105543663937253
154 -0.25069865137188974 -0.12354995082225585 -0.30942787644048336
155 -0.468694329656701 0.4470219525372429 -0.2557976731449547
156 -0.4358841668651841 -0.3129718599224924 0.21489828151800022
157 -0.4669653126162274 -0.3930500219456537 0.25553410177204866
158 -0.43596437040608377 0.31502810972598055 0.03715329950554016
159 -0.4265022083364189 -0.27465744294076494 0.1797736265772187
160 -0.47764849828511385 0.43961955993852725 -0.06076162907697536
161 -0.45588777736433317 -0.30102541823816176 0.2648917204308168
162 -0.5137069099562896 -0.3813583513315717 0.1692997965932591
163 -0.4467211669462307 -0.2347333023158031 0.15652480911681094
164 -0.40434446515760936 0.44987942329616615 -0.06740222471558312
165 -0.48151609860881306 -0.43662293581223605 0.04017902034657924
166 -0.4361356329943208 0.268811848151569 -0.061164922413757865
167 -0.441019135791625 0.32729795857152255 -0.11690941660679594
168 -0.43567023820975065 0.4161039730253754 -0.10316379001552037
169 -0.48114040882060893 -0.3904144479989489 0.12295432875001383
170 -0.4640867548666019 -0.28225077158168443 0.18818913280987637
171 -0.4412606638684516 0.40105353931554966 -0.0675209835081603
172 -0.5041256277972939 -0.39659695454347915 0.268893638599748
173 -0.46806621834437667 0.3787520938215482 -0.09302721372729394
174 -0.38445302877759935 -0.2817849086940513 0.2343119174135393
175 -0.40098786044321694 0.3482294614310077 -0.04683418077139987
176 -0.49619504055257463 -0.33814857162380896 0.06011220735196066
177 -0.41131530335811367 0.41011093842753055 0.04048357743327
178 -0.2802233577498598 0.01527195311197971 -0.31065312349471397
179 -0.47511448558277247 0.4633179913379139 -0.004496728626891424
180 -0.44005520253382613 0.3469385596397153 -0.15920619132575398
181 -0.3477450863453075 0.27270413555045814 -0.018713352491705634
182 -0.1995316685268053 -0.041364736311989884 -0.3698621413497745
183 -0.45418355815243955 -0.2770715831798118 0.12964361831106216
184 -0.45433370476080825 0.40591236345919257 -0.16455861006679587
185 -0.4042311972061492 -0.2990643045608508 0.2207798831854516
186 -0.4808347931692745 -0.4956270247513392 0.24981177640208674
187 -0.4494788079147551 -0.37669652461397196 0.20048333032121138
188 -0.4288980455516415 -0.27435692678459206 0.0997930287217303
189 -0.42128688325255853 0.3629454819979219 -0.11582781891452755
190 -0.4608616102235576 0.40416765856359277 -0.10537553782729998
191 -0.34420359349872204 -0.29784960381901215 0.037243568589190874
192 -0.26581011516021463 -0.12906718644145795 -0.2557770103447655
193 -0.5319101837760309 -0.2891871874176132 0.1616859338852108
194 -0.41626354039643826 0.30028617632203597 -0.1186929487318179
195 -0.4279817114298655 0.29559731686287705 -0.041765692911322934
196 -0.3989297051993538 -0.3241215301136861 0.23412754832789873
197 -0.43193781193367126 -0.30410809855928495 0.07669034977972028
198 -0.4208665541146741 -0.267530151649254 0.1585063194934454
199 -0.43834097872308053 -0.423471875336207 0.3265234228007242
0 -0.7093464032628628 0.17403754713493488 0.27659460330136876
1 -0.23599269084556665 0.02028048841060559 -0.4853759240576808
2 -0.6456271689604617 0.021373152141978435 0.06973292217134684
3 -0.6016538517209554 0.15180639460676498 0.24909143933246028
4 -0.6357028917160567 0.09617561377866411 -0.042832437557023095
5 -0.6767002482984679 0.02787770015481412 -0.017731848403852855
6 -0.6435550927508011 0.08686505685597276 0.21560620992642177
7 -0.7091607609721787 0.09396738774649935 0.031098362355366796
8 -0.6085704350240931 0.2254336643278501 0.21071895605134727
9 -0.6431390830689124 0.07243821641327593 0.023512335545766944
10 -0.657550092060462 0.1000592435491934 0.22921105724274343
11 -0.2640050123495744 -0.10840434564217949 -0.39542537868177935
12 -0.6022095241454947 -0.16904649970913932 0.20068582438712143
13 -0.7075988019380227 -0.017266898713092824 0.12080919240729514
14 -0.6882234145810924 0.1008670937304717 0.19051277413751364
15 -0.7230820041596878 0.10067246125974602 -0.0008942935749205426
16 -0.6154632046009328 0.08282429444572903 -0.046677787250561306
17 -0.5891946064833987 0.03581027537203872 0.23590650535639
18 -0.6798427017890182 0.058017874520905434 0.2157165465387291
19 -0.6365808654277267 -0.06653883940084128 0.2366169253087164
20 -0.6784528668494404 0.047482269209535945 0.13633266855827628
21 -0.6972550058166685 -0.039229094202586585 0.11162807083514123
22 -0.6392256253660115 -0.05238246892054566 0.25481439700464664
23 -0.7090567020381744 0.07612557557792943 0.1465204817759969
24 -0.724307305005363 0.07480532609761241 0.023159084000228782
25 -0.6533608631583213 0.1016168367105585 -0.03263862440687263
26 -0.6680199285974152 0.03603964607897713 -0.03870676270940429
27 -0.630232887817056 0.10038570040262204 0.19846949306303055
28 -0.6768239877067198 0.11911451019935763 0.10104593304448294
29 -0.6045925576584402 -0.12700116147459517 0.19479231431304972
30 -0.6952073723724288 0.07706900840959675 0.1979248644156907
31 -0.6615099321578125 0.043308067999258806 0.15257437482604053
32 -0.6812989124916765 -0.04180241687694301 0.19590463934184982
33 -0.2029312710471752 -0.05767633578968505 -0.533485413052355
34 -0.272903515740242 -0.0465105025691011 -0.4865105317688417
35 -0.6699647713944148 0.045222439480547154 0.24506593431256826
36 -0.6534762915638276 0.06797324961674954 -0.06901631917502736
37 -0.6054354742128325 0.08438800283539341 0.11898805663961984
38 -0.6862296818087752 0.08596262362837837 0.29678538989491443
39 -0.5992335325070876 -0.05537108019724316 0.16326974754311732
40 -0.590583665085902 0.03290856618819322 0.11220400018152353
41 -0.6756580334983875 0.06470282646741808 0.04681412079848593
42 -0.7315453626410311 0.06856473845318124 0.01141330383531206
43 -0.3065350798520963 -0.09977911984983613 -0.5059139536811857
44 -0.6468224849199596 -0.08127182526610605 0.10464718877166017
45 -0.603559730328151 0.1033993859805876 -0.017956166668590737
46 -0.5972718368194999 -0.0013945539745841428 0.07171316091323605
47 -0.6747398064040879 0.12203889090187756 0.19795391757852357
48 -0.6986507887389097 -0.018416378012840906 0.07400217018706434
49 -0.6664406584705557 -0.00640488527213213 0.23999702611893856
50 -0.2643869472080839 -0.044345661137682915 -0.5203293531194103
51 -0.6976051226100772 0.159136548451163 0.24179479450226188
52 -0.2502605979370517 -0.07499124566592118 -0.38988964446532415
53 -0.6713302039570835 0.05855788935348343 -0.0922213882006494
54 -0.7117695883106453 0.12618429769253423 0.12024818169149612
55 -0.23928171893588931 0.002183938311941622 -0.3980473747803912
56 -0.6446446293696055 0.0436751334384643 0.031699604314981825
57 -0.566557842724293 0.05106021790523566 0.26868616770524745
58 -0.6256960473693268 0.02628499150827908 0.030418515408601122
59 -0.689310201735462 0.021273551935787775 0.08169551590749079
60 -0.611702671547676 0.08474726086590922 0.2829359677513496
61 -0.7127785011413669 0.04733817185981725 0.21100749306656288
62 -0.6013096699521571 0.10366358490252489 0.08066236001595062
63 -0.5982944514416408 0.0738354005976116 0.1421155024962695
64 -0.6456962561923916 0.09853910049053209 0.12021476705660253
65 -0.6511575484772895 0.05893381680934094 0.01508220684946658
66 -0.5820615326512064 0.09155079852917733 0.20471743414877025
67 -0.66453701694741 0.0316809888539937 0.039953764562366156
68 -0.6506770981005854 -0.08593407450571326 0.17046657162696585
69 -0.2299052192598033 -0.06418562938571228 -0.3734982707183336
70 -0.5782879400216048 0.09582042602502597 0.18158312642830693
71 -0.6403784578545115 0.02686064126358312 0.22244728093968683
72 -0.6751283532335808 0.049020518522811626 -0.014054732519297865
73 -0.7245674887132036 0.09823670397508198 0.10080796992255024
74 -0.6138432970571045 0.06321535003311132 0.0939421591119693
75 -0.6842992653955821 0.14635185821689786 0.27616221327908314
76 -0.6574141669052579 -0.01995205137920712 0.16091201229769972
77 -0.6703223315220482 0.013333921058494739 0.10543781251666975
78 -0.6793761036104365 -0.08312457355970636 0.28875261789396567
79 -0.6623292517142482 0.02004722628834754 0.07970938026218884
80 -0.6148106953938344 0.08869833920196564 0.12026260551126855
81 -0.6345769046940402 0.1577351638735724 0.0003360177317847863
82 -0.6248936578140899 -0.027491032506333186 0.3193835724999694
83 -0.6519015224833645 -0.06511925171624433 0.15957495542087066
84 -0.6725253143408095 0.051385053246693235 0.23857783958827228
85 -0.6744463508953454 -0.060442782125734444 0.11199565293216125
86 -0.6510553883778517 0.10243198148733208 0.026804409379600165
87 -0.6589612204185394 0.22656973323719576 0.1880837771139463
88 -0.6523796481586884 -0.05104682469171615 0.267958989482514
89 -0.6204909676514659 0.09598222890102959 -0.02888143383007918
90 -0.6804055369952482 0.12200707575924383 0.1292589179486233
91 -0.6456347769699364 0.08805158206397018 -0.03266812374748727
92 -0.5897064065010384 0.07857162502058516 0.1380112832627616
93 -0.6223057412000714 0.01909839138322277 0.0985628459363752
94 -0.7673220488460397 0.05585071378895066 0.060028004182205705
95 -0.6658332287750978 0.036330626779167575 0.13358233813476836
96 -0.6300868731864393 -0.12122967368204153 0.05753431344281222
97 -0.7162011520811328 0.056047321368299055 0.25361050431514226
98 -0.6822615665051419 -0.11596779060817988 0.18601836265003385
99 -0.7202311844131486 0.0726727169699789 0.02633143294841924
100 -0.7077216616105245 0.05909447639087583 0.24429821175445798
101 -0.6866401774144317 0.06254487864296565 0.18063853031555668
102 -0.7390080335347263 0.06170044039157156 -0.034616234943689095
103 -0.5889789062313876 -0.0697390619927695 0.12236171241229356
104 -0.2835318375903888 -0.12750838188716182 -0.4803225890568791
105 -0.6248278503419277 0.15668844344197136 0.07142259884783071
106 -0.586794548222837 0.04507886751277992 0.10853199925510358
107 -0.6065222784641668 0.008881154904521517 0.26265203234301054
108 -0.6977373198702803 0.10663887933034093 0.23374922498310632
109 -0.5872200697114387 0.009413344025457735 0.055228385387022176
110 -0.6353754262536063 0.01551609244756521 0.12036861501262908
111 -0.6509335006846207 -0.10756824116247904 0.11863239909809194
112 -0.31713702372428937 -0.107340236124278 -0.4372894801444094
113 -0.6674146285296546 -0.05802660006865111 0.14817377902439702
114 -0.6128489132698068 0.21228921068094112 0.035194108937683134
115 -0.6490984342222166 0.12517415656420067 0.18623802831794992
116 -0.6090234465448656 0.0035232738357762706 0.14566133097178632
117 -0.6470781546064869 0.09003778605009215 0.17492104735165412
118 -0.6783349959898849 0.007269550993428708 0.07281083884162988
119 -0.7234549316001266 0.03793667961387459 0.18806184473710985
120 -0.690137848120348 0.024570134765335382 0.178540228082451
121 -0.7095320153633395 0.07663815427113833 0.03724166913134759
122 -0.688022400190862 0.09964494741000197 0.29141843782877297
123 -0.6444732301125423 0.048435517309373226 0.2751776454923129
124 -0.7132137387376881 0.10464092843490945 0.1437642425681424
125 -0.6305386539967157 0.19332795219757298 0.11815233559427245
126 -0.6016141877879697 0.027819014723654025 0.14452120835425936
127 -0.6820765030444833 -0.11557858961555231 0.026994628327099975
128 -0.5898117854272019 -0.1353798639655196 0.08048424201564526
129 -0.6088850016076565 0.12991126131288627 0.23226645726806217
130 -0.7016773280604004 0.12285161876800213 0.2018110161133901
131 -0.6514575133986259 0.03730266190420361 0.261823734129377
132 -0.6203214090074595 0.06367600974997481 0.17178858507499215
133 -0.5956214279824111 0.09189294759647156 0.27435396286748764
134 -0.23493605573494752 -0.09924185017079916 -0.45615340549903366
135 -0.5891543699624995 0.028008806001724923 0.15494265094291385
136 -0.6576977488142095 -0.018238511216162934 0.0888980997282193
137 -0.7121527409749151 0.07718217257688914 0.19917957555920707
138 -0.6224628781933819 0.07775631094918707 -0.05199501627097026
139 -0.2512606300643369 -0.13415208117408423 -0.5475425887732814
140 -0.22071949766715662 -0.11736085843742972 -0.4650135454473706
141 -0.6456887799974602 0.1526667667049036 0.1218374534724282
142 -0.6319002368250283 0.17462583625219505 0.13418570511156452
143 -0.5995540555759733 0.0011687008005207254 0.21995179204916473
144 -0.732542778620299 0.1182144954907403 0.1481345736917288
145 -0.6097522083508938 0.024012946436813974 0.18352147680455164
146 -0.6081019402303198 0.07877698933959729 0.21647085715270256
147 -0.6009313077859721 -0.040734973951819894 0.1419268844731284
148 -0.6539461395331462 -0.0025219533529273817 0.19001823564126655
149 -0.6653945257877774 0.07555278058792277 0.1550955041569696
150 -0.19228362142116237 -0.05511794185377876 -0.37300862699204
151 -0.601877827549372 0.057196809991977494 0.0585524821067932
152 -0.6297394568560035 0.07789318557476167 0.2347024942321596
153 -0.7000489834697666 -0.019329462967514244 0.17157318165043642
154 -0.2488181140218477 0.00852108832335641 -0.24708538810150657
155 -0.6593102755152559 0.022130715958917496 0.050149905025917776
156 -0.664746131876665 0.008258209571859538 0.17457365672422556
157 -0.6515448832791907 0.03730159818028722 0.1556138286589817
158 -0.6592249244455942 0.11895708488313864 0.12085391192482312
159 -0.7050378780041268 0.06885498626871725 0.05775274105124825
160 -0.6404022943047526 0.1748385368565086 0.17070619225337516
161 -0.6713608414672815 0.10846760173055252 0.12972140889938963
162 -0.6239582848150808 -0.009560047889635185 0.028716113749041594
163 -0.6267061092280317 0.07944076024873323 0.029327772577967003
164 -0.6136321937416225 0.021557557674863597 0.14162507248785125
165 -0.6321754879626166 0.040781998465158655 0.1717379835903513
166 -0.6739452280291199 -0.04545076062855 0.19455598540318364
167 -0.627328081235923 -0.03247613398144118 0.29157907467907923
168 -0.6951299531429238 -0.02794493692483575 0.19283274248541848
169 -0.5896303409505798 0.058308019461991635 0.08742522024807978
170 -0.6775160659544324 -0.04902152465504247 0.1559949218738235
171 -0.6280125967534542 -0.010725424474051878 0.09416244638830318
172 -0.6577607527156903 0.07255833367798083 0.16122776010425022
173 -0.6980391294948364 0.11721583899462286 0.05983260058687795
174 -0.6124112161586418 0.1249935375134516 0.22111909636730412
175 -0.6002656992733293 0.03684575094672812 0.2479286617997622
176 -0.6446280698964113 -0.02476606617441628 0.13819218401820346
177 -0.6367915384343744 0.12687915001639 0.17596778908291238
178 -0.22666684624085237 -0.05365904711645253 -0.5886074930457503
179 -0.6734949490582288 0.009790116013129726 0.09725145544511996
180 -0.6208194769997267 0.05758719244658404 0.22039176654715534
181 -0.6458969241320941 0.07070168157846078 0.09859237254351827
182 -0.2991090852934719 -0.0025874886375262733 -0.5322083218457073
183 -0.64210455629225 -0.06417281628255979 0.2938090075749245
184 -0.6432438599299184 0.019649593026859105 0.13246815558077443
185 -0.7249382778395671 0.04324914788356739 0.14534766569407298
186 -0.659514660874579 -0.038034498555053135 0.22093888546816878
187 -0.6865986755023155 -0.036795079856410194 -0.0508682427309743
188 -0.6430778246183331 0.021551528572956054 0.022974317850823364
189 -0.6594801379528658 0.07267504609338757 0.08911976715027856
190 -0.5855592848599916 -0.005408682260373344 0.1844594460468805
191 -0.6115104122738928 0.11158341927507158 0.00023412616218908044
192 -0.24057610460159456 -0.06731841466782543 -0.5772724480847982
193 -0.6722130739226633 0.07770938879127637 0.04920275753895845
194 -0.6530618568202814 -0.02186547324467026 -0.015047615248774049
195 -0.6404835326566091 -0.010843900993432742 0.17401624756340267
196 -0.6549049923572443 0.10619553999762947 0.015966813964533207
197 -0.6664326282872979 -0.0564742310915727 0.10919413800526644
198 -0.6092215089552944 -0.051092276114794104 0.17828760447046718
199 -0.6752265195876314 0.013309703575578036 0.015718486477485572
0 -0.3993966051759048 0.39073402523320466 -0.05145159178048027
1 -0.503852428402461 -0.4769716501301092 -0.20369445357649826
2 -0.4496428940956028 -0.3136614010898327 -0.44032204783668605
3 -0.4408772400187903 -0.31448710551328907 -0.26250243969829734
4 -0.36900390246813675 0.3426999858805668 -0.11197985173991733
5 -0.38525691785985877 0.3942772144642742 -0.05425230666901478
6 -0.39332182710839014 0.45940046851316513 -0.3618997884480171
7 -0.4423679075083674 -0.4825206401889053 -0.2045686991182132
8 -0.5185612368167152 -0.5489808412378824 -0.1705257931081745
9 -0.4923687648076581 -0.5069638779827836 -0.23976839487031074
10 -0.404064803618021 0.37535608397140097 -0.058126155883417616
11 -0.463706876621389 -0.34469929294039275 -0.26665907278705736
12 -0.45310451077951586 -0.37356467402925275 -0.13957730632297286
13 -0.42373193027231937 0.38803557581187575 -0.08562594460602628
14 -0.4571898130042648 0.4334558324809453 0.0017356947591525625
15 -0.39386373030178357 0.2978932031100125 -0.043386568488043065
16 -0.4445954701521995 0.38156430843545913 -0.1489427188950064
17 -0.4943091550159514 -0.38280227518948545 -0.2399291651756946
18 -0.48887541139746643 -0.3703330494009262 -0.12166607636662165
19 -0.4381744899354469 0.4673021140448091 0.02224509429075786
20 -0.48447712532626847 -0.3878795079887863 -0.24693345901094618
21 -0.39718340394368434 0.24697046315075438 -0.10766510581437964
22 -0.3767529161148669 0.42808583242945847 -0.1497595603611964
23 -0.49341982503494647 0.44412201801890894 -0.10104299364976624
24 -0.47718680005105396 -0.43989423255135074 -0.25774801292018584
25 -0.44706608601814407 -0.43192536153820144 -0.1200963020388535
26 -0.4286645496161247 0.30064733845325015 0.04157683352097703
27 -0.4804189800440144 -0.508946788875795 0.012351950394867334
28 -0.4540195533780933 -0.3524957624132516 -0.17377812243791982
29 -0.4021739384693308 0.4104028652140082 -0.2019770887043658
30 -0.5262977386259098 -0.4360603725466157 -0.3512985089824958
31 -0.4861939704799912 0.33646254982781704 -0.23941762762819066
32 -0.44111126468758693 0.29529743586065654 -0.10016575081358478
33 -0.49595137971925446 -0.5014984176387176 -0.2256671554776036
34 -0.4863320365692417 -0.32816007730950286 -0.1217144133281925
35 -0.5025527190647588 -0.44173366115481993 -0.13092076035636574
36 -0.4255668992679363 0.4825352563433449 -0.12160692326483186
37 -0.4242736839485025 0.47315740623363817 -0.18273926293100062
38 -0.4492389280447389 -0.24258621855559281 -0.3992374862967844
39 -0.49470052042222246 -0.36848059418011103 -0.22789056052483336
40 -0.3841559778447017 0.4005241219058351 -0.0016855247154854368
41 -0.5099164126550703 -0.4119047591165305 -0.2896471422579327
42 -0.43439280176538975 0.36455850966336095 -0.08555385304571848
43 -0.44974021289111077 -0.3231983505060887 -0.34058108408272036
44 -0.5250282466285431 0.31739649544837273 0.013029772649057334
45 -0.5089814592308133 -0.36654878907395555 -0.12917451040777925
46 -0.40278029387320585 0.3671585714561056 -0.09295399516388363
47 -0.47723895307916736 -0.4539532245751123 -0.1405121426821679
48 -0.48775536759762805 -0.36985396014350325 -0.17612660320171863
49 -0.4822516010571799 0.4014121848045338 -0.14943037096995537
50 -0.469392251792428 -0.34773411597100234 -0.3621956945636147
51 -0.45069641228120216 -0.371105242066769 -0.2192221750964444
52 -0.46236789969607006 -0.3557483823129796 -0.1388206228107279
53 -0.4251698807568436 -0.36265970436779155 -0.16851116165429816
54 -0.5048911262469007 -0.5145898791776851 -0.27994543226954194
55 -0.4504720885042355 -0.42189229514857884 -0.03246469548727433
56 -0.39302996690149244 0.3617855103885135 -0.12480796956826883
57 -0.45661642067557695 0.33933263229230737 -0.12441370257457317
58 -0.40645085809011333 0.43129632876020024 -0.03217176454032322
59 -0.47533864304061824 0.4944019994083433 -0.17559600396448152
60 -0.37860227976175587 0.34997455217018336 -0.2267470984512286
61 -0.39620085443220193 0.42351403409207555 0.03449548131032667
62 -0.46861686737873115 -0.365341409181241 -0.07974819153844658
63 -0.43539082563404374 0.49671446927649515 -0.07796551882368866
64 -0.3786145017737576 0.37446155951221716 0.09446543392685824
65 -0.4621324568233018 -0.371068762032888 -0.29277486110426054
66 -0.4447188449757355 0.37924318168087723 -0.07508431914369566
67 -0.4660516921145909 -0.404581341544359 -0.1908996878223151
68 -0.38088210862345795 0.3970387767274637 -0.07404038325651054
69 -0.48894918848331376 -0.4601519821191109 -0.03970650192552048
70 -0.39366366354309584 -0.407882570211793 -0.25961712677920823
71 -0.41115426780100345 0.37547907679736164 -0.145249877872626
72 -0.3966482537331934 0.3123241398199962 -0.015960130479950856
73 -0.520362700716163 -0.2987096849930063 -0.29644847845866434
74 -0.403170870008841 -0.3488507069619183 -0.27977096963118403
75 -0.49794234966617135 -0.4264511481770777 -0.4226024131645875
76 -0.5090512950124463 -0.3800754012558117 -0.07108443678748626
77 -0.41594434654323315 0.3838743775737148 -0.02830900685483665
78 -0.3884555161035433 0.28319657711039725 -0.16107262328532723
79 -0.42589062153840174 0.375111312874274 -0.13929798650679637
80 -0.40330735450420435 -0.34523652323241677 -0.23823166059035658
81 -0.46593330732197796 -0.3075653777206369 -0.16596932392274208
82 -0.4195483867794324 0.4391943121973171 -0.09755957476061344
83 -0.4702495557847529 0.40599094671645614 0.04689024439533114
84 -0.40019516922521325 0.42918590664574374 -0.09648014054388211
85 -0.40648220393540846 0.41087868863426585 -0.1254241111627191
86 -0.470422406257337 -0.3639955598273887 -0.22493606450392334
87 -0.5077700357766984 -0.46435488638051353 -0.2046262463171973
88 -0.4451503514645385 -0.3141072906564902 -0.07093279076027123
89 -0.43238602754977723 -0.507401825490804 -0.013333405712409397
90 -0.44314225043508026 0.3986949311032755 -0.011907168193076148
91 -0.4612045018595477 -0.4089925631593132 -0.2009730179676058
92 -0.43959401624070954 -0.4134035396416318 -0.36846744163768314
93 -0.49661179423772045 -0.5053029837944766 -0.14134219070854753
94 -0.4186843673349578 -0.36778691679573305 -0.182714995308794
95 -0.4275222772425177 -0.45563745448347165 -0.3715254766677002
96 -0.5430332045628351 -0.2874995864329403 -0.17290353871694394
97 -0.46570933206676624 -0.3020767054669738 -0.3219305877075851
98 -0.466982206314237 0.4305716686935377 -0.15493246030903307
99 -0.42845812049815585 0.28819866316265447 -0.15099351875714526
100 -0.4413540513356763 0.4071063364041035 -0.10394431680194136
101 -0.42823561473110366 -0.26149219367523135 -0.27444393946946194
102 -0.4421011803484766 0.4819210206250544 -0.13942053443933375
103 -0.4793566355563072 -0.35942598754048 -0.17421834286260376
104 -0.5662875884246169 -0.3811674472427252 -0.1747134825204055
105 -0.44623111216877015 0.273838989273556 -0.11752156466647098
106 -0.4831130901616633 -0.43941017732249 -0.26790454448804957
107 -0.5177003256462234 -0.34959188000606495 -0.22655265648635453
108 -0.4064198895149662 0.3465316119842266 -0.07590852966533905
109 -0.38243379199165073 0.4350835280081189 -0.107487130654139
110 -0.3726089467453906 0.3932894255852594 0.03629027580137135
111 -0.4703158194557412 0.3510911035030356 -0.09422204813906568
112 -0.4241382564604741 -0.4094310785840646 -0.26523436347310136
113 -0.507355560259686 -0.3782567962903604 -0.277840408638363
114 -0.4205208551155181 -0.3307088283963891 -0.22070407809350004
115 -0.46992405878644566 -0.4319283536228646 -0.21415549175162737
116 -0.5454851234340161 -0.4738987176267506 -0.2716872030972964
117 -0.3660938053543244 0.35168574627614174 -0.22824663655190158
118 -0.4551392328100885 -0.39169111493191605 -0.14735102412261686
119 -0.4624633416773686 -0.4331527062951335 -0.22562198030340813
120 -0.5244515930654124 -0.37580627126060706 -0.07472347802824787
121 -0.4462964991609702 -0.32842476529322734 -0.1929553907004064
122 -0.44386344444847503 0.40637412873479456 -0.05126244385908877
123 -0.3810825906827581 0.24840777186615912 -0.0289041656332279
124 -0.4302431097986924 0.3495517669360891 -0.2171496002066416
125 -0.4863470369119437 -0.3200368945783303 -0.14592532501480748
126 -0.48340345519705946 -0.5874214227115923 -0.32636994708164707
127 -0.4730084573383322 -0.4720449049096408 -0.2850451718429827
128 -0.41743147173623085 0.47202147538701533 -0.14192362755170462
129 -0.4378691521980456 -0.4541482088252592 -0.1577640300127052
130 -0.45125513412933294 -0.33027293890237536 -0.24472159283516412
131 -0.35288770331948294 0.3056717393737321 -0.030219842336343214
132 -0.3971057377460398 0.409332096974156 0.02357236734091336
133 -0.46385711259948537 0.4400780818884562 0.030919742327065704
134 -0.4332900347139336 -0.3510087887225282 -0.008340023020636567
135 -0.45843387574278543 0.37920476460190156 -0.1932526385898724
136 -0.47376374896239276 -0.3291434149680289 -0.25841847942306406
137 -0.5128892681092416 -0.4068833228347337 -0.2862472754922309
138 -0.47873011884038935 0.2364299417342039 -0.25926007101021886
139 -0.4976752876015152 -0.4003171209507483 -0.12929925645840093
140 -0.5237734109813059 -0.344027472655778 -0.3043025143803506
141 -0.4258753492861093 0.30884775006814247 -0.19779226132986538
142 -0.44735682097145485 -0.40199816994368226 -0.034071307553459516
143 -0.4457220363332346 0.40059687163807417 -0.0682777649186945
144 -0.4994338329883009 0.4669921648887207 -0.10083760608775345
145 -0.34745655513048834 0.3961362975590231 -0.16793150052423383
146 -0.39217553447154063 -0.2688319566268767 -0.312271730067656
147 -0.44886464121676656 -0.36764016930119037 -0.2936646089399554
148 -0.5109779578791065 0.3804585487042745 -0.23668061329991585
149 -0.4182246101345006 0.45670882350400704 -0.1859891696659596
150 -0.4564843700101301 -0.4125555210524936 -0.3582400802736222
151 -0.46021389870588686 0.4068287808337408 0.03281159567520418
152 -0.44832496503384556 0.37246042801400353 -0.009089817908678195
153 -0.40058943071996045 -0.3034976591829967 -0.3045096962492035
154 -0.5179945229507079 -0.35491413775614755 -0.2698568110771152
155 -0.4628052727140476 0.220575721529854 -0.18867676348539514
156 -0.4701682130069643 -0.43593212759039673 -0.23132391559650478
157 -0.4714525464529964 -0.4564805173141448 -0.2664743324172637
158 -0.45527776810590387 0.29187332171121516 -0.20171087985363043
159 -0.4795955115155577 -0.42821753115252714 -0.17297973511157672
160 -0.505585900578082 0.39441338480156896 -0.13694398746515052
161 -0.405089120950511 -0.2661469749481629 0.014369614270327645
162 -0.519279114105335 -0.3758410854440469 -0.2596633419198536
163 -0.4264871230500971 -0.3675894045395877 -0.35037080551350935
164 -0.4321360444394438 0.40608078287255783 -0.24108860034644536
165 -0.5124603638133779 -0.35897219521506274 -0.12237627948900343
166 -0.45691550285914073 0.394466081591856 -0.17468551360814608
167 -0.43190414010971473 0.4165472670532751 -0.13679497501239857
168 -0.45779091099424785 0.47309783660198523 -0.10758085265010968
169 -0.49967149513162273 -0.4853141139110148 -0.2228219226851833
170 -0.48224410480757884 -0.44343091212029073 -0.18696766620747568
171 -0.4216698860323103 0.44108440262528154 -0.054532998705633176
172 -0.463234714352876 -0.4633238468962262 -0.2587295599149791
173 -0.4288904261746981 0.39550990608629094 -0.06245646373334602
174 -0.5620670830008052 -0.37919874167376016 -0.10581490168539007
175 -0.442070450325687 0.4138361560200264 -0.12449696797828079
176 -0.4728131942716511 -0.35153493466011015 -0.08536427653559739
177 -0.4820891304115646 0.32285539337644387 -0.0326475453134439
178 -0.4390466278284304 -0.34367990117547365 -0.19115407313801216
179 -0.3800183711874357 0.29890761780388586 -0.24531694814035887
180 -0.4409046147376368 0.36076405540648954 -0.18392584218517127
181 -0.4468439881578227 0.3883494777214777 0.12016291189099813
182 -0.47991203460171 -0.39375379375301767 -0.2078898118971702
183 -0.4166311576114833 -0.43019545253043173 -0.34296628405772367
184 -0.424809681965494 0.3135413711820179 -0.18282508793912663
185 -0.4963384833304526 -0.40346394627520027 -0.22551761212135663
186 -0.47813085588784704 -0.44186465685387666 -0.3556273769393779
187 -0.5025088401542998 -0.3601974773835965 -0.15745642271340418
188 -0.47349723501116103 -0.4005516219372405 -0.2583573412910241
189 -0.42716462148476225 0.4671331586718801 -0.03281143340733942
190 -0.3670658575675677 0.3100032301809149 -0.21591166345429375
191 -0.4688124068374235 -0.39314313542032747 -0.27439187752988375
192 -0.4519550500381767 -0.4379713802791057 -0.13961072065699476
193 -0.43400732996867514 -0.4641741103765826 -0.2149384916281229
194 -0.3842283203818206 0.39439172598665095 -0.12780749962230362
195 -0.3832558898007781 0.3913593848879329 -0.09612886320938183
196 -0.47590165862622386 -0.3546113925231238 -0.31009013671920277
197 -0.4288585420423832 -0.41563600419486874 -0.29155555950243095
198 -0.4772067359303819 -0.3294833586130644 -0.0343226106263928
199 -0.46526391896568836 -0.5433855265226426 -0.18319672116814864
