200 3
0 0.002268579029135971 -0.030444267948670715 0.00971952836159088
1 0.004507943879337173 0.014795522324295336 0.024258897525065944
2 0.008221055221898413 0.021012134118573077 0.032481056269218
3 0.005419887671292289 -0.024803196173472222 0.010465924745432339
4 -0.013401474408924127 0.012378995032187472 -0.03096338304862542
5 -0.005786004832774319 0.018248372837067716 -0.040108881449343825
6 -0.01232329459879778 0.01796790716276221 -0.03151296327876192
7 -0.009942955410922674 0.02356383158219827 0.029839496951702592
8 0.005173183327521452 -0.02411826312135988 0.0011114750363260218
9 -0.005460601147805139 0.008653120945747682 0.03008894556069723
10 0.005861203509638917 0.012890325658833194 -0.021639361328532128
11 0.016298688720332875 0.02864665522835319 0.03219703684327829
12 0.008489093102050926 0.023767747733868097 0.022277534266799015
13 -0.008890347092474382 0.007280165494003295 -0.0340765384453137
14 0.007589595011716278 0.013937773492000871 -0.02696162570258393
15 0.005669357706926528 0.012058320913430148 -0.030191015630813042
16 -0.0012617674684544389 -0.028891500677256453 0.009541574163040812
17 0.011132660459788814 -0.026414132524050227 0.006360430820898908
18 -0.006135479588770379 -0.028078576419552102 0.0035643587642582185
19 0.00977512428942933 0.018895827009502986 -0.0307952937965401
20 -0.0056690203290862134 -0.029316831891305427 0.007231364342786867
21 -0.0005707643737033544 0.013589274681171434 -0.022257136576668904
22 0.009699008475419268 0.02207222399368651 -0.027614146490553194
23 0.003933836402208873 -0.01775136989723644 0.016265021494127063
24 0.005847459443801231 -0.02862020825779734 0.00790685198299262
25 0.00627123356855519 0.01659963992656034 0.029764277570310207
26 0.00274160337034696 0.015441750224007003 -0.035693126858280175
27 -0.00910983354183914 -0.021399669376877338 0.0038265970517788604
28 -0.005029031949847745 -0.029097089880560277 0.00934659016174645
29 -0.005538273332308871 0.018471821265828633 -0.027600187627153494
30 -0.009236570507662025 -0.04154489819698032 0.008699552963016324
31 0.0008809456188711116 0.022244219711909825 -0.03170104840003577
32 -0.00615166599098968 0.016574536667876148 -0.033159125289282596
33 0.020139005074588323 0.02823908036921382 0.02988227608914091
34 0.011087673223852554 0.026304725671711167 0.029827048792445736
35 0.004062166894133915 0.01306057457805922 0.027134517766217225
36 0.0004073488574283992 -0.022411341718394533 0.00599285809846049
37 0.005076530765997452 0.011474179685871999 -0.037950624074266914
38 -0.0035750730380389867 -0.03432646452481451 0.01665613767239758
39 -0.00638617782205661 -0.031058422368004594 -0.002423783828399211
40 -0.011615260494908547 0.0063917828165730136 -0.02790128808960935
41 -0.019877731716345562 -0.02018349856951618 -0.0010709764329250848
42 0.005171463913596821 0.010947060272640419 -0.026248106644777905
43 -0.000558915316201055 0.014623047132313778 0.020070994913654536
44 0.012216101321230091 0.015087218921886988 -0.023513466365328167
45 -0.012235241593191282 -0.02314605071079992 0.005590283397167398
46 -0.006572675697711912 -0.02104811607574912 0.016634595992230043
47 -0.012778848291017608 -0.016822673947986616 0.0019268228396793208
48 0.00483269480373431 -0.016421164825083316 0.019320378979163423
49 0.01203999588151971 0.02092188213431674 -0.033367046708179755
50 0.0009422585768479614 0.009710985370527156 0.023698381344341553
51 -0.014465132354823815 0.007195521166765001 0.019377120898087963
52 -0.006757827715279802 0.004728137365881808 0.027837290277525274
53 0.004352197965418594 0.011528173430190771 0.014983034049730462
54 -0.0057768999392407636 -0.006101187793157815 0.01582062967169539
55 0.012682105996705759 0.013542666553285329 0.03038459470473498
56 0.021230021056892215 0.005377462257977597 -0.019251483773996707
57 -0.002819841623898315 0.012796623550356816 -0.023248204129477396
58 0.01400058510612781 0.012616532614803229 -0.042644003667220265
59 0.004986521488385659 -0.021030974650520062 -0.006665660974863639
60 -0.00021079998517730889 -0.03663616563507106 0.010794465821301873
61 -0.002308517231848134 0.011772728911058156 -0.03088737425705912
62 0.0067042907216908814 0.009380047874475925 0.02196812517993245
63 -0.004210494258372338 -0.022815699841772626 0.012347665228562973
64 -0.00414125268377658 0.014177558871657846 -0.0332248721871693
65 -0.005625300372832889 -0.03266265392076085 0.0049872181538748155
66 0.004623026937129382 0.007747588844534318 -0.016957784111337595
67 -0.0012855408373557177 0.023712359026816995 0.02468109076592903
68 0.003277415656141775 0.010220997098167215 -0.03347511151106043
69 -0.009030559572475866 0.021507921999379995 0.03330737842784582
70 0.01877557170291852 0.01842121719273599 0.0328548592462819
71 -0.014442045050057 0.012270631113479022 -0.03228875637306164
72 -0.008747826607925807 0.015808351349499122 -0.03282248216155474
73 0.003902584725858655 0.02271853590855811 0.029408203009360326
74 0.0052466624057592795 0.013382324956902968 0.03559789641215903
75 -0.008232269974911732 0.013438689166941721 0.021943103356583414
76 -0.008882988016885779 0.01905242511448306 0.020363365473293836
77 -0.0008849410289670998 0.0095445902963183 -0.03528359859729011
78 -0.0077294887572027 -0.02747035330718802 0.00733968938463398
79 0.003314968601330001 0.020054265326300273 -0.017126049040990243
80 0.003566728026095471 0.00624145353595092 0.020003348395076566
81 0.006841001458602426 -0.022327797305705277 0.01435515650805156
82 0.002105262465125836 -0.025603926069719514 0.0019320371115739855
83 -0.010477463471159104 0.020346377035467225 -0.02977683501350703
84 -0.008367608704820645 -0.02611601331192462 0.015679848941470443
85 0.013560401435905936 -0.021220284044055786 -0.008893997303643828
86 -0.009642072811334598 0.018956962417266993 0.03375208656678527
87 -0.0022038146766283975 -0.028754303418468692 -0.0048708364649113255
88 -0.014007772308535352 0.01715427720397278 0.009268827997162395
89 -0.0003895967368863981 -0.030101039137995667 0.0015056163377581049
90 -0.0007632298507623588 0.0012154497684543752 -0.007482350024352734
91 0.01040284057751072 0.00715071825847605 0.028269026043954204
92 0.00024225534920664302 0.02212824760623986 0.018944428652959214
93 -0.006557013425840779 -0.024988681249930755 -0.005458695794599295
94 0.005698015517461475 0.02274754424115418 0.020578560415111205
95 -0.015938603161846587 -0.0240414699437832 0.013085403698368712
96 0.0040177763157781335 -0.024702798710960712 0.001472850113995713
97 -0.002873645172340414 -0.016667625579339037 0.009344865917089893
98 -0.005112380443979998 0.014761979671801442 -0.027635380237620466
99 -0.006380495411613194 0.0008083825402134363 -0.024061378574885744
100 -0.001837139730320684 0.022845101311466973 -0.026324508002167936
101 0.0012585836392319354 -0.02881504799174721 0.009965964869633788
102 -0.004627510173175638 -0.021312048582381275 0.003275938305631005
103 -0.0018007575618192162 -0.026192185908755217 -0.003883769036924065
104 -0.00879812758379328 0.02718291146949397 0.007946337403024722
105 0.017545098230828157 0.0254413301471206 -0.03883094991431761
106 0.008719307532158355 -0.025317134538724244 0.02248952566188602
107 -0.01038104167531995 0.014562977391610783 0.02415319654622239
108 -0.007151470200386215 0.01674643101372541 -0.03177159175024072
109 0.0034309172075221296 0.01707761079521051 -0.03767970370502646
110 0.004265381452850244 0.017711976454752212 -0.026424999278012472
111 -0.0013974641496470974 0.02427389620684773 -0.021733473200396237
112 -0.01652890451535051 0.018185526654486674 0.02413562129192042
113 0.009980041535607706 0.01742345439149568 0.011739082777123523
114 -0.003244533345341919 -0.026671953040922076 -0.00045401229840420516
115 0.012920923731615998 0.012805520738545071 0.021558186363576586
116 0.009471548177752278 0.013634110227396627 0.020055015871593473
117 0.01968041809997545 0.013333789492904907 -0.03493031147347948
118 -0.017187188812073817 0.01955566482927984 0.020600645233331383
119 0.0020824880238787605 -0.011103777396516658 0.016014329417870447
120 0.0023880266397018693 0.01532250150198139 0.018658644308940202
121 -0.00422434965075201 0.01271555043376011 0.019599880876071493
122 -0.0051860705009945055 -0.03060814256786916 -0.002814023456478538
123 -0.0026195715178245413 0.009694457563489106 -0.03208792665988362
124 0.004388275316252596 0.018318654315979392 -0.03740095289797503
125 0.004061094489935704 -0.028837047240907375 0.005965291838836091
126 0.003644602011325361 0.015084799655137392 0.026569301393931072
127 -0.00898261100482894 0.014374515711295305 0.02135842222528233
128 0.004364501538804626 0.017980367398972595 -0.025842763812564583
129 -0.0030365532208935717 -0.010828008792333935 0.020517816717362657
130 0.009839230469097668 -0.02362332797656362 -0.0009469660757101734
131 -0.002558604868238796 0.00797609387966779 -0.03549858379871607
132 0.005456883771125284 0.014502590410063982 -0.03577564015986617
133 -0.0017624389237127936 -0.02564955111297754 0.006856704215475048
134 -0.010302637301286555 0.017845984923400462 0.025375743537703103
135 0.004917108151405394 -0.023252880050791916 0.012414355208125208
136 0.002866606214048696 -0.005896685453025172 0.006333045706867234
137 -0.0086576813674996 0.021157110550868205 0.02313748434735767
138 -0.0011472232966355592 -0.03638882499027246 -0.001947077879474983
139 0.011604407414580992 0.021238101291327853 0.017868095687420177
140 -0.003623739729408222 0.018223947694240482 0.030074275021226338
141 0.004813418200788275 0.008129446087786606 -0.02262359591188834
142 -0.012574080772438379 -0.03438681443689996 0.016429388300621295
143 -0.0032458484740352372 -0.02083694554211607 0.014441632946073597
144 0.004499935492860299 0.0025469374675748855 -0.025949482214514256
145 0.004032785663076601 0.007629209143003278 -0.0334485712285066
146 -0.01097163977543296 -0.029716252311084476 0.00935739424186922
147 0.012892878525892576 -0.021433722409281056 0.0052432025565229134
148 -0.014537348013257373 0.023783695513502248 -0.020702224843901558
149 -0.0059291155845471975 0.015092766141939645 -0.028353999232350116
150 -0.0036177488103015486 0.004816480075737262 0.0327419862207466
151 0.0019537982005647103 0.018369960447649658 -0.033315278084163076
152 0.005207460024596558 0.02105842805301792 -0.028884393562156233
153 -0.009296904990259591 -0.014742280131460388 -0.0033095825138220536
154 0.006672048862979656 0.00839662295027733 0.020222055943618387
155 0.02126557030403417 0.0059198182961927685 -0.0211630714299958
156 0.0027505876546200236 -0.016044035177464326 0.0044166098534481855
157 0.006187129875434141 0.02401481276902437 0.02821281659054086
158 -0.004305873688095173 0.010139710421182516 -0.03008101091508368
159 -0.003340696234919071 0.020516052711704848 0.015889275530388776
160 0.0007685017754764829 -0.029999144146354358 0.003620125668056461
161 0.0011484291341854712 -0.024901333686366683 0.009380980103944907
162 -0.01180766048893453 -0.02176457729547478 0.011628011153928178
163 -0.0011128480805742136 -0.027921882185932494 0.0032657956918880366
164 0.005504060748540547 0.020644202022492498 -0.025212056607339113
165 0.01914228677406861 0.023233170717484167 0.025008234652870248
166 -0.010976160336555706 -0.020578927663941746 0.006568730404032481
167 -0.004087723392394028 0.016050622840001985 -0.009511269831092073
168 0.0002598673755732639 0.013920120617484622 -0.029882721135214
169 -0.0030054208264509007 -0.023985707577291692 0.007462553041630193
170 -0.012121579438465202 -0.0434783873926519 0.009014567934979947
171 0.0009210601907716984 0.005772905011314126 -0.03310186230937283
172 0.007931783544016885 -0.03323215165005837 0.010354821615648496
173 0.002132368811700393 0.02101040255657334 -0.032500961617845416
174 -0.003541876922686725 -0.02879960595508079 0.005468917086377319
175 0.00032589825503882147 0.021736337670674087 -0.031277679341602166
176 -0.0031394470273686482 -0.03181359226882307 0.0061903612345218795
177 -0.013256235486745574 -0.018131668606581212 -0.011474002628053093
178 0.014189729515837024 0.008381385608493788 0.02761967670345436
179 -0.00718333578842633 0.013777417682712893 -0.026178503408970592
180 -0.013442655442947718 -0.03266191294482834 -0.0039425623106465225
181 -0.005180497340709508 0.01773477582620341 -0.03581717556597894
182 0.006310986921806289 0.02420076339505704 0.022568802677450032
183 -0.006538746946295776 0.025795538204012626 0.027270874330389792
184 0.006860934052596201 0.019548734655503414 -0.02900274451409284
185 0.00749989970961145 -0.019976224039145465 0.004035655896219508
186 -0.004924587193930047 0.025735577157640285 0.020205980228314317
187 -0.004168264775368693 -0.01750508279780038 0.0002851600403936958
188 -0.005111645582194642 -0.028491853240008164 0.009361166047380413
189 0.009024211436897597 0.017492609351571608 -0.03709675568168134
190 0.009028440751229369 0.01961602209496424 -0.03474220316926463
191 0.0014773821194162262 0.018546792079247844 0.026027092973641634
192 -0.01393041736717096 0.019914911175074622 0.013410853230268319
193 0.0011302702819167287 -0.030070051875402237 0.009208361831953994
194 -0.002963870583157384 -0.012261578799067467 0.013073950495536847
195 0.011172067582646023 -0.02724312217976705 0.008407479644787857
196 0.0038497594141907662 0.011685137737741689 0.022814310128454404
197 0.010893168388799099 0.016175250871240637 0.02597555673450587
198 -0.0024220762617157623 0.013621671931429578 0.01946975551901871
199 -0.0007398459679485598 0.005495800222977083 0.027766113045940462
0 0.006686157902708961 -0.006248605251111913 -0.01565104268038687
1 -0.0061132901303211015 0.02490116356821077 0.03484926757667482
2 -0.004331360904922905 0.0214812110149935 0.030890233126787812
3 -0.0045114185424793615 -0.007645761557708783 -0.0042464885240454525
4 -0.0009526326836039323 -0.006748557648694017 -0.01892769187712353
5 -0.008296863543113 -0.011033805801214491 -0.022688648242513446
6 -0.01206668856583791 -0.0018794944728300067 -0.007789795231221544
7 -0.008708077693786093 0.024243060964585922 0.019465265159760783
8 0.012796614726008251 -0.014168619731388873 -0.025213864258688195
9 -0.005599289057997295 0.016330155432852555 0.03692749569744351
10 -0.004454402024507531 -0.001797368753211126 -0.013946468024770106
11 0.001206971897947412 0.019551092648291954 0.02873469898554766
12 0.0032628568369212213 0.01828352606481621 0.021364837697539572
13 0.0011164887144673938 -0.00567373229556567 -0.02174074782229443
14 -0.0023981267206414237 -0.015192062030792743 -0.010206312390081608
15 0.002602478967730304 -0.0037092344925751947 -0.0030307474798875744
16 -0.0009188178778709588 -0.010490704092979641 -0.010466788451203204
17 0.0035155157653079805 -0.007205172920369998 -0.011165594811112085
18 -0.0001269376521447832 -0.014947302029223689 -0.016294380499445038
19 0.0032665299212870924 -0.004396344559705258 -0.008850760211745218
20 0.0031546010243642224 -0.013710704596302262 -0.01051548303750351
21 -0.0028319040778613594 -0.00430177960807112 -0.022317104296234194
22 0.0010627849949247578 -0.015437363847678978 -0.018593285568848372
23 0.003926805512235669 -0.011753035758363672 -0.009004763862952358
24 0.011035448973896939 -0.011277778715178897 -0.012759049946344869
25 0.012920177269513791 0.023150507641714883 0.020447613316103792
26 -0.0007176469793095351 -0.011294295641964467 -0.01100030584150076
27 0.0011924870424951592 -0.00386493794621294 -0.01803569403036612
28 -0.0010211712526706496 -0.015069063928507348 -0.017048623063935044
29 -0.010709713041260699 -0.014336707578742974 -0.013146884928858099
30 0.0043443600109119365 -0.007899380239230994 -0.02568669422416583
31 -0.004261640662416716 -0.00540778022171607 -0.01514951022639388
32 -0.004837823207628288 -0.008348461160778961 -0.020304491955392037
33 0.010265008080949073 0.017353820092377792 0.025920924407867404
34 0.0025508530459779286 0.014475002712619506 0.02622154233106628
35 -0.0018729959930167545 0.017836399005870408 0.027442847783165927
36 -0.0037271564547056678 -0.008887953761537018 -0.007305291833797745
37 -0.002126292681232392 -0.00845943501788926 -0.014305219766181765
38 -0.010023733538772686 -0.01239161510716226 -0.012246641489796262
39 -0.01369347945886916 -0.012418409452559453 -0.015103584813631114
40 -0.009007875862694123 -0.016487286261000825 -0.017084022080903434
41 -0.0010163238198564045 -0.008212176031780156 -0.013506420904326105
42 -0.013126297484433551 -0.002571193945712827 -0.015503733848216815
43 0.006935595251500344 0.017656075196750744 0.031162970324674716
44 0.0008913776660617601 -0.01514592356138034 -0.011492613512289147
45 0.002380352886049618 -0.025193773180548842 -0.0013379634971779873
46 0.004542919815427772 -0.00899738942051212 -0.01523053668534571
47 -0.0026558865388890407 -0.011328204116124417 -0.014032190369040262
48 -0.0008266998001021132 -0.013870251472463742 -0.012942726157798186
49 0.002758893820861419 -0.014033231729309415 -0.011901557329852722
50 -0.0005521902938194229 0.024382996849300453 0.026707608926578127
51 0.00209417080769201 0.02295225154710244 0.02325477954405128
52 -0.014759373005830266 0.0128826098346876 0.02996066131962412
53 0.003018561502013614 0.010863513329357293 0.03003093195400927
54 0.0030912325527103005 -0.005762330979857858 -0.01359664403320639
55 0.004598081662934822 0.011128732627602417 0.021717812572060124
56 0.0026431411031528074 -0.007042515232872557 -0.014565321076911213
57 -0.008987111311939428 -0.005063745666092665 -0.017320834416549788
58 0.0072784980104536046 -0.016442261975558863 -0.014407426759775424
59 0.001422360100823153 -0.006352846335161623 -0.014565539617100127
60 -0.0021963605398150187 -0.009383698263927778 -0.003304138035975991
61 -0.006628868764603806 -0.0060668415394885475 -0.018084333589531265
62 -0.006569670885187291 0.015452765653486732 0.034869416655203975
63 0.007403032084770254 -0.0014210758090535125 -0.008585933146491975
64 0.007078028483417105 -0.0016568523614025332 -0.011400497065856913
65 -0.0031547382726348494 -0.009542300963650302 -0.010300071697809936
66 0.0038032645824256518 -0.0074318538229613765 -0.024257906339895927
67 0.0007281394900688493 0.02940856890927014 0.036991984309768654
68 -0.002357596272014057 -0.007184125465359695 -0.019963045585497052
69 -0.007600498054853563 0.014975339127040386 0.02677068795476905
70 0.016903336836779442 0.020790723033636348 0.01605377695262976
71 -0.012566625888956157 0.0004372943694843992 -0.013864893512984311
72 -0.008792911712720994 -0.007745960348360018 -0.021236776708912553
73 -0.0008593764666697153 0.01967195062176158 0.02009701724886139
74 0.005117448473059227 0.016501287574770304 0.02758532087115184
75 -0.0034326679659239002 0.01491744718415515 0.03162221557090934
76 -0.0006545069503277046 0.020789802682370677 0.02177798227720308
77 0.006903990634801335 -0.014312110029841124 -0.015133218796177461
78 0.0003031586734789822 -0.009735794226311018 -0.021910006358171093
79 0.004268150032457785 -0.003986694407082058 -0.020473388139371572
80 0.008954173133062442 0.02315525109549514 0.024539590546932284
81 0.004326637080037929 -0.011017987906193204 -0.013376203965687457
82 0.005632168037096572 -0.007730794312528738 -0.015009823230336849
83 -0.0006083820627484048 -0.007905132998255869 -0.016582440509026797
84 0.004178449331021756 -0.003273053126102439 -0.01921001790081862
85 0.009171113075866932 -0.013838751495726602 -0.020738220982218784
86 -0.01253627861050026 0.02487366119656123 0.032648723149679745
87 0.0025687301593620634 -0.0061492303582641045 -0.012861927193039819
88 -0.010374056916526112 0.01793806688506213 0.01870042228583286
89 -0.003473909050526476 -0.01131937018893743 -0.015430610842986841
90 -0.005070056996966879 -0.012546342796435274 -0.013878603711585204
91 0.0012309763439071614 0.01571870417489802 0.02515685491559718
92 -0.00558457474738884 0.01606422050725429 0.027848151779942567
93 0.00019421771844890974 -0.0027773778909789618 -0.010113732111411424
94 -0.007240061643981204 0.024896832413229063 0.039411227562137316
95 -0.012262876072310164 -0.00825203551822798 -0.012767261568865658
96 -0.0002044951150919419 -0.007715743807145917 -0.016936620098474485
97 -0.004864604454982907 0.0022412963261294536 -0.015513261863584177
98 0.0013889032651450937 -0.011607640776518387 -0.025387371654410684
99 0.0008935549831433874 -0.010302204940521018 -0.010553233285595848
100 -0.0008513205516607752 -0.009417833988400619 -0.009251690137012651
101 0.004199133221122923 -0.014908852872901363 -0.013459766852769952
102 0.0014519507778810404 -0.010448578351120313 -0.01803342643108142
103 -0.00044639235085195544 -0.010400779441977315 -0.010322003948704304
104 -0.01024792803311432 0.011998984954168644 0.032794669754920645
105 0.007109820213724666 -0.007035721693568468 -0.006601031935066823
106 0.009226613445756905 -0.008175437205006339 -0.009338857106108794
107 0.002367678627046184 0.013544325080863076 0.02780584608972779
108 0.0021040977694616256 -0.008827398075703846 -0.019741344240525135
109 0.0020250139953130763 -0.001082451409295887 -0.014307841908042601
110 0.006843534155454922 -0.0012404916327165005 -0.019047334791413476
111 -0.0006167757348045501 0.0003869491137696718 -0.014954057384880412
112 -0.0010236543812853771 0.024391046983967414 0.026654331241105708
113 0.010218563861923893 0.02311384164725859 0.011403215394470888
114 0.005590169786681558 -0.013557251767276027 -0.013934060669728
115 -0.00290575994839614 0.02618352561636546 0.028817743981169992
116 -0.005659907817529175 0.022862954860118693 0.03249620775758259
117 0.01390842047895638 -0.01256048219101747 -0.00530344143681756
118 -0.007439498867423386 0.015537126501661253 0.027167433033910192
119 0.005114762905795621 -0.003202035127751565 -0.010366572857564864
120 -0.005795329567524817 0.02372540580309449 0.03874867586347061
121 -0.004855153146668248 0.012819859174818773 0.017191609679502992
122 0.002946366834069898 -0.020923276180121464 -0.0091249498250645
123 -0.012367457303208984 -0.005746693507385749 -0.024737870161458397
124 -0.0014090999159281203 -0.010115627158683353 -0.016168299474963704
125 0.0035116454804040784 -0.011668718531241712 -0.017056547614317248
126 0.007623163117184091 0.01958381414215555 0.03067534085767458
127 0.0006540320047081008 0.02244663171095139 0.024609847464337573
128 -0.006395973812904195 -0.013202266006885968 -0.01955339064786682
129 0.0036009460646119033 -0.010475665732671266 -0.008035483463290964
130 0.0016202863966976871 -0.011072659123780852 -0.01440603012710847
131 -0.006722759975293943 -0.010135482888347841 -0.008955210626109891
132 0.011294951987073656 -0.011401961344059637 -0.016009234118794596
133 -0.0003440787241146331 -0.007513271326517232 -0.023490492607967366
134 -0.005853027517242995 0.01078421512047229 0.02367882227828786
135 -0.0008453506485776932 -0.021772213995457493 -0.013499021636400812
136 0.0009747663857654909 -0.017524261244337293 -0.01248468633482383
137 -0.01622992485895529 0.021871689085773763 0.024237347223992532
138 -0.0007617570649570901 -0.00904246332143542 -0.020397259926550056
139 0.009042092508974156 0.02444247818126328 0.026480690435900442
140 -0.0012957618834121207 0.016701427467603343 0.026709374270589954
141 -0.002263650197939237 -0.004275224306537186 -0.015121099672113204
142 0.007470404481756215 -0.005337277108347083 -0.013874004051033997
143 -0.0017239653332220897 -0.01835151687846808 -0.016622312733236288
144 0.0019210222298912394 -0.002769063336795823 -0.018792667864020306
145 -0.0021912523031694837 -0.006535806252716695 -0.017215903724552395
146 -0.014868210695615544 0.003915972935040202 -0.019207731128535032
147 0.00017978727613769674 -0.00864220702229749 -0.010453501343617708
148 -0.008469909410365045 -0.012975903688566354 -0.02047743793051733
149 0.001353100750798239 -0.009293209806512034 -0.016135707817623093
150 0.002370040870702742 0.020374334948674886 0.03061513558522605
151 0.002466059198891951 -0.019430598410620014 -0.018444172922330998
152 0.007777228373234926 -0.008855906086630526 -0.013549435902080909
153 -0.005287612655903842 -0.0013067660897753235 -0.015377514154877973
154 -0.002302763624200132 0.011542075084399249 0.019043055137750155
155 0.01420815414645224 -0.014075772941904024 -0.019186049621683868
156 0.0018237311533479059 -0.010148679846331797 -0.010051615898938588
157 0.01307697809702539 0.01224181391606019 0.023446439619903794
158 -0.0017777406052604666 -0.005039761812602045 -0.01948390288858913
159 0.003337464076831654 0.03085583494608097 0.027030401817712595
160 0.0028634590666758164 -0.023389444981690266 -0.015341363008503105
161 -0.00047754931673429403 -0.01885927570248673 -0.014451801710472324
162 -0.0005440093662668274 -0.003468431765856164 -0.014960165755232204
163 0.0007676503683391074 -0.006661410562134026 -0.008186683826661082
164 0.0016806003518316584 -0.01035567695667479 -0.009454221372071137
165 0.009486998694570925 0.020209220984109016 0.029672584236822515
166 -0.0031768409142449647 -0.010262994207935576 -0.017350072771771318
167 -0.00953872498124949 -0.015353247492370523 -0.015931478118737165
168 0.011527389086164769 -0.012853453247840162 -0.012431932098801543
169 0.002435748973605976 -0.004438139674708595 -0.00860741695378655
170 -0.011283057351972214 0.0003284743350756153 -0.007460658808204098
171 -0.0028329950218600776 -0.012402315808032985 -0.019912376516670313
172 0.007681820906850267 -0.015418385719604452 -0.005930188395606547
173 -0.0011227135832574627 -0.007294363993233369 -0.008181983954603442
174 -0.006801387387833629 -0.006937735992477295 -0.011426543986983433
175 -0.009787205394037268 -0.004139609809746217 -0.013561353881498414
176 0.0035281246657820446 -0.00967258107817847 -0.025810609115440326
177 0.008704557280785204 -0.009353391172331874 -0.0118286455657973
178 0.007814471113831933 0.013698886837541047 0.021579300322535792
179 -0.0035531383484344627 -0.010792223696465715 -0.015444472095141062
180 -0.0070733713088686895 -0.004629028119926132 -0.010164401052134162
181 0.009768374151851774 -0.005239543667632497 -0.013562140734724282
182 0.005013951376455744 0.019414146221054963 0.023546271058540694
183 -0.008382780643731255 0.025057130797098807 0.021238443277071105
184 -0.0029959043802664093 0.002086911253935217 -0.008653409766909204
185 0.007968407714082686 -0.01566052416341883 -0.012120642416341174
186 -0.006119761926837705 0.021973198658706027 0.026304226311660482
187 -0.0015886591907134035 -0.016424578528866696 -0.01568045257417853
188 0.001756954108138838 -0.014478833583370793 -0.01933125316121259
189 -0.0023872193776768476 -0.00607202406378788 -0.01284129582100517
190 0.005462849665002802 -0.007713744831614133 -0.015443072957770865
191 -0.0014434409654376264 0.02209882176347478 0.02364246750140052
192 -0.013111605921897501 0.018143956515707636 0.02930611709763655
193 0.005166836162268512 -0.019891705342875737 -0.007438426025515945
194 0.00033160974256930646 -0.01639965471325991 -0.02101241371015366
195 4.6578274451099244e-05 -0.012320828513188345 -0.010155649734824974
196 0.0069579086952504116 0.004800762974482751 0.027768129535543883
197 0.012949124894816685 0.01882321513981732 0.0346227334227064
198 0.0016386286503218966 0.017351311438651318 0.02502932235292432
199 0.00288509178693855 0.015624930919199217 0.026633875940858434
0 0.009737435118229318 -0.011438330641475772 0.016638188878396833
1 -0.005923073131005704 -0.01813527064867506 0.01285088739239404
2 0.0005989298557878709 -0.005237655135937894 0.022952951937630556
3 -0.0017161742828178733 -0.01146864565441412 0.020170974670536444
4 -0.010073083014573658 0.01983666363660604 -0.02535662248200493
5 -0.006718340428448127 0.012278761232748354 -0.03229072982538918
6 0.00427825080359398 0.007480890152321416 -0.03468147473861737
7 -0.010235708525123205 -0.011432078485145061 0.01580087593269798
8 0.006440247771271876 0.0011659495751855514 0.02062442914841087
9 -0.013410330761396416 0.000567636812180923 0.021762865061634093
10 0.005680595816052524 0.008334839800079995 -0.03585697596551288
11 0.0041489176413721796 -0.005808564054266566 0.012903893648928952
12 0.007975341563122976 -0.013217969779759683 0.019383291187697597
13 -0.009042257232491226 0.01640707769772431 -0.03354117987646082
14 -0.002490905569895967 0.00744286998653169 -0.028594927350605204
15 0.002340969735494386 0.02043126467461303 -0.03837716921966153
16 -0.009307295235166015 -0.009379011604957799 0.024757799597745288
17 0.0030821436740301605 -0.008288507462844888 0.02017654053447642
18 -0.005504422103439238 -0.0055527721554729514 0.017021482866160426
19 0.0032828921900016628 0.02077386416712767 -0.03401378254075485
20 -0.002615596707124487 -0.0075813708847900785 0.013152549156010511
21 -0.005314069553192566 0.011113966755078909 -0.03491288509702886
22 0.0013115470267205179 0.014702572779036978 -0.038912139919736105
23 0.006506835972358592 -0.009362738524052859 0.010446331468838799
24 0.010049560474934605 -0.0008896278932414986 0.02209571616699192
25 0.01089436201489774 -0.007788624222079273 0.009114077389808656
26 0.002125668889810745 0.012324598622927578 -0.038890691618914446
27 -0.002631444797668206 0.0013670379037674374 0.018809294192896925
28 -0.007137802895394799 -0.009101076363857027 0.02471628228748424
29 -0.012144113920588603 0.011830839089137068 -0.038038150864229354
30 -0.002164780174543166 -0.0067682945624188 0.026914776424324195
31 -0.0034164995683601262 0.016507282274691233 -0.030821265999482927
32 -0.0074693079696617065 0.017763571688338347 -0.03823515065801884
33 0.008206939719846068 -0.002688728458587017 0.024054279138473328
34 0.0012053896366118477 -0.008542776846565056 0.02377475394759352
35 0.005402199700735449 -0.008871254437820983 0.018071729559700975
36 0.006214605620875896 -0.010851402049578657 0.018649672714145686
37 -0.0073272190012358025 0.02082940787942055 -0.027727850329521186
38 0.0005652997471476753 -0.012755737831329564 0.025447385659116063
39 -0.004541986572489665 -0.004966870435521298 0.008830961630172844
40 -0.0009623648839786891 0.017109540816324584 -0.028621442962664022
41 -0.0031261659883830284 -0.006272631575681371 0.013367369994406306
42 0.002622704507894407 0.018884311860084567 -0.025422666406788114
43 -0.012835004174402953 -0.005722591981903766 0.031875286943993504
44 0.005110586313299387 0.015710507565318638 -0.028199134041674533
45 -0.001305693259747713 -0.017397571869197923 0.009059092270920013
46 -0.0020823154807844326 -0.00894263316045478 0.02127188887831425
47 -0.007641131932024925 -0.0033297820180889295 0.024678049620247916
48 0.003446104327235428 -0.007422323796391371 0.02052030401380643
49 0.002840449887395159 0.010436145543135617 -0.038409380149224785
50 -0.0037629022616561814 -0.009380197991364164 0.012673647062197903
51 -0.0019141738596809704 0.0009382613538308701 0.019486232517851476
52 0.00017884923861909152 -0.011776866468387099 0.022583904706430694
53 0.004952705718532464 -0.0016207918068195312 0.016568988549003287
54 -0.0038634451343229903 -0.008730879202626177 0.02294854956049667
55 0.010392826231502686 0.001745160821401602 0.013204323781602918
56 -0.001973253836175859 0.01811180897660407 -0.033742337337656914
57 0.005661299802465821 0.00880873242752317 -0.031058976063140585
58 0.012990311034338578 0.01138154279503023 -0.036979621479415165
59 0.008778460227374926 -0.01255374711564472 0.028797832486057256
60 0.004180889425215522 -0.001683771598027059 0.01670772930776178
61 0.0046371257731792 0.01855788494753854 -0.028269798776750052
62 -0.0021030985707150944 -0.00729026062677194 0.01703384280788385
63 0.00036593756653403864 -0.011763694355301058 0.01780856048385125
64 0.0006334817447324753 0.011349712633849623 -0.026149345540764354
65 -0.004666901443783629 -0.00916555750835922 0.023564712844453595
66 -0.005260537246965246 0.005720296998868957 -0.02964550347725447
67 -0.005884305569773228 -0.0035051577281095397 0.023260865774094114
68 0.005273002350449273 0.008961067638472677 -0.03466352887196529
69 0.004731318460007974 -0.011703708849528344 0.017869066670920267
70 0.007498828905910915 -0.0011139360989407265 0.02534101492532158
71 -0.0034646972069985738 0.013071467948595768 -0.032027240631594504
72 0.0017525956648011057 0.007413383169606071 -0.029233670670786062
73 0.0034866240573957485 0.000495532847333377 0.024442586430909838
74 0.0032322874917057806 0.0025166329810478102 0.022543233682884342
75 0.00358209348070386 -0.0016609598411127455 0.021929857490677683
76 -0.0044904060222730816 0.0016905523142415474 0.0257279152091514
77 0.01167535332793504 0.003847051215833916 -0.026563261946923003
78 0.0027574106971763584 -0.003106016759568883 0.02385107059777935
79 0.008333027473309058 0.0025880387756540175 -0.036498235054865616
80 -0.002678250024578957 -0.01309873973508564 0.021505512581052752
81 0.0020266744121246183 -0.007791137528096161 0.02283578335316088
82 -0.007521935148094544 -0.006705743665103632 0.020118715897059988
83 0.0014978808307064932 0.013672805874731998 -0.033633445364306506
84 0.0014727542879931941 -0.00935678087131167 0.02008017104064973
85 0.005617433376778891 -0.0065494751026903 0.02565957444194214
86 -0.007942710670253983 0.00019525046644826294 0.020195612807261246
87 0.012883928117628153 -0.011927244147896449 0.008647068583366977
88 -0.011033360935933684 0.0005905323150714598 0.021579687960141043
89 -0.001530348566155977 -0.011207465143324893 0.00944455186959154
90 0.001424599774662057 0.006457412635870026 -0.027127963013127428
91 -0.0010325500451525624 -0.008356226459154428 0.014533447500244372
92 -0.0011245416947593713 -0.0062578296618125 0.008093553689475147
93 0.002379743721716371 -0.007276947999200686 0.017494750591240015
94 0.0010700148828907577 -0.0035391163708179407 0.024713591800573864
95 -0.00040979437705085386 -0.006733523915845072 0.019224747557166015
96 0.010248887271318334 -0.011629856302712543 0.01734520647726998
97 -0.010212127784055718 -0.005808277439908402 0.008229406501101192
98 -0.00022953987881778673 0.021888072278186045 -0.03083495436654002
99 0.0015538319911521936 0.01348690272942861 -0.02409529911615614
100 -0.0034542152242138767 0.008420412736629884 -0.005112806154188701
101 0.0037930364805767794 -0.01002298382102998 0.017219333494112095
102 0.0004303879487293754 -0.012931340480551626 0.019607882852381943
103 0.007249852421871627 -0.0127781480911775 0.020804608646028552
104 -0.011603350057530201 -0.004391621035902286 0.017193440790138792
105 0.002230271886974014 0.00553354035259776 -0.04111113927367081
106 0.0024173810786038835 -0.010538159676166906 0.02483868439351032
107 -8.691065266610079e-05 -0.0024713799988611354 0.021278935817903542
108 -0.009033775675750137 0.020546514350561616 -0.028148021584557967
109 -0.0037418910185163315 0.011779448588126247 -0.027787946730987993
110 -0.007278858934202187 0.00843982060982807 -0.025408834391574743
111 0.0031819461151129354 0.018596594144243486 -0.035916600767612314
112 -0.01009702259296126 -0.008261624742571541 0.01812441932886124
113 0.004233181068032513 -0.005937505405269675 0.029304174081031788
114 -0.0033579294849432266 -0.006013089551580475 0.011496940833397867
115 0.004786254273036271 -0.022978017284310596 0.025425218899347568
116 0.0057034763431489804 -0.00996603216426692 0.021015615739503522
117 0.01422100644361124 0.010264574208774128 -0.035361311451341554
118 -0.008453976386075535 -0.007942171801797876 0.02306590385368379
119 0.005921253336777288 -0.009636899913751391 0.021450269287397107
120 -0.0008578949671594199 -0.0029812544001377866 0.016842517206527394
121 -0.010897201679847826 0.0036724267976405017 0.025453204981699028
122 -4.476752385712372e-05 -0.0077794876131419555 0.023362170930680538
123 -0.0035397507396301917 0.020999080371653378 -0.037692066486482004
124 0.001438797205494025 0.0068121585866708564 -0.03579590443636305
125 0.006062991072877923 -0.0074475566085515504 0.01896849735371677
126 -0.00020929348942281406 -0.004486821315938749 0.020604858645690963
127 0.0008611106998521745 0.0020461375470506166 0.011177906094668053
128 -0.00800183444909924 0.016121855306469556 -0.037519383846987664
129 0.004451658630528739 0.0005363453892495082 0.02270837659327019
130 0.0021859404647661534 -0.007718483837888826 0.013298463000616934
131 0.002657941038549893 0.01871529335958036 -0.03877412938910797
132 0.010371167598379777 0.01815379199700282 -0.04280984385011115
133 -0.00010599202880590998 -0.00031869240670211185 0.027119628665590683
134 -0.010932503401070381 -0.014095587642341936 0.024865929157567607
135 -0.005571216923892755 -0.010700860673620194 0.01278854893887381
136 0.010654506529139247 -0.0085015076529468 0.01273760889678787
137 -0.0075794418560829885 -0.0013031133590087063 0.004667247507421972
138 -0.008952883308249861 -0.006742709139546693 0.022700212981518156
139 0.012450660241254644 -0.006056166275729885 0.023094900982270253
140 -0.005888880579248884 -0.0012012338427923458 0.01895428836089036
141 9.501048278628271e-05 0.0162510653066488 -0.02114341202268772
142 0.00041975456781502725 0.0066541367570008905 0.009957607239326021
143 -0.013051865425875768 0.00246052077572146 0.005417877363424273
144 -0.007634158145252411 0.0011493046475669632 -0.02670295735883277
145 0.005495150311303258 0.0076443648173540775 -0.02830282854264793
146 -0.009744336408861798 -0.004746987906759821 0.019354530048795872
147 0.010123075290491668 -0.009836643542743675 0.02214807627357119
148 -0.010276537977319936 0.019147941659782855 -0.034248986655054804
149 -0.004460749559732375 0.014187577573987808 -0.04618049494529131
150 0.004074697315511484 -0.003449524713739119 0.012417176910598252
151 0.011387426764426063 0.010573536634079936 -0.026749169051148755
152 0.004468411237680159 0.010742314977984939 -0.02943646010171032
153 -0.013973921211735352 0.0023811604687351932 0.011919466089767924
154 -0.000965714053307521 -0.009823000804097582 0.03121217977191819
155 0.006356339698742025 0.014434562485050702 -0.03293270426975517
156 0.00781224839773674 -0.013824668840285118 0.01884151818889833
157 0.002710244379545798 -0.004038101550165117 0.019857302109218287
158 -0.005835362736846206 0.019235913611227295 -0.02918240247815094
159 0.002969598744147855 -0.007525604543927936 0.024236170682016625
160 0.0018953932600846435 0.0019675458155445913 0.019011861128527013
161 -0.003178913960130858 -0.01194888726435081 0.025745636681165716
162 -0.00621746025060832 -0.0004522771287212013 0.015842300684963333
163 -0.0063754917087556085 -0.010275280816485155 0.018657984740836856
164 0.005272654609903331 0.011993357700376295 -0.027519304793711695
165 0.012968135433398531 -0.010822262374396943 0.01840519584983953
166 0.0027118573122436387 -0.008376480729496975 0.02695879731783519
167 -0.004806529644173108 0.015360142098498198 -0.025758389498783233
168 0.01172043384628152 0.014840994666384518 -0.02517302173480397
169 0.0016880171065695466 0.0008191752364379301 0.012090922035570576
170 -0.014772617072576655 -0.014536535814702753 0.01424566109021607
171 0.008707884234906739 0.010924560899292111 -0.027727765447616133
172 -0.0007473741637339798 -0.007126505854355744 0.01240202644518212
173 -0.0015144839685378034 0.012392634487711995 -0.030895442302221063
174 0.002762827236043864 -0.013266969100645204 0.0258188339496281
175 -0.0033275338920974937 0.018251980175083914 -0.034181873340532604
176 -0.003224246812832251 0.0003582480401894267 0.024924091920891726
177 0.00018962694839120588 -0.0020047552125011803 0.022554911787607292
178 0.0031577885833616592 -0.003106535409265726 0.012243891661601267
179 0.003735718485328939 0.014132310438715157 -0.028048653123915995
180 -0.005464607634891219 -0.01776542735977399 0.008382795100818026
181 0.005214082270077271 0.010547373471116624 -0.025062061890245235
182 0.007072829808342174 -0.014597463034851932 0.01081561239312833
183 -0.00981444315128882 -0.011758966469284052 0.017800189805649812
184 0.006203161592850212 0.02560558427689557 -0.033498390899176216
185 -0.0019799865291499075 -0.015519083748634255 0.012078397482436914
186 -0.008890616713303455 -0.0022816413515504563 0.02330168577939263
187 0.00377936010738056 -0.011086157417568077 0.012329331359015972
188 0.0007524201435064083 -0.011070982262691667 0.019497782331537247
189 -0.0008012478834182532 0.009007627147563636 -0.02332525316330253
190 0.006156196950970118 0.010224402565411232 -0.02935946543567009
191 0.007297186873433975 -0.0010807368425030106 0.018758913103098712
192 -0.007046596303033725 -0.009431218804024324 0.016034200307530895
193 0.0004973827584324464 -0.000700856795702795 0.02380349659245344
194 0.005918660596873935 0.0019127705058283526 0.020053731020702795
195 0.006801113793745636 -0.0008632355413723675 0.01832157489650874
196 -0.0024116966095413563 -0.018000296039096836 0.017055761458806308
197 0.012240893961729754 0.0009273849538544016 0.030748221691046254
198 -0.005313461476769558 -0.01607035560437758 0.02098883667671248
199 -0.0022439315172256944 -0.006896169454108234 0.01657907750281573
