200 3
0 -0.004171381155121473 0.004865213113440875 0.03854167720450892
1 -0.00104447390043061 0.02058677360068341 -0.014373935190506504
2 0.00771027637504431 -0.021692166604302607 -0.03876642243728887
3 -0.003056712494054724 -0.020816305029431284 -0.022583997940600474
4 -0.004245157033081218 0.012275335961541421 0.042471882993830236
5 0.0032298354837564727 -0.0023751776706485046 0.03748550554164453
6 0.004696612184108009 0.0015655040416160115 0.030266817386393377
7 -0.0052746942249869075 -0.0110606980278517 -0.0325729780041195
8 -0.00029927358198133386 -0.012763093316212865 -0.03546708847622941
9 -0.005671496269102773 -0.02331399357080508 -0.03706831513839151
10 -0.004048139149091613 0.019992212407211628 0.03355000618134032
11 0.0008455555788594825 0.05149775503827153 -0.015825065555393557
12 -0.009004075144117885 -0.016641811147026946 -0.022315759830988335
13 -0.0022743405406686276 0.0037147339164038742 0.03790820832025691
14 -0.0040795244333929614 0.011924657090439696 0.027694003804461464
15 0.006134220434956816 0.00014527220315312984 0.03093996195999571
16 0.006223832121136351 0.0115656791370495 0.025849663914152506
17 -0.010635431772210019 -3.869088411571908e-05 -0.03001369539032066
18 0.008828293524500846 -0.010236218552823076 -0.03757236768833119
19 -0.004207246692957854 0.005350935472923587 0.04118024496957603
20 0.007997119423588071 -0.004901035136423169 -0.032302680788561605
21 -0.00831356309015157 -0.0033248479304606696 0.04004215951589503
22 0.0017412321197877358 0.00942365241162183 0.031944347561943434
23 0.002728609215859521 0.005383203368185655 0.04242865657534895
24 7.766153456260569e-05 -0.01743196633978735 -0.036898028506575156
25 -0.007004482971929238 -0.01294845146225561 -0.030962949318417463
26 0.0017492360745964327 0.002605924663155016 0.038240394719128774
27 -0.0048453170083606854 -0.007909690860983212 -0.026252307272695903
28 -0.006971072316862857 -0.01815967247371717 -0.03954689659040407
29 -0.002571251530784885 0.007102854286258913 0.028966515285013743
30 -0.0035745588501476713 -0.013412973261208968 -0.03631531647355736
31 0.002086983026758974 -0.0003706051916657054 0.03787393409388798
32 -0.0050042879450349215 -0.0020211763012630557 0.039773587610277
33 -0.006411447792163696 0.03992268394353998 -0.01966269672435765
34 -0.001972830821497143 0.03904293554894228 -0.016334495533137705
35 0.006080211914717963 -0.02172582091998294 -0.03444054596014566
36 0.011653421906050718 0.010752019554834881 0.0382595255547115
37 -0.0028357892373242124 0.006373515838383697 0.03779126419286021
38 0.0036374345767976636 -0.016200637144683734 -0.03312280328470449
39 0.0033445549445170735 -0.013063727436277796 -0.030906613015567578
40 -0.006393446282663848 0.00309792886846506 0.04046525071332466
41 -0.005593675764936704 -0.018375995316231554 -0.02979943693334249
42 -0.009686006884993527 0.0036637763156733057 0.03804662239676728
43 -0.0014228427485604433 0.04974128059314713 -0.005816174576051672
44 -0.0035390719261629705 0.0068148074924443075 0.03761041367778865
45 0.00040631670978992507 -0.022701639986464222 -0.038023625755362084
46 0.002342698113477991 0.00046301006386846155 0.04025352210583226
47 0.012630596232740002 -0.01608390262007112 -0.029224101793813177
48 -0.00011823873827421054 -0.0067382926567551606 -0.03593891016396031
49 -0.0007035930551700033 0.003616977357243316 0.03985229332747518
50 -0.001866806550104537 0.028324818377665956 -0.02519068554779586
51 0.0026825995832103766 -0.008900033978181378 -0.03298306246675483
52 0.023626192217975378 0.037968022388195855 -0.016522104887010447
53 -0.00047383877049227835 -0.011969409811375727 -0.030843654836132488
54 -0.004488808037737621 -0.023080292251964278 -0.03147204834781589
55 -0.004746350680101222 0.04600725796173413 -0.025635276972148645
56 0.0006666153723903917 0.01374036753825352 0.03351114623451569
57 -0.0028510037229671163 0.0026852513638967075 0.03820409752493098
58 0.011184370420674064 0.010658734449216434 0.03221143762597818
59 -0.008199361571422592 0.012773507439440484 0.034499177046803456
60 0.007316597872872366 0.004538562633016856 0.030091172143542427
61 0.01709416879859721 0.01328420017543643 0.03611429748239652
62 0.001226662275031043 -0.008450753766482055 -0.033250510123565793
63 -0.0020020903464599074 0.003300441035573285 0.037901761895823546
64 -0.00020756129937982756 0.0032775888499562574 0.03390317804672999
65 -0.0034246884108025608 -0.006611704580837893 -0.03148420562415445
66 0.0064305506075321255 0.016535319872206765 0.03739341709034097
67 -0.005809316056179237 -0.017464766203967537 -0.03373242915063261
68 0.0015980199333403278 0.006994979438737994 0.0334127397287339
69 0.0011895503435290795 0.04270998787524494 -0.016981770754419152
70 -0.0044663356642269045 -0.009496550942810201 -0.027608405760896768
71 -0.001076648902703566 0.008754337154787782 0.03860739485991063
72 -0.0015926426966086304 0.004310908420829975 0.03873553536385565
73 -0.009765238867292123 -0.012724925206859989 -0.041443421093908944
74 -0.0062514577031845195 -0.008562176537745717 -0.042182814200214
75 -0.008307147920189266 -0.0131345261790805 -0.026150101881630073
76 -0.0021298291498696408 -0.012103121070604555 -0.0322060314398777
77 -8.151880885757905e-05 0.017005162332981195 0.036125446130755384
78 -0.008898590775995516 0.006087720292329002 0.03840893163404883
79 -0.0035135288523251845 0.001728845164419332 0.04217215893158652
80 -0.009117113326629414 -0.011844611730342238 -0.03563133133971677
81 -0.006634290847730512 -0.007652398678230519 -0.03751414838060409
82 0.002921506900218609 0.009952573346813681 0.03931977066870711
83 -0.0033405341886459435 0.017577746763015645 0.041888053273257245
84 -0.0006484571699161973 -0.00012130596166931508 0.03670944386750707
85 0.0034738437602084404 0.0054567703764343695 0.028794411822126123
86 -0.002400540892450659 -0.010096659326552546 -0.03431523419649662
87 0.014903089545550072 -0.016075491166877738 -0.03315056023295079
88 -0.0010145844641266145 -0.025278168747648308 -0.03396851764331431
89 0.0029993635639415026 -0.00871159582927274 -0.0369163611985185
90 -0.0020730569958485184 0.008797865980598908 0.036079616799086514
91 0.00021186466735973603 -0.01730456022292451 -0.03783692172852722
92 -0.00441329995630063 -0.020817298224191528 -0.028914111460018512
93 0.0010546629207275632 -0.014725220554555704 -0.028573012498628557
94 0.002431040985068092 -0.01869054676039006 -0.0364616375300188
95 -0.0020008951938758693 -0.0068976116484362054 -0.04344359082618897
96 0.0015892993149389419 -0.012759527042150259 -0.03905808231983989
97 0.0005299185338862936 -0.013326631519315435 -0.03269985216134169
98 -0.006686997726894746 0.0013284361001552783 0.021844393813712712
99 -0.006976658404220999 0.0015573034377578954 0.03498898242512809
100 0.001234043507577158 0.003662475537355058 0.03260716257883783
101 -0.0073116839341083595 -0.014930880915873107 -0.026065978512215583
102 0.0014831892622885756 0.004483510736390919 0.04390175975442262
103 -0.0002313175151789828 -0.02191568125838641 -0.02595587386334694
104 -0.002419637442113841 0.03558265084512538 -0.007724936557552575
105 0.0011593409033293853 0.0015399744824562932 0.03949975103727077
106 -0.005341192565769877 -0.009132019355230095 -0.03157661615923114
107 0.004083048853971365 -0.01724206303540808 -0.031620663174049296
108 0.0028827860419170888 0.002149066985023532 0.0385883351401162
109 0.0013808674701593672 0.004320753865951612 0.03370304264285808
110 -0.0005566031773249838 -0.0018472826411486225 0.031559424233112275
111 -0.006651380033718398 0.006058384458206483 0.04229203431833505
112 -0.004979505604425713 0.036488411950386504 -0.011025956183608784
113 0.009266599883485008 -0.016039139581220906 -0.03230720905754211
114 -0.0002303573619071228 -0.012990182293028663 -0.03951927540040364
115 -0.005434685695421014 -0.010996292940394722 -0.024972302339662956
116 0.005013781607908054 -0.016294772079431117 -0.035834888822537
117 0.0024786451488760554 -0.0015568983139816056 0.028637015886576314
118 -0.0019807398530625724 -0.008034583246603078 -0.036691934380145945
119 -0.0037635359003931647 -0.015770557289177672 -0.03831172543207514
120 0.002175811634188514 -0.017564919286248277 -0.025050572221095076
121 -0.004591310682645823 -0.013135560178744546 -0.030832191538675124
122 -0.0011895249121218199 0.011171723593225106 0.030765395526405684
123 0.001391512858103145 0.0019092675903314106 0.0319041033510491
124 0.005720584382833044 0.009780482510538435 0.037392075343053555
125 0.00044534327038507973 -0.013481496754853686 -0.03234372139666834
126 0.008995470003017383 -0.018222371661751172 -0.026313183827589473
127 -0.007909172348069371 -0.011378681719364146 -0.029044298525414992
128 0.005605186616916377 0.0054973098245197265 0.03122826312357724
129 0.005151528227004529 -0.020973686872434016 -0.025195762720307026
130 0.007612136627918438 -0.011173882678778176 -0.030845065265647627
131 -0.004839510880925518 0.0021862217365247114 0.04249595784691163
132 -0.0030801025856162408 -0.0004838773783604959 0.03876597715461636
133 -0.004113646823146876 0.011182247918524037 0.03943899032487147
134 -0.010874981437581588 0.03446297738800927 -0.00021855251984539276
135 0.00774074613995987 0.009885802434881075 0.03326512207340512
136 0.004016237311838523 -0.016948498157177735 -0.03926139938220405
137 0.009568761435052434 -0.017390103332277113 -0.03474239901087854
138 0.0031701533886226846 -0.004187494606640594 0.03492783464029742
139 -0.004873856227636909 0.027359459763762375 -0.018196249824647348
140 0.016781250583998153 0.03432205091163948 -0.015444992395784368
141 -0.0009101987867415583 -0.002847661405028769 0.044662570048782435
142 0.006723186732358104 -0.01360600917733171 -0.02846428934623116
143 -0.012528452730262984 0.018461170905532412 0.03639894315155102
144 -0.001724806501126972 0.001993668791431295 0.04227012985646035
145 0.006172420985292595 0.010818689064830769 0.03280270466345426
146 -0.0007334902583583935 -0.01899764013713139 -0.0374432644979455
147 0.0007354839371158557 -0.01799865231929089 -0.02738823492219685
148 0.01774703991663351 0.01448689582744053 0.0317487189452298
149 -0.007923938864509185 0.008588547873001803 0.0350820838773043
150 0.014175630549512097 0.04001328896987652 -0.016127999854008847
151 0.006647808057418839 0.009711724092787229 0.03999727900904834
152 0.003868119561265329 0.00239915149925303 0.0427715641797531
153 0.005333654187664991 -0.011814492681446707 -0.038375425484586514
154 -0.011670085916326497 0.03355997337986778 -0.009660619468518712
155 0.0026710401508131913 0.00337612882461673 0.04127821262702454
156 -0.0054444100460696795 -0.016068275259260016 -0.03607577271172317
157 -0.0029461771498846337 -0.007177413212084533 -0.03241510907594014
158 0.004445335551916146 0.006852530344485402 0.033809959716240075
159 -0.002274709369561475 -0.012996026393931544 -0.032246310304537985
160 0.00045714516750709755 0.00021892821230883736 0.035963856112877515
161 0.00018771103863215836 -0.018051699142401033 -0.036804759124267686
162 -0.0019229773097298175 -0.013597695867434784 -0.03322434167691746
163 0.0014123662758564384 -0.014431501471778858 -0.030763861885681032
164 -0.0023887350712055444 0.008544296868710263 0.033567219813678835
165 0.005080363505284083 -0.015511050979189693 -0.0374590540335132
166 -0.004242254816308525 0.01013061035228775 0.02687454262039502
167 -0.0027992513839150412 0.011985730955492163 0.041355198442378754
168 0.00347817159733646 0.013588751979919069 0.04141306221124306
169 -0.005284440051637876 -0.009411446878529238 -0.03603940838328265
170 0.006860190760834939 -0.0198271254580411 -0.036236390668040686
171 0.0024320169793721367 0.004660097576349953 0.034603522882498
172 -0.001788735073184845 -0.017053909884118 -0.03581346776888829
173 0.00120001586465655 0.002042781079385678 0.0346592283457668
174 0.0009406901223684705 -0.012214622326204013 -0.026811852358842328
175 -0.005936633428077934 0.013599671212160654 0.030107839314903267
176 0.001395782111590027 -0.014831574164097139 -0.030008024888222157
177 0.0050444539217950266 0.0071678945498820775 0.03437524720791657
178 0.005560846673626857 0.04854662870536994 -0.020160569464711925
179 -0.0015632883370357408 0.0001644313289769824 0.03665694283240935
180 0.004191318962178829 0.001802991937895607 0.040646914005582686
181 0.0018438911705021578 0.006294482227590492 0.03612051270010638
182 0.01603391088227274 0.028801011777216626 -0.017635210488801442
183 -0.00039513246942299296 -0.016863173179419138 -0.03704933661178868
184 -0.000864763561138647 0.0027589335884630264 0.023658266405203354
185 -0.0017638493123252955 -0.013322862320742358 -0.033703018242720206
186 -0.010982311467538738 -0.014761112199642299 -0.027271870221242847
187 0.0024014435828089726 -0.014367960529993418 -0.027566459908093588
188 -0.004762357031771719 -0.01642250228341957 -0.032056296797145445
189 -0.0004340157112617503 0.007007804213340834 0.04978269544909017
190 0.001878996495987266 0.005076638213372096 0.02984113409254128
191 0.004742888499473956 -0.012330803748217895 -0.039936483280943846
192 -0.008328497310857164 0.03367014591731324 -0.028268193683942858
193 0.007616120007183681 -0.010008726259697693 -0.024721254872611582
194 0.00040907618225796694 0.0018886030113508014 0.036950133110114455
195 -0.0014895412374192176 0.007063460501701702 0.033184089187549774
196 -0.0007938966058323865 -0.015594347154265421 -0.030124272465506644
197 -0.0057250431882509 -0.011827913806379715 -0.04138977478522789
198 -0.0005625340881933016 -0.020937748475385723 -0.025854232759913554
199 0.013457728021715548 -0.009462251667647671 -0.025427889781196495
0 -0.0035079378499049893 -0.01515075702286919 0.0034846033311141944
1 0.0014253241512462347 0.04060943741581395 -0.014838294692838018
2 0.005054392230791092 -0.006787891240325215 0.0009391736037686477
3 -0.00013947916395362636 -0.008070125840003925 0.001946608522945599
4 -0.004398322700005647 -0.012738393588252711 0.0028469784978909785
5 0.00283576062959473 -0.013239577892725361 0.010542322295261933
6 0.0007967907212825948 -0.012637927657186122 0.0064125108828720495
7 0.004361705129709226 -0.013058975084401903 0.003621017810786692
8 -0.0036630139622008603 -0.012953789579796073 0.0039825907693067306
9 -0.005054234136399674 -0.004807933395975732 -0.003116508538330065
10 -0.0015537996420417893 -0.0036267437266028074 -0.0016656012821718164
11 0.004326892254943706 0.04250108158120752 -0.020436460504695907
12 -0.002387027130523231 -0.008454062252071102 0.0005026979453072455
13 -0.0012399314755903446 -0.010863434330871051 0.001036035423221393
14 -0.0070538536726317755 0.0022633945997979008 8.181032161366786e-06
15 0.0035527664875715376 -0.005465937817227708 -0.002762207949441736
16 -0.0030870040842783525 -0.01171147049614019 0.004092612825797558
17 -0.0072874271086048326 0.0004223753408546544 0.0019529476642019747
18 0.00397428353999775 -0.00448147725230095 -0.005240902899445926
19 0.0015852575112795912 -0.0058826570407260245 0.0026892700876632175
20 0.004151188851997452 -0.00260277444202011 0.002223085748716845
21 -0.00012366684258263705 0.00020088343965796954 -0.0014369563989161394
22 -0.005340955032513157 0.004685219391011191 0.004382995698130138
23 -0.007146357363197658 -0.01128411332843509 0.009072857897094541
24 -0.0010517250459359069 -0.009758804512642834 0.0008776754066874698
25 -0.005416507077934771 -0.008519099656818152 0.002216431661617446
26 -0.00034172810967987577 -0.0010248133715362422 0.0018609116677617554
27 0.0014122653931977272 -0.0034550875540090165 -0.002049354758832292
28 0.00014556761807948265 -0.012640035610219452 0.005771757489525645
29 -0.004704319783681403 -0.00506955509306495 -0.0007188368016110766
30 -0.00026513431708768205 -0.006243512202956762 -0.0019744247081816685
31 0.0014280769549028655 -0.008137535373930546 0.003418837948881967
32 -0.0004723304164855058 -0.004524257344219466 0.006451651345703191
33 -0.003172977828094628 0.04671636263347631 -0.013594880265004411
34 -0.009650977264683502 0.05238710192658186 -0.01546227243456854
35 -0.009631735816414312 -0.007012764200838996 0.0007012207550956481
36 -0.001400964235322863 -0.00443424281265313 0.003065310599428453
37 0.00395066249645233 -0.004210294063293155 0.0019786405417790143
38 0.0045783277864975165 -0.002862400100831941 0.004823875326891255
39 -0.0011477928291725899 -0.005094813277264593 0.0005725381185908221
40 0.002362599621308848 -0.005485727830000951 0.007530550317443319
41 0.0006118244385771646 -0.004346266871836063 -0.0008563691182056701
42 0.0002650576659374154 -0.005332259160934253 0.005618087194098245
43 -0.0033527624328799806 0.030380813531359352 -0.01684674086710182
44 -0.0028489234456632317 -0.008506881169023012 0.0007293222097525115
45 0.0009753417962049954 -0.012454702489729179 -0.001299586407338911
46 -0.0009031298775342473 -0.00043291457904409453 0.003153210486938493
47 0.0058381323188543 0.0004336539690648136 -0.004097121840555502
48 0.0009897250310470923 -0.013987152838573734 0.0022865557572274986
49 -0.004191852667251283 -0.00885278470763956 0.0010463312468042205
50 -0.005984506430732971 0.03005023388823541 -0.007323024309386042
51 0.006789944144238308 -0.00872699391710045 0.0013410562219936459
52 0.01872441412670217 0.045826836965341414 -0.017205977362271523
53 -0.004745556305677004 -0.01249558728257931 0.0058056759172264785
54 -0.0009886946130813201 -0.0018961825951833919 0.0046313465952187785
55 -0.012893690077008177 0.04094494009001454 -0.012294848608206725
56 0.002179161075735212 -0.01161723265691375 0.00494876927530169
57 0.0004490006904139601 -0.013482018416891249 -0.002816322250993819
58 -0.004545644700998067 -0.005638569518333459 -0.002080281482054705
59 -0.004989069323037332 -0.0020251097578030675 0.005158669445623779
60 0.004611562903141644 -0.007989311177055881 0.004279846611275728
61 0.003552081952654426 -0.009231325783701928 -0.0019235267883339346
62 0.00656202704808552 -0.0020413581767618405 5.019418617425997e-05
63 -0.0029046681980323744 -0.0035991250740506475 0.0006307183248833864
64 -0.0007677669997700485 -0.003836296431767571 0.0037516653282234913
65 -0.0008032853845991381 -0.008871091894753842 0.0005508177139049858
66 -0.0011133643569080504 -0.007761389891770387 0.0031689234874877764
67 0.004232537860737812 -0.009994926535840727 0.005112133158466599
68 0.0014719753338607935 -0.0028657932190551422 0.0013258279548912233
69 0.005820939987747862 0.04759075620671485 -0.011502374499538295
70 -0.004305911054873213 0.004204308147085486 -0.0013493711946899745
71 -0.0018323972935876832 -0.010517776979377547 0.003878460154579197
72 0.00100704681007301 0.0039046560305196426 0.0010004941869775352
73 -0.0012589452646911137 -0.006232255358306878 0.0007986445785647944
74 -0.0035639942601667154 -0.003389797878707597 -0.0011910060657387839
75 -0.0042522138183544445 -0.005623189521306391 0.002169780371613625
76 0.000815095716756073 -0.00388076736799867 0.005515505474069114
77 0.0029992489739966276 -0.00620026459945178 -0.0010303937517978506
78 0.0009345982357723062 -0.006432986064212609 0.002047751589120614
79 0.0008947490571932296 -0.00930533920687108 0.001521740333781385
80 -0.004539769095912985 -0.003683555381447958 0.005663413011864654
81 -0.008775259759321294 -0.0042928148678282214 0.00328399225340012
82 0.0013324990452649038 0.0032776350725131492 0.003097490024403432
83 -0.00020122721324706584 -0.006193027791234866 0.0036357224368850777
84 -0.0018065444544570208 -0.0022701616510178734 0.0011521390859513814
85 0.0010607029974728042 -0.005809122760227103 0.004587303902710699
86 0.0001841335909166411 -0.005603361585374184 0.0011409963534673162
87 0.0032166883271961266 -0.011023770882981253 0.005661955189635574
88 0.004035118726989306 -0.00929614030140747 0.005040889719709958
89 0.005245205641541316 -0.009113514583364218 0.0039649128606249195
90 -0.004336399607551944 -0.0036620418879033945 -0.005743358758272109
91 0.002087758467929343 -0.007494656980305027 0.0007861401172388205
92 0.004070431637798544 -0.00273609634992332 0.0017469098091625196
93 0.0024801221333617396 -0.006834203911589433 -0.007819389680583336
94 0.003949455180690696 -0.010286501658152564 0.009094442728420665
95 -0.0020738546955789347 -0.0024783274086988237 0.0025920120048182616
96 -0.007967064549783536 -0.005703851177295209 0.003915264138340292
97 0.0002306130747977246 -0.002335028739680384 0.004775063529183193
98 -0.004447306345266473 -0.002533713800820502 -0.0005914041102163259
99 0.0015279125680909104 -0.0005011626662431053 -0.0034908236046770763
100 0.0012876448016052554 -0.008267399009748218 -0.0001673404040809373
101 -0.00024215051585556313 -0.004353332070398813 0.0019157523225681802
102 0.006022756478870756 -0.0012800407102338505 -0.0011834181903865731
103 -0.0016837544485801704 -0.008448778053614735 -0.002767864294030982
104 -0.01006674366789223 0.04688219714012981 -0.02123022766921226
105 -0.00016094973463646675 -0.015311962016728782 0.003931623539663073
106 -0.0017881137268864165 -0.006510223941057289 0.00012497970100243394
107 0.0028390280674791962 -0.003950750281878957 0.0017098011812979527
108 -0.0011671385115844587 -0.006875702135893628 0.004190284899114646
109 -0.0027535549139520773 -0.007971928652016819 0.004750480838551924
110 -0.004887574428563194 -0.010681562787634645 0.007365670314907591
111 0.0014568698399167676 -0.008348039800017486 0.0020043138490697804
112 -0.01397050801439656 0.04495741361923154 -0.022984262744130853
113 0.0030400911448136975 -0.01341464276777029 0.005668607717062457
114 -0.0033139642210247167 -0.00886486974782685 0.00660324556200613
115 -0.00451072703535136 -0.007211945817259504 0.003953999074536592
116 -0.0014040044770628323 -0.009329291408779868 0.0023794234914464724
117 0.0037559855856947287 -0.004892048977332957 0.0018167647124739256
118 -0.0031210437724267515 -0.004144321674654519 0.0013476126086814505
119 -0.0028053895970735834 -0.004781005759606431 -0.001406697853483671
120 -0.005315758734011963 -0.0006719093510673055 0.0016917922228711427
121 -0.0036843347904648924 -0.006852487134750729 0.004315608307047129
122 -0.002364451747724025 -0.006988564963657226 0.0016829936284148417
123 0.0034687807944841775 -0.010396567299270298 0.004495920823987351
124 0.003800704927938714 -0.002110223029874198 0.001015623744148722
125 0.003175634490851396 -0.006854081076031936 0.006131047966566161
126 0.002173511269782741 -0.007441495870492372 0.008123869160431875
127 -0.004241400366467668 -0.006092214567989165 0.007940981168767486
128 0.003108913838046644 0.0002468749890102897 -0.006835196340334783
129 0.003877205074832926 -0.00658310013906372 -0.0004275799994251442
130 -0.001400625708094641 -0.01443464803924107 0.00411882220659706
131 -0.004524133004471395 -0.00654205489543246 -0.003912390295613563
132 0.0032303357942133517 -0.005578249109611277 0.0006966450516917716
133 -0.006878739565265302 -0.005049557111460703 0.0012023736111782118
134 -0.002301560245655504 0.04936823459778858 -0.019054097953806047
135 0.0008193411822827457 -0.009258306659726769 0.0014434552458220395
136 0.003492604713692442 -0.007488476454316877 0.007412071647608209
137 0.0037830336688974703 -0.012587193620732622 -0.0003572383148823799
138 0.0029032849389547394 -0.005573169321379811 -0.0012863894373446316
139 -0.00017664732465929103 0.04452859813115935 -0.013840546907879073
140 0.007575240151149465 0.04511086516069669 -0.0206893851037957
141 -0.005096206812047335 -0.011878506813639375 -0.0013403226908978855
142 0.0002617597351905476 -0.0049631393117830075 0.00740055297838884
143 -0.00531981000421386 -0.0052255450562847805 -0.002143507373887625
144 -0.0009249175942253414 -0.008034807743587379 0.004520736695807714
145 0.0027538182462158167 -0.0036949890768542965 0.003303957311418519
146 0.0004176354900861587 -0.010814644419819462 0.0035294821865726814
147 0.002597857634545467 -0.0119353314778285 0.009201307998397329
148 -0.00026282302205882235 -0.009995795359025396 0.004925465326170088
149 0.0013053489500301045 -0.012754244994461683 0.009494252075255435
150 0.023313385648144225 0.039616966224052974 -0.015466098784607737
151 0.0024982480753327554 -0.006255392161756027 0.0029730253084645775
152 0.0007214348604440285 -0.0021676709215073895 -0.0012384145475708708
153 0.0008856981413369325 -0.002416805901043057 0.00555510979755422
154 -0.00566945045471047 0.04075695758354826 -0.007587032955654861
155 0.0010827951281917924 -0.007789028958100338 -0.0012532173011662873
156 0.002389491450486704 -0.009103556007395083 0.0038262458187166143
157 -0.0021076360191434676 -0.010807128092657397 0.008938072117143751
158 0.0048181134008525445 -0.006635502443101127 0.0009320737579299396
159 0.00028262293936426146 -0.0061042829141871435 0.0040274189129800575
160 0.002336130315338261 -0.010355822992338757 0.006599863703346184
161 0.002727570416844971 0.0050484081003517554 0.001416779674415787
162 -0.004066544741707869 -0.0022662530617705706 0.004046636615399515
163 0.0003706881937204729 -0.007738309643542333 0.004101000476353776
164 -0.0011144429073373444 -0.002904754625136806 0.004311002494872665
165 0.010158076234081506 0.0030878119620047287 -0.0030001763600214365
166 -0.003391350241862312 -0.006949607213241657 0.004500747913359138
167 -0.001887511454150427 -0.011903551524928143 -0.0006267199685939251
168 0.005040746163001472 -0.009694241728987214 0.006380433131926447
169 -0.007263132129005728 -0.0044566344827687825 0.004044844251697335
170 0.007514299756247483 0.00047005357219210425 0.00046527234689550806
171 -0.0007166229075550503 -0.001237211142781136 0.00019587195753389963
172 -0.0032573277450451167 -0.004116201153438644 0.0019036661369010999
173 0.001073529849675934 -0.0034389221744059355 -0.0025685236747531454
174 0.0018830245672791148 -0.009838896808280206 0.0031541789694158745
175 0.0019070653799638133 -0.006108763067117388 0.0010271798719052039
176 -0.0065266012969440665 -0.007874319511430534 0.002734988131538378
177 0.0019919301570116045 -0.00901517560614961 0.0007729836789530514
178 0.020671233276448098 0.037158229926001346 -0.011052531770906947
179 0.0026888668132184004 -0.00363322369228935 0.002335416738976262
180 -0.0012522118290944559 -0.009843527799198374 0.003921802570648586
181 0.003535460529987834 -0.00921104349631805 0.005920885768788686
182 0.002332120315996944 0.041816285856185936 -0.020944597200556324
183 -0.00012456069795035735 -0.008868799231385414 0.0035934760945902852
184 0.0007298049772591075 -0.01432315566393742 0.003732184298054296
185 -0.0012658738662565394 -0.0054879708458246725 0.0018102984896477409
186 -0.004012081823027161 -0.008726700307079789 0.00397651103815895
187 -0.0017326602329630295 -0.009831334476320959 -0.001067159845403176
188 -0.0025593897764622647 -0.006972359925067159 0.0052331822226212785
189 0.00016127714883612185 -0.006300866948610375 -0.0009877070895585177
190 -0.004571225019337285 -0.006932799463468864 0.00368846219633584
191 -0.0017569295564572665 -0.0051854354102436225 0.001717651434191475
192 -0.0034160127851072114 0.05125730630128601 -0.025195602783658268
193 -0.0001449198277496816 -0.010730726366228408 0.0007690113311928162
194 0.004062375788096935 -0.0035432185212546756 0.005432306068946138
195 -0.0016180029114935147 -0.003788893341078292 0.002416059173858759
196 0.011111083382658177 -0.0049715244028497516 -0.0009293731181036768
197 -0.0005442605708824919 -0.0076392866977064156 0.0036092783389399807
198 -0.00030054462649459386 -0.010838380874481933 0.004634246507414848
199 0.00397727131827208 -0.01005130740516047 0.005541321848125398
0 -0.0033758004376648956 0.0007126767423243606 0.04423054445418321
1 0.001375522455788137 0.003424874123338306 -0.03522626401498437
2 0.0014750082011016144 0.003828282569386693 -0.03600520094696246
3 -0.0020935674136335868 -0.0033083549947178215 -0.03806314050720848
4 -0.010187194357270474 -0.0009441163002504045 0.0298923732614787
5 0.0032441707028969674 0.0069907194713923 0.04365008600240069
6 0.009445959250610494 0.0009699683581946492 0.042003279329386016
7 -0.0008349464980710267 -0.00105345418833621 -0.03324499502671627
8 0.0023581719858148404 -0.0026927661972037595 -0.035214982953996665
9 -0.0014184388422427974 0.005270925884658162 -0.03657879425067786
10 -0.0036837151421357447 0.0059609257965378 0.0436287195647633
11 -0.0004188927360219731 0.010352294736015566 -0.03447557199375109
12 0.0011689305745828035 0.00404495990059156 -0.03607599499970879
13 -0.004935145066396432 0.00040392284875017184 0.03809165918369971
14 -0.002372180583843621 0.005229738808454731 0.03869559488198357
15 0.003954577219772111 0.007280160154604807 0.04230864069100711
16 0.00029669800788786546 0.003410630122497785 0.04142464570935073
17 -0.005910918127085843 0.004494232503226031 -0.031044361822991286
18 0.009868945716051264 0.0026779754058553137 -0.03956260406406545
19 -0.0017311169828205485 0.0017076782907628995 0.035483451809321075
20 0.0028214764892980915 -0.003420488436820735 -0.029922181195904236
21 -0.005242233060888037 0.0019839326885330664 0.034950677222474844
22 0.005797955531875164 -0.0029720360039772777 0.04064656293951632
23 0.0014619410763140987 0.0010186960777890611 0.04543450578285841
24 -0.00039366114183468116 0.0022143272897567484 -0.03367728005858572
25 -0.008768237691001296 0.00734507299896478 -0.03164883523105194
26 0.002413244177191255 0.001425642095248818 0.034785088766072204
27 -0.0038121479602279927 0.0021422958295606136 -0.031026604823448524
28 -0.004896547190752144 -0.0029534338981630076 -0.02771717495325302
29 -0.00593506267656662 0.004144802301822747 0.026770582827746157
30 0.003728600292585228 0.003317739415826318 -0.03654431937850027
31 0.0019448426635321515 0.005059221975348761 0.03594466571591945
32 -0.001879321368052099 -0.0006961165534133569 0.041409451157337435
33 -0.009979034305842599 0.0026593251792022266 -0.033960169426178646
34 -0.007343842067774067 0.0037000173435753625 -0.0292351484256072
35 -0.0010062952440390432 -0.000580176203008119 -0.03442904566258838
36 0.005432418502406597 0.003773626673377755 0.038741818950295985
37 -0.0008026312530460956 0.003283064125363796 0.03340236739493435
38 -0.003146954275959523 0.0075700189121037775 -0.0338757995913412
39 0.0018528773825632703 -0.0001125747834688634 -0.030192758351174093
40 -0.0014031932629238325 0.003914589575473557 0.03752179357751899
41 -0.007863026891951848 -0.004514792137586911 -0.03357386650328044
42 -0.0031559421122877365 0.00548931189805053 0.03328235659119904
43 -0.0015958203057061283 0.003973017206510027 -0.029047411903803753
44 -0.013505622414512447 0.003989202955801788 0.033521790484860696
45 0.0031793422716005874 0.004744733958792276 -0.02981444446801776
46 -0.0011923786617534593 0.0005658977491016055 0.03839586334421485
47 0.007672034780597123 0.0013954425804403384 -0.033096490589276426
48 0.002646862452965448 8.674868839526895e-05 -0.0340076442889947
49 0.004111544304277171 0.006727416595269875 0.021735970321535153
50 -0.001778037790952168 0.003311051719289318 -0.043087271069294636
51 0.00801401394868155 -0.0031215829362720438 -0.035007761313879435
52 0.008158773784661039 0.0006294769751060414 -0.04085252736026256
53 0.0020806118953388218 0.004275017363768924 -0.03132798625462888
54 0.0022616807983999593 -0.009162410584118014 -0.031209871202612267
55 -0.002952564376985295 0.005338592109646295 -0.03165037878895299
56 0.0031020674213362125 0.006648997834142712 0.0406883725223645
57 -0.0005053287718356503 -0.0015802878043869456 0.04153680032072067
58 -0.0025390061731240428 0.008792492202340487 0.03439884950144759
59 -0.0013907408224004547 0.006776014212029946 0.032217790995824024
60 0.0058686388226723285 0.003703917708657226 0.03940830652921486
61 -0.0036703485144865683 0.004869244911595077 0.040593774814346645
62 0.00323657133023815 0.005786328380922259 -0.03578665673530663
63 -0.005233418078357123 0.004413107623507915 0.035323290697197585
64 -0.00035534042296512906 0.0007566106107518931 0.03842955684062989
65 -0.010173679229823616 0.006427072998999965 -0.038235604536180315
66 -0.0002906805062307498 0.005744889669153052 0.041642881713625395
67 -0.005506035004015815 0.002664345304578479 -0.029871103096016365
68 0.005184247829335197 0.001967496459924974 0.03209308574634699
69 -0.004008809935299592 0.0026600359037668164 -0.03879808718348951
70 -0.005987453305561323 0.006046888844694487 -0.034020988412449424
71 -0.0006610114876545795 0.0044456175490129035 0.04327194054811507
72 0.0006742085219431935 -0.0004914841431395544 0.036027262684510085
73 -0.005061752672730874 0.004397067484189138 -0.036385870059977225
74 -0.0027431960833621816 0.004699713220358849 -0.03386661743315205
75 -0.0006746500114324927 0.0025148327476173446 -0.03336812458709655
76 -0.005029667003791122 0.005265091360684718 -0.033197040740366994
77 1.812520273457817e-05 0.0030311265462891826 0.03485327952393914
78 -0.0038395069839281468 0.00607003168475267 0.04209630191223821
79 -0.008948084428102833 0.005029013408913296 0.036620246119591686
80 -0.00556518391254418 3.193887966813219e-06 -0.03330354024713221
81 -0.0027721013827491092 0.0022798885251854844 -0.03248840948291302
82 0.00045067045552558277 0.010275657046575633 0.03815560071897684
83 0.000591321705212958 0.004058613214903643 0.04382007302706718
84 -0.004621325577351121 0.002296297794911625 0.03722297911266086
85 -0.002528153392176425 0.003980352748172204 0.0383784758555869
86 0.0025741752994475156 -0.00023086073511809427 -0.039605486978000155
87 0.0053874104324651145 -0.0036122555454470087 -0.03568904547206145
88 0.002739077335282881 -0.0008148876078336031 -0.03505860625234011
89 0.0007282453720385204 0.000964339706855246 -0.035465511573888
90 -0.006581164403819867 0.0014720154548130537 0.031414540104668084
91 -0.006424676206543741 -0.003513233234562353 -0.03173548831424984
92 -0.0004958796755635307 -0.0008306959779085174 -0.03532699329907305
93 -0.0014683011272535757 -0.0019036868396909434 -0.030717429762300567
94 -7.213311815647966e-05 -0.0045832436197216775 -0.028724656844423668
95 -0.004254077483564302 -0.005306560885969463 -0.04031517693059871
96 0.002701623680047772 0.00012252351772153516 -0.031038890546192684
97 0.0038896076039931435 0.006583458197377193 -0.02997208563593542
98 0.0013261366333550406 0.0026701643783632535 0.039762665166345405
99 0.00028247751640438426 0.01005713254525413 0.039297622479115654
100 0.002636438706009176 0.0027934624485134955 0.043936252460183844
101 -0.008480829206609815 -0.007422349464793344 -0.03187249370108983
102 -0.0006474692256867691 0.003998865043759231 0.03555317614241807
103 -0.0013353672559319081 0.0005569295122797024 -0.037673430712604754
104 -0.001621526176024797 0.003048131854993835 -0.04323752950615293
105 0.004334034243932628 0.0031744396846481934 0.03764981434636406
106 0.003894892259677386 0.0069589838204621585 -0.035439413056460325
107 0.006150513962963386 0.0072427250085792295 -0.037016400194108755
108 -0.0030435598866568317 0.006488590465496882 0.0455751628290831
109 0.0010570611714937964 0.0070443909894410545 0.035385252887740457
110 0.0011291666979741898 0.0010076883909068725 0.03729562458898682
111 -0.0028752695522366173 0.006236642506388378 0.03890638974019759
112 -0.00559923136941512 0.00010207107846621488 -0.040717158856915556
113 0.006417916658319742 -0.0022379223656445735 -0.03917918783611503
114 0.0007561058780033436 0.0038588088869928386 -0.02757693353634557
115 -0.003596358486357261 0.0037546175552778775 -0.03357704324677492
116 -0.0006081339775967191 0.001847328210944424 -0.04135999155104317
117 -0.0005339350442129104 0.010737169437534447 0.03562059884171174
118 0.0030794464255747434 0.0004229101140192128 -0.04650654167206794
119 7.763682874682709e-05 -0.0028658648992965358 -0.02871286244743597
120 -0.0046654649277074745 0.002696462539353784 -0.03403182309183319
121 -0.004822552752026928 0.003415810916866213 -0.035050030685192066
122 -0.0048002569532159395 0.0028198865308602886 0.036868031317643594
123 0.001935901604611278 0.0054096871115141875 0.033330006756025585
124 0.008113575729670405 0.006970494654404032 0.03527838503343106
125 -0.0014181951270078666 -0.004710118924208896 -0.036926010222402064
126 -0.0017284268158341692 -0.0003878131327117243 -0.031213654340650203
127 -0.003997504552948117 -0.003026539870992599 -0.039177110214688345
128 0.0013491358225749053 0.00174466929590056 0.036437831596641046
129 0.00034435056357594307 0.003741015002188576 -0.03872395023480846
130 0.0020580845523183317 -0.000666521428420809 -0.04317749202656326
131 -0.0064333935038918405 0.0006436571744484563 0.03538272258270567
132 -7.244558817543205e-05 0.005987846419334329 0.040889646772214065
133 -0.0035857874032529033 0.000911288713580212 0.029290521290465873
134 -0.0002802478160309624 0.0061185251434701105 -0.02896976643054485
135 0.008225688932816208 0.005776371163357097 0.035165382676604844
136 -4.736065633739739e-05 0.001987780866068059 -0.03854287626888998
137 0.004664353016647513 -0.0005168245405186775 -0.040965525149659246
138 0.004128846797549129 0.0035110341385916916 0.03811080517966832
139 0.00014682372745341774 0.0008365405046447394 -0.036435290880204585
140 0.009432830283553795 0.006862383274408912 -0.02483279369891752
141 -0.0002153767088377348 0.0037364629903945956 0.0417884173423747
142 0.0027114486760027798 -0.0010029359091910314 -0.038437321299071764
143 -0.00912989536000583 0.01496882860591995 0.035924612890529437
144 0.003197571936520263 0.0055279110227111836 0.03342881025614041
145 0.007568569343239406 0.011926833211967226 0.03333329284134848
146 0.0064130213034115195 0.002510605835524718 -0.02550684548793927
147 0.0027173958465339376 -0.0040035993249825375 -0.04460484154914243
148 0.004519542329159049 0.001450608274855398 0.03490302682184239
149 0.0010069433143202779 0.002521097652897951 0.03728037624091392
150 0.006763480633425162 0.00014271823943520778 -0.03894521777724822
151 0.0029759458951212625 -0.0004525692828363636 0.03485512177523819
152 0.011849603392741707 0.006115792524689259 0.03508049088233346
153 -0.0002485834241294782 0.0076168073725018885 -0.03597519759841707
154 -0.0015750393059104362 0.0016856232525062909 -0.030496546743136264
155 -0.002601841968867144 0.0038905259998732256 0.035089697397056877
156 -0.002838985087870522 -0.0024252369061696713 -0.03733637502891416
157 -0.007857575555747003 0.003831635941235482 -0.03232774571690793
158 0.008435412766636036 0.004760451392818228 0.03360395369667482
159 0.0028102286140406995 0.007882108715670903 -0.028929981181400583
160 0.010991384557222275 -0.0020260481853530896 0.036902624754469246
161 -0.0008602238907389082 0.0015558304721233866 -0.03159696974164973
162 0.0016736750598838404 -0.003857528527538453 -0.04154735745455658
163 0.0005244392292385637 0.005752082630441101 -0.03586049432030028
164 -0.007906908696566253 0.013239865197234375 0.029192003492891257
165 0.009119900573875295 0.00020830489749044945 -0.03311582763893348
166 0.006553573942019664 0.003866280110527682 0.04455625337028245
167 -0.008611454463571255 0.0015365008027344556 0.036673577254676196
168 0.00800486997756883 0.006167438731922548 0.04335252453810913
169 -0.007168954018149154 0.004341875522905388 -0.03149810846731756
170 0.009573990013770323 -0.008652677803048986 -0.032287508462618845
171 -0.0005354550533410787 0.00037903644128798025 0.03945420185108006
172 0.002138462828106435 -0.0006664467071239785 -0.036091847461753146
173 0.0017451463589844458 0.0008272024464878918 0.04226435138519655
174 0.0006999464163108086 0.0010927750858548274 -0.03849644737786345
175 -0.0022236421918557445 0.0032596979519189384 0.04276956441380358
176 -0.006198132185605769 -0.009656202522981383 -0.033604340153287546
177 -0.0015245558975437723 0.001440575006481178 0.03953771529814194
178 0.004434585111396133 0.008242406801036883 -0.03404294324244151
179 0.000894061718511514 0.0007129462994698455 0.04066254821144341
180 0.008459352135346612 0.0023784019106962585 0.046060699711416915
181 -0.0022545916618400726 0.003145977759324439 0.040001586056137114
182 0.005742641938367196 0.00036105828901211723 -0.03177639067678759
183 -0.0007159627258361062 0.002499182095372754 -0.02530572479006095
184 0.005194205848377452 -0.0026519905338320895 0.03321706840724767
185 -0.009726075696856733 0.0054075276449538495 -0.03362082256170093
186 -0.006931309069868843 0.0036808874402326844 -0.031683100761467305
187 0.0009066714924522408 0.00707777250835304 -0.02750788721303508
188 -0.003893218637543397 0.0026138862248760095 -0.042491497746546814
189 -0.00444222030506005 0.002949741908337693 0.0314349587639806
190 0.005519746271098116 0.0013224653310296777 0.0385574077039298
191 0.004323479758552892 -9.90438014783837e-06 -0.03318885255203705
192 -0.004299627521151567 -0.0004235354097759658 -0.03039740470543608
193 0.002838902138218767 0.004193581106312509 -0.037185288705510314
194 0.0028551780608920205 0.009884787509261037 0.035727692754686784
195 0.0033335531707724075 0.0077431136125740395 0.041801285313930216
196 0.0034359945410449913 -0.001198137436841766 -0.03465036545345212
197 -0.0031684297255922395 0.00028726290129457016 -0.03934186150824683
198 0.002829608628121186 0.0010272825818731096 -0.03630090781626455
199 0.005185464503312268 -0.0027237814660711276 -0.041852587920553075
