200 3
0 0.03902002423540045 0.007250236996783373 0.020901142425019833
1 0.04106583444635406 0.007943457323492907 -0.018752579536689157
2 0.0430136819741882 -0.0021384294368470428 0.00030193068162995317
3 0.03971308816187691 -0.01321861794624863 -0.019891510476662506
4 0.036116427750780965 0.017415444870964237 0.0018941281961778256
5 0.043012042999191064 -0.009336105246976709 -0.013670163926181892
6 0.04666280851197747 0.02827441929038505 0.02444077955474246
7 0.044875986725801224 -0.04973789003013955 -0.00719038395119257
8 0.04106581103932932 -0.006726857956046416 0.003502598957958036
9 0.040394620608626565 -0.0252620635762426 -0.03171083362576657
10 0.04237371330920683 0.003356640830639013 -0.037604368204176584
11 0.04237192358430118 0.007547867346938056 -0.026652990108525412
12 0.042374285256102234 -0.008746653173821546 -0.053841057396406794
13 0.0410630363000725 0.011676198469148597 -0.006733511668798829
14 0.039021173044026976 0.00835581136831372 0.0026894305329463555
15 0.04301285972844419 0.026088506630941918 -0.007997059004223442
16 0.0397130447887099 -0.02131023281464738 0.01949783149459696
17 0.044875312420547195 0.010221455853432917 -0.0030549402934229326
18 0.04487430290911412 -0.0207244281809652 0.014531332903898006
19 0.03902064164734783 0.03883292804683588 -0.0028823666300870315
20 0.04301303062264919 0.019361873081132176 0.020385482026664906
21 0.04364249157367998 0.03668085892025341 -0.031578635197911466
22 0.0410643293549052 0.04615093754391796 -0.006906325887281194
23 0.04487462970274382 -0.01898564923616868 0.05989931953211442
24 0.04106521185642686 0.02939703689080804 0.03480067695901997
25 0.038316141972070665 -0.00199774370426316 -0.007953204726748502
26 0.0410643573440299 -0.008021149833385493 -0.032012379561745345
27 0.03759729719162843 -0.005099753409830532 0.019636207579619657
28 0.04172557204829035 -0.0016692154497765272 0.024749591989173612
29 0.04106453464588988 0.005360433642030612 -0.03890603028247706
30 0.04039583727714832 -0.01644220348131426 0.018040735995728734
31 0.0478183474300492 0.031898795421274724 -0.019730074341992542
32 0.04487577880007981 0.02302413526740304 -0.017599091830678842
33 0.04364230357730017 -0.022448144812059777 -0.008915250350644435
34 0.04487443062706494 -0.012587412609593056 -0.04687628038476244
35 0.041063793559024724 -0.02314653321020149 -0.03032955320522147
36 0.041065271160768 -0.012440720011186903 0.03041016879326828
37 0.04426393280577286 0.010190423352213875 0.0012744452866165488
38 0.04039439276256337 -0.00818056514048292 0.016012670988875658
39 0.039713426682826854 -0.02064593221347941 0.020458066399108243
40 0.04487465725809908 0.009171608281550302 -0.03287229913305113
41 0.037595640731552374 -0.014647010120294077 0.004407740469066137
42 0.04301201270036442 -0.002141385134872506 0.025330070821474742
43 0.04950118928346523 -0.003029539536130722 -0.00705153442026157
44 0.03611499526421001 0.009900745509763808 -0.002405960086719432
45 0.03611453147606306 -0.014142816059296405 -0.002462690422508752
46 0.040393805913788654 -0.016249035946349567 0.02086521072684101
47 0.03831341950328247 0.0015070550152434339 0.05219267330465456
48 0.046074971927574704 -0.001995874780912785 0.01581860593790047
49 0.041065819835169305 0.025314304478264334 -0.004384101109371046
50 0.044262458608987976 -0.0009402376423877654 -0.028761800523819388
51 0.047244163137212844 -0.021592617758904056 -0.007324053323345424
52 0.042372408972616134 -0.01813271139958406 0.01042288946792099
53 0.039019294777365286 -0.01796368652146743 0.014863903049930858
54 0.041722942409451076 -0.022223977410159673 0.018018722636565676
55 0.04426430216617117 -0.0064421459043326424 -0.011362788662700348
56 0.04426437096827818 0.031371787595279456 0.008345966438181565
57 0.043640144863557676 0.0208747861426574 -0.014784602610793568
58 0.04172399322686886 0.041650495114854524 -0.016511265012283866
59 0.04106404596372531 -0.007197438751233968 0.02849564965187976
60 0.0442622213929903 -0.009603236449947754 0.00241687318478025
61 0.039020596097879744 0.009394673371517033 0.017191022747733042
62 0.04426207586091238 -0.0012991064308226514 -0.024752409898596152
63 0.04106578943140159 -0.01804442365970661 0.023609437138475308
64 0.0417252124965083 0.005042822793298291 -0.017983521999528705
65 0.0397120828784601 0.010127982876698012 0.011119404988597004
66 0.04487667185112693 0.0322866871396453 -0.003669017918257218
67 0.039714009191157855 -0.015071831150863725 0.0015436240160027082
68 0.03971543758576737 0.02002444020946924 -0.02461327916991993
69 0.046074597911212 -0.028845868738769456 -0.017947623799996034
70 0.04237334052393569 -0.016657318802409813 -0.002320900025663478
71 0.03902043087872474 0.014257896398950098 -0.01936041810144973
72 0.03759571520610058 0.019256179311710822 -0.014771330699429217
73 0.04039599726185703 -0.04219104751730161 0.002211499154746952
74 0.04894793057945296 -0.02354566272209357 -0.009267681253537278
75 0.04607347625988506 -0.001260457470784601 -0.02544893279368223
76 0.04894701524727592 0.021590716219288958 -0.027447708003123034
77 0.044262584608807276 0.016952439921622153 -0.02744649116867062
78 0.0442636732726742 -0.02646590885585276 0.011658316305049442
79 0.04364330491854523 0.019538864423114758 -0.0192539243472015
80 0.04724455957713188 -0.024473146114935344 -0.00023578928938511475
81 0.04666471247786402 0.02304905478130124 0.01107012824506777
82 0.04547913889391767 -0.01135381082639556 0.02611325072020562
83 0.03902065705060263 0.02091070212954844 -0.021960121309649396
84 0.037596058418711525 0.010498840467871202 -0.016503225050691874
85 0.05005066136597213 -0.006261229648070521 0.014202733637292225
86 0.0448738249987363 -0.014716867093726058 -0.012193390234278505
87 0.044263660015721386 0.0019309499646744813 0.040727361905335255
88 0.03902153929204827 -0.01300907570453965 -0.028057779078115557
89 0.04487384965089471 -0.030808351499667912 0.0033864689027027954
90 0.039021740254447206 -0.007058374649534063 -0.02957893745218358
91 0.04724383440680964 -0.035051836629477716 -0.032385817612611834
92 0.04039541279935765 -0.007099571170205307 -0.019602163893445334
93 0.0423727775927106 -0.012836092198656215 0.00034427885856894765
94 0.03901902001811735 -0.020894170902491876 0.010098672351065976
95 0.04364133227665476 -0.00033722755948665666 0.03289987736979884
96 0.04364173222294621 -0.011378265811032373 0.011619265265753485
97 0.043011681651156056 -0.004881306788127641 0.053282460762799175
98 0.04172471541803694 0.003268195418563998 0.005902462365153502
99 0.04301331974037004 0.03472791336439343 0.0023395253608387446
100 0.04487495996763106 -0.004007875215749618 -0.028721542491111328
101 0.03759541366108354 -0.009001948403319865 0.0007841133505384807
102 0.04301186379670191 -0.004173905432559051 0.010013083926570856
103 0.04301178540364823 -2.4149254678151986e-05 0.03687011297343895
104 0.045478014368073756 -0.024846425614399495 -0.035451711162169795
105 0.042372429551523774 0.03231762641045499 -0.04008262221071067
106 0.04950090348199332 0.014910235382951496 0.015079765079152107
107 0.04301172930696306 -0.016759643781423226 -0.03842460118751262
108 0.043012277336761856 0.027435606133712508 0.011203854713674797
109 0.04364179148105152 0.02981444994817453 9.291441939936785e-05
110 0.04426356045124677 0.030957581637759787 -0.0229795322866627
111 0.04838565067829178 0.012331199438614058 -0.034043800200988045
112 0.04301141329321691 -0.027242471283316694 0.01299457141706747
113 0.04237247053917404 -0.016183413826547054 0.011101989742727799
114 0.03759632819032034 -0.0026885730723342368 0.006601808873120607
115 0.04237356808977581 -0.03947572085267616 0.00817711787943732
116 0.04547889498840484 -0.022276306216354107 -0.03311145046165876
117 0.03902037446894014 0.02769241429519723 -0.016148916123575625
118 0.04301247570163923 -0.0268101358766358 -0.03878926547299313
119 0.035350605150074293 0.027295139810595972 0.02189616055624346
120 0.041066488819324926 -0.017072047912732317 -0.0033276029986007995
121 0.03971149396900918 -0.033570800197244045 0.019979534711093264
122 0.03295427602027784 -0.002972361093376542 0.037938290095508864
123 0.04426298888807378 0.03914221764823182 0.0058692513199918705
124 0.046666280278547585 0.025445728846295975 -0.006057527940401632
125 0.04172360021321674 -0.02630082810027167 0.02492650888440404
126 0.04106439204624891 -0.01448447492899907 -0.011757805974159827
127 0.041062664682195625 0.013494966000827231 -0.008880585436389752
128 0.04106551015709585 0.0134352788032849 0.002963394221340622
129 0.04039411158449677 0.02571659944227876 -0.0015468394986128864
130 0.04426261328502899 -0.020043702952518457 -0.001004531405418443
131 0.05059161657951541 0.0053591758677225395 -0.009158925204329333
132 0.04364017849093399 0.027584937453595155 -0.03042365263603503
133 0.03971322408634504 -0.02476910448357089 0.0011424252986945189
134 0.04172314113848441 -0.007100805739444209 -0.005772611563230161
135 0.04301231212534865 0.007097997703571398 0.010362328823909295
136 0.04172482479688326 0.008001973916232962 0.02425899141109506
137 0.04426444493256549 -0.025363432803915127 -0.03622932205058504
138 0.0403944990836365 -0.014542704290048124 0.0018848394997541137
139 0.034570823023147235 -0.009849806366762177 -0.010304828916512363
140 0.045478218342428496 0.004835175331173585 -0.03815572417895039
141 0.04301197918702427 0.003358054722877177 -0.020270320252216506
142 0.044875982006718725 -0.012698185044776628 0.016003106230928228
143 0.044263161608073316 0.016878273090985958 0.04164224205216532
144 0.044261490429380074 -0.001568322680888817 0.02606611250309716
145 0.042375640602096566 0.03389238171118314 -0.0032722948279111297
146 0.047819126105442214 -0.018728498153891826 0.01652771566018172
147 0.04106434853919096 -0.0029386037209192615 0.057837717484102213
148 0.0403945455449715 0.00970799280879119 -0.01952665770280963
149 0.03686384626160205 0.024914925922268467 -0.036413571573029144
150 0.044874851196683024 -0.04070892467520765 -0.0078009529198126894
151 0.041725099240865926 0.029056375963332687 0.016536184539509023
152 0.04301106186730765 0.022675354304885497 0.005172664652179959
153 0.04106481749965999 0.011960521378980866 -0.012120432340956543
154 0.04782068065480518 -0.007440258518362547 -0.029342098487071526
155 0.04607536580427182 0.02629285619468592 -0.01472862751581587
156 0.048386341078830455 0.0030539000574663915 0.02656734034273215
157 0.03902085515607241 0.0048665715043174455 -0.010638460978484766
158 0.041724806946778666 0.05587030456585559 -0.011180388257742166
159 0.03759442562059042 -0.00941520989084175 -0.042170591464920894
160 0.03535023490729726 -0.008845508275561662 0.01060359703387662
161 0.04172480291402782 -0.0039683576508032555 -0.004286555190910162
162 0.04106514339256726 0.0032036002600687383 0.0212105014635092
163 0.04172355731022424 -0.014032665164080419 0.01401762853011747
164 0.04301233023952775 0.024281568610972224 -0.012814491510819714
165 0.03971377274463767 0.004406099975469641 0.006717403382222616
166 0.04487583224334589 -0.0006492995477121233 0.026819428433442084
167 0.04607515229249962 0.002811063021179496 -0.029979343356280077
168 0.03902203279075736 0.022110516935475433 0.006205269523815887
169 0.035351863808548545 -0.011243129874601071 0.056130896700049206
170 0.046074885130981506 -0.01751001088946393 0.003994411863642686
171 0.04364115529158386 0.024403844717890526 0.006978328767711667
172 0.041064937962199746 -0.0152298585683035 0.016253182103261928
173 0.04781955450678433 0.014536529672862997 -0.011074707106207898
174 0.043011239923106334 -0.02035221513916178 0.028385999726549257
175 0.04039523332686858 0.005047440241450609 -0.002086863975802902
176 0.04039457039300483 0.009394004548128446 0.009426708524287479
177 0.041723610290084194 -0.03147475381308944 0.031620545660261845
178 0.041064346322963304 0.0016858711320499068 -0.04458045991153393
179 0.043012967345210935 -0.004569743042963245 -0.00820455009100257
180 0.04237188097493469 0.01490434828741794 0.0417935319901595
181 0.04301248529018705 0.014875163220810854 0.010671276430647452
182 0.04172459544346724 -0.008830924935720947 -0.010058135807813742
183 0.0436405613676748 -0.015271221298308997 -0.026311516284470596
184 0.03831483162849961 -0.0030359586656494115 0.015438363139707898
185 0.039713611995373745 -0.011429682386984451 0.033165468640523756
186 0.04106489637282114 -0.007462992089593296 -0.03750915555117711
187 0.03971264526515275 0.0018239505960462182 0.04619429361053325
188 0.04106400962007422 0.004148830079016952 0.0010395436503255542
189 0.03971262189610335 0.01372760434571942 -0.027567440059763342
190 0.04301179080442142 0.03542128801102598 -0.0025878422006888014
191 0.04364284931716087 -0.0016794034124479721 -0.02625475239169361
192 0.04607448170890586 -0.014216152321108056 -0.02423853839057298
193 0.04106500537906253 0.004537869905890216 -0.009924450320794169
194 0.04666402790412437 -0.0057288210736722465 0.0046220120607523485
195 0.04487423218330775 0.012064590339900998 0.006443004809828898
196 0.03759670930932867 -0.007188691743104883 -0.019340934384084515
197 0.04607467932128058 -0.020652181706512573 -0.011316866248867885
198 0.03831319739645829 -0.0005165704104910231 0.006911134355085086
199 0.043641917111537754 -0.02925609352057119 -0.009192830641117283
0 0.039713283810110335 0.021903172635133146 0.010207407497952046
1 0.04666384437523915 0.005969916323362925 -0.012367513717829778
2 0.043642590361526686 -0.01987376975745393 -0.04832028294644059
3 0.0329538515130802 0.0017979103203342283 0.032381149320010065
4 0.04364236046921495 0.038128419640613385 0.019949345436198983
5 0.038315831966496336 0.021200252426729984 0.015434928486297033
6 0.0397134917884609 0.026970739394640522 0.014788260874767417
7 0.04237216279202686 -0.005409206212539886 -0.04597704038442333
8 0.03535189716700867 0.03834063348375387 0.0017515355754165738
9 0.044875406073465914 -0.003170755463618343 -0.007739785948064041
10 0.03457080906987656 0.024774400702310746 0.000114944815716773
11 0.0448758780610482 -0.01730671183105827 -0.01093848839636827
12 0.046663995158642745 -0.019902667133494006 -0.0355216364874008
13 0.02945515204430244 0.01673525887464817 0.025876818283527395
14 0.03295445068826109 -0.0020290813829704347 0.02393090646208947
15 0.03457131668691803 0.017680119282886392 -0.02102719892601291
16 0.03686281343570518 0.032378886935811355 0.03166217173211035
17 0.04364216883648441 0.0237037525122523 -0.00019389951193217542
18 0.03611458485539882 0.00781753873620542 0.02392062730023495
19 0.0410643970088723 0.029856634980401756 0.02953022503399309
20 0.04172562109490667 0.025481522642176846 -0.017583987842345883
21 0.03686268787355846 0.011617032318946554 -0.006125814009112816
22 0.03535145353324698 0.003460626986094895 0.009515446686342128
23 0.04106350675596113 0.028450121834481652 -0.0027250655117833323
24 0.036115539675390954 0.014532551480936599 0.011731835122648344
25 0.047818023410318 -0.0034788983976794742 -0.01988785658125642
26 0.03971381165827487 -0.015492212358502124 0.0397488631332736
27 0.04172424263624948 0.03247417917970468 0.026903280361739373
28 0.03377321974717591 0.024631570222949508 0.01844099919520689
29 0.03295592181114234 0.009847829163833689 0.015723889618777097
30 0.03686278971951742 0.030785095815582055 0.013353946825151543
31 0.034570326337694815 0.013690923251931823 0.014128924760819722
32 0.03759515704668203 0.016407168119227874 0.0029059442919673675
33 0.04364171382975843 -0.01971316230507216 0.007177459180278622
34 0.044262587190490914 -0.006360917303402609 0.010229500509280176
35 0.04106572519929497 -0.04641142126664351 0.010107586536117841
36 0.041724824675836616 0.0191018075726711 0.03507437692157759
37 0.03759477940170668 0.018098288858667433 -0.00444729576157792
38 0.043641775293817874 0.019524969913294745 0.01305170559272918
39 0.04039490542056709 -0.0038649778357677795 0.03487330928955716
40 0.03377183487264318 0.017263988956429985 0.02893584328601887
41 0.03971361885377952 0.01972834686401056 -0.0013756426899529635
42 0.033771703984934544 0.018175157342799144 0.014589108302230713
43 0.04237152600111641 0.02436871854940169 0.00661237712838767
44 0.041724844766091354 0.010914678844833731 0.02680489609575451
45 0.03759584181379101 -0.003476879797683373 -0.02777780413943968
46 0.03759641594877051 0.010909965701109688 0.013036320542331418
47 0.03295375431267277 -0.004303620419026748 0.023490711965714714
48 0.03535127164047707 -0.015548789665914182 -0.010435386836792236
49 0.036862243983587145 0.029664906407769233 0.031230964876241784
50 0.0403947823956452 -0.01129931502854078 -0.017773332845685552
51 0.040396253512145555 -0.014710712085027272 -0.016226157705347185
52 0.04426359526707519 -0.04142881830555996 0.001270262871767136
53 0.043642261299556465 -0.03873714839888131 -0.01308050517177078
54 0.03686470316784394 0.03193799415795035 -0.004881605686487782
55 0.03759649966064404 0.01931537281706235 -0.006429392367354706
56 0.03535191351341523 0.03856685981834238 0.030119933153866938
57 0.033772689860764364 0.017857939055253774 0.020855804129380522
58 0.03831576901545885 0.017438636597557084 -0.0030408816739917917
59 0.040396732748206064 0.008715051457486593 0.011199797576117417
60 0.0417248840019489 0.017098362235929563 0.022398099645977713
61 0.03971440776402996 0.039109881506297864 -0.01198907503914526
62 0.04426393400974025 0.010593693017066818 -0.03827330030488847
63 0.043643418530780485 0.011450190769607684 0.011369421523458984
64 0.036864276115947586 -0.005606735931158146 0.01576978269440053
65 0.03971353248018919 0.013541429807019603 0.0028593472079245447
66 0.03457122198384089 0.028817863916211803 0.025703728530415308
67 0.03901883746683576 -0.006351640529882186 -0.039429756586462805
68 0.0383146660506283 0.021242161513490943 0.024561040762893768
69 0.04172556396324024 -0.010487663776943771 -0.009174149481397715
70 0.04547924632110908 -0.009919879417011572 -0.021330913191691545
71 0.039020626373052314 0.035625473740024116 -0.011518871188996355
72 0.04237316983079601 0.04234798227788481 0.014263388040988192
73 0.04894704471058373 0.009229580669750567 -0.03326705515876187
74 0.05059204492773176 -0.003882760951972579 -0.06628964977915505
75 0.04487669987637571 -0.013734253034656885 -0.05225064025058014
76 0.04172458468557773 0.003631159586780188 -0.02338226943002647
77 0.03831336141337788 -0.01647002765236228 0.019716397971229312
78 0.0368637525182186 0.03852290364583625 -0.029596170304396097
79 0.039714771908831915 0.005291319826855867 -0.03969493153765528
80 0.051127730741607175 -0.013493812174922754 -0.001359594086302558
81 0.04364215862223889 0.01944921853904469 -0.012460051869266655
82 0.04039576365730395 0.02399280163543258 0.024043358742879908
83 0.036113765472280034 0.01263178749642614 -0.02653464442960042
84 0.039714480854055836 0.014769345275603097 0.012782501586187905
85 0.03901990447900658 0.020339116535011043 0.030504829562948976
86 0.03971243966299674 -0.03256150839246205 -0.017764760896830295
87 0.038316268009899394 0.0155058513884017 0.004796179325112207
88 0.045479769975137814 -0.004984738824300995 -0.01715338152019479
89 0.03611516856783443 0.008462482078285247 0.018026491508095693
90 0.03971148206665137 0.01487839067428999 0.03239055237210712
91 0.04666321659009705 -0.0005249004993469365 -0.02228275006136997
92 0.0442643196837956 -0.011408606962881363 -0.02816962124663055
93 0.03611461911404382 0.020540986450334548 0.017143830412313238
94 0.04724443219930753 -0.032843575531398855 -0.038690150831809954
95 0.04364357570614886 0.02520486249717714 0.0149146100895289
96 0.03971543190183372 0.004188546579506152 0.03343203352097718
97 0.03211595709358462 0.007548805113392527 -0.0012887940538078998
98 0.03831590979490345 -0.0009236033173305698 0.017025188428887842
99 0.040394437310199004 0.052831336772279726 0.005016734416792494
100 0.04172337102434695 -0.013647481419826695 0.036036180861050114
101 0.0417235798697311 0.022463246312563443 0.006756924875296003
102 0.036863620661339594 0.014293727047043653 0.01139913775329973
103 0.038314702231951846 0.030334395403886275 -0.0048887732766282575
104 0.044263857925272966 -0.006398163314211158 -0.014165727060760911
105 0.04106473047810994 0.008336518788345142 0.02820859878927038
106 0.03902203852802136 0.02464759217158636 0.00998546771585553
107 0.04487550554579851 -0.009714422971811685 -0.03279526354532255
108 0.04039526228449032 -0.0030106888372468422 0.01731916863229367
109 0.03535158544636595 0.010590434031171887 0.039822522520188884
110 0.035350327394559254 0.01410401760859568 -0.015535597942831578
111 0.04237374387757709 0.0186118424093965 0.03312823888607975
112 0.044265037859521114 -0.0037858389201847796 -0.024296451276032156
113 0.04364299455053462 -0.029808065132325926 -0.027973654581288726
114 0.036861536492574995 0.04546962618535758 0.016489157549214845
115 0.04172481104947477 -0.009138832452495485 -0.04152785905661051
116 0.04364284579271126 -0.02218443793953125 -0.03484493934613062
117 0.03535063329023745 0.021693203366327112 0.025273130223844753
118 0.04607521000885468 -0.022776775455808126 0.003268578408786539
119 0.040394536633465185 0.01819698863433603 0.009719796712009997
120 0.04724428965684656 -0.02194947142215506 -0.020740648681816957
121 0.0442625342641307 -0.007528253530744253 -0.00847033113443264
122 0.03535311374400111 0.008550722347233098 0.03077425337074371
123 0.0361139691208786 0.015128121037574528 0.006606264368844504
124 0.04426328137585749 0.023336538950430842 0.015638449767621406
125 0.036115354537662306 0.017702133474683142 0.023138573382028245
126 0.040393462229473286 -0.01581632352388072 -0.017607852974096627
127 0.04547967116006865 -0.029483012981404124 0.0014990644352730106
128 0.03831609532629263 0.04182217957441603 0.018572654020759322
129 0.03902005626578087 0.014189242583186452 0.0016171842971037782
130 0.03686392400871869 0.014658857819602612 0.001581375462743645
131 0.04039523708106941 0.03234434099912861 -0.003212987253957967
132 0.04039433343684389 0.011933028156440227 0.006319497278903302
133 0.04172468898218727 0.023621741550914815 0.02554497427182677
134 0.04172459124144642 -0.01662771541028629 -0.030665725379098837
135 0.044874999177909686 0.0246136221227113 0.023135365107584745
136 0.033774391314413926 0.013282553866777671 -0.0046811796639000605
137 0.04547859424250242 -0.012310313933949574 -0.028643910692003532
138 0.04237368691693886 0.043906107237300436 -0.007181327110242341
139 0.037597025847217615 -0.0010729303016997359 0.005733720923347897
140 0.03902023023504399 0.00661350565413607 0.002211617348828432
141 0.03901957922978679 0.008650674176329597 -0.00323041738841434
142 0.0337732746529609 0.03423776577827895 0.0017081227517242894
143 0.04106531904795642 0.024361298562606114 0.024616730524372726
144 0.03295368910295586 0.011509605820134083 0.0014746988842210273
145 0.0442636529186816 0.007143716500935795 0.02746350392848857
146 0.046076255832794066 0.03527682586566144 0.031846002013681894
147 0.03611630903267428 0.012013170547344408 -0.00023905507848039398
148 0.03535108978347454 0.03723713670603015 0.030760701819067985
149 0.03901973619391674 0.028742810543674568 0.025981899475529383
150 0.038315534234827336 -0.02153853708782945 -0.024093524807964478
151 0.03295488805426002 0.02198496051506751 -0.008763498039728212
152 0.03902163315297383 0.01584288727880406 0.013043320763894112
153 0.04039371198810948 -0.011734153956962414 0.009342555941871932
154 0.03902012577410939 -0.005231917493531936 -0.019623817142697113
155 0.030368396476980315 -0.0005923836517851667 0.013907506312298746
156 0.03831322755012076 0.010182959172364602 0.03901228546577116
157 0.051128362544276156 -0.026071264955420732 -0.040791723355484234
158 0.03831553216434938 0.011729638374531018 0.003812022453626449
159 0.047818034413247335 -0.013147157412892426 -0.023249333400669415
160 0.03901936120504645 0.0074924873319631175 0.02724733206149033
161 0.03971251013491563 0.03329436631820386 0.027445024038594883
162 0.04548095883405249 0.02013168769087671 0.026004717596389504
163 0.03611522192654683 -0.0048838844689979835 -0.005340773953874777
164 0.0368637579331422 0.02538168236880272 -0.009821872215141214
165 0.046075156544356566 -0.03639803093635361 -0.03923305698087071
166 0.03686355749705966 0.004650185308425711 0.0013425357706645525
167 0.03611643396036673 0.006336989327875025 -0.03441971979409712
168 0.036115599736403124 0.014020115697711815 -0.014037973640187442
169 0.04039406298176709 0.0216718718041799 0.04171862296644898
170 0.037595244587568605 0.025567945919044915 0.023136249464546444
171 0.03901950463044646 0.010430953487553211 0.011510453736376195
172 0.04237483464818508 0.01752110978444578 0.012369793488659664
173 0.04301145992572159 0.013776610781689158 0.023936087989224468
174 0.0375957625142375 0.005281670762705437 -0.017127843599493812
175 0.039020681949793086 0.00946004303839588 0.0044782239810629695
176 0.039713774333219064 0.013642572506135289 0.008064021125826168
177 0.03211740319938974 0.035959404936002935 0.03609038589643574
178 0.04487473198907579 0.0025312059082359425 -0.02553409356446867
179 0.04301240020947636 0.02693094523666891 0.006250166427089992
180 0.03611453648096811 0.025397052547145336 -0.011701077806697253
181 0.03759619515521359 0.016807260200768056 0.028360265616803382
182 0.03971372706794632 -0.019774269486235455 -0.007620398728314932
183 0.03759723952043155 -0.023506019529749678 -0.02854710672936316
184 0.032114965105070566 0.024825505288996158 0.01787696344547692
185 0.039714380221999905 0.006389760934273848 0.024666758566153166
186 0.048947048176870005 -0.01732430881156154 0.004596181751853564
187 0.0397149300285736 0.019720621738624405 0.039425826179512964
188 0.03535175657030251 0.024003420455450595 0.012716804984359464
189 0.03295464873810819 0.017178771022396767 -0.0034588854101772347
190 0.04172417378936023 0.02123297178112381 0.008698151361708
191 0.036863318069601116 0.006567958383197516 -0.003866066694503887
192 0.047244622313398245 -0.014530802159339563 -0.007416981650071052
193 0.0353502657481534 0.022366327279413265 0.04758952072608081
194 0.028515008377705486 0.019879201757275304 0.01235422159129023
195 0.0390204580957566 0.0324144485640459 0.04212654565206081
196 0.043012605816069756 -0.019748748431868503 -0.02642077566176733
197 0.03759520803749283 -0.018763158170863097 -0.0064078211157240425
198 0.04106481267849466 -0.01730616363611424 -0.011526816932494542
199 0.041724159573616124 -0.001217554960495451 -0.010233305692479685
0 0.036862359653868366 -0.04064179496907497 0.011263958352341868
1 0.04172396801518153 -0.02954961526464725 0.014432193517149618
2 0.03611548916533795 -0.032596782817587065 -0.008645767566958007
3 0.036114731297197465 -0.007784410576931919 0.007414066373432325
4 0.044875040537036705 0.038020570258459827 -0.019759364226181172
5 0.044263337199465416 0.01649268284535445 -0.0429056048519342
6 0.03971409583947826 0.01053199651878558 -0.029847982500380493
7 0.03611481869399015 -0.02965910202361001 0.00046653462509929546
8 0.04106620153059931 -0.04048822780661884 0.014507759622391833
9 0.03971328471784158 -0.028676694882135027 0.0089139569264634
10 0.04039469083680491 0.01394048766907107 0.03849123545056534
11 0.03759544085174309 -0.04611546021982853 0.0262865824608238
12 0.033771415053717696 -0.023832108602047253 0.0025654268883457884
13 0.04237378500826777 0.010775757749524054 -0.030405705925810298
14 0.042374656741554974 0.016123999064983754 -0.0005711420171882863
15 0.047819547504507516 0.031112331928914647 -0.014152419633317639
16 0.03535042070361218 -0.029970667812712827 -0.017284197754428344
17 0.044874794682002714 -0.03888440624059905 0.006544481213728718
18 0.041064831739500804 -0.019141527959002508 -0.0045642369852048675
19 0.04894801830207111 0.016128736377054073 -0.005223325480057499
20 0.040394851009650755 -0.05220365905126803 0.008987603178942677
21 0.043642294572103585 0.026334302555717542 -0.01636116941260017
22 0.04301204452284594 0.03751250232471858 -0.0015214659148357946
23 0.03971364953026475 -0.02402917056111271 0.00682649600031658
24 0.030369741262149707 -0.03218560686142069 0.014068544962691767
25 0.0337714929677588 -0.026195886854238556 -0.002886164939611493
26 0.039713877891991906 0.03877078231274645 -0.025375362001539566
27 0.03831497716160324 -0.00012450492723840284 0.03622366840395072
28 0.03377273924168359 -0.027742992336639453 0.004919144187333207
29 0.04666416290551977 0.007518336004265874 -0.03318149465607198
30 0.03686280145511814 -0.024519380000553297 -0.018619045716829694
31 0.03831410721408897 0.043913963030128234 -0.03612263946369557
32 0.03902008690361643 0.01812807858583793 -0.04198636259053003
33 0.03971443300259641 0.001665546035462885 0.009936157173545767
34 0.04301243735016208 -0.03778955766361421 0.009446931967154187
35 0.03377307735452269 -0.023082596308836877 0.017174731052652978
36 0.037595279383337225 -0.04553705399932693 0.017769258874332804
37 0.04426202940364353 0.022637873191050262 0.0009648541900418451
38 0.04237223213527857 -0.008451720577243516 0.01363153378638179
39 0.03295386417954947 -0.04579025010681576 0.0017745988981153471
40 0.03971255626492504 0.030586767441541908 0.009142864199130355
41 0.036862586554740014 -0.03332753626320807 0.007554227180555016
42 0.04426255912044177 -0.0012319719733706917 -0.05262785645419372
43 0.04237236356517405 -0.04824856923009809 0.013842589189446029
44 0.046075292375868854 0.02134995399394433 0.007581585018248384
45 0.03759458516121958 -0.017249911565250436 -0.014032326206895198
46 0.035351633536491775 -0.04291285984783517 0.020628736045925626
47 0.03831366444055914 -0.026907124258096375 0.009895668060692052
48 0.037597821572000055 -0.00681999513800017 -0.017730577621433565
49 0.04487609784781627 0.02175295442128599 -0.00535700099800247
50 0.035351047243260623 -0.03904577485860889 0.0028474597313084987
51 0.0423712589787732 -0.04159637440467757 0.011116310922484867
52 0.036863053716998585 -0.02342909480395071 0.001453780677529663
53 0.04039602899843307 -0.025345101904548483 -0.0012923652567973214
54 0.04426225832855799 -0.014650332143992148 0.043142559820152034
55 0.03611354137062059 -0.04059518189568496 0.019065044480741204
56 0.0478185124845863 0.015148617871746841 -0.01059287000183243
57 0.03686201968346033 0.013881885052411906 0.0069396902661212284
58 0.04237494171195538 0.01159266129947477 -0.020419533634572138
59 0.03456974168958597 -0.002997642448040136 0.01885792016300467
60 0.03971306564211876 -0.042159927943644475 -0.010381964071397652
61 0.04039571745877351 0.034828995947186976 -0.0068091425128933535
62 0.037595962863300775 -0.021122081968892818 0.03473613687753714
63 0.03971382740080435 -0.035145100897957346 0.0067425505303825945
64 0.0478184238692265 0.024729306278972733 0.0006155961066891655
65 0.039714134737517316 -0.02360752378271801 0.01137743199853501
66 0.03686279880683886 0.012940968867933854 0.005979281071115443
67 0.038314333958656674 -0.009616931627457713 0.028187666243967353
68 0.04172457402460659 0.015432021283026327 -0.003957295459043217
69 0.04039457943570788 0.016132266030093063 0.022036261365421826
70 0.036115883417749364 -0.012058034744424411 0.014207860932156051
71 0.04364233458547557 0.012393320214184335 -0.015307480168289868
72 0.041725158965789 0.013785523764553456 -0.020973427937546592
73 0.043011032613565835 -0.034988443955319005 0.008226535662462071
74 0.03611412449205946 -0.043470058822025155 0.014301328281039036
75 0.038313831390902324 -0.011917202740451558 0.009291016711936929
76 0.032954049997967 0.011592850428432305 0.016193245501164154
77 0.04172487284101408 0.027311984618421076 -0.005196703774388667
78 0.04172483742052178 -0.04675406294835226 0.014070327456509537
79 0.04426441748527836 0.029577743390210166 -0.015552799058214158
80 0.037595963943485224 -0.00657070800746284 0.01406567389322305
81 0.039020405007083384 -0.014225171122344941 0.019256965897064705
82 0.03971420745095293 -0.021003844536082478 0.015329896343673353
83 0.042374017205871556 -0.002279471400593402 -0.009432380853910639
84 0.035349510753045744 -0.011201347634066475 -0.006027740697368462
85 0.03611397942080962 -0.03080757242669206 0.019969446855812516
86 0.036113979439335954 -0.046054535427537464 0.005455559529395987
87 0.04237467626083988 -0.01855053482342947 -0.01298281787352025
88 0.033771847338887516 -0.031973095879320505 -0.021932788494976724
89 0.03377272887000982 -0.015177258424379452 0.003543337541340232
90 0.04364134746911872 0.024840683650940724 0.013359633847904376
91 0.04106525008641467 -0.034097003068597344 -0.00039536099102772075
92 0.039713674060216676 -0.021219481397154554 0.02781711505941597
93 0.041066285953036345 -0.036941348146947856 0.006303479854271112
94 0.03831492808112886 -0.0028628126911776205 -0.0012063895793020124
95 0.04039594148351994 -0.003781639774792072 -0.009826837197519454
96 0.03759602728929545 -0.032547813538968275 0.026082475248469954
97 0.03295132728338494 -0.007964730328665414 -0.011888452358543527
98 0.03971361756614721 0.018190161868303748 0.018182877407494656
99 0.03971234926412954 0.019602340333907817 -0.02310224030968448
100 0.04039519007168289 0.010277131019893549 -0.05335891488791626
101 0.03535198757204221 -0.0300981781429473 0.0031691145336737786
102 0.0361141967699345 -0.011230262449250584 0.01297447082756091
103 0.032953347421663774 -0.017521997410523276 -0.0231057514914604
104 0.036114808837318955 -0.004341906639138306 -0.00805260669421376
105 0.042373580141336305 0.02435607587895901 -0.03065885396555716
106 0.04172549001432065 -0.031518566798709145 -0.010657305961210018
107 0.03611548691727275 -0.03899831479297667 0.03206314868334944
108 0.04172353278172059 0.029855242701851737 -0.01477300843461111
109 0.04487402665136049 0.04432060626962196 0.003604945587608509
110 0.04172516688678503 0.04950351565634366 0.005411817023764391
111 0.040393917403862105 0.03360950339570522 -0.015906448952726058
112 0.03831597376161137 -0.006701282390627445 -0.006961501778798097
113 0.0337711876090181 -0.015423372771168576 0.016908262811461492
114 0.032953720894705225 -0.03282554126421594 0.00731373000437164
115 0.04039482771159131 -0.023426563575226513 0.003730815574816666
116 0.03971426303308333 -0.02019016671100073 0.0020089155628903164
117 0.0397133198439308 0.052967512138284066 -0.006263545661361437
118 0.0417240280428332 -0.017279316758240054 0.01513714624328249
119 0.035351544949887466 -0.03285929517383612 -0.02134853541259611
120 0.04237267490467498 -0.0024605225507584602 0.003924016260615907
121 0.03686213448435633 -0.015043983057717659 -0.0351642192369843
122 0.04039436750938939 -0.024631709241856987 0.036617441507065196
123 0.04172551332154758 0.019668021566366472 -0.008173416072145955
124 0.044264118977517045 0.004373278967112978 -0.04149182207373296
125 0.038316042380385 -0.025467234838454256 0.00991745441324841
126 0.035351091125856035 -0.03909001153956863 -0.009489740841639838
127 0.03759513337270347 -0.011483941751122264 0.009461065820525737
128 0.04487538238156059 0.02706630103031887 -0.005388931963249796
129 0.03611361985914134 -0.03744536454832808 0.0012600896264320198
130 0.04607510442693046 -0.029065740469451453 0.009768994743463502
131 0.04426435019874067 0.030350734368226297 0.0099329577672347
132 0.04301179646647952 0.0037677536054851373 -0.00899118403305276
133 0.0417245506051629 -0.023449560975923052 -0.023226206036175655
134 0.036863729807863836 -0.01570832173492214 0.0010219919345588698
135 0.035351353491389965 -0.008320960607297569 -0.0004181819978666763
136 0.04724283619560929 -0.03974079354613942 0.00945438776211437
137 0.04172439814062198 -0.017200311454487 0.010585427860562898
138 0.035351647686943856 -0.03487292269140596 0.023849773532952152
139 0.03971397813156928 -0.02279771837220511 0.0013344127715568086
140 0.037594701176605905 -0.00897918603393449 0.014800097278049226
141 0.044263343368544004 0.014886818941082052 -0.054409824890382784
142 0.03831512368502477 -0.015780698675508797 -0.012805268450321377
143 0.041063597835805654 -0.02430769555627569 0.0071503385827501815
144 0.04894745124469632 0.028225749842103933 -0.003145442483448175
145 0.039020712416206596 0.023882272958208415 -0.007810033685635066
146 0.035351096637633375 -0.004394445069100547 -0.004697919666569556
147 0.036115455407516255 -0.03685706638707062 0.01739235195495049
148 0.04172575550374851 0.04238719674373802 -0.015244660319598487
149 0.04548007948755158 0.01007400177224409 -0.023105303908425287
150 0.03831650601514343 -0.01744023390243995 0.001008661117527336
151 0.04301111992530263 0.023343307477110255 -0.014166517539832559
152 0.03611392302955503 0.03868242127485037 -0.011322646546369814
153 0.03686171915868674 -0.037394323702257926 0.02101740776980301
154 0.04106387136107708 -0.00740185422028715 0.018943353431507427
155 0.04607426756393787 0.005904019866530145 0.003552567178152587
156 0.04106420510062132 -0.016870500582069743 0.00427611593345277
157 0.04039414521700631 -0.023869236465873363 0.033817766993685924
158 0.04364329490259072 0.018506951472957604 -0.03935094811558829
159 0.04106459526286339 -0.0438114336432409 -0.01617324445040384
160 0.04426335061930416 -0.03085899419235278 0.0027898088341614907
161 0.037596153233297645 -0.030267119359220933 0.0067900138794990544
162 0.0329538539001089 -0.01749126186372646 0.041256243055827264
163 0.03759629117750391 -0.027774900071594884 0.0013469457738838632
164 0.051127998183262885 0.018542074580951164 -0.022227970089099124
165 0.041064621935515924 0.015453470083264554 0.002421729397954931
166 0.038314114539417486 0.0006545897596963532 0.01168612560499333
167 0.043011117091265795 0.018566955273144357 0.009918759595007537
168 0.04547916631873841 0.03251315288548186 0.017042851446138648
169 0.03831381161500229 -0.03824129782586043 0.009439211696329422
170 0.03971298980316402 -0.011078625804797427 -0.012984101810012968
171 0.04426192792673313 0.011563705669769329 0.011306790496878829
172 0.03535026007567586 -0.034694459936409766 0.020792773826205514
173 0.04237448941026817 0.010869805654813306 -0.039220223615391174
174 0.03377186744228561 -0.02321846415064923 0.0023759258223558137
175 0.0472454933370733 0.023634559221301296 -0.029109756800663144
176 0.03759664594934699 -0.03551861397839727 0.01950318376183211
177 0.039021506601539746 -0.030350792219110835 -0.017050443219109843
178 0.03902012468455979 -0.04608893932673707 -0.0033354848345403592
179 0.03902057414695646 0.015435214357463912 -0.007352360297961415
180 0.03759524994474232 -0.007426549303194753 0.020293490269888075
181 0.04838588195841313 0.0098126905405401 -0.018332526205163905
182 0.033772337887899136 0.007889685253295876 -0.006741629947369558
183 0.032954513939653714 -0.05254503152083672 0.005129783323728758
184 0.0500514278891657 0.016370601932383082 -0.04026710361214919
185 0.04039519236426726 -0.019090149067715983 -0.014898159452128521
186 0.03125516719745759 -0.04640326996304503 0.01069129104519326
187 0.034569517432232966 -0.022373354676134882 0.01036164644804987
188 0.032953478970576246 -0.009789791085418848 0.012028537187714546
189 0.03759521467474185 0.0008134878305541729 -0.0006750910560231899
190 0.041724112604308174 0.029065172202131773 -0.01398496223286579
191 0.03535028498087721 -0.027666410989126047 0.013676587489423173
192 0.03125423831042825 -0.027092329397777073 0.016783690006103556
193 0.04547947367463571 -0.0199288925788098 0.029822642524748953
194 0.03686273445661118 -0.028670571192914766 0.004627674651254433
195 0.03686432103134906 -0.005714772159100124 0.006730238823917795
196 0.03901928129946713 -0.0619216735576691 0.02023465658097287
197 0.04172524796946512 -0.049607074787049545 -0.01403233095356654
198 0.03971474252637152 -0.016509666862247658 0.007566999631796055
199 0.03611493200668236 -0.031073208330190623 0.005037824365950742
