200 3
0 -0.36226450760629264 0.284688282445044 0.07934585448951302
1 -0.24858792775519584 -0.0018108516441775674 0.35256717440250995
2 -0.4237548136756018 -0.23583281471911502 -0.044875861781870835
3 -0.37921249964038195 -0.24771517403560203 -0.0673062411211141
4 -0.34526946289763333 0.3854330883617401 0.023570432790709018
5 -0.3942238426111726 0.30298103169384905 0.22286410312070842
6 -0.41410214782482924 0.30536930205488216 0.11970903352485278
7 -0.38211335131618973 -0.2812354683783565 0.08337797553635931
8 -0.4191050382547796 -0.14634458384088078 -0.12175475296437537
9 -0.393227530252095 -0.25080648308642894 -0.13871997479977888
10 -0.42526063161114364 0.22411138587429139 0.3863397660709711
11 -0.271784892781125 0.08480289998257727 0.4271336604109651
12 -0.451897283432628 -0.2277188154720739 -0.16261380666903544
13 -0.41118340723677843 0.36803662308567203 -0.006792149578249509
14 -0.42413347741020363 0.4212418753626955 0.3651083029996718
15 -0.3557792777440184 0.32557124936737347 -0.05609565239887015
16 -0.40505484181072626 0.2988641603735228 -0.0965292046956148
17 -0.44391191584763545 -0.4041996612102728 -0.29180130651588654
18 -0.4578881862517445 -0.22547027393552868 -0.17374647638857132
19 -0.3938151354367434 0.3682839324366926 0.0446632853461317
20 -0.4397703723543887 -0.3217945405045174 -0.22598038918840152
21 -0.38170912823111647 0.36845056584943214 0.006516055313229563
22 -0.3732113102724098 0.2353661782130438 0.11681608367828246
23 -0.4017762280035818 0.3255770598647855 0.05526986436661891
24 -0.4098595077903454 -0.3346344043213667 -0.18209544430645166
25 -0.4217087361891921 -0.2479106017666973 -0.07680337292755332
26 -0.4066318517949331 0.3158900750714584 0.14334478673130524
27 -0.4307793589631055 -0.33813595234718846 -0.3838957079353408
28 -0.47602597425017035 -0.3152812937587139 -0.20011348726756634
29 -0.43932305274733846 0.294084103615122 -0.0741077330962896
30 -0.4367431092637968 -0.40118202749529985 -0.20631347157095484
31 -0.413195952102166 0.28676050542189774 0.06698196830114919
32 -0.4179752745582035 0.5353228552583894 0.1685522337842902
33 -0.29288469592705935 0.04114244542238577 0.2908830523579567
34 -0.21653899420802206 -0.03285943853658328 0.26898134104463917
35 -0.5317568058134841 -0.23199188424365988 -0.026294578658199116
36 -0.41546413955945116 0.3855941701532572 0.14587968964961856
37 -0.4619471039674692 0.3925116187550307 0.22724804177979835
38 -0.3760658676970046 -0.2798736919319633 -0.124243505043271
39 -0.44057847038559983 -0.2550697226776874 -0.1149783277219719
40 -0.37137768573387603 0.3159976432630086 0.237665298533102
41 -0.39212789496687533 -0.4688486991934552 -0.15731772261667717
42 -0.41409521464750537 0.30122268946100106 0.01752629087735186
43 -0.28435955590537576 -0.13189092900357888 0.4174937377553685
44 -0.43548355637609215 0.2541914260417719 0.05179466886034728
45 -0.38917361957339397 -0.280629292520206 -0.23775209059511568
46 -0.3723025038318984 0.26549318890237017 0.14642197580333133
47 -0.37747871628757307 -0.40985618041521577 -0.07942881682999355
48 -0.37695737612872277 -0.26683578596073626 -0.19631626223762855
49 -0.3888049591873465 0.2368993818711753 0.17445801110041714
50 -0.2837730402258868 -0.08823514460134928 0.3696119602686431
51 -0.3931236823364127 -0.266840384808843 -0.1148264180864154
52 -0.2509841278109965 0.00692458230637185 0.44558474116860486
53 -0.44092562088755055 -0.29602596254019425 0.23735491242666854
54 -0.4369270268942443 -0.20314811850083503 0.021005537252314875
55 -0.31131589979351365 -0.02410035062594573 0.3673046728516232
56 -0.4400454696985197 0.34688260657594405 0.1527499776682236
57 -0.39953349647135794 0.3048573933365995 0.09206945739471815
58 -0.4885636425900196 0.2744750386262115 0.13695228183442448
59 -0.3577727590555984 0.3183353483206894 0.030443843333879936
60 -0.43620634869499586 0.4037766465937905 -0.0453120688570414
61 -0.416275499299502 0.1947813964247733 0.1565284598606092
62 -0.440763429395177 -0.27706216333800454 0.08472790543511967
63 -0.4397716484143843 0.36044806764018916 -0.022133643760915367
64 -0.37446980942388935 0.27828414734808815 0.32117471658247637
65 -0.4029821502328099 -0.31813912213657636 -0.24752088207991266
66 -0.4331956972118773 0.19249740291874678 -0.006365607952412314
67 -0.3848698651208553 -0.245524604290522 -0.2476695199375064
68 -0.43674390500713983 0.32905916399776214 -0.056800324727283656
69 -0.2886239616728246 -0.07000974744651035 0.4814517805721259
70 -0.4769134359643797 -0.45293438459216656 0.014448875314995816
71 -0.4370005904919254 0.32983382999839594 0.07520267241010709
72 -0.34288169757090153 0.22004677747188045 0.18182371528465865
73 -0.4535050024140047 -0.3597453134042991 -0.24302462828133048
74 -0.49048984868084683 -0.3790357440251052 -0.15693787971060988
75 -0.38401609000604764 -0.2643391625612329 -0.08535799963307072
76 -0.42530258996154113 -0.20864407853325082 -0.05978922473472701
77 -0.42971453157035266 0.32528818548828714 0.13190275804518747
78 -0.4606273100769149 0.32736053326275405 0.06212111788557214
79 -0.40626344067239345 0.33143924536628844 0.13439977624228447
80 -0.42202647597987447 -0.2972911977509771 -0.3090892146943878
81 -0.4185279084641603 -0.32985742338250795 -0.19625775555971994
82 -0.4213567107737099 0.3944678387836616 0.012950049072414678
83 -0.45560290557322813 0.39249032184254157 0.20491564627174247
84 -0.3903241478409318 0.3318031664647684 0.04032997817494762
85 -0.3641058283186073 0.3489755805951757 0.2412794834194586
86 -0.46240697491516203 -0.2600368515570846 -0.21993189454325004
87 -0.3364676672097366 -0.3118181206441341 -0.2639054387463036
88 -0.46843905518911777 -0.2774500708386959 -0.23822541945378092
89 -0.3914602180511735 -0.25110599705328074 -0.16351848162188823
90 -0.3844838500568177 0.3918547572619783 0.04081942516726732
91 -0.35031073723919043 -0.24906371686311404 -0.23425083640078972
92 -0.49810221764754214 -0.40585512852569605 -0.22557298670638803
93 -0.4193408456669474 -0.3358586026957934 -0.09359572443721915
94 -0.43199298287664994 -0.2811642408044906 -0.20600371980846294
95 -0.41019570752181433 -0.2583159594564577 -0.05768684896940312
96 -0.45630230232793295 -0.20270309199218553 -0.0947633593727285
97 -0.48356452726961885 -0.4849413029925319 -0.24491715311584325
98 -0.42764768659901636 0.31641477798551354 0.2893295567976499
99 -0.38895298089231056 0.3246547800389815 0.04795123275899253
100 -0.4267803824747067 0.3149714837471858 0.12897279680123802
101 -0.4397473379000939 -0.3557232318820698 -0.30873453654137506
102 -0.4500843401209954 0.25182898252074515 0.034118890995778986
103 -0.4140464517872258 -0.3457402609338758 -0.3660317072711077
104 -0.2715620981599076 -0.01629043996625321 0.4193864941000597
105 -0.36378476481044114 0.3351825492855351 -0.060675647715941715
106 -0.389346565965422 -0.3781653771101612 0.1394014864122525
107 -0.429122536980101 -0.3058252537297449 -0.07227872712392391
108 -0.4497375816898132 0.42230002148871604 0.048069498707728114
109 -0.4218186194379593 0.34397284472125317 0.10205428147949747
110 -0.4616617250835761 0.31011529046979497 0.04640606355439586
111 -0.38827346055068807 0.4297536037200688 -0.05993331927667838
112 -0.22902596068747386 -0.1014730877639475 0.4333553232839956
113 -0.4566833257822082 -0.3411755556128392 -0.3038666266117419
114 -0.47318237782400246 -0.3857154986753707 0.014368301591878284
115 -0.45667842608084225 -0.34480951670647886 0.06375272604743173
116 -0.4245061940358284 -0.34486754443488254 -0.05774413900905417
117 -0.46195152113982224 0.36381817912228837 0.18201798900642283
118 -0.48134313433930387 -0.3695140630309184 -0.060319692925732735
119 -0.39209530629762446 -0.3496430291109454 -0.14608669586110465
120 -0.49789934341079817 -0.28511173762869046 -0.24877792635268592
121 -0.45264736390400134 -0.3994681685779837 -0.09655239252272767
122 -0.3332272805733707 0.2514062311217903 0.07494476240682774
123 -0.4092970817897467 0.40535660710555155 0.15541071452799055
124 -0.4011853302625383 0.3724129425196025 0.16072623688656174
125 -0.45252013992904677 -0.3365292104405787 0.02733007653512949
126 -0.43866565834995974 -0.23875146789798207 0.0018687409205079828
127 -0.4624956509122682 -0.3771699461368683 -0.26009763879725706
128 -0.420585418892435 0.34418906913990344 -0.05333583545968505
129 -0.43387732888052216 -0.3618043171190953 -0.23263160018865792
130 -0.5010022444537824 -0.2780319492241272 -0.29598585828503976
131 -0.37702714558980743 0.24657312548012703 0.13446703980648048
132 -0.36601170970492736 0.3706860759103899 0.042331144889823154
133 -0.4526555264430488 0.39443747203833845 0.20065668850019408
134 -0.27969035528618186 0.0010721325767537992 0.505280087489434
135 -0.40072381531269874 0.4029287741462463 0.004002070536617052
136 -0.3856878686647596 -0.19752620605963822 -0.14404514652715178
137 -0.4768612887158826 -0.43476880636128207 -0.16344782114400694
138 -0.3876218642019692 0.3013553678601556 0.04559913404078272
139 -0.24734517760848393 0.010890011613242033 0.24435061028336838
140 -0.3131852267532417 -0.11206674589774217 0.4628187946494826
141 -0.4389519541259119 0.37617260333146196 0.1517742732143115
142 -0.3934719241202381 -0.330516021887842 -0.21206575006062833
143 -0.37271158160655105 0.3455252228212941 0.16924302299583524
144 -0.48403910345436224 0.39204568454152733 0.0023832222464524578
145 -0.4022375362511731 0.3942337682703646 0.06727365322761793
146 -0.47883239263508065 -0.4149666769477716 -0.20825874911968617
147 -0.41641856248101605 -0.3472244990629327 -0.15789821028457646
148 -0.43353193887075464 0.27309001087385987 -0.06927973711704195
149 -0.45812575047598375 0.35647097660212296 0.15436446986787117
150 -0.2611877756224305 -0.04463683966478009 0.5522168840798461
151 -0.4389390868690788 0.3607064344893416 0.19023944050959807
152 -0.3837187613796193 0.216535833585216 0.041713401455423724
153 -0.4673745340749132 -0.399002954114208 -0.21390470023416358
154 -0.28719426747420873 -0.09730007935844885 0.3137309310095874
155 -0.37230443423057863 0.38310417967299015 0.017431045996732807
156 -0.44180680306212666 -0.32600946372972933 -0.0849199812849652
157 -0.4600100544580521 -0.36661247795002117 -0.026443110020265295
158 -0.39778088313572857 0.41584117841345386 0.06866331551469972
159 -0.38990989813446003 -0.3473226059754424 -0.28545307392332914
160 -0.4647254653100708 0.32304914278829205 0.1808400668933216
161 -0.4307504306644377 -0.3198247954187919 0.07264234135393356
162 -0.4892858458632989 -0.2879510168485784 -0.3034292758681323
163 -0.43188160450889745 -0.2984071527776427 -0.1456118686102742
164 -0.36558052974240707 0.3530123166136645 0.14868176518633294
165 -0.4333639628830547 -0.29784051797487593 -0.2427518761176546
166 -0.37428987485159787 0.32191829386075055 -0.08280431911554653
167 -0.34989464666891573 0.2444280233854784 0.13558778861843748
168 -0.41023877578368034 0.24758111206972663 0.20350168529614052
169 -0.45869364709291643 -0.3313432791456263 -0.1193401700296291
170 -0.4216342546868272 -0.22876458639169822 -0.18627428806214166
171 -0.4280135950123622 0.35689571540693865 -0.12479641338506237
172 -0.46560753749895334 -0.3308091660261037 -0.33779014061051127
173 -0.37328569666275646 0.23157218379727454 0.19917569488901965
174 -0.4518451600696343 -0.4688122743139372 -0.22591469499668093
175 -0.4286570950209354 0.3737526947717105 0.16087292157065275
176 -0.47272490064918227 -0.22463359274414388 -0.21366880406633104
177 -0.3629116908772526 0.25515303614463564 0.020259942662131627
178 -0.23856029928124484 0.04002639961492632 0.4743251955662201
179 -0.4196498525392177 0.276103675879022 0.12560181930765388
180 -0.4009465906552913 0.3947294803616284 0.10159130437817772
181 -0.4006932700245622 0.310760773325195 0.03671206372947447
182 -0.2113179441418991 0.14778358762685134 0.347508522626611
183 -0.42710892048879845 -0.25765933801523955 -0.2094801111375886
184 -0.3896765244716178 0.29511648145262737 0.14100926275668116
185 -0.4283907841511103 -0.27888246729789196 0.03229653904633021
186 -0.3945405039160383 -0.25651624074078905 -0.09235106736660864
187 -0.4006011444985659 -0.26491553763107417 -0.03270765128856307
188 -0.49586269066951016 -0.18945206442196144 -0.1762633649520218
189 -0.471687230548122 0.3388281517565375 0.13547876375112805
190 -0.43560963510993056 0.274145439449311 0.11108612144621625
191 -0.40567361028303245 -0.3544833658223058 -0.06440156181716561
192 -0.2600184418386201 -0.009254217135916095 0.35432823657841195
193 -0.4402229188700004 -0.31437700706071836 -0.2140068817483866
194 -0.29154408706850743 0.2727497918613066 0.1283324693977497
195 -0.3826623679161012 0.37995396516747076 0.08921649748941829
196 -0.4189263367417787 -0.37502159526797973 -0.26008882493838986
197 -0.45217078010434136 -0.327415095884811 -0.1695773695063625
198 -0.3928190943844627 -0.2554781049289116 -0.07261762362159328
199 -0.5303381989260206 -0.45816261366672945 -0.2153343624637711
0 -0.6685011651350958 0.0055209296195812205 -0.1771820924499138
1 -0.2641004957021054 -0.08845105700842507 0.2775712251053053
2 -0.6267017730084816 -0.05582587107145175 0.060170928091345194
3 -0.6290503830038522 0.027631694125394367 -0.09171021991887458
4 -0.6120673065430587 -0.030431069172618244 -0.062266482421481875
5 -0.592826941523582 0.10652180278171174 -0.24474802203505147
6 -0.55541583775521 0.04856578268258229 -0.219342060899258
7 -0.6154992722342812 -0.010867137105030608 -0.2738662741233314
8 -0.6847260954749042 0.10659923097616666 -0.13440345862882394
9 -0.6340757043736691 0.009950558452421177 -0.17650053998082868
10 -0.6247287368269173 0.08289713979313132 -0.09599690763341515
11 -0.27780964528979724 0.021833564733299563 0.35893006650049186
12 -0.6350300900324838 -0.08975423118344772 -0.21498446983515399
13 -0.6611202401930784 -0.03863912082311021 -0.02850937627113676
14 -0.6320304358230432 -0.023276534474284148 -0.0743876079050437
15 -0.5174909483691861 -0.06820382624533736 -0.09215147881189052
16 -0.60568971376541 -0.09605191746125029 -0.0961535772733445
17 -0.5829073243967932 -0.00882970400045717 -0.22760375291153515
18 -0.5660844283203279 0.020441719679646166 -0.12208993213059968
19 -0.5303733146315935 -0.08515722012918744 -0.15814915668142962
20 -0.5544180396056124 -0.006068617560846119 0.11670751265638105
21 -0.534184187521439 -0.04057419911600568 -0.02739043426364439
22 -0.6051588903666708 0.03735225732441925 -0.225640937013692
23 -0.6408107040870074 0.07291872815129334 -0.11503230666059418
24 -0.6589217277864277 0.04586177202676054 -0.04516305829173429
25 -0.5835735102382327 -0.06961334660329437 -0.2781553198787335
26 -0.6023455646951383 0.005080064780909338 -0.20914281902123952
27 -0.6723006303438551 0.019640482481882354 -0.17631836218559388
28 -0.6337836751522916 0.03847476978914838 -0.1546796895536351
29 -0.5966567439976047 0.07770211746015226 -0.08646291592124278
30 -0.5974080955613797 0.0732850872176378 -0.10627547852625907
31 -0.6249209521676083 0.03129385500283717 -0.05594794961347546
32 -0.6618315528329892 0.03851487010083531 -0.18683812670082314
33 -0.2046757461831429 -0.05947138362914489 0.2906732900707672
34 -0.23492199826745694 -0.22185840649683997 0.47053448346839283
35 -0.5910363316291743 0.1261922167422074 -0.14275996776218547
36 -0.6072512515627185 -0.04159654814136982 -0.16618612377974923
37 -0.6905922214354517 -0.06455786634630482 -0.07724029503208248
38 -0.664900059293926 -0.08382639275667005 -0.04098816540606385
39 -0.6067916227871615 0.008023753496943807 -0.07435049736366306
40 -0.5667896971125393 0.14532535786058762 -0.1796386507950684
41 -0.6289457186947068 0.0599605495857868 -0.19639797532578376
42 -0.6111003601906783 -0.10099853387584433 -0.049973701421785144
43 -0.21974313448503954 -0.09619906767591517 0.48286891692926914
44 -0.6503273460070834 0.06883963932043534 -0.23180635327214277
45 -0.6009430075053506 -0.008278040849353517 -0.2795021562034745
46 -0.6281914035814081 0.06842350512563589 -0.23024249784643577
47 -0.628122392802869 0.13042280402346063 -0.07300590671009553
48 -0.5791826481518485 -0.0467205773818741 -0.08117489895854021
49 -0.5385019488855779 0.06748991043167363 0.10768369135383896
50 -0.2407154370115442 0.0017856153993509644 0.3195235168099147
51 -0.569842308671659 -0.01867621357317494 -0.1825132683749878
52 -0.2185783692435228 -0.058652360800312726 0.38402811254038743
53 -0.6185388217659639 0.104054198947008 -0.007490176385006111
54 -0.6213522417006623 0.11605043954315496 -0.1503218136077016
55 -0.19256690163078122 0.0029023628490341047 0.34621831004229664
56 -0.6157337220364747 0.1152224759971456 0.05897980855829672
57 -0.6773051275746772 0.05898080014058357 -0.17082917125992772
58 -0.6428888249633175 0.06430044799497499 -0.3357049914181666
59 -0.6279141035034796 0.13049026510007447 -0.13045088478542566
60 -0.6247726301067811 0.1689912558600057 0.037520157427144395
61 -0.6600296206847881 0.09764394104843062 -0.26097585048197874
62 -0.6393880455262941 0.12779596012919558 -0.14281508185207964
63 -0.6595466991324225 0.04959587401534966 -0.07685578795675697
64 -0.5686808921386736 0.10504397433890206 -0.181098717613864
65 -0.6028561733378034 -0.05986703318879171 -0.09148701237021567
66 -0.6060423933912937 0.09001178377217 -0.26600289339992894
67 -0.618524653917775 -0.05237892499229537 0.054270075844042205
68 -0.5665413994885846 0.01390684182528935 -0.22519925494116474
69 -0.3510619967932271 -0.10328453660512163 0.25255447773427386
70 -0.6018210328651526 0.1844713575440975 -0.058932603649936424
71 -0.6337449446308875 0.021136675106710863 -0.1338827759719601
72 -0.6004445364384996 -0.05008134700917298 -0.10790033334606873
73 -0.6450293635036777 0.0026518663104226166 0.015280611820695802
74 -0.5945630681488195 -0.021366720648792113 -0.17641952272240924
75 -0.6633689960424243 0.07147329817329844 -0.07133370775489753
76 -0.6440888373257361 -0.05099362676683519 -0.07993221140154433
77 -0.6644224277647132 -0.008101991002012763 -0.11253613796814776
78 -0.6124946070451763 0.027551580251697468 -0.19348311190456258
79 -0.5204381205066623 0.09201180060577915 -0.2043382021371582
80 -0.6008296717646164 -0.003593954311814387 -0.39839042250098167
81 -0.5630420810196514 0.2353772661570084 -0.12887024761676705
82 -0.6128798052378559 0.10287933224194276 -0.19637574576382869
83 -0.5907283643828908 -0.031038799760454087 -0.24834272739384242
84 -0.585324622675992 0.1351397837531581 -0.09655042732056292
85 -0.677239105883558 0.0730749239311192 -0.16035202547115954
86 -0.590062917480645 -0.11397126026926838 -0.03613409729127928
87 -0.6009917119022149 0.04610576200503191 -0.091913144185556
88 -0.6099265282743257 0.15271724493282843 -0.1873076380141864
89 -0.6447157896679983 0.11105952724583068 -0.09454934777327625
90 -0.6584224766429991 0.1777657654370016 0.062288346725778744
91 -0.615565656713017 0.054470808421813996 -0.04538224769657885
92 -0.6657259593147176 0.05212318130217001 -0.18380786893070286
93 -0.5711867809087958 0.15392300156810176 -0.18405402055607487
94 -0.599312810444326 -0.05133959916803039 -0.21751902955703012
95 -0.6081311130328895 0.2549030327881286 -0.19942645753816493
96 -0.707634789281626 -0.03345635499682422 -0.2023763898975268
97 -0.5757304934182749 0.0671028325855032 -0.2160533050126778
98 -0.6471869720254454 -0.050505469637274966 -0.27044649861726616
99 -0.606291036533018 0.008008788528860594 -0.13670024461728802
100 -0.5348336928603827 0.073662746832084 -0.032969558863079916
101 -0.5977422843922076 0.07389716250702479 -0.17401866030958174
102 -0.5875417350076573 0.10650489955582094 -0.19369044938891422
103 -0.5888895842906154 -0.037521569966583464 -0.20414675820630637
104 -0.28231256956188433 -0.04067451435375666 0.3556566142071523
105 -0.5494607421986238 -0.0661240628143072 -0.09825408114793854
106 -0.6663663862967456 -0.01873332332559018 -0.30953707953263493
107 -0.6641521964679858 0.00931743583869572 -0.16224294509963913
108 -0.5934316656655302 0.03044695211357168 -0.11473069312477659
109 -0.6718579224143009 0.10635258118734327 -0.14205068390177145
110 -0.5954062459221652 -0.03774866651112021 -0.04196116113653163
111 -0.5843271114784475 -0.0026639638996699576 -0.2261262691253802
112 -0.2384055019285745 -0.03906510286882288 0.23622140607764303
113 -0.5889885016561791 0.1756725946185183 -0.05388149002173065
114 -0.6341748512614619 0.01823005515646019 -0.06423463677757726
115 -0.6154557193861502 0.05606657368702583 0.28871481432714363
116 -0.6385553852488155 0.05800064220682558 -0.03231265391662499
117 -0.6319327634595941 0.06277709577898313 -0.25903741438348493
118 -0.5406397009201548 0.032161305073692754 -0.05406921749789223
119 -0.611175151497523 -0.08312598532687847 -0.19470519292422522
120 -0.555824866343304 0.16295450869303318 -0.05435443588800249
121 -0.641660175467317 0.03647576799707875 -0.13353241479519068
122 -0.5772635490301127 0.13213214096436038 -0.1482099976101675
123 -0.6471670394133662 0.10157550536047495 -0.13251310571681504
124 -0.5483568307370954 0.018133167047880285 -0.005681396091385481
125 -0.6517964306480517 0.022349146248352537 -0.26325582021510846
126 -0.5980059148477076 0.08146885945994774 -0.019030596992089602
127 -0.6431897785442676 0.045045192022956225 -0.042990941202669906
128 -0.5898392149304148 0.1064650448317578 -0.09683805277740222
129 -0.6182794295973818 0.004917030543759624 -0.12409827147783217
130 -0.6148352849716281 -0.07249032691149872 0.11518233596136357
131 -0.6010256317353772 0.06764004161292642 -0.22065765365722548
132 -0.5568727626070245 0.014879578614643367 -0.11310883848100199
133 -0.6659902691720248 0.1095814183128896 -0.2500561820459991
134 -0.22198178254811438 0.010036708428604118 0.3488936096524997
135 -0.6157819432919406 -0.010165555020486402 -0.0940914547797982
136 -0.6974203311509009 0.05083711432377146 -0.11236705454532554
137 -0.6134726730274385 -0.007535044910901603 -0.18258550203729554
138 -0.6048223726205366 0.0899128642869009 -0.20825231786549267
139 -0.29365564615191747 -0.07281907994222962 0.45548255605369825
140 -0.2705914013586884 0.05934255072128508 0.44734628886816713
141 -0.6051315819596593 0.09789675796408612 -0.20203311571587332
142 -0.6472060770121167 -0.05294866362394928 -0.15685438567103444
143 -0.6717194882620275 0.0052639866148444575 -0.0924207016841485
144 -0.5982585633030041 -0.00521583949190402 -0.11760451487201944
145 -0.688768628314868 0.011879427330882405 -0.1644279085433903
146 -0.5499347306039998 0.035315282569829 -0.15957518723546377
147 -0.6576587307504931 0.12341115096741538 -0.21558457677666226
148 -0.6358472977966351 0.07943079871265711 -0.141657937557187
149 -0.6668269196051777 0.14504414547093186 -0.05741303464101469
150 -0.24750910673225593 -0.10250432323185066 0.4519241660730184
151 -0.6320157568272994 0.19095110030190138 -0.21139372099426626
152 -0.6208828671678674 0.097798073652572 0.03062653716315408
153 -0.6444394239008401 -0.033618278916454136 -0.16074543474233174
154 -0.2519711850070767 -0.18167474960064103 0.4590089135766474
155 -0.6465759706328954 -0.11892114783199242 -0.09350703221399274
156 -0.6580322044864448 0.08895646326985185 -0.019149495294602314
157 -0.5418178042394063 0.07592834225300889 -0.12041103418111972
158 -0.6355771180584903 0.13233116422724817 -0.23408973719263346
159 -0.6958632043472683 0.06286014213719306 -0.13730955000665052
160 -0.6009519410687263 0.029156571461755303 -0.2712142036579144
161 -0.691570786295923 0.0274783530105194 -0.27148885724210886
162 -0.6137188470941742 0.06091677454181896 -0.2173067714253416
163 -0.693146736540562 0.04502913226125769 -0.2309556188571236
164 -0.5891571593335834 0.11517042776528985 -0.14928227978880182
165 -0.5874677406146005 0.1476387741491296 -0.1560559991898032
166 -0.6642645049101753 0.025294206255909616 -0.12625280197701655
167 -0.637764138865254 0.03352809612061541 -0.19516289220407107
168 -0.6495403063727953 0.13755159470694953 -0.21380962216618865
169 -0.6458825345045731 0.032136685524630844 -0.06361749076281477
170 -0.5842120287887201 0.05626407462421353 -0.2677645033163987
171 -0.6045138107007824 0.0401622725358747 -0.1163148334182295
172 -0.5719434100233408 -0.00660127256659785 -0.17859401456614168
173 -0.6397564884669323 -0.005657194883771173 -0.04608764301783782
174 -0.5847515495893282 -0.12134838913761126 -0.003461393754097644
175 -0.5930538428967189 0.0619838278836609 -0.18196168346425934
176 -0.586520441385451 0.005776400400387206 -0.134684025495126
177 -0.6355220210735952 0.2208795527139253 -0.18382514965979682
178 -0.3365150575121141 -0.0901637868628789 0.28736997007833226
179 -0.6117018099633624 -0.020908089726689214 -0.11111183975705867
180 -0.6701954982877316 0.10941134653805575 -0.10209541796678223
181 -0.6691698387136641 0.20171516684507335 -0.20698825557387673
182 -0.2813431251435646 -0.10102765297803339 0.23106628931782722
183 -0.5718586802488047 0.09818110244039537 -0.0764909461955849
184 -0.5886477000348541 0.04358252497199503 -0.061934013661863005
185 -0.63313949352239 0.1056724584362606 -0.24461454835622815
186 -0.6314497892928856 0.0754952431173246 -0.17296097953635134
187 -0.6520925499208687 0.12757667796199484 -0.0709632036774491
188 -0.5736467257702328 -0.004181751916856563 -0.04241098285479014
189 -0.636504594932424 0.0719639161498414 -0.009260439746967475
190 -0.563556508928261 0.002932826790981629 0.02270582381995979
191 -0.5628253716786108 0.08482863940491646 0.052143345324216966
192 -0.2470753580898184 -0.03622065806118319 0.42972289611839354
193 -0.5983659208777897 0.024543719328278358 -0.13205170756441958
194 -0.6460446225886165 0.07901559148939112 -0.23444767339046696
195 -0.5625174211379909 0.12909395348201166 -0.12490526449044434
196 -0.6165700587642075 -0.02253722880395956 -0.08680615444189123
197 -0.6133529807713919 0.2622715784242722 -0.04465392769509269
198 -0.6518118187999352 0.09631896780022367 -0.18179865253720337
199 -0.7050862409505976 0.02519307337383487 -0.20049910757597642
0 -0.4313270208100684 0.31697334665035665 0.20935757391261325
1 -0.49898453400160403 -0.3845276920531897 0.05061173764495768
2 -0.4822163000286328 -0.4279788044906372 0.308745168087168
3 -0.483458418947353 -0.2717375183376942 -0.04501681192195612
4 -0.43679867221744745 0.47086519342011846 0.1318461623353751
5 -0.4310516949693569 0.4476149214481878 0.21543586363445766
6 -0.4309582520764473 0.25950805742308336 0.11978125713077412
7 -0.4330602354951802 -0.3029638962209375 0.09262350826559287
8 -0.4630835008524996 -0.2541799554417633 0.12865533706295
9 -0.4571199719375851 -0.24556589818514887 0.03545141828439752
10 -0.4023606711851949 0.4308171769647899 -0.013409583742943943
11 -0.38654198729606076 -0.3093261882981118 0.1040681653576832
12 -0.46754764051502146 -0.33315068182334573 0.2770871799513883
13 -0.4594152385402105 0.3658010731587318 0.03329674504865238
14 -0.4959933633863905 0.35885049009711034 0.0008674873021063378
15 -0.4004226355273914 0.5065746583723054 0.09799259557586133
16 -0.4557951241000448 0.3815767271446012 0.1323984563770474
17 -0.4963785868425213 -0.36098191795574985 0.018871353466730176
18 -0.4869732278727275 -0.2923941652047877 0.34075357680150076
19 -0.4865306033434339 0.2871375580269409 -0.020279510633690368
20 -0.4719924320119882 -0.3600247349745536 0.36943240817838924
21 -0.3275670098790502 0.33746394756586506 0.12115087218663997
22 -0.3541736593285264 0.3591896964570666 0.03417991795778079
23 -0.4257011246694809 0.4562167112445656 0.016270031686750428
24 -0.5076097237758769 -0.3875878364211606 0.05757155669229906
25 -0.44275823773581785 -0.2626618849250546 0.23828632670624833
26 -0.45897201366763846 0.4838049312101085 -0.01875897513210388
27 -0.5160233491782474 -0.4376277408126809 0.24291675148568925
28 -0.437267828841203 -0.26950124427199623 0.1049734044758914
29 -0.43806996347696003 0.2768177833059508 0.025338589226142308
30 -0.4212352888573416 -0.26661105271820473 0.1893352305969535
31 -0.4108733295787135 0.31887776592788364 0.04174928386876251
32 -0.38674530232273274 0.3093422928812897 0.03622490418970676
33 -0.3945145880532251 -0.44636264636645845 0.1297278434199704
34 -0.4551589552263512 -0.4139079265677311 0.07916809851434006
35 -0.44666616264455195 -0.42127982904717776 0.21573675390450134
36 -0.45708184183041484 0.40591302539538493 -0.016871129581191625
37 -0.4081867880395647 0.3903305630645688 0.03554732037383603
38 -0.4503972329275802 -0.35729461760847475 0.19871370529003235
39 -0.44797186873406397 -0.4266188233393792 0.2493766183680055
40 -0.3768444672283066 0.2965513420263324 0.10168534312773816
41 -0.4588706635646347 -0.40145154196590993 0.09483482314181889
42 -0.37827379082548257 0.4776175181573105 -0.027645200651579337
43 -0.4066245238548494 -0.37137503754033 0.12489467656048168
44 -0.4711342560696644 0.35650879694943693 0.07934033332882853
45 -0.4859291000527057 -0.3207608309054581 0.006217873456352623
46 -0.4724532210320037 0.3497254948651695 -0.1626265231960662
47 -0.4302338136833499 -0.3709836024968213 0.3531453131787412
48 -0.4694029035036335 -0.34848074770620063 0.11132180955462062
49 -0.39892497250836567 0.431257700368622 0.15026452513859015
50 -0.5744603725666272 -0.46986614023463047 0.1859885199042805
51 -0.4592941517730527 -0.2767623175163062 0.21564989366116477
52 -0.4756049095497619 -0.3800442528253027 0.1635608084504247
53 -0.4445153026665439 -0.4717594059955909 0.22008901239799783
54 -0.47826730150494445 -0.33152848785230854 0.2261652353908968
55 -0.5141063632623695 -0.5057489825892183 0.36506264100090735
56 -0.45326150930999043 0.3958353526034336 0.2504118499944467
57 -0.4758691037104308 0.37531897864882763 -0.05828838639679131
58 -0.35583866906939243 0.2178580324931118 0.28699155684011757
59 -0.36697941794773664 0.3037401744142777 0.15169788269067283
60 -0.38191538323752855 0.3892564033059237 0.16788179036919212
61 -0.35544566198589705 0.3291378341328352 -0.035269587618675324
62 -0.4283023922937457 -0.36505296943602006 0.15491022817230188
63 -0.4448118790301377 0.44032384664439456 0.1294094130281109
64 -0.4695710525728399 0.43264546796709696 0.10599655869479004
65 -0.4515077112773809 -0.3964666308566624 0.19583478235152266
66 -0.4137124606701763 0.4351273523855188 -0.05067471566776648
67 -0.3730687770739796 -0.315670033572617 0.3504100380237508
68 -0.39826552831156753 0.2271110117403156 0.017175868207464154
69 -0.47775870650982893 -0.40441891885056097 0.259005111981144
70 -0.41925544455624636 -0.3407005841153902 0.28349245320740774
71 -0.35114509797794735 0.2665619999740217 0.04220586451896992
72 -0.460956358035527 0.35062207613619006 0.004840697661251062
73 -0.42837762008558716 -0.22647598863504392 0.19607991479936915
74 -0.48141040746749203 -0.3953607931089507 0.2694351544945438
75 -0.46414909164052875 -0.44530148789447677 0.2569516845144108
76 -0.38764980773744323 -0.3129437725888825 0.10965510402933962
77 -0.40342925772937827 0.401469541481831 -0.01431342541370687
78 -0.44081469818860225 0.28185370067511606 -0.015576317055085833
79 -0.49059758330356873 0.445405221637468 0.16097304125827172
80 -0.46915531650173187 -0.29706829385223127 -0.020676274052001786
81 -0.43138918093954365 -0.3759139936384164 0.17037207143916525
82 -0.3699758848005625 0.28788892338774186 -0.015226516143283615
83 -0.49004688528491974 0.4405268404477118 0.10185418247718557
84 -0.43630032448501066 0.41288102578879143 0.14763918320219324
85 -0.42779510552618544 0.3558421061996271 0.25159668692881265
86 -0.4925868456588185 -0.3061552361080045 0.08601796062548135
87 -0.48677669970245263 -0.3982731519562098 0.26609476741446064
88 -0.49967491463730107 -0.37577519425262296 0.3956210891574696
89 -0.41924159690736845 -0.389108484298059 0.27386592898240886
90 -0.3919724514513014 0.3355956376892009 -0.060155322763346716
91 -0.43650762737836957 -0.34855692158546525 0.31855696961313346
92 -0.37433378207262896 -0.3847311632811722 0.1814735890478741
93 -0.3781587457729074 -0.3395558380927435 0.2479153801315931
94 -0.474227526345068 -0.3470922828116609 0.38822656432047137
95 -0.5265876291354977 -0.47216850633019747 0.12389654160205973
96 -0.4304807342442178 -0.16365615063159805 0.28872132212005647
97 -0.4422195085469494 -0.3106116921297929 0.16483954021161432
98 -0.4543896565343391 0.3111720516693954 -0.0980430459704475
99 -0.43657891517448616 0.3325846679370423 0.021222503285043205
100 -0.42245295956302886 0.348174320370923 0.17152682265343938
101 -0.45112267014189616 -0.39491345846149517 0.1520198031942105
102 -0.3983922947288548 0.4432347437731799 0.1495149334901097
103 -0.49507812858503597 -0.386805527877986 0.24493628519680177
104 -0.4640150670599319 -0.3857576194508951 0.2932037712123677
105 -0.4880084574143066 0.22545156751149933 0.08655874765729334
106 -0.44524071042919766 -0.5366674651106876 0.11540425637682696
107 -0.4692594071880994 -0.3197391020950611 0.2652556883171356
108 -0.5058672073370468 0.40076323801198166 0.0064694952046813105
109 -0.5281390516206311 0.34628917730063447 0.09984262715224734
110 -0.42890342915722085 0.43819395507254255 0.04290395734068728
111 -0.413379488364099 0.35793152641611803 0.0733004359361063
112 -0.4700980869314271 -0.2896766204615003 0.32644265264401684
113 -0.4499593008229639 -0.249984417110489 0.16310368974836467
114 -0.4815753069220516 -0.37539080630210425 0.29212337039592035
115 -0.5045260084925528 -0.379293865720125 0.17795667458742373
116 -0.4576364046368119 -0.26292025030042865 0.23537603113231031
117 -0.3680846107249516 0.47971869187895755 0.17050045669020444
118 -0.432017523291338 -0.4197684908521421 0.056035537695082245
119 -0.4678933164807766 -0.43130223852488775 0.021083416850455654
120 -0.5146028620977536 -0.3787918871204382 -0.06871333900489399
121 -0.4432029080038892 -0.3262669685912896 0.26166333579721346
122 -0.44715252941033745 0.2677213809477968 -0.014311721928196046
123 -0.4465210620007673 0.35985732489153066 0.08808758318059125
124 -0.40996464518959624 0.4550793801273384 0.17181261988171256
125 -0.47605826953335445 -0.35387894560387123 -0.024965846055274618
126 -0.45912986752663987 -0.2946862284863523 0.12126138567320818
127 -0.42121644012178383 -0.31321704112200593 0.24787126836518006
128 -0.4160949621650286 0.31505813801835403 0.16108249938570404
129 -0.4149317205670056 -0.37117022496569935 0.14941567834087385
130 -0.4800750804471628 -0.389832919971814 0.30929778546560205
131 -0.4678432335838845 0.29786410506312627 0.11702389547103356
132 -0.4035896456265753 0.3411731565956823 0.288868945379002
133 -0.4620037650228313 0.40660454966689674 0.004865433194947825
134 -0.5049152013817824 -0.24305988871328174 0.22575507940012113
135 -0.38739455981264986 0.26631538972615987 0.32282057837128575
136 -0.5029450846017189 -0.3395616921895199 0.2771845707421313
137 -0.48171220675285 -0.42052345545689196 0.168173217981765
138 -0.3863668983278173 0.39890440067106164 0.0374678945340583
139 -0.392290157708316 -0.3106548549312825 0.32363354244286874
140 -0.4375023278024313 -0.33696405137083363 0.27226942884404715
141 -0.4640836911578384 0.3039629277389117 -0.04427758632254417
142 -0.458313443700521 -0.3800005556226722 0.24888078917324966
143 -0.40669756561121373 0.5321469289000217 0.16117401422436617
144 -0.4001484774169985 0.4633011489021717 0.24947910245551314
145 -0.44074785502337566 0.2606918926143929 0.15011564081375267
146 -0.4969859264413992 -0.43699850744991703 0.5188489146903867
147 -0.431980952474013 -0.4150324803227459 0.25087167818438044
148 -0.4751671828426744 0.39916008185017954 0.023917408623742364
149 -0.40121628318804514 0.3371989688921961 0.06783346731061501
150 -0.4853113933818231 -0.4645333625078126 0.29082730906538096
151 -0.4456812086520009 0.5019150504494113 -0.0038867001451472955
152 -0.4237397992723928 0.39759577654964606 0.05770374157124832
153 -0.47913746027325443 -0.3702408658953882 0.19968700875791395
154 -0.4799870534165936 -0.463952062280635 0.3372552259317806
155 -0.39218288051905315 0.17715452989548328 -0.12769664041786744
156 -0.40803904860612805 -0.3937835810327666 0.3499387666837594
157 -0.46373077787448463 -0.4006052907385591 0.3020736916635129
158 -0.42145284919433085 0.3773696352153707 0.010997562275434022
159 -0.48601848648290014 -0.3076010549075981 0.27926090170716394
160 -0.37060955605788115 0.42131472869199904 0.02740323828656528
161 -0.43869029280198907 -0.34149497682038316 0.2563255428558383
162 -0.5109811606493662 -0.32977718678523327 -0.009132108685601402
163 -0.4663224915851471 -0.3436450222930827 0.3045943235152223
164 -0.399696499307283 0.35610691768389174 0.03985611479594524
165 -0.4842470176943086 -0.33230692973053083 0.121271700253622
166 -0.39819724801742046 0.3172092159232861 0.04630420507853522
167 -0.4493967548182399 0.3437085955257975 0.047656542226457356
168 -0.481653982356527 0.36861908034642665 -0.03982659523780781
169 -0.51228720640475 -0.42770079071798917 0.2534674223514966
170 -0.3655625741501509 -0.32102349939418284 0.04741437080174189
171 -0.459575185822114 0.4240058523633912 0.14058212384413737
172 -0.5005088487453095 -0.4895154159824066 0.22864337726928774
173 -0.4794118284903058 0.39660430773329414 0.2091326954900842
174 -0.4052560990536622 -0.19657826435485337 0.14114635421924893
175 -0.44027743060587593 0.3837013350392001 0.11770594778710065
176 -0.4458723702223411 -0.3651144734473426 0.23058648763410045
177 -0.41254830405533677 0.2228231630109235 0.0931249920448696
178 -0.5074446724897494 -0.33502507262165404 0.14460070523365132
179 -0.4037733189612663 0.3574068038094301 0.28506937003456
180 -0.38461128498754105 0.28883226478001217 0.11525560461940465
181 -0.4274336292750055 0.33450249808776455 0.13972755849634255
182 -0.5210366821372832 -0.37056448190012004 0.18798062182416098
183 -0.4585013001953818 -0.39483903811822685 0.120932325231582
184 -0.4121948545969156 0.3194633545508254 0.19202999646521923
185 -0.4883239872756524 -0.32673668743666034 0.3382014709040886
186 -0.4440792003684118 -0.40488440884962884 0.3072963386577409
187 -0.4596222451780844 -0.3210865939205221 -0.023731133203816153
188 -0.5132789972907694 -0.2675162807244611 0.22060759633898508
189 -0.48005363518303673 0.48640451914863536 0.31475927712298174
190 -0.4585518930668511 0.4052023697646903 0.02667482088234001
191 -0.4292285252986047 -0.25206384694434275 0.34907761871973614
192 -0.47589030840228735 -0.26276431699393216 0.14511900540519504
193 -0.4565126975828324 -0.3433577107179942 0.05638631614080482
194 -0.35927972526056223 0.30385725547375103 0.22777148282283585
195 -0.4512694120936951 0.4048007878189056 0.01607102307296436
196 -0.48440123872363533 -0.36529462820132436 0.1666017489612455
197 -0.4725049857043363 -0.44705798412362713 0.19066149321563663
198 -0.5331484145286526 -0.5092151773082065 0.2824164741785543
199 -0.4624742481632786 -0.38128460144636184 0.147061396338989
