0 0
1 1
2 0
3 2
4 1
5 2
6 1
7 2
8 0
9 2
10 1
11 0
12 0
13 2
14 2
15 0
16 2
17 0
18 1
19 2
20 2
21 0
22 0
23 1
24 2
25 1
26 2
27 0
28 0
29 2
30 2
31 2
32 1
33 2
34 2
35 2
36 0
37 1
38 1
39 0
40 2
41 1
42 1
43 1
44 2
45 0
46 0
47 0
48 0
49 1
50 0
51 0
52 1
53 0
54 1
55 2
56 1
57 0
58 2
59 1
60 0
61 1
62 1
63 0
64 0
65 0
66 1
67 0
68 2
69 2
70 0
71 1
72 0
73 0
74 0
75 2
76 0
77 1
78 0
79 0
80 1
81 1
82 1
83 0
84 2
85 0
86 1
87 1
88 0
89 2
90 2
91 2
92 1
93 1
94 1
95 0
96 1
97 2
98 0
99 0
100 0
101 0
102 0
103 0
104 2
105 0
106 1
107 0
108 0
109 2
110 0
111 1
112 2
113 1
114 1
115 0
116 2
117 1
118 1
119 1
120 2
121 0
122 0
123 0
124 2
125 0
126 1
127 0
128 1
129 0
130 1
131 0
132 0
133 0
134 0
135 0
136 1
137 0
138 1
139 1
140 1
141 2
142 0
143 0
144 2
145 2
146 2
147 0
148 1
149 1
150 1
151 1
152 0
153 1
154 2
155 1
156 0
157 2
158 0
159 0
160 1
161 0
162 2
163 0
164 2
165 2
166 0
167 2
168 2
169 2
170 0
171 2
172 1
173 1
174 1
175 1
176 2
177 0
178 1
179 2
180 1
181 1
182 1
183 0
184 1
185 0
186 1
187 2
188 0
189 0
190 1
191 0
192 1
193 1
194 2
195 1
196 0
197 2
198 2
199 1
0 0
1 1
2 1
3 1
4 1
5 0
6 0
7 1
8 1
9 0
10 1
11 0
12 0
13 1
14 0
15 0
16 1
17 1
18 1
19 1
20 0
21 1
22 1
23 1
24 0
25 1
26 0
27 1
28 0
29 1
30 1
31 1
32 1
33 0
34 1
35 1
36 1
37 0
38 1
39 1
40 0
41 1
42 0
43 0
44 0
45 0
46 0
47 1
48 1
49 0
50 0
51 1
52 1
53 1
54 1
55 0
56 0
57 1
58 0
59 0
60 1
61 1
62 0
63 0
64 1
65 1
66 0
67 1
68 0
69 0
70 1
71 1
72 1
73 1
74 0
75 1
76 1
77 1
78 1
79 0
80 0
81 0
82 0
83 1
84 1
85 1
86 1
87 1
88 1
89 1
90 0
91 1
92 0
93 1
94 1
95 0
96 1
97 1
98 1
99 1
100 1
101 0
102 1
103 0
104 1
105 1
106 1
107 1
108 0
109 0
110 0
111 1
112 1
113 1
114 1
115 1
116 1
117 1
118 0
119 1
120 0
121 1
122 0
123 1
124 0
125 0
126 1
127 1
128 1
129 1
130 1
131 1
132 1
133 0
134 1
135 0
136 1
137 1
138 1
139 0
140 1
141 0
142 1
143 1
144 0
145 1
146 1
147 1
148 0
149 0
150 0
151 1
152 1
153 0
154 0
155 1
156 0
157 0
158 0
159 1
160 0
161 1
162 0
163 0
164 1
165 0
166 1
167 1
168 0
169 1
170 1
171 1
172 0
173 1
174 1
175 0
176 1
177 1
178 1
179 1
180 0
181 1
182 0
183 1
184 0
185 0
186 1
187 0
188 1
189 0
190 0
191 0
192 0
193 0
194 1
195 1
196 1
197 0
198 0
199 1
0 1
1 0
2 1
3 0
4 1
5 1
6 1
7 1
8 1
9 0
10 0
11 0
12 0
13 0
14 1
15 0
16 1
17 1
18 1
19 0
20 0
21 0
22 0
23 1
24 0
25 0
26 0
27 0
28 1
29 1
30 1
31 1
32 0
33 0
34 0
35 1
36 1
37 0
38 0
39 0
40 0
41 1
42 1
43 0
44 0
45 0
46 0
47 1
48 0
49 1
50 0
51 1
52 1
53 0
54 1
55 0
56 1
57 1
58 1
59 0
60 1
61 1
62 0
63 1
64 0
65 1
66 0
67 0
68 0
69 1
70 1
71 1
72 1
73 0
74 0
75 0
76 0
77 1
78 1
79 0
80 0
81 0
82 0
83 0
84 1
85 0
86 0
87 1
88 1
89 0
90 0
91 0
92 0
93 0
94 1
95 0
96 0
97 1
98 0
99 1
100 0
101 1
102 1
103 1
104 0
105 0
106 0
107 0
108 1
109 1
110 0
111 1
112 0
113 0
114 1
115 1
116 0
117 0
118 0
119 1
120 0
121 0
122 0
123 1
124 0
125 0
126 0
127 0
128 0
129 1
130 1
131 0
132 1
133 1
134 0
135 1
136 0
137 0
138 0
139 1
140 1
141 0
142 1
143 0
144 1
145 0
146 1
147 1
148 0
149 1
150 0
151 0
152 0
153 0
154 0
155 1
156 1
157 0
158 0
159 0
160 0
161 0
162 1
163 1
164 0
165 1
166 0
167 0
168 0
169 0
170 0
171 1
172 0
173 0
174 1
175 1
176 1
177 1
178 1
179 0
180 0
181 1
182 0
183 1
184 1
185 1
186 1
187 0
188 1
189 0
190 1
191 0
192 1
193 1
194 0
195 0
196 0
197 1
198 1
199 1
