200 3
0 -0.0029727455975225373 0.030091655499173656 -0.002829560009372451
1 -0.001585675629442715 -0.01899760853525105 0.030573188464678484
2 -0.010871655426695936 -0.008952904609958505 0.033348309324422856
3 -0.005804053493839542 0.016047218587673766 -0.0005404870017000005
4 -0.002018225310902238 -0.013157419756623632 -0.01428408944249452
5 0.00504400442222494 -0.018734536159273948 -0.02744145576951057
6 -0.011469132321388922 -0.023060013988780645 -0.04450435284413569
7 0.006135957135158013 -0.012317809378517085 0.013661272439650415
8 0.008190529147393898 0.02373400271972114 -0.0025671071280437274
9 -0.000546579317975783 -0.01857375192593801 0.031052945574235574
10 -0.013430107357819653 -0.015083277775435631 -0.022665331773428027
11 -0.00240725291759325 -0.01912754726955146 0.036695052488565076
12 0.02363804070482517 -0.02474666180348396 0.025121621322203955
13 0.0006468339819030756 -0.01174350982207686 -0.017953176093948815
14 0.005732158881351385 -0.0210071859386869 -0.023667215956157422
15 0.016319991091116794 -0.016126549584894092 -0.009295143352371311
16 0.013473910282277096 0.02893982638853003 -0.0032379659463444782
17 0.0024237081437098774 0.026728750319621093 0.010403287637169766
18 -0.0049700311768616605 0.02499574088526345 -0.002511958747989278
19 -0.00029454317377983034 -0.013034054300852894 -0.023487239982725713
20 -0.0018009109190022382 0.03611765281656282 0.00015393732127774555
21 -0.0053286378388748 -0.015450370163332033 -0.01432672470847033
22 -0.009914680737987541 -0.024347167546500792 -0.038022127177572224
23 -0.0023160219542563976 0.026452584800578452 0.006763343544048754
24 0.00790454585912588 0.02964085183552917 0.002792522441403388
25 0.01070360239599323 -0.015704650890580693 0.028748603044610854
26 -0.008357607355751653 -0.02818202821972636 -0.029622066261259558
27 -0.002929781586549954 0.03951798823224486 -0.007637111026686426
28 -0.01368003667438572 0.02541538534358557 0.005131306462998862
29 0.010332261398523591 -0.018635007285804153 -0.011879623986669717
30 0.00683467205077741 0.027572028837553178 0.008245624565264897
31 -0.0069910341127991105 -0.022771471289654163 -0.02639448801504627
32 -0.006473736620388167 -0.020005844210570056 -0.03146004729403231
33 0.00810067748238039 -0.019867545359962276 0.012620741043208025
34 0.011416327475085822 -0.01718895160754682 0.026518595837616864
35 0.00144983382152028 9.727869873717414e-05 0.026693379732375795
36 0.0008797143749122577 0.01881991892904626 0.0002388235395265701
37 0.022446412851112388 -0.015097556957595085 -0.024608381297330596
38 -0.0024194014251507495 0.009961103816831851 -0.008007005213557164
39 -0.015617819672355607 0.03453564509651815 0.0032665419850056495
40 0.005923543077655566 -0.01001822836741932 -0.014045545749624466
41 0.01130882481934338 0.03563664409527736 -0.008297814600935635
42 0.010829721864683964 -0.01666498328465208 -0.029434404368459843
43 -0.00975799887139777 -0.019039025307517395 0.022385654321772683
44 -0.0054069334057344764 -0.019403300275873718 -0.025107371468975084
45 -0.010311725898386206 0.026533813436657318 -0.00681754539022479
46 0.008316123035902727 0.02716499015058285 -0.0009873705176816037
47 0.00011157781067275968 0.03232099243659252 0.0010037105616095277
48 0.008114742529531071 0.03473278648340387 -0.004426313285218438
49 0.005751073203433245 -0.02258843166423928 -0.022189693448858454
50 0.0011411033761735238 -0.019586739912782036 0.014560899524797194
51 0.009570079637819685 -0.017146307319530492 0.013314141246096145
52 0.007383264237904547 -0.012002798016559658 0.02214659160251984
53 0.00039739157795900745 -0.01827095152554778 0.021446000020334345
54 -0.007696917244036865 0.026935309500107266 -0.017397343653187854
55 -0.0031892124548855844 -0.010008818987248565 0.018791736799444875
56 -0.007426535423031781 -0.009752074079158353 -0.0273653966894897
57 0.00626398054159484 -0.012311670374848439 -0.02064991386062026
58 5.2144449774121004e-05 -0.014866626195923213 -0.01822581863723087
59 -0.00927258425698095 0.022006226277013985 -0.0030076207717266205
60 0.008288755054185089 0.027353767943267486 0.0019485125722653526
61 -0.011784761499902763 -0.01431520397705223 -0.025528485731528765
62 -0.006826767053531579 -0.005416777376982745 0.013687141160146118
63 -0.0037887312917719504 0.03478368876862191 0.003717706600345053
64 0.006028515011341919 -0.019276993285199672 -0.02759523913821113
65 -0.005264584905812508 0.015036869841252814 0.0036756091181532934
66 -0.0016053281460533034 -0.022874914886280084 -0.032015116554200126
67 0.0037895682992850673 -0.014378362541310162 0.02690268210190716
68 0.002283194934712369 -0.011946330691987406 -0.020213991276227042
69 0.0005863181732560846 -0.031988102003008105 0.034470416325159195
70 0.002184447744417662 0.0016915411877084612 0.014672311176895311
71 0.009952713014604493 -0.016803163747668888 -0.0241064977796097
72 -0.005478398406384102 -0.015020614987415914 -0.021480430680153498
73 -0.00028153114435903667 -0.010751130444152901 0.029422342621582144
74 -0.007062624238383289 -0.01779388733639031 0.03552052574092066
75 -0.008701606451528579 -0.0175305505096744 0.021319706459312936
76 -0.0036341194924302198 -0.011825235594545354 0.012984619377199219
77 -0.006747033771968475 -0.009992123574052623 -0.025252471444098007
78 -0.003020237972901813 0.013199696441002398 -0.0009199996278566654
79 -0.0057940249664889115 -0.022279532629746718 -0.02627035350668054
80 0.005408175061234349 -0.010637190798404372 0.024814488987536902
81 0.0008866327167402158 0.016879407263111976 0.011779962438676267
82 -0.004958064420462788 0.015887883918558478 -0.010349363319167821
83 -0.0008612724974576477 -0.004992435629455573 -0.03102973705912635
84 -0.00390195450286046 0.025112520450742602 -0.005255748208657386
85 0.0045380937089015486 0.03275918902887384 -0.012071798641201203
86 -0.0005010203359580231 -0.0195890416297416 0.02323415374366776
87 0.006075284409602347 0.029001072047816538 0.003394705182252388
88 -0.001146315175923042 -0.019771482963879174 0.03151871168776467
89 -0.008684594375623376 0.02843513863009108 -0.011784569743481705
90 0.0031398424024121577 -0.01779211889432477 -0.018391990402556707
91 0.01570668225108228 -0.01541074085428247 0.028247162229611267
92 0.0028352230231786357 -0.021547025217590686 0.02714986651331052
93 0.004007511093982327 0.03643256148785712 0.00180457576707534
94 0.013184732992382195 -0.004861192655667701 0.014926156884102149
95 0.004613770885716267 0.02539721614469343 0.009315095466870383
96 -0.008503588432982656 0.01912102414591078 0.0005792191613024364
97 0.0007447560013224414 0.025801501553206492 0.0031873784893949367
98 0.019862650936065332 -0.01949650306146767 -0.028314037431591686
99 -0.0034722431479513385 -0.01919753161911031 -0.02522691959330719
100 -0.0044775744250845385 -0.025601706165239414 -0.023588384219170908
101 0.0037991436030451325 0.01758045592007601 -0.003614927381353385
102 0.002840388703961756 0.022986903799837095 0.014747978815874864
103 0.006765838662418679 0.03928537862416065 -0.0013514852849358314
104 0.009350935978709236 -0.016396321439730112 0.028656542009848872
105 -0.009125967532509091 -0.027021560789021785 -0.032981995485173145
106 0.007382933066287227 0.02284465312508588 0.012223401206907951
107 -0.003999787060648066 -0.01365492072371672 0.014228158146410139
108 0.0005387294134831695 -0.022301592559679378 -0.034360663167803535
109 0.013568877559084494 -0.002563662348129693 -0.014754609652434074
110 -0.007893718941949745 -0.010450624268642763 -0.02255063939565849
111 0.0005161905906839416 -0.015023528593288156 -0.031604282853720425
112 -0.004072204244166055 -0.007130614940465763 0.03793194414813512
113 -0.01264026682340548 -0.024843568057838734 0.033037051894450276
114 0.004623915112210254 0.03332501016306714 -0.0007506368885488498
115 -0.0015561429729100025 -0.015207730524881339 0.026579294649977374
116 0.005094706311133609 -0.01862937772884772 0.026279918381950797
117 -0.003310637066787976 -0.0058656833891091754 -0.02459013767679305
118 -0.004216128375276285 -0.022803176493078947 0.03026342750657364
119 -0.002872979661166085 0.03603180183879211 0.0008230684120926462
120 0.012604992322129832 -0.02048232070383281 0.01801089503726224
121 -0.004781978989934068 -0.011805832749160614 0.03147331678383838
122 0.007813981803934496 0.024185582847880777 0.0035760248588308525
123 0.0020428677808418533 -0.008183633336414892 -0.018362875121497008
124 -0.01051857257958265 -0.01348984614932607 -0.02157132412999662
125 0.003162526277592989 0.009102017620948788 -0.004432332494714048
126 -0.00924248738713852 -0.009699356030631 0.028304470090303416
127 -0.006463047435398661 -0.011298519171596275 0.021374389837274924
128 0.0043828146572955674 -0.031666440700203094 -0.01928851677897344
129 0.00044698551268355577 0.030197039405041003 -0.013419748677252681
130 -0.005864491596375106 0.025359088459070464 0.004075517752239448
131 -0.008773668501861634 -0.0058873213922982035 -0.026482996604027767
132 0.008725070590412574 -0.013137824913593783 -0.03160415269812769
133 0.0006555082305269621 0.017679236708702924 0.00673793196429754
134 0.014705632802078053 -0.02876401306701544 0.03449307142156327
135 -0.001592475185767531 0.02337156401579492 -0.006823423967694887
136 -0.006438558545744502 0.03586542908552982 0.00888690238509587
137 0.022778790332725188 -0.011371374091177382 0.027927159757210225
138 0.012247776131050561 0.012853601192281605 -0.013995298761528696
139 0.006611900323872183 -0.013309820806140085 0.03304918226174172
140 -0.008743924079154468 -0.014089200468052341 0.03285249450733225
141 0.0043264481809939925 -0.012968867580839968 -0.016967098586886664
142 0.013616610366647589 0.021305687639711177 -0.0005431486429946231
143 -0.006591250708283529 0.031103204449471365 0.006486449541252558
144 0.010761684439124244 -0.026656777174494866 -0.024966238945550633
145 -0.005429838402345531 -0.020160440435451524 -0.03054843039736499
146 -0.006840129554017654 0.02485248496645663 -5.013210841822886e-05
147 0.006654022713497368 0.032329621111061774 0.0035476883621889466
148 0.0003447358932321329 -0.02620448903763889 -0.025474051701342225
149 -0.0011117989721111015 -0.0136963208605809 -0.023761514572192263
150 0.009122511105243203 -0.00553675078256162 0.03585868256075815
151 -0.0004165430047720223 -0.021471348352127363 -0.025906655550833296
152 0.003688120845690453 -0.014829957352299304 -0.02854666628808855
153 0.009369303259310902 0.014336954095256779 0.0016406981634674153
154 -0.008692368287544147 -0.008675483776722826 0.030220762353454854
155 -0.0045164618612301526 -0.015750570632825027 -0.026017267191706453
156 -0.005525691059945551 0.03125018562354999 -0.006070453647305713
157 -0.016301383777535997 -0.01775404709565921 0.015961400344238832
158 0.0004887544112272303 -0.011392135415680144 -0.020887417823028623
159 0.007125255548226454 -0.017578608016750246 0.02777720796236663
160 -0.00851884882380938 0.016627243954331287 -0.006196838116186985
161 -0.0050685257032985695 0.030744859945569483 -0.0029610538776949566
162 -0.0018202718861735356 0.02721591680786936 -0.0031817204361045217
163 0.003516485380832643 0.021231640220348336 -0.0007449344833043705
164 -0.014240147298295605 -0.017381286368159124 -0.03717065358289603
165 -0.00018589744575291806 -0.006420091727231434 0.03501787208770403
166 -0.0011609492595054186 0.03737008807613146 0.005598428004945213
167 0.007219127269706499 -0.015488136262643719 -0.02244944146862239
168 0.0034085723084432296 -0.013307573998681613 -0.023682336826368902
169 -0.01092866812958685 0.021469349392983166 0.004030840208483817
170 -0.0021793377803209103 0.031025015744961318 -0.006448903232309676
171 -0.0012594290840193013 -0.014440202619976899 -0.02910326358036011
172 -0.0017481958927702546 0.029925080255592422 0.0029418734036810645
173 -0.005287080416055988 -0.026403281726707695 -0.021251282228025158
174 0.012044222001440757 0.03436867793466568 -0.004889318497705794
175 -0.016948785235847183 -0.021757045602279194 -0.022210826685368633
176 -0.005720785345397817 0.02340877259553826 -0.004631609433909279
177 0.008090640970217593 0.03055142467987193 -0.0053758741518276885
178 -0.019432036909506074 -0.014696159494439899 0.014671193983307962
179 0.008403172004163725 -0.015429674383612216 -0.029617308736939546
180 -0.003287511022463885 0.01427226898331941 0.002225535018905425
181 -0.0017723170781856592 -0.017454820171438953 -0.012876401420279258
182 -0.01785745000972118 -0.011718299031710549 0.025506725527049245
183 -0.0037312996775788893 -0.015928911972794346 0.021211587051597945
184 -0.004654141877808299 -0.022206852066699756 -0.02495214135576052
185 0.004040165698065869 0.023874048676393294 -0.000307036214190419
186 0.007853301047984368 -0.015642447123553085 0.04428251520644694
187 0.0066789048980653645 0.03557593693842355 0.0060078678972816
188 0.009602069183567163 0.0164367176440992 8.126917400359465e-06
189 0.00040472704553083487 -0.017214277801604727 -0.011262466931486137
190 0.0108673191437626 -0.015301506267711477 -0.030150995676494846
191 0.004267962154308011 -0.026856868511812737 0.03559417310031912
192 -0.00011790163293196043 0.0014391540430763183 0.033676862283740866
193 0.004714609506165379 0.020991682405859677 -0.010806615564824314
194 -0.009791869573865988 0.023105599949701128 0.008061891958774145
195 0.011230629000429412 0.020983561631437837 0.00038765426205558846
196 -0.015627950039291294 -0.0162468637781406 0.029161330399870344
197 -0.0003825558549102803 -0.013533922979652134 0.017474020104841212
198 0.00019636057690350893 -0.015721637311607826 0.025888183564867197
199 -0.01782563744328723 -0.013855136218074438 0.036132214887685934
0 -0.00822588617748013 0.0022613068771232675 -0.024112481477118114
1 -0.015105654496380926 -0.014763192522840824 0.01770123579389595
2 0.0010655368895109221 -0.017359150051279346 0.030434846792077884
3 4.344571005080594e-05 0.009905678491057036 -0.027059118418600286
4 -0.0022666114986650554 0.00574396728637009 -0.016833078416950947
5 -0.004832506885235323 0.011390644317789744 -0.018490190780461976
6 -0.009509561946777115 0.004536128669255707 -0.01932381934794901
7 0.00038224692548086397 -0.013743504359509632 0.04168243951420986
8 -0.0016805523448467433 0.011197722902500956 -0.025629141552082978
9 0.008814045631838378 -0.020386528328512787 0.03057573097286835
10 -0.0031004638821045608 0.007135115374272562 -0.027102299161526747
11 -0.012341367632776393 -0.015450555141560747 0.029855173330470684
12 0.009369309655825608 -0.013034870869712868 0.03418080651439379
13 -0.006561046001358368 0.006753732709873509 -0.0137687229067349
14 -0.0024362527487889543 8.437551462007337e-05 -0.02512303759555426
15 0.003776463448753334 0.004954908492079885 -0.016821557934223193
16 0.0075053260528490096 0.0035808552188139886 -0.010644672770856074
17 -0.008708449866472186 0.001019105158298922 -0.02066964433265748
18 -0.0018636630332881446 0.007302253765816627 -0.024312709514451216
19 0.0024641008479976204 0.008009018634622327 -0.01888665027763329
20 0.006607302981630828 0.009343154439510296 -0.016187894873394053
21 -0.008230344973074039 0.0061939014284808774 -0.01881389323393596
22 -0.009620477402629904 0.007739422253893555 -0.01548128431936728
23 -0.013376719611466546 0.004948108744160795 -0.01717735991767388
24 0.008047450411132119 0.009398429464305483 -0.01682612180628222
25 0.00790531535640708 -0.03174979085085901 0.03493629389180053
26 -0.0016179520613229248 0.004259238222497019 -0.01817195801935509
27 -0.005523433473363988 0.007794579618443487 -0.026684042287918937
28 -0.0030732575362754366 0.006473949184879958 -0.012291909484270938
29 0.001198095681520038 0.005577671529938724 0.00011417239478044017
30 -0.004585141575284828 0.01400314442252 -0.01980310732976818
31 -0.010753143808996703 0.011969892835578963 -0.01573504511072389
32 -0.0001857845121068409 0.006158943714914308 -0.01587333611687674
33 0.008757553312253762 -0.02236454879957539 0.03823721621232585
34 0.020126887741600485 -0.03336516357618208 0.035841028454434945
35 0.008422586908107266 -0.015022852035758098 0.028949317676555363
36 0.0016592835595135302 0.006635316139228853 -0.01668341036689442
37 0.0170892216666102 -0.005635588900487848 -0.017833349855961605
38 -0.0032887734137364774 0.003079207651963031 -0.021315224371987428
39 -0.00960679984480503 0.014028842918793166 -0.011150118750486729
40 0.004613533978619036 0.011961227396291088 -0.011033184801551528
41 0.005955964849010363 0.005587025223786582 -0.01593972793447743
42 0.012990686507013377 0.0014482026822805888 -0.016009977355557294
43 -0.004404814490600754 -0.016234812818705986 0.03440682543063762
44 -0.010082941369224198 -0.0011583180071684587 -0.013265356523289432
45 -0.013537943868858301 0.0006679487816331556 -0.010941136608880582
46 0.0048652781154468125 0.0057062338374744975 -0.010560918370211034
47 -0.004533056458483599 0.010852635386234197 -0.026852287426091016
48 -0.0030021696278820093 0.004047451771183944 -0.008093688247073703
49 -0.0006255827485344943 0.009736549863233815 -0.013477442749773728
50 0.007215851230873401 -0.01549055506417893 0.03431382357327357
51 0.00029696148386038415 -0.0104820909164818 0.02944751970311367
52 0.0050855424081774625 -0.017270605993786513 0.02579345299411437
53 -0.007718458104450113 -0.017776949232904335 0.030717780298715663
54 -0.003390485119411292 0.002233209463071213 -0.01551615680128052
55 -0.0029626955355077367 -0.011854078041600784 0.019817266361508296
56 -0.01321466691627432 0.007195282218717115 -0.023972256348897283
57 -0.0013490857689943568 0.018747505940843803 -0.014727548509382002
58 -0.002163049754842635 0.009327763750360166 -0.010524708008982586
59 -0.007267122039517168 0.015206748198313538 -0.016840555456217023
60 0.011966479928230321 0.009526552532456975 -0.021124368301485254
61 0.00638684220524774 0.0038729123790026618 -0.0231799430172036
62 0.003961691651796585 -0.014861197568436856 0.013920724169185682
63 -0.006784774376631671 0.0076842494505443 -0.019155918901766173
64 -0.006913947100793889 0.008105778525065416 -0.026039886223671524
65 0.002296895311551698 0.005230555823889038 -0.011144780192966509
66 0.0021834819771495116 0.009975372822264149 -0.021064544360531137
67 -0.00376125898987875 -0.0149227599905329 0.04374273052595745
68 -0.0025081427036037045 0.016086226146547464 -0.01041310814170672
69 -0.0016462290588268964 -0.01225994079039408 0.033112433642495484
70 0.0013241568649773276 -0.021140051968873707 0.034299675579105716
71 0.007055322477051387 0.006815556574003789 -0.012341353048558178
72 -0.009309316673415571 0.010312391027033626 -0.009196520301814698
73 0.001782333935995143 -0.007153920545721505 0.03674666196628269
74 -0.002196727557826697 -0.010736497512048523 0.030049461721309165
75 -0.009565679968667876 -0.01687604843727797 0.02018814824141562
76 0.008368503584072151 -0.016675630722223014 0.04136043477792636
77 -0.010582431183316872 0.008425958920690136 -0.02004437785074728
78 0.01157580269951165 0.01053305331313191 -0.009659181440098946
79 -0.0031687264688037703 0.011344084178969718 -0.018961911585266722
80 -0.0020727179340252824 -0.007764199094059258 0.021655974815507975
81 -0.0020686580272127122 0.014014906268263308 -0.020381885867242912
82 -0.005034748194797253 0.021949293099782725 -0.013595002967187486
83 0.005341309218221516 0.015574551386803014 -0.014783092989474327
84 0.006237260868903541 0.012700952902927228 -0.018956911914748586
85 -0.00917474224254589 0.009000347239244727 -0.011380525606417818
86 0.0021111273325169558 -0.023881436879735193 0.027432094016787673
87 -0.0014970486776917438 0.005171978969754756 -0.027637209608480613
88 0.010575407786368382 -0.015732413357957532 0.03562601148009835
89 -0.005629296142493051 -0.008081269226767662 -0.01426861689505591
90 -0.0035411994970339575 0.004923045242034414 -0.02961910429431882
91 -0.0011591746679270529 -0.025203707248424113 0.03447586355295853
92 -0.0017048395708975424 -0.012216226688395802 0.028898373312298102
93 0.00720282811677779 0.008766710488479185 -0.011841660882106319
94 0.010594100124342087 -0.01496153101277339 0.028866040899503675
95 0.011959579904588617 0.005078476821297653 -0.01113898505117103
96 -0.010832423001597077 0.004928163429094488 -0.011587862717098267
97 0.010976793660525118 0.013587648468637636 -0.015466245249753477
98 0.008491429714538284 0.011986244738160068 -0.009439954362561842
99 0.0004348893357103839 0.0006125115778057508 -0.014680864483246923
100 -0.008344012466631221 0.004122006892756991 -0.02312765605048263
101 0.007182545496475512 0.01650916523970572 -0.01711277413063848
102 -0.00551712006712719 0.012238754928338168 -0.022898942698626128
103 0.007534028615943288 0.008929199048366657 -0.008324204708176484
104 -0.0043120159779938836 -0.017114341217748782 0.03083707072729893
105 -0.010614545354005286 0.006080432195781853 -0.017934601551662224
106 -0.002301613748235943 0.01428304264833588 -0.01093445359519574
107 0.006138137510509663 -0.021011590760551 0.04227370026881356
108 -0.012081042914029033 0.008889719578848508 -0.026138594208059654
109 0.012371301882676641 0.004836100540795453 -0.02014360650629883
110 0.0015163832782660105 0.012578695480773939 -0.013120280187487898
111 -0.0015635343033039888 0.015430742034926639 -0.012210935669127329
112 0.011722103617448836 -0.01680940708801642 0.032701589218344373
113 -0.0022937659346264627 -0.012602817519509119 0.03627440032054167
114 -0.011595553410629126 0.00356569946027413 -0.01907528219495152
115 0.0064037894459199295 -0.009428460802747462 0.02789834023948072
116 0.005525449798416869 -0.019945605381320994 0.02907080450043461
117 -0.009288505917959884 0.012684478126072186 -0.019917115136637235
118 -0.008023862029521205 -0.02083423535322542 0.03597213685055442
119 0.008717791464924705 0.00956768338186302 -0.01846892793652591
120 0.015147905872936115 -0.019956705209491665 0.02599298988926319
121 -0.0007325218720390554 -0.0052509132079625355 0.02583188274152863
122 -0.002776547657408912 0.009519932764900735 -0.016373919189066985
123 0.012614712276813364 0.007608502741480918 -0.015544726110478357
124 -0.004169622245151966 0.009029799499771275 -0.022768622477111436
125 0.004292518424172595 -0.004207874703703634 -0.02557548362564214
126 -0.001585025218482746 -0.01718919583978405 0.040948098812036426
127 -0.0011576101096653635 -0.018345413201011084 0.04142161913626674
128 0.003425521845963505 0.014266639909036524 -0.006661701890454161
129 0.00011609897929539155 0.006816254312022776 -0.021234437819312064
130 -0.0027469915550352216 0.00873475470834404 -0.023223077002566043
131 -0.0024928732315063692 0.00706037004335279 -0.011305172416556292
132 0.002416779153387706 0.004611333070798418 -0.017177390071814097
133 0.0027324519810945982 0.01820919225273071 -0.02507966860764718
134 0.00349082504834497 -0.02017737622153907 0.04236438205249405
135 0.0009963387273574293 0.004272891635202017 -0.02219413815667772
136 -0.013882089135513247 0.005767714237502303 -0.011264452529528323
137 0.01715218827780146 -0.02008018433503344 0.031096849307145527
138 0.009108183671753159 0.0010873268906658705 -0.014974266353558613
139 0.005698945817672538 -0.015913956067856994 0.03964472725456897
140 -0.008500958996868743 -0.01312851200120527 0.03691759556551576
141 -0.005520306754129865 0.0034905900870892265 -0.017707143942681115
142 0.005589301754898857 0.012701420840259742 -0.023613656618824863
143 -0.009716690568870381 0.01099197371274438 -0.02274213308242734
144 0.007615078642480608 0.013880782037770822 -0.01867597452789245
145 -0.008812359365385915 0.005194182509491212 -0.01995507190488282
146 0.005326333647447693 0.008218187565695673 -0.021335994094877225
147 0.004256202736301701 0.013108069562315403 -0.01351158521841125
148 0.007793673771562617 0.006611836413794606 -0.017241937917023886
149 -0.0008277017449166953 0.014671090026071129 -0.025795044055267016
150 0.011221131204056156 -0.02552137552548318 0.03840150577093162
151 -0.001019567253928356 0.0033008254995942274 -0.0168125992198329
152 -0.0010885082829480736 0.009332405228124854 -0.017152942271142835
153 0.00897170735141005 -0.002069186014519008 -0.011797014616829082
154 -0.017848978381816566 -0.02048716641275449 0.019224081974570532
155 -0.005051619316515099 0.0038726656654661726 -0.01646916938516193
156 -0.003454831272554592 0.012397998984512257 -0.014467961138419423
157 -0.009046894195575084 -0.018758586047713955 0.038136287726318975
158 0.006303052551691786 0.002436439619826522 -0.01596941832693749
159 0.008004637812537962 -0.01181347483307401 0.04141821797201495
160 0.00471177030452017 -0.0012542986585769716 -0.013384120289196767
161 -0.0029654502691528126 0.011247508929770722 -0.021844492238185177
162 -0.009838219741785857 0.006478867157008586 -0.008326204752149648
163 0.002015498813384191 0.002705622063641347 -0.013298608623481931
164 -0.010094768398172832 -0.003587310819885975 -0.022986118270409084
165 0.003167806753470245 -0.017070763114151236 0.028644859732410884
166 -0.006998812304678449 0.01126495594026862 -0.01753323347785061
167 0.010008313065076435 0.007967348374810015 -0.015754890367740276
168 -0.001997138559805029 0.014389071452750368 -0.016628966377103246
169 -0.005030900901466219 0.010658205522417821 -0.014561349872772546
170 -0.0041338816939894395 0.014758399204118436 -0.016601590611888546
171 0.0016095700861851678 0.00808849163341098 -0.014790857952177786
172 -0.0008530259421654345 0.013789482913539972 -0.013078889175698688
173 -0.00031931532565387943 0.0006595515663011253 -0.019719533881707232
174 0.011225647273768027 0.018974033618079755 -0.020956341022333826
175 -0.004631045012107718 0.014598413762532465 -0.018026741324810185
176 0.002028129931352693 0.011039749778824048 -0.0116832030323086
177 -0.0002806826397289061 0.014455001469207515 -0.01302621869134294
178 -0.00010525389693298581 -0.017898821949685173 0.03846199856842207
179 0.006049120498771668 0.001892983768779416 -0.020498117924252275
180 0.005581070551295295 0.004721872960253316 -0.01860010513429788
181 0.006334862947726686 0.010067447210608545 -0.011724661683352976
182 -0.010910829199210603 -0.014628736492110831 0.02190404585620643
183 -0.013386894466570133 -0.02098236104058866 0.03128525580124982
184 0.002223248977297927 0.007709276094353602 -0.010446747137281373
185 -0.002927931397446494 0.0007870493734095513 -0.011263958608514856
186 0.003377932965582039 -0.014199488780068072 0.04037299657917687
187 0.005092092723127162 -0.001694013749250295 -0.011666239796813627
188 0.004198617747584274 0.006888108605077874 -0.009628851517351322
189 0.01242041983570801 0.007323584613768606 -0.01790181874865457
190 0.01629299487672757 -0.001621584198562613 -0.015213278769131602
191 -0.00390022434367987 -0.023597046683968025 0.03156390251053572
192 -0.0031289638898946218 -0.02259992102342973 0.03758258337260535
193 -0.0032032920295787075 0.0021756175863152996 -0.014185884487752612
194 0.003139563895482766 0.013353535779593029 -0.013724652518116331
195 0.016382701338249164 0.006942222579412571 -0.014584229004052342
196 -0.014132864062379277 -0.016425680339688623 0.03249107796566449
197 -0.002327035879508647 -0.01340644157046694 0.028016290304505913
198 0.002352727385520047 -0.0026572276966530407 0.03027189864457687
199 -0.012025077109943202 -0.012702785134631252 0.029416790992483483
0 -0.00920486565650911 0.014591988750329757 0.016215969823803116
1 -0.007385021295153407 0.009468818517816967 0.020801223688844593
2 -0.0016988325159764534 -0.0028284774571846125 0.018474384149140863
3 -0.004674211001196485 0.014938580322450351 0.014973790418229192
4 0.0004910174046828825 -0.013505167261034744 -0.02697412801673152
5 0.01047245299644151 -0.01840847223579217 -0.030978781816723623
6 -0.016305363369409395 -0.029768174667152085 -0.03925908933874708
7 -0.004901915258678712 0.019347004720195175 0.018596377727787314
8 0.008552003432745904 0.012756117829318292 0.01904893283095796
9 -0.0012794966829774643 0.011112580109791263 0.02623928607281785
10 0.004452683486565662 -0.014336313620225714 -0.03134139647444885
11 -0.002674888610245056 0.003970689838968575 0.01761071127347505
12 0.01586081568304279 0.005522767685430217 0.018386556198190643
13 0.001478270033472744 -0.009310312701636889 -0.03143137161161285
14 0.0010770382287448692 -0.007577454502152754 -0.03033661178966985
15 0.00029616926019794543 -0.013077574131535864 -0.021235274142878523
16 0.011151757588391861 0.01579499753183069 0.020256024303111034
17 -0.003124916365531718 0.007134949736070206 0.016251445833088733
18 -0.0018480380329974622 0.013435709091360333 0.013887657806210476
19 -0.0005658455733559276 -0.022023103960153036 -0.03116824795641012
20 0.00274254894635027 0.010969770340449742 0.0189466202778918
21 -0.002659305877455727 -0.015824206876573762 -0.022724619176633015
22 -0.0052058699809891945 -0.027399314445437375 -0.029116362152811305
23 -0.005372085117410982 0.01583129525363386 0.014664456086122678
24 0.0016739365694248415 0.010684676258363515 0.022721373295308135
25 -0.0005697660863056564 0.009006676959533999 0.0246048765346865
26 -0.0038798686832153054 -0.017111487863756998 -0.02509810799834969
27 -0.0025290195968646623 0.013920606497961549 0.019509835179625654
28 -0.00648045683578212 0.004794872018365738 0.019538265274760526
29 0.0034530413025691126 -0.022981726048994656 -0.031798067221359715
30 0.007850543711227256 0.004805750812878776 0.020860465121970737
31 0.0033778349439317554 -0.018802257518868257 -0.021652149239290652
32 0.0004106904825439024 -0.01645190911954339 -0.01896918894733448
33 -0.004655420148383854 0.0027464023163656925 0.028193402102520568
34 0.008848865097574779 0.018190518248219816 0.008113365798454994
35 0.006277482683947261 0.011977396639801262 0.01679839668150778
36 -0.014377243393886838 0.009957232937024267 0.028657424020426297
37 0.0062975721340618185 -0.02560785461791129 -0.03194699066029983
38 -0.010902099283156795 0.0006473745087157978 0.012194257716227088
39 -0.0033646266158097182 0.008895910604115487 0.014607357350163334
40 0.010847688010708977 -0.016428999330360572 -0.03324985268567248
41 -0.0020191648617360544 0.003771603544529281 0.020909102374677618
42 0.006712503265811076 -0.0243006960173055 -0.026854727932708225
43 -0.0034401923770414344 -0.006094687140026228 0.020403744112767797
44 -0.006155813297924605 -0.008479174994835671 -0.013083591820039826
45 -0.012358733700223293 0.012172519781483336 0.020125480149129578
46 0.0054005645058931365 0.015522445410995594 0.011625869518512567
47 -0.008292696888143221 0.010511467768003296 0.022267074018556498
48 -0.004250000397835444 0.007472672208288206 0.009267390711725873
49 0.0034593949414808527 -0.017701834133585857 -0.030297357189852915
50 -0.0016916051608121922 -0.0077896185276755125 0.022276515286452483
51 -0.0003962561608533109 0.003023823251682843 0.013986560490412782
52 -0.0002669510941665648 0.004631936196738934 0.016662305731538256
53 -0.00010156087250810103 0.003046820261479899 0.022069202835423962
54 -0.0048927079818120445 0.009870385259786799 0.03146095098342269
55 -0.0016976078483511778 0.007916847029654207 0.01881886824793575
56 -0.0011341248253663866 -0.01629886731769998 -0.03277466837136933
57 -0.003106314044714336 -0.004036546804786283 -0.021150132666151275
58 0.0019388306688665879 -0.01440505859132334 -0.03221014460725922
59 -0.013901992554990264 0.00882582900522022 0.013844861910979406
60 -0.0012879252605382946 0.011592518799421817 0.014555585022943308
61 0.0076093473265221815 -0.022974877594926134 -0.02876965622671064
62 -0.010212602579661334 0.0025566597202329525 0.016529686939247362
63 -0.006225839272258754 0.010228318889098753 0.014073705119926016
64 0.0002987948382461932 -0.011032425711660503 -0.033889722158989076
65 0.007238876917240461 -0.0020516459198017464 0.016313367216169293
66 -0.0007816545813192589 -0.018794877686975305 -0.03684749276479444
67 -6.835881879577134e-06 0.010237189512145382 0.01609883418993474
68 0.005065328142345019 -0.010469379556800029 -0.03274744405022647
69 0.0026709678808383643 -0.0007112130809561051 0.03090982043797874
70 0.002212936139474991 0.006082189023869811 0.029726262335010994
71 -0.0015894334160597504 -0.020236305167163567 -0.026726445993507604
72 -0.014595345884161268 -0.010789134057485281 -0.025389970151228715
73 -0.008888469998522443 0.008807373407396414 0.004694776462075834
74 -0.013432649166257152 0.0037769736094525053 0.013956573024286989
75 -0.012198011150746146 -0.0029760031148293037 0.02147516295686503
76 0.010332774757076627 0.007627054481554152 0.018410712533784165
77 -0.0010641569168593351 -0.006795865203220837 -0.02443569736360498
78 -0.00017149667537343094 0.017549200123071665 0.020411032118517837
79 0.00127545762963871 -0.013134991745259367 -0.021841094716670083
80 0.0006429488592532527 0.011171243040448633 0.015275901581316843
81 -0.0020565228502801795 0.008289819087925789 0.008774012445040398
82 -0.002693019674868548 0.007591273215960995 0.011257296547386554
83 0.00560836607010274 -0.0046495015506896106 -0.02520282334023858
84 -0.002293218398850612 0.0028997246330185605 0.01563798435887959
85 -0.0061843898317098175 0.005636996291927973 0.013084544591481092
86 -0.010090684171508114 0.005525303026020015 0.013750459509751012
87 -0.0014501079513704312 0.015862041746805403 0.015121265950192784
88 0.0018461841317189975 0.009467032508599121 0.011223581352998266
89 -0.008040624603856086 0.017627114397332118 0.02428401969664059
90 0.004885926681153263 -0.016172605115095204 -0.03286297794050062
91 0.000804941441582642 0.0021589044495269466 0.025644332625773064
92 -0.005091689834243261 0.0025787598567071565 0.02024802605916623
93 5.5558244731183926e-05 0.020069767882854833 0.01593637662975053
94 0.003230501313187334 0.0034249117834920725 0.023662244994249404
95 -0.00028490674591970244 0.010796546675716084 0.020168065536425736
96 -0.014695793051011541 0.0058337578753852315 0.0076968455315322
97 -0.0037515799954577073 0.006240233337074019 0.011607445632403244
98 0.004863166975440328 -0.01736136261035573 -0.03405962535941846
99 -0.010182248205045388 -0.014936624135537417 -0.021838938373122257
100 0.004688060282225608 -0.019287570297628287 -0.0349082321657902
101 0.012411033558963863 0.0034751045995637664 0.0125918640928654
102 -0.002578064499018649 0.0072247587064975805 0.013216859804897195
103 0.003995262898992366 0.01514759734632995 0.016767264675511248
104 -0.0031453532690198143 0.0034402913106993324 0.016067678591865683
105 -0.011442470778842001 -0.0121728583079816 -0.019186477222700116
106 -0.002324408346783907 0.020739585763548396 0.022491399789279408
107 -0.0006555690615966158 0.0018165850501399086 0.01583297528557808
108 0.001775248963104343 -0.012958350591768523 -0.029341314038784733
109 0.00818116529882594 -0.011251359910341438 -0.03095598975299786
110 -0.0025817453510729345 -0.012691612962302371 -0.040366464809221646
111 0.0018176198573240454 -0.013308778680358579 -0.02790647537610385
112 -0.0005538636412068254 0.010907642709835397 0.019883967778775505
113 -0.013083697688790863 0.009664380797082532 0.013884959369588959
114 -0.004841221867570404 0.015829405086603868 0.006494114819351859
115 -0.0035330366805455963 0.012431856535073945 0.013568375494733623
116 0.008821724216164693 0.008756893151030579 0.016808265297999246
117 -0.003426362175966459 -0.026751903154412622 -0.02201528820460654
118 0.0018867273897735445 0.011322560925723334 0.020748294487424657
119 0.0072258839279323445 0.01697799808965629 0.020030297259598727
120 0.006920466748817883 0.009778213118133455 0.011016473356741184
121 -0.0012441741384458874 0.006145314926550828 0.022502364415006026
122 -0.004801284099885382 0.016723934054424475 0.012509579596128542
123 0.008529583875072314 -0.013082998415488786 -0.021360783264718082
124 -0.005831911718060648 -0.011485494702191386 -0.026902456351845683
125 0.010748601669703206 0.007296655959713447 0.011024468834134996
126 0.00043873667204566424 0.008008708777183786 0.036252299148416545
127 -0.006974250151669116 0.011087989880661744 0.027397977727843012
128 0.0001631721236625555 -0.024424029912514432 -0.03265014233079448
129 -0.004577478956270278 0.01257560968329273 0.0218652324368969
130 0.005739344604018525 0.007298596913033806 0.01993841934984031
131 -0.00914444262098954 -0.014228039912782653 -0.03863882775162891
132 0.006222474848388532 -0.013730168436330223 -0.03484701830310341
133 -0.0011789956158207065 0.0044826894609722515 0.014060716135661084
134 0.008145375254489898 0.011264551036020011 0.015101378949870473
135 0.0010386116542515855 0.014718567931866662 0.024036321768038053
136 -0.0026925022035342444 0.01701326201247806 0.010869736565506122
137 0.005850769112958981 -0.001976659962896976 0.019073341478672096
138 0.007493205454474863 0.003108669283215841 0.024781709638208
139 -0.00541738107850185 0.0032148148051362527 0.020046840778716837
140 -0.00045501759920816426 0.008301086225062222 0.013764373192113225
141 -0.00323022278966977 -0.01892174487800348 -0.01679511921046699
142 0.009208129179024735 0.019439644144838522 0.0038603771607553065
143 -0.0027842481984413983 0.0045048260683652475 0.01668630092051079
144 0.010273717864551349 -0.015342160170763758 -0.02714793311253908
145 -0.0030415922170996257 -0.017202446970512007 -0.02361854712508056
146 -7.714662238110428e-05 0.002659873327556961 0.018595777821057653
147 0.011395244768342451 0.008004665883697679 0.017045576005100052
148 -3.52454296069539e-05 -0.03163908651213768 -0.025800804889455672
149 0.0022887438886259903 -0.02300431464040526 -0.024648689381090112
150 0.0012388047614798892 0.007306302094104912 0.018712665594106573
151 0.002278497593237622 -0.015503816824604819 -0.02882164614411615
152 -0.004551465551352838 -0.010330140404477477 -0.026710195182848277
153 0.007652493904734187 -0.0004294136458742534 0.014167195430557502
154 -0.011358181294899405 0.009165968325131169 0.014520529180857639
155 0.0035741511502938514 -0.010132685619033004 -0.02050942617289976
156 0.0005712184770873992 0.012309373087895648 0.020422032598790864
157 -0.00047178103037125163 0.009705638448454408 0.024763686715291423
158 0.0024135258365662465 -0.011664870671075037 -0.026943375447691313
159 0.0003096451560572061 0.004376681866735226 0.020614947006487333
160 -0.0042485402919426145 0.008577847383017284 0.019724587208326528
161 -0.005018143192539619 0.018775042025081193 -0.0003559266396083796
162 -0.0014435489693297235 0.005899243878576432 0.009670410758988043
163 0.008761467757150546 0.009466243674025036 0.020870626597156165
164 -0.009815036678942651 -0.025542793404896007 -0.02486043675177628
165 0.0015300543719569508 0.0030068022081011156 0.012281510268167761
166 -0.006025076911187942 0.013426028438662654 0.00380702541783072
167 0.015487870670707005 -0.01840834169690956 -0.029199049244672308
168 -0.003132456642203852 -0.02013230889894147 -0.031161413018613547
169 0.0014441498322800561 0.00927392306112744 0.015103273464306805
170 0.0022159484527057138 0.01524713884656477 0.0187286611533901
171 0.003436617973254001 -0.021434601014619525 -0.03908915349086844
172 0.0037310045828491747 0.010913619836417074 0.01815796135778677
173 -0.010534494558275334 -0.02161476121742613 -0.02622779673057917
174 0.008556566872778254 0.009198816427524362 0.017019518699010666
175 -0.00314885634543087 -0.026398637290894603 -0.020240797720900518
176 0.009542346221884357 0.0020906573916497154 0.01675327917268848
177 -0.0008909331696650043 0.011247056605882155 0.014217890929691772
178 -0.002465547591779027 -0.0031441070406932545 0.017766945688832463
179 0.00924961700451439 -0.021692575179633286 -0.024452234807698058
180 0.005669390417845935 0.010544248115536628 0.021252327906182342
181 -0.00463531842047068 -0.01836730540977032 -0.035757917842836905
182 -0.004320352746282521 0.006119427008015356 0.017272740880856063
183 -0.0036349171530109803 0.01143623445295635 0.023126498468042975
184 0.010215470244730067 -0.019870766647579287 -0.011363287013038612
185 0.0013061235931854523 0.0037859784378474967 0.018526114071701266
186 -0.009184305498851936 0.010312610264884947 0.020361886419170194
187 0.002188372164725144 0.009428424802034534 0.014752084463717972
188 -0.0020736589174166417 0.009166118175629935 0.013568615942110692
189 -0.00808955345661322 -0.02590524860808005 -0.03472282352695543
190 0.008987496852315466 -0.01785884802365883 -0.026208531722394464
191 0.010825900829435284 0.008716081537710196 0.015884378494701618
192 -0.010549727978342853 0.013696394958779862 0.023604920131505683
193 -0.0013230927518221342 0.01594877973212385 0.020863939982687936
194 0.00153015774525753 0.017518978681050554 0.021435072552118472
195 0.015131114211936594 0.013686673921183584 0.00828886957481481
196 -0.0024788275896880513 0.015819994898960448 0.019812856848682447
197 0.0041545032716616016 0.006604321588471802 0.024077683317722906
198 -0.0010513810634409518 0.011035085803720502 0.007517360270626876
199 -0.0033181717051132403 0.0017448823217982648 0.03440248453064933
