200 3
0 -0.022772821800470022 0.0023559059111114174 0.007051277374459455
1 -0.016334796171476755 -0.006096637467302095 0.0038673910728500988
2 -0.006557873060125282 -0.01350482628825024 -0.011538168699584697
3 -0.003066476931533931 -0.014422240242978862 -0.004978569829812471
4 0.005385800764496372 0.005945345331160548 0.027977398880478788
5 -0.015581983020987372 0.007089163100764382 -0.009277379269630506
6 0.01563784337265991 0.005687811469087027 0.007942661362483542
7 -0.0058297599080368405 0.0047253001197894995 0.005920948962097682
8 -0.008031845990011999 0.01341683641006573 -0.020783845994000336
9 0.0079313418258437 -0.009716282675546903 0.009055108865146017
10 -0.002948741224003234 -0.00065090672725545 -0.002276733487286655
11 -0.014481130903947637 -0.017312289229152067 0.013929494802455311
12 -0.0005740936670079189 0.018139864312864244 0.002199349644760141
13 -7.09170363125261e-05 -0.014280133715987305 -0.008431081636236328
14 -0.022251813559716456 -0.004932130779316819 -0.005128084832158333
15 -0.0010590561979831308 -0.004680891555441116 0.002371579692309545
16 -0.009030230614014624 -0.007467274677738349 0.0016658898579370515
17 0.01344091960706319 -0.007846829765137772 -0.010117091659428028
18 -0.009795090759912584 0.009746438481094946 -0.011341698032848402
19 -0.008712944144931085 -0.02418670409027429 0.0007960478868451193
20 0.0051110918227131475 0.0037513404521727564 2.681584615933652e-05
21 -0.00925721250183778 0.001910533392432228 0.0028554287348735823
22 0.008323954030669642 0.005321455750581877 -0.011494335002459825
23 0.010590044776549257 0.007352219652822706 -0.005357748461890861
24 0.0052398845106073 0.005107665582697426 0.0287632829644609
25 -0.008572603759521239 0.008419604658745306 0.006844288761823525
26 -0.007934860804634437 -0.0035018244468013673 -0.004543281911082799
27 0.007706257203888709 -0.0006947849249818463 -0.0009681757171379479
28 0.0033428206858424625 -0.01810084288596417 -0.004963618123741978
29 -0.004037580448840308 0.008835787284153983 -0.015655370367790904
30 0.0006443376947900779 0.01267558215210865 -0.028515070783510024
31 0.021134693365559842 -0.009964377558202914 -0.0050621152915402805
32 -0.001083597339812007 0.0012534666828590071 0.010901645544906725
33 -0.009834327174477936 -0.005834368572116312 -0.006503119208284908
34 0.0013161746603695124 -0.0027683979125323714 -0.009885690331338029
35 0.006953110535816648 0.002488659078725126 -0.008683064277333037
36 0.0037161960621251867 0.004595302754203863 0.001128530489619823
37 -0.0029129506042463726 -0.004914527768024219 0.000712465799874884
38 0.0018673596814129893 0.01569618665890521 0.003587103458976809
39 0.0006546056866942387 0.0010689068935864562 0.010650817174568006
40 -0.0028457269343375377 -0.003069554740219589 -0.006285712548211527
41 0.025741133759468723 -0.009477756833467646 -0.01663044675510794
42 -0.01137381371111091 0.002110702801071782 -0.0031268755254881264
43 -0.0064847584290352095 -0.010682797660869311 -0.0007241898605621234
44 -0.002080015335477293 -0.0014475623865638973 -0.0028881810531057994
45 0.019065764460899554 -0.006063387640560969 -0.027006902496627155
46 0.007215988786910234 0.016999060495445653 -0.0023110103120649317
47 -0.002575276673348642 0.004655002993920774 -0.015331094973606477
48 0.0034319579107559214 -0.014377554328042642 -0.014295005702883848
49 -0.013138067358397086 -0.0068520242848183095 -0.004769342341632121
50 0.00922356156780118 0.0070848288598345 0.00013601001850079703
51 -0.011187715568987025 -0.007537794543810639 0.0009830355817403089
52 0.010699316467819658 0.00452375020098876 0.007460524347591425
53 0.006607961681734872 -0.013046935593563645 -0.003977096458529953
54 0.007730278268655554 -0.009264293954101385 0.005002703469015143
55 -0.011908405320248523 0.0056219295786807885 0.007070569781085993
56 0.007344503232456848 0.013631674109070402 0.005831832108319132
57 -0.0003330404511608341 0.0011380604773778558 -0.0005568765164863515
58 0.008217350330444378 0.011084120888099916 -0.002542479004765675
59 -0.0018080674767140814 0.007040327596538734 -0.0006770773595914416
60 -0.0297109209718074 0.0024614730095162754 0.007330236991055547
61 0.003229522296619238 0.01640074481827331 -0.013024242508597121
62 -0.0069590586550840675 0.004210693592868641 -0.010937329280142377
63 -0.0017228653926262306 -0.018972372162796916 -0.010444470408842792
64 -0.017367917340187736 0.02442895153785695 0.02785313646031988
65 0.016904635095444112 0.005662313314786015 -0.0005537631784484354
66 -0.0037447652122929546 -0.014252965476100235 0.0028020262020930775
67 0.014351539279435901 -0.010184199443143638 0.002342000108869838
68 0.005605773918139101 -0.003573385665741828 0.01318211192560656
69 0.0010214954446046282 -0.007729675746422943 0.0031638451672515427
70 -0.021856011940961553 -0.013091780849192311 0.005150237420471999
71 0.005789707665353798 -0.006674178027168534 -0.009281102995656954
72 0.012912864695280225 0.011344367793448988 0.005687429511674242
73 -0.0034644618523997778 0.012076630079345285 0.007737447801789851
74 0.0005240386180781556 -0.006060706512783648 -0.003650215614981393
75 -0.010738176574470196 8.467056846296964e-05 0.013228575261278283
76 0.01028869506004921 0.01688773841209216 -0.013679717993188335
77 0.029074297109380434 0.004964018666734592 0.010595122122016933
78 -0.0010850349809221017 -0.007632059155067638 -0.004296555653417113
79 0.005133788733468481 -0.02804620657886278 0.02338499017761611
80 -0.005219472710474843 -0.01170615982822687 -0.008563495200388464
81 -0.0029369244384597135 0.0088515053569218 0.010472593398586735
82 -0.008648023494853059 -0.017863559201411763 0.006280843484060057
83 -0.013387522788616976 -0.0035685686130099183 -0.008681422572036947
84 0.004079446037220163 0.0076630041118771405 0.009416967930613189
85 0.0038619196517688118 0.014689906146162786 0.005362796319337256
86 -0.0021917037775493666 0.006820814655332408 -0.015077314368386052
87 -0.014261781505041898 0.005666790893741957 0.004610137899364736
88 0.00322871885766761 -0.007670146176749975 -0.005904433088854247
89 0.011035254657304008 -0.001097928809480852 -0.004829515279336387
90 -0.010362971986443904 -0.015853790720152243 0.003915486674306998
91 0.013110333165641155 -0.0002658002238175028 0.014088705015284197
92 -0.008463898198368625 -0.01742770181675906 0.015324498008949222
93 -0.016616365856960635 -0.004348431572151278 -0.006977728000844334
94 0.009606405285247336 -0.004717980376567038 0.01960373175392975
95 0.0032902712096572403 0.012948485811723039 -0.013510022504054947
96 0.005490106864831281 0.003406813206791773 -0.0020075150730762027
97 0.016315484242797385 0.0032087633505726333 -0.00305467483885187
98 -0.014633062531676719 0.008069847222366311 -0.0034230438776587085
99 0.0037797160816616295 0.009698828187855016 0.0005133006749735297
100 -0.0018884800685173633 0.009094113028551357 -0.010100617678388754
101 0.005896248474790297 0.004915463170799342 -0.0032209854910767973
102 -0.015189645391964256 -0.023575394309951928 -0.007468761283919004
103 -0.007259497194121098 -0.020161909565559438 -1.4326428112823239e-05
104 -0.008929954680467221 -0.004304516922625526 0.0012089869952596616
105 0.004163348793714744 -7.601796315092127e-05 -0.02136403569997483
106 -0.007337931468508224 -0.014164811060282854 0.009013792661324065
107 0.008454708445510918 0.004273623863718913 0.005622558506236217
108 -0.01191293945430067 0.012484923467428827 -0.0013412788221404612
109 -0.013352886018001373 0.020541455596144162 0.008945515569410742
110 -0.004748145512054498 5.096794514057937e-05 0.002199376551147922
111 0.002631330851190326 -0.001553934468083355 -0.0025778162848513406
112 -0.022204840168430717 0.013991141430459115 -0.015910244409287178
113 0.014512245174912758 -0.008207125494882249 0.020380204943363373
114 0.010929167444370586 0.011521529546695691 -0.004638449857736519
115 0.003920202099179718 0.01042924445703329 0.015578080894610283
116 0.017480835954015228 0.0027447861623990794 0.010454802616601672
117 -0.0014645794337137114 -0.014004007914158283 -0.0053315853193948645
118 0.004436408629653689 0.00015215445525502969 0.009490643278130201
119 -0.010553977010621829 0.006751047714010687 -0.001306689103453237
120 -0.007259382079384402 0.012525814920135221 0.002147073074753845
121 0.017116631404970564 -0.004110765779544723 0.0009533673657580038
122 -0.002671634856729362 -0.005439059574119845 -0.0001235541615631202
123 -0.020074157380817602 -0.00034599600222901504 0.0031420004236025895
124 -0.001123621555232577 0.0001740240291136369 -0.0076845740932073225
125 0.01756392900191579 0.004171060994186006 -0.007448548065130248
126 -0.0016527533975566108 0.02272902240057014 -0.0021352999630954717
127 0.02131597048510986 0.006454079415713159 0.012753337919451657
128 -0.0016277924949792966 -0.006005691832014182 0.0207878412975048
129 0.013590351182145258 -0.008529303237221994 -0.001170338088168282
130 -0.008705731098794058 -0.00822015829399525 -0.019434026742246813
131 0.014113066576990588 -0.010469191779631737 0.015902929343855197
132 0.0071375215056465255 0.004339974436548728 -0.013706488083474862
133 0.011124060938745356 -0.0006481459279950048 0.008308982461566673
134 0.0018210652308680358 -0.0010710155381139543 0.007789440812670176
135 0.01200111517371208 -0.00378605093936241 -0.008387586232986043
136 0.006834500149451493 -0.0019061994232777253 -0.005766192183287326
137 0.015122290507508213 0.01718758472112231 0.0018896745087311137
138 0.0037846709940945293 -0.010637621087154887 0.010817021880256836
139 -0.016050631324569478 -0.024219889633978406 0.00950692702195978
140 0.005735819402146718 -0.010435082018855478 -0.013160311828256235
141 -0.012902876548980084 0.006541907705046007 -0.0007655061099457305
142 0.01729118266016364 -0.0054928937521942405 0.0028289540954238024
143 -0.004625639436154655 -0.010211049273824047 -0.0017132894249950459
144 -4.215841190697081e-05 -0.0005351000444295565 0.008573173851087357
145 -0.011697748452896659 -0.007717769315464633 -0.0017215856860197318
146 -0.010441080188334978 -0.0010324630644042397 -0.012792570194437865
147 0.017420739100540372 0.00016245515997771742 0.012905971194732517
148 0.011786952920333146 -0.005309184984507158 0.010905406695503689
149 -0.0050940199220353526 0.01256503552473668 0.010144328658182572
150 -0.004145226111467344 0.00812468208652671 -0.00046586884830709246
151 0.005082003278465752 0.004657580087370412 -0.009158808257405567
152 0.0016120647206959438 0.005011300602427224 -0.01783295474680234
153 0.013311400173813895 0.01039041999324393 -0.028784213026875366
154 0.0054529724511394595 0.002084557646873521 -0.01001539112708634
155 -0.0029395957622059023 0.0010059058437001736 0.02112764379089846
156 0.00806432490415578 -0.008171774687400367 -0.007314374986901545
157 -0.011227740461830317 0.00861587974100013 -0.003529140798976934
158 -0.004263731217747674 0.004462990630649935 0.008675423712514
159 0.004722258894308093 0.013745166826227027 -0.02456842184306776
160 0.010935232029217423 0.022994101059230755 -0.007628048788511709
161 -0.017118424022050417 -0.010860040729035222 -0.002050951350445384
162 0.025781346680193884 -0.007722389200500761 0.027798844392734293
163 0.01534571045507892 -0.0038870884167560016 0.0023457575410180606
164 0.009302884901080073 0.005693722583893161 0.014014970382502042
165 0.023236905547573346 -0.0030830981665291544 0.025949927374485954
166 -0.008626032688289997 -0.013624173178123075 0.007750782313115623
167 0.0016474590305768158 -0.0014239258988196259 -0.018863802410840947
168 -0.015428234347882049 -0.008579314764846524 0.0014934750695690373
169 0.007350987389013519 0.011322374403477047 -0.01281038362733354
170 0.012826098376417808 0.013879020970648595 0.016134094789361605
171 -0.000964610606039468 0.012443007989564 -0.013406384938099609
172 -0.01093616772855363 -0.001344130572061078 -0.01130714280981213
173 -0.01329630152348421 0.012540966499564678 -0.008199562794623031
174 -0.008751903054037072 -0.008883930835758183 -0.009033284651466009
175 0.0021854933734128945 -0.001170250931550744 0.003190505229194139
176 -0.001966179830369983 0.005246128246177123 0.019035052071958047
177 0.006669551542702282 0.0024437107264476676 0.0030678630868155076
178 -0.01786108911215044 0.0037821579887297244 -0.014906111646555618
179 -0.006782286579663732 -0.00132936687549964 0.00845029880552333
180 0.006135237507399933 -0.012771664818496953 -0.013520525981424877
181 -0.01782791943508308 -0.009595927702907403 -0.004901649045124981
182 0.006746003307606649 0.011365392293931867 0.01540199704838209
183 -0.01112146289907618 -0.003018725476190545 0.0024059837642178804
184 -0.0021712841415697237 -0.01395473763439977 -0.006976483812286487
185 0.004102849389570948 0.012830369887139419 -0.01746918793575261
186 0.004220160277713887 0.01086349951148638 0.00019309250502538323
187 -0.006217593354256867 -0.005161937803330465 -0.002441951192764049
188 -0.014495548512977815 0.002364052180471153 -0.00464097161533516
189 1.1086420842174038e-05 0.00726291435937999 0.010407581077387318
190 0.002918846282343311 -0.001325213894315892 -0.012777507677399547
191 -0.00014352461418026125 0.006398896708175852 0.0017735678449998793
192 -0.002210639763234268 0.019132297579833896 0.020689311168328436
193 -0.00134492153904512 0.005386852833762543 0.0041837584586403576
194 -0.002982273354796944 -0.0017050604865289985 -0.016244160343643822
195 -0.009121072099314148 -0.005141937646349404 0.009353577153928858
196 0.012389382544323344 -0.014052363999530512 0.001281046279911803
197 -0.01518424839236125 0.009748999062412243 -0.006005311082516666
198 -0.011299006458093647 -0.010475535424864763 -0.0005297293299447517
199 -0.00925944037390266 0.00012758135586605351 -0.005326938861032658
0 -0.025275218792560755 0.008360191616830156 -0.005052451061351002
1 0.0007925232723285797 -0.004979281007287548 0.015171265337864469
2 0.009144457615298177 0.0020771718419431047 -0.009613599769772316
3 0.0038635447979555437 -0.00042309029443630963 -0.02007525761774793
4 0.004181056842990874 0.011784682973107193 0.029421979715231555
5 -0.006635420534807118 -0.015925597033174387 0.004764002632083835
6 0.019350837807393488 0.002271164220701158 0.0006549309128050795
7 0.0039060539399678428 -0.00237823392846789 0.0036550566524815656
8 -0.004528897169411239 -0.007202405045862989 -0.02374776024671882
9 0.0215204817789124 -0.0028537963408872685 0.006007917807974127
10 -0.010483315331000484 -0.007746741898906728 -0.005318605657764401
11 -0.0029138041178402158 -0.012919019559301567 0.013590138549163064
12 -0.007267664100982306 -0.01923614257805962 -0.004583631815714405
13 0.010216324200433467 -0.014012497703812958 0.0012677125097382141
14 -0.010274062850085655 0.004399006992991068 -0.007140920045616658
15 0.00444130586840018 -0.005528533641914843 -0.012239450776595008
16 -0.00593564630778777 0.007554081116163399 0.008512196662655545
17 0.006051063639992266 -0.006164197792975952 -0.0088758945472928
18 -0.011133788223756713 -0.012270738542083968 -0.010008578147074267
19 -0.010214640738339692 -0.011212556216171787 -0.0024803686952063614
20 -0.0015848856375571064 -0.011480377743717386 -0.009368732796180768
21 -0.02011255816947083 0.006208812678041537 -0.007439086029437977
22 0.011685813078819218 0.02651624353388199 -0.0059207192776936715
23 0.0014368061510322359 0.016067499819772003 -0.005137365043548045
24 0.0002492625569616505 0.0016444824114643791 0.020267914976495188
25 0.0021464177318451447 0.025448852124198396 0.004540005470201489
26 0.01727713117308001 -0.01596368356015731 0.002502193483233342
27 0.004215781733370894 0.003097486737444926 -0.0033568279432969056
28 -0.0077616976881935175 -0.031002997449254555 -0.005435408494400596
29 -0.00046533654254592854 -0.00802979162491924 -0.006003512568822041
30 0.007092158606378883 0.013550174589756436 -0.021215873169484728
31 0.01185587412586471 -0.0024272428462567136 -0.0004876071838718146
32 0.00311175691283618 0.0027299609954394774 0.014622516919652738
33 -0.012626058082093897 0.008072728173706765 0.012102428004458213
34 0.009744902437185822 0.0025079712610377326 -0.0038403986511010638
35 -0.0074355886399136055 -0.0007417769481826246 -0.003305953097712899
36 -0.0035112910584630835 -0.0003850663486896439 0.008505307518143764
37 0.014825989363495433 0.0016473341508826643 0.002285764046717296
38 0.0012844963616743064 -0.0012923455453660304 0.011883171956819965
39 -0.004523787025096596 0.003931003294693428 -0.0013404811748821133
40 0.0011903700772246204 0.010374612727289248 -0.008999336237344346
41 0.007597003131217167 -0.001247387705908272 0.0009582276786735677
42 -0.0076857052480300975 0.0023458229062925558 -0.012811769289963512
43 0.0026685846426989564 -0.023776827980275632 0.0027122481142081564
44 0.013431241132372894 -0.007680766631335894 0.007061856269277535
45 0.010661548338147323 0.019018479835776977 -0.03403797665005609
46 -0.005203388504918107 0.015592575224412888 0.02970190125412974
47 0.01181870404115178 0.0014793862270281039 -0.017996648781116578
48 0.0007219718246680683 -0.00641970030612906 -0.01351415662466357
49 -0.0032176168417084317 0.0023036667527680486 -0.010414761298994483
50 0.009391798970680917 -0.0004901574664651562 0.01066016563925244
51 -0.008013863512634493 -0.010176462032834805 -0.0029766400833322187
52 0.006848953887178502 -0.012856400769294438 -0.0024721137652104685
53 0.011279883144764087 -0.002412232957080443 -0.007705255745261879
54 -0.003284215846136837 -0.014559518742955163 0.01542575512429483
55 -0.005344184636053824 0.0013968647442284886 0.003008848468520689
56 -0.007938749678833776 0.023749952340577918 0.010861075985732927
57 0.006156382622742419 -0.005037315524301834 -0.009742188065502852
58 0.007142647154279133 0.013796898040689815 -0.006765979109561766
59 -0.02496738961547436 0.002634464749145228 0.00027797778046901103
60 -0.013271816150084687 0.010060349984245029 0.008935011561753442
61 -0.0018099190270790978 -8.50953920506492e-05 -0.005488251828950345
62 -0.003816574964367346 -0.004268990064240898 0.003433507609877238
63 -3.300576558624979e-06 -0.020125561239940082 0.009466026805550275
64 -0.006449157143369008 0.009434006400515907 0.00035808942231541074
65 0.01307200875875579 0.005900109092248855 -0.01283338991040308
66 0.011163244798366978 -0.020561771263060746 0.016013074418606756
67 0.00974700046342529 -0.017200391166700454 -0.01585603131549032
68 -0.01922461751202717 -0.005173660775839049 0.004008398232114518
69 0.007111040600653925 -0.00649530416148434 0.004082450130226732
70 -0.023306998723321135 -0.019022282243364677 -0.0030602531090037927
71 0.01024365281952646 -0.02332173302187039 -0.010910147538529607
72 0.000961185856416448 0.01832644678103075 0.0054222977641517345
73 0.01525531308387617 0.013315174875532257 0.01063601445724556
74 0.004771034844631011 -0.004592580455216891 -0.0016625174196129335
75 -0.009142017064768956 -0.005201480431369098 0.005195744032687147
76 0.002252888607318773 0.016350465735592706 -0.0024080075569962098
77 0.01658290018375097 0.009279034059595244 -0.006515925952551918
78 0.0028794289947364523 -0.004758062218152958 -0.013549179127248186
79 -0.0015116940173593389 -0.008699645689881783 0.010540682754436453
80 -0.0023214203440019123 0.0016852157665078367 0.0034405985366819727
81 -0.0034640776966646768 0.01910599396452058 -0.0006536553846355243
82 -0.009828658247687146 -0.012386809319259215 0.007977228530824894
83 -0.013344402248015447 0.0101445633988837 -0.008145096516513052
84 -0.011601975224106857 0.0010831434586629426 0.002635881197732004
85 -0.0028540095626669922 0.012747792718682226 -0.009337352868343453
86 -0.009027462030744605 -0.007256145130114355 -0.012642761129346092
87 -0.019468983565922637 0.01424495278321491 0.01041022710166032
88 0.0006767024290513111 0.019047655037693966 -0.003433055966594911
89 -0.001394808694996065 0.0033626778076101104 0.005501343220619109
90 -0.015283609784111259 0.009096334235323907 -0.008724937629259036
91 0.013017553084762455 -0.006406138080309324 0.016135761178882102
92 -0.01094832608698304 -0.016920811157410842 0.0010739251003222677
93 -0.03221515752220058 -0.01308089749898484 -0.0004321574326756304
94 -0.003108127104041781 -0.0022193480271732596 0.019717694818296966
95 0.013082981166945108 0.0027204391976608996 0.0025492629633758375
96 0.0009545591770831786 0.013660199705246769 0.010160895127830085
97 0.0271828503754699 0.0030263340338854416 -0.020969978153363142
98 -0.014104639241500308 0.0072874777004121455 0.015548081866560207
99 0.0066710032662943616 0.01746870471584744 -0.017431463758200157
100 -0.009414405980384151 -0.007111668658063158 -0.01157365422452894
101 0.005896762988944329 0.007904938344074089 -0.0029609441833437756
102 0.003339769295935043 0.010002276923149353 -0.006439266597351168
103 -0.002182401919154555 -0.01852030181761996 0.008984493714499
104 0.0034272780947362663 -0.0003789135488478524 0.023071131077187043
105 0.0028406501145282117 0.004373301688025733 -0.018013150632841354
106 0.0030388653413401176 0.002348731362125319 0.002276787997236379
107 0.008306359900465313 -0.017532944079559083 0.011034598911655029
108 0.00828646021410992 0.012418617294877338 -0.0014252691170876571
109 -0.003114908354100887 0.015783956181132874 0.00832872483567914
110 0.01467941390129529 -0.0006774351065472681 -0.011040472633688653
111 -0.005134446911357036 -0.007170361511781189 0.005536180960995955
112 -0.00740287021841067 0.0025220182443259215 -0.01384891385430654
113 0.006532280877953517 -0.009604096067484462 0.010461488046975088
114 0.018675965396807256 0.019543784751737514 -0.0009712068707724338
115 0.008533414294693595 0.0052606236540626156 0.014670969671094214
116 -0.00901363019008819 0.024886068483768994 0.020291055091592194
117 -0.00021748590238751357 8.857589137235833e-05 -0.0035790231641015594
118 -0.006541305803590742 0.022906891428740354 -0.012689173086080162
119 -0.0033000661639814577 -0.010800193726939925 -0.01081419735439015
120 0.0003224730884769881 -0.008647198191188733 0.004478861234733537
121 -0.00011733611466412108 0.02068260548311969 0.004023978305330845
122 -0.005618474333837843 -0.006824163640919277 0.0014695725620503131
123 -0.005155629387843835 0.0017855166252887262 0.002112353432596128
124 -0.016512548481389996 -0.009634865933833454 0.0040822395516329855
125 -0.0012624691595854928 0.0030026455010648016 0.012536147548015686
126 0.003022022001385863 0.01261784382379675 -0.011368505922502367
127 0.0158894922459515 0.0012902038131621515 0.008494511820825439
128 0.00686022274640968 0.006576589740998009 0.013512013259982192
129 0.004724092533906626 -0.029736484532613475 -0.003686510102588988
130 -0.014661261751896616 0.011326863095017237 -0.020076293161824105
131 0.013805056865631701 -0.018635467020549676 0.0016046174493789672
132 0.006617880638064247 0.004238929320933442 -0.008926058652006713
133 0.005618840924212332 -0.010888031427193334 0.023045281166041653
134 0.003627207515882581 -0.0024810769733402457 -0.000630205926141443
135 0.0063537250034908024 -0.005277452522446484 -0.010015190607036678
136 -0.0001225768700003765 -6.0830443069483445e-06 0.00274009662934363
137 0.015080196209606933 -0.013174564349396964 -0.007080639866099119
138 -0.00413864311328317 0.0064341139520547 -0.0025090478439298985
139 0.013956238060403544 -0.016204550898219233 0.013939925725580782
140 -0.007072728707644763 0.0017745942200651944 -0.007102805809744067
141 -0.00010837113666073428 0.03090163006712726 0.000559310313506603
142 0.00022309021689901481 -0.00519947990035321 0.015738936285485797
143 0.0012756973088892815 0.005865236157131859 0.027265836920806884
144 -0.0034446506233603673 0.0001833734193125245 0.0006824477274158941
145 -0.02174267101018046 0.005234851152446086 0.0006932245628863132
146 -0.002746193793716163 -0.00855003935510745 0.0016395486186781827
147 0.03016889970453024 -0.01840477169602123 0.013238938141276059
148 0.011389659782240054 -0.002353271087833411 0.017141715040053337
149 0.009364086180965764 -0.0036966906231493124 -0.0011862152009285871
150 -0.005108582073712009 0.023931829549113007 -0.0004183884001656077
151 -0.02225857313919926 0.0026580576381384103 0.007845502222029434
152 -0.0011650985398773735 -0.002154616022588752 -0.019517244535942238
153 -0.004160949320306688 0.017452604975873337 -0.014567636130426026
154 0.011530036098512747 -0.006955981575983976 -0.0031755812118019443
155 -1.3295855863749637e-05 0.018184302893669964 0.015302512359955223
156 0.0018643869457150991 0.00463466933492171 -0.02048191244551162
157 -0.00020011327374807805 -0.005604542517998728 0.0039665455997082814
158 -0.013009009807441477 0.02936031759791098 0.006583523867469715
159 0.014246800919803251 -0.01745677593892638 -0.016106420642274855
160 0.017188244341432048 0.017291423094464797 9.58623267445502e-05
161 0.01152234525920292 -0.001531474191788229 0.004840173124080963
162 0.012510377096291922 0.0011308015035372126 0.012395299461687964
163 -0.006450257515397196 -0.008933625406165921 -0.0034196152249635174
164 0.001871965041567794 -0.0048941912408404925 0.0009038761946220395
165 -0.003972325812772515 0.005921315588602405 0.024825274554854476
166 0.006960668611454688 -0.02223061936873135 -0.0016305201318017742
167 0.006979114025071266 4.627123205075412e-05 -0.0011927902110845448
168 -0.004575295235073336 -0.013147238296809985 -0.002756196199571257
169 -0.005565749570119322 0.003916553942372461 -0.0071375311790327495
170 0.012153779271578943 0.0214125245395764 0.025661216077255994
171 -0.006951261460278958 0.007370078196975514 0.0013758668126344978
172 -0.011046278233563796 -0.015766737945365962 0.00026112738750920864
173 -0.012412206411053193 -0.0014921800732852625 0.003449355497526051
174 -0.00908772480516435 -0.012733336049765086 -0.01226815432507862
175 -0.015723639973363547 0.003931983652731036 0.007964174406028087
176 0.00823503496797686 0.00554221134782748 0.015506355322886245
177 0.00011305816857715449 -0.003642482810280248 -0.014513609632286076
178 -0.00993469413601597 0.020808752979505966 0.002809539353146276
179 -0.011253316338527247 0.0100189985142055 0.01213086490038296
180 0.013705806776811682 -0.010802234028337937 -0.013503270844680074
181 -0.010073826278628337 -0.01763831270702687 0.0003792027429080837
182 0.010187642128466741 0.015068738158140998 0.01092295128670473
183 -0.010473859098198562 -0.013406165686965094 0.0018778352314057067
184 -0.016055966685771965 -0.016711654640114627 -0.014516102070832808
185 -0.004094179333218177 0.000135218525409167 -0.00945981925227568
186 0.0034252081255928095 0.012210857472844797 -0.0004774671207237605
187 -0.010567484510574258 -0.00030115763281611356 0.0012169546125981763
188 0.00858739065303309 0.0026603814167862855 -0.0044176029959990685
189 0.024284436201437783 -0.00946854473459503 -0.013317712365976203
190 0.015608048868249833 -0.006359979533990243 -0.007191689095302677
191 -0.004923060038160527 0.00936548773798404 0.019273618057701572
192 -0.015903716343433294 0.007262336492435947 0.018499613708830825
193 0.010476992455016937 -0.008249253025744687 0.013264724685131485
194 0.011629187695202157 -0.007253237527785677 0.0006275618382621181
195 -0.004432760792631094 -0.012529373367053176 0.0007270695769886204
196 0.0016893347032698874 -0.012493746672884928 -0.008971692325584781
197 0.01742969101867053 0.009175337802118606 -0.019232838111143007
198 -0.012717342593835237 -0.010744720722670437 0.007599220299612172
199 0.000978651256507028 0.029873621476885506 -0.003772121558978138
0 -0.024951879810819866 0.00318031360738626 -0.007375395845391455
1 -0.01059885541001366 -0.011103592212792862 0.011631119624390396
2 0.002235970424446381 0.002933280751176468 -0.004927379059904688
3 -0.005878730175269406 -0.003199565119023591 -0.010318344232280327
4 0.011537252611511957 0.0009652693911646609 0.018847772221679215
5 -0.013693553285848578 -0.0018523042443846435 0.0037188196496615515
6 -0.0012722267337320486 0.01421827679922607 0.002403330579956283
7 0.012148413695354743 -0.01894266454796776 0.019450842381026616
8 -0.010300188187483933 0.01055382235964994 -0.01264897523525281
9 0.0015215441637619759 -0.021374225049525818 0.006687603846979369
10 0.005040469987427562 -0.012562973396422612 0.004339850282412468
11 -0.0033665638975580864 -0.014324401635864903 0.008419162425040677
12 -0.018655348868323936 0.004468198314935398 0.0053370002869278805
13 0.014513497761649063 0.0010355578402707205 0.002220883341456611
14 -0.0013784608065545156 0.013683305123476843 -0.011324358750411913
15 0.001020059590495015 -0.0076824476609896886 0.003280676702201054
16 -0.01530330966768105 0.0026226492956204625 0.005927147648393544
17 -0.005255366070783772 -0.005203078496812029 0.001830889534378266
18 -0.01931553882930223 0.0003901034429071885 -0.0077799097461740754
19 0.0028802431747672746 -0.014452591455057354 -0.012025454821570001
20 -0.006807542393636876 -0.01261084086957396 -0.009283563530829687
21 -0.02600433378683477 0.004497973654034738 -0.004252253815152429
22 0.017925346140073337 0.004577345236799868 -0.012509652574337782
23 -0.004322172148882156 -0.004599359319700451 -0.011676590610064916
24 0.01267784676774511 0.003832012286110069 0.0077565374232286405
25 0.016515595267926626 0.008014475616757763 0.008335006694138662
26 0.005466370905261898 -0.0068847489322116165 0.005306989986952178
27 0.005253871138223884 -0.00510820540096368 -0.014321783787197492
28 -0.011178621318743701 -0.018840523301019763 -0.0023496558338455716
29 -0.01147053487196546 0.004450119276091662 -0.0027050422126096638
30 -0.0005706603013098058 0.0018143942283103814 -0.024178876081622447
31 0.012141981386535855 -0.0017301423866746372 -0.009571935422793023
32 0.0049326572583919745 -0.011589611578545801 -0.002188774527475172
33 -0.020446661530584498 -0.0019630634131136055 0.007822892298843934
34 0.006722953982212905 0.005571708606589874 -0.01229956699439861
35 0.0035163075151350295 -1.359204643465472e-05 0.006748798453645243
36 -0.002368941434770231 -0.001631652587005811 0.006005820966426215
37 0.014283657669239343 -0.0025392542651478493 -0.015157172863390082
38 0.002767556165881946 0.0006690976796964801 -0.003781617447383371
39 0.011158718466604784 0.011498092193702712 0.0017512838608675432
40 0.007384884607068 0.00857479215717918 0.0004275719098475912
41 0.01732466079252999 -0.00398121557971836 -0.025370905504749824
42 -0.008059808511316241 -0.0004604982957931965 -0.017787302151137586
43 -0.0008987115245984913 -0.0018738757116951998 0.0016325983562619807
44 -0.002490229365663 0.006937051841475313 -0.0023657253485204303
45 0.015925814942138447 0.004934260169566752 -0.035107323467393425
46 0.004793096994083224 0.013626944758047876 0.004063705119416047
47 0.008563091298921719 0.006789319147071166 -0.008209561740698187
48 -0.01169081625494388 -0.0024020194719082053 -0.018886742095477776
49 -0.004940214334132616 -0.0028851549373970203 -0.00831617317225209
50 0.012405699626483357 0.009899395138269106 0.0006679200450067681
51 -0.008860699457854136 -0.0005729234534898597 -0.01526102050005413
52 0.022247677559360343 -0.01774175034949419 -0.004555819031426549
53 0.00441348423274901 -0.017055743078957825 0.001209122738569858
54 -0.0009838934915854863 0.005113761114923329 0.007591266824313027
55 0.015162202276887103 -0.00439551580614241 0.010108163729778623
56 -0.007313974715845292 0.01940215280063283 -0.010932738627520273
57 0.00199766641344957 -0.0020327988724889376 -0.026836386600765955
58 0.0007361258800054685 0.02650441730721939 0.005267251382192594
59 -0.010295565576459775 0.011623919656212497 -0.005977667146408969
60 -0.028141019896956637 0.00958324684584625 0.00431732100968131
61 -0.005817891404013339 0.004504169906525773 -0.0012228502686760442
62 -0.006488977890196999 -0.011076922532879209 -0.0028211136316389045
63 0.010449998316771734 -0.021780135795188976 -0.007649063657765931
64 -0.010628912269355834 -0.007462142174627248 0.007987922488239235
65 0.0019676766223718084 0.0007997925567630529 -0.0220128813834152
66 0.002715214517830175 -0.011225193485133192 0.00799135464658391
67 0.003719359665975558 -0.0252413049114409 0.00873770118009004
68 -0.006238474573799342 -0.01753234168448787 0.006732502494523056
69 0.008972257823237531 -0.00370709676721373 -0.00038864468294238196
70 -0.020186969580100494 -0.005902095171446006 0.0022683819125945545
71 0.006288368270502803 -0.015222657067233983 0.008653271536483202
72 -0.010070652523721746 0.003386451218430328 0.003380823239648497
73 0.016441022851081025 0.029889955769493007 0.02659842100163308
74 0.00898853161129428 -0.026259600268831895 0.0036670063617090295
75 -0.01908918593860484 -0.00024855229625857754 0.02975535842754172
76 0.012493995803062583 0.0007108680604059614 0.0034477662027717453
77 0.018735267274762213 0.003741623916050228 0.007751888229493412
78 -0.0016756944067564618 0.0022659212341947545 -0.005330920787916728
79 0.00014983362373839626 -0.024339178557572103 0.01968704125284275
80 0.010136684045948367 -0.004189734224284439 -0.001222009958850379
81 -0.00464711444746883 -0.0057337375949983865 -0.006933461285951447
82 -0.0018748843316327632 -0.008225848698821397 0.011287371695390402
83 -0.013775020373924904 -3.462142267590153e-05 -0.002213256186546969
84 0.01440005287251914 0.005873168303974042 -0.0032716955682447896
85 -0.0018315172655780723 0.0063030672463593035 0.006136316494518679
86 0.003282427621787473 -0.01121525235870357 -0.029114649673656387
87 -0.013559418284190827 -0.006076962489898034 0.015585680724899291
88 -0.005355990847597813 0.003707003241246263 0.005449802556815405
89 0.0032382806087618773 0.005668334236727246 0.011506541581911162
90 -0.0015968887326817532 -0.007596079921253843 -0.0028320485654956696
91 0.0031665698268307924 -0.010238852786514496 0.01677230066054601
92 -0.013516175270366082 0.0006427684813584411 0.023155575449465213
93 -0.020533265502456016 -0.012373683393293367 -0.006503666792181367
94 -0.0018692558683408769 -0.005498423809014569 0.022689117826617186
95 0.002305111587012798 0.0005726918541446649 0.0007335398520526004
96 -0.014677871882397392 0.016184079597495057 -0.0027131904551494154
97 0.01876032729176333 0.005487224164851926 -0.004324455755173678
98 -0.01423735336595508 0.023095309984116637 -0.005509042538698177
99 -0.006369422383083712 0.022751121955223594 -0.009616134145428182
100 0.006037306107079031 -0.01136088298657997 -0.01592713410139574
101 0.020048815196938123 0.009344020642379255 0.006417744922128378
102 0.0014477495103795007 -0.0008300181068612786 -0.006967909445064903
103 0.018740709664159097 -0.0036453632408654235 -0.0033180753262259735
104 -0.017778100299753512 0.009554564428893719 0.007073465002549781
105 -0.0033423499439554872 0.0020270100600947184 -0.008987125578226465
106 -0.012488976854070834 0.004346624132569404 0.004407714577865523
107 0.013290180221457004 -0.012183463130199468 -0.013246478049805182
108 0.009249166791129543 0.016085181123102185 -0.0025422043172202997
109 -0.0177736473041794 0.02868013857539431 0.011143978071631859
110 0.013042529818345631 0.0020219741481583777 -0.014283239886882355
111 0.0013086807442514896 0.016379847359623185 0.0062457615285221365
112 -0.02040430392958914 0.002382799108701976 -0.00525594031052759
113 0.005786467810610402 -0.0013519595151657154 -0.0033596094356829406
114 0.025405015888712676 0.008373924258138654 0.0018985974229575008
115 -0.0027958906664765915 0.017144263446394963 0.023191268860347933
116 -0.008733248061396305 0.011895769616662583 0.012229482408716338
117 0.008049045142750549 -0.011956217971939492 -0.0024705984138961266
118 0.00039749510333596857 0.006511302908112346 0.004818473024162502
119 -0.013609915710992897 0.012695587097919412 0.006133856519668225
120 0.01267068740553885 0.009855772427904839 -0.012131772118123876
121 0.015008093078408502 0.01857148935598421 0.006233424233830984
122 0.000901214530497435 -0.005665244565837987 0.0029631348854897016
123 -0.0070412205840918035 -0.0053787275521950464 0.00035327262604494675
124 0.025368104977440478 -0.023539931654518058 -0.0018124748536904947
125 0.0015537485141927515 -0.0107616217934804 0.0026308860906708934
126 -0.006591215240011198 -0.00197565723182401 0.0013733758821007185
127 0.020395870425432533 -0.004587779557983729 0.008079618785763694
128 0.0036522678997608013 -0.003639482395778889 0.004468796324165872
129 0.023462075906670307 -0.019322200818155305 0.0016801059684497218
130 0.0024254773391868614 0.01342654816729344 -0.0046966236011066476
131 -0.0030392505766069847 -0.013741338689521446 0.004985233321714168
132 0.010168498335147151 0.0065270503011213045 -0.0010812541368437414
133 -0.007553491271340609 0.0068116719134053046 -0.0005105958237741764
134 -0.00654548147875794 -0.003052952292637018 0.008251745270528247
135 0.006990023306056574 -0.003298408588029822 -0.009652088657128764
136 -0.007160106437185955 0.0006225575188783363 -0.013557817400490238
137 0.006788050044679306 -0.005247391312313112 -0.008176175668853536
138 -0.00881543587894532 0.006075106961919499 0.010249279281038706
139 -0.0031346730759464116 -0.024605461594307265 0.003218487537938991
140 -0.010347519846368752 0.013185846550103509 -0.018219540872111806
141 -0.014044401644744839 0.017345581240408053 -0.007738172523499729
142 0.008443069205812233 0.00846678767025548 0.014424698132456948
143 0.011017707369080296 0.016273886348574212 0.01901705849914967
144 -0.005903553161528 0.0037542754934198185 0.02039819686115321
145 -0.011269053531329107 0.014358635378399107 -0.00775270684768006
146 -0.007652727571677585 0.0038484797261717045 -0.0073089703869111435
147 0.015488444756034697 0.0001869660904935469 0.009365388306183497
148 0.0038527178754180283 -0.02335001702202852 0.009105569415284578
149 0.009036606873486609 -0.02872150985158181 -0.0006450819063829015
150 -0.02155254708129823 0.023534944668000296 0.004724504230678321
151 -0.01610521286143271 -0.004127526422027323 -0.02273980543279791
152 0.008105440435253103 0.005798114648793873 -0.006380612431698726
153 0.00887422437456277 0.010798381510743832 -0.027244232643032953
154 0.017574701301733275 -0.0158209053354755 -0.0013994763392721765
155 0.0035007436323855707 0.008919929752629022 0.00502099603575612
156 -0.01713464151764704 0.007150429415804007 -0.01707508258837187
157 0.0013790255864770187 0.002294610202331837 0.0024547764172455225
158 -0.015004726196857825 0.010944938421917225 0.010041410831965004
159 0.02659029436798825 -0.014160066963626792 -0.009348867343399112
160 0.006234515173808006 -0.004350887190669589 -0.005161067266942716
161 -0.01820463844104403 -0.031835367255646035 -0.00035256334119530743
162 0.020578844646452127 0.005819808406411849 0.015860155508115634
163 -0.006619314664781497 -0.012750500593856365 -0.011073124560438966
164 0.0017203760240048112 -0.019586458316187556 -0.013435199287847545
165 -0.0003484439508721765 0.005795628899382458 0.024533046861362706
166 -0.00041436130976757815 -0.0026550338544609753 0.0017039771009660296
167 0.013937374580947515 -0.014108622408482107 0.001884470766796452
168 -0.0016765260246766125 -0.007381751369852009 0.0006105634910327593
169 0.010160436168113036 0.010681848032631648 -0.017277135752020903
170 0.007743698920231565 0.019007282354432484 0.004959573182210547
171 0.00887024274444283 0.0003357012330170786 -0.007684877588478217
172 0.006071563293565452 -0.007617198584271213 0.0033118552704646392
173 -0.006281990978024107 0.0071657104485741 -0.002396178923655016
174 -0.007783927478905113 -0.010158830083822012 -0.012789841290894256
175 -0.011740616807205333 -0.01814646477574928 0.008330938215409135
176 -0.009330126556789317 0.00969979685153493 0.024426201465787972
177 -0.0059513331285354215 0.017729803412267892 0.009649988433369616
178 -0.01600977246522227 -0.0006751358326081008 -0.007719746280621581
179 -0.01619031657908397 0.0019234632001696693 0.0045605959992806935
180 -0.00742321901845128 -0.013786529331187958 -0.011655347594579271
181 -0.006571145062100825 -0.013206805396944993 0.0039016554813171324
182 0.004197752782407076 0.01229750746248022 0.01657739779102077
183 -0.003623627819589033 -0.00516447471567761 0.0017382237163797373
184 -0.006283477405777227 0.008476057973143575 0.00283117282142218
185 0.0004980480663971362 0.017132352669631062 -0.015392746007819424
186 0.0013149483205411178 0.015333074114349449 0.0025580114901867326
187 -0.0054617213601756 0.011281813714422174 -0.01010173625528412
188 0.00034651528220935434 -0.0040458528852056275 0.005648720669398324
189 0.006406098992294225 -0.005591515875992362 -0.007290818211954717
190 0.009198537573773424 0.00718085924560641 -0.006151880286617534
191 0.0024440028359014095 0.011995545634243675 0.016414310813729516
192 0.001621558625021842 -0.0053016623172849955 0.026179745471352156
193 0.002675788559488374 -0.005112162926428436 0.00548956366848332
194 -0.012020126660430992 0.006218624611211917 -0.008644948133290455
195 -0.008343424262061694 -0.00970121502775216 0.01000197017157637
196 0.004549728501558298 -0.009359540042854747 -0.010451036851528362
197 0.002163092443668505 0.007429346584397478 0.001110011269680869
198 -0.020191616244379124 -0.01383827954580169 0.009315276760494241
199 -0.014790337919284517 -0.0015388490541711972 -0.012524747143516347
