200 3
0 0.0011961680189866986 0.0052363222825342615 0.0018439241916248985
1 0.0036209228398051997 -0.021516611398470366 0.024173319957407652
2 -0.012054688890179757 -0.01827048439631704 0.01426213627572246
3 0.016413891326979 0.017275041462959446 0.006116168269896432
4 0.005120862228906099 -0.012141276957403309 -0.026671483114704547
5 0.0009344654157946077 -0.004943075424354786 -0.01917403787470369
6 0.0013967709575866682 -0.0038496672947829005 -0.026820570238600898
7 0.007681429050230601 -0.014785240478859644 0.012108825411034196
8 -0.0014330436165563044 0.011926467908383104 -0.005057460621118921
9 0.000408874247991155 -0.02376307255624331 0.025635561676465232
10 0.011473212098783447 -0.02325905803263123 -0.021732597952050854
11 -0.01228239080575436 -0.009626972154255418 0.022028573908740898
12 0.0021087377891668077 -0.0070588125193714315 0.019060095066712357
13 -0.009496836453183902 -0.0032999531179776533 -0.009971525844839166
14 -0.00416599335479767 -0.018341126682247945 -0.027604452700364032
15 -0.015091531648041615 -0.006139292866171441 -0.01607475395886978
16 0.0022068960237995308 0.02224625953385874 0.008851723450651926
17 -0.005548459580737838 0.022286508813665465 0.0013221287695446516
18 -0.01281795769997738 0.018545910824250347 -0.004993629397888229
19 -0.002977936556625177 -0.008742730381333382 -0.021160975098961983
20 -0.013847511889380017 0.015459079756987931 0.0007693615058199481
21 -0.01979880774508927 -0.010932213707515404 -0.019089933066653783
22 -0.020900260771763934 -0.002490736440792807 -0.0009548457627622936
23 0.005300508353913512 0.0262363559195411 0.012219380357317676
24 0.01183165560590383 0.02255518492074378 -0.0004058615838558701
25 -0.008081246865163672 -0.010029010484488295 0.0118602897937308
26 0.0010068505814690154 -0.013833294537053401 -0.026752144819795064
27 -0.01319398947342608 0.024594887996306936 0.0008220329460814392
28 -0.0011116125134776715 0.00902373668307508 -0.0020167944131318574
29 0.005615495993104739 -0.017032043243747356 -0.00640515417279678
30 -0.003882710491332023 0.013432740635335401 0.006734531674445737
31 -0.0010506689588226231 -0.0033143690876633637 -0.03468145982042892
32 0.00506259434287025 -0.019903179134531414 -0.017462448656554275
33 0.015681243973265757 -0.004571600358998433 0.020781780904667868
34 0.009340992142691365 -0.014575345920465464 0.021048906143780674
35 -0.002739201804502357 -0.012990693251250407 0.01736456039877124
36 -0.011598918968033283 0.02885726680659456 0.010517551211910003
37 0.00665131753122615 -0.016237183773517308 -0.02940455520827409
38 0.010543366058462053 0.017506634680460785 -0.0018244653338798274
39 0.010559852273176611 0.007695264040790403 -0.00035676917178015656
40 -0.016078930866567795 -0.004221245052096111 -0.018041671565330396
41 0.004429254592088847 0.016896609904910268 -0.003460221377729819
42 0.0029935210870793965 -0.00535164367062624 -0.022811966763989555
43 0.0013430163288186067 -0.006378269432046217 0.013570184726411805
44 0.012007844751840809 -0.012142230014065936 -0.02153389701972648
45 -0.012249277335540522 0.020966906532730242 0.0031503278609513524
46 -0.006267222943326914 0.013444156331539517 0.0013149099757231413
47 -0.0012340670832526358 0.008424450474607256 0.0027446029605471814
48 -0.0006424707504788449 0.022027988579378946 0.016509397145446084
49 -0.0010129391556480682 -0.008727414442166619 -0.02166705855305341
50 -0.01806927275813581 -0.010681793716137344 0.0011699159726877156
51 -0.011299813866270866 -0.01390508897429072 0.024575220216401863
52 0.006469973733721996 -0.008015259189574629 0.017202095920993074
53 0.0046687232460074675 -0.013243737580435705 0.02467085004639874
54 -0.012253980832237651 0.028390198079462067 0.0014444346860898686
55 -0.009753217636891826 -0.015551738559783604 0.010534631026893435
56 -0.015182878342475753 -0.014529961929769214 -0.01173551492342327
57 -0.0059958996650256655 -0.014253245144702647 -0.031849809537946375
58 0.007570240176653774 -0.013121550357801215 -0.01373645320704598
59 0.01329334944664004 0.014301675550724001 0.0068034617067572415
60 -0.003652550683321168 0.023903053223868202 0.007950827181242332
61 -0.006479184791691496 -0.013043677772831358 -0.0015837486105681683
62 -0.004907767238746984 -0.015194716092040116 0.01725237297057746
63 0.013821304381661598 0.011138808085493637 -0.004301888000241383
64 -0.01329492735736916 -0.015243438780538937 -0.013479071149655929
65 0.004635272371875221 0.01994672224960494 0.011926083001005386
66 -0.011060620416124128 -0.011308325120275436 -0.01023297976548676
67 -0.009989203189241694 -0.012373903943560902 0.019693323017324085
68 0.007572599254495584 -0.014874762153225737 -0.02451518976847749
69 -0.011810709075157647 -0.006726683624784359 0.017825082212688026
70 -0.006038356359955192 -0.000780562768614327 0.008432698983838943
71 0.016245909842941858 -0.01078483674088921 -0.010359485979360462
72 0.0014912873383103667 -0.0151161263931213 -0.0187261354345201
73 0.008258674914435112 -0.017992465709913377 0.018283753677763505
74 0.008690858073176988 -0.019822248189794216 0.03191276922097974
75 -0.023294533757374433 -0.005161289013353613 0.02109599790053073
76 -0.005635154355571964 -0.020595969022640506 0.01315297711240778
77 0.00046943095622417 -0.003895455933857284 -0.027137678347200822
78 0.01301822334443535 0.015192574964433755 -0.004974744847469143
79 0.004594746105492362 0.003790370536232067 -0.015150374841883564
80 -0.005294750537485536 -0.0054349462156167705 0.00996110072793599
81 0.010451490889597542 0.015244812418709827 0.00250508354956895
82 -0.003963565575184298 0.01993623130962599 -0.009230854982572487
83 0.002569501266981654 -0.0025809536085861103 -0.023220587516228824
84 -0.014620902369234523 0.02932986594161193 0.006792225905682224
85 0.0047115450008992765 0.016848398667989373 0.002659814905797902
86 -0.010081927059038365 -0.004069969764475156 0.018677040230956322
87 -0.015503840760310583 0.022164330330072222 0.00201703749760129
88 0.0027580147372069583 -0.016500737781965834 0.011916250959944127
89 0.004859562309055918 0.022418208261499678 0.01691905325718677
90 0.0017984189657792547 -0.011172651193161185 -0.012056082153263634
91 0.0021924068670927973 -0.0037870688489435797 0.01905931292389086
92 0.011911071905545884 -0.0108685330256117 0.02408684780226085
93 0.0029707949338636293 0.007077071948581776 0.014360594110028957
94 -0.002318686472703115 -0.018272454672330796 0.0309428863891366
95 0.002104881983133515 0.027177691280283522 0.0073911622895746695
96 -0.0017013922119104435 0.02305531068616329 0.00474651209324382
97 -0.00306685098328445 0.02578732864488395 0.002028935879289463
98 0.0007372724266932751 -0.012452940552743881 -0.01394236952214311
99 -0.005758202387445399 -0.009624359308580474 -0.024677307399207066
100 -0.0011425598156725276 -0.013694966148600277 -0.026506871919970976
101 0.0030253432515366385 0.02055537042528155 -0.010724627075559151
102 -0.0046377165804595034 0.010226269117914473 0.005701529957213628
103 0.0020631039994731884 0.00035357163721397647 -0.0028774642359307347
104 0.005642972210052742 -0.018953950746092227 0.029523674798964228
105 -0.006853349680769401 -0.012591612681783635 -0.013149249235777483
106 0.0036829041646385743 0.016729140188590425 0.005035489164592455
107 0.001891659163899228 -0.0039325695095034086 0.019636372328822132
108 -0.0033154011965323762 -0.010987961240948717 -0.026616544185790222
109 0.022464957476221153 -0.0028806963393727975 -0.015585383581510355
110 0.0007768366018083978 0.0038907818383202095 -0.018081069027580124
111 -0.003573994349389757 -0.02265694067400946 -0.02130616985351566
112 -0.001559581087370223 -0.019270328427108272 0.01904084103279112
113 -0.0019248319521599014 -0.015633099993911905 0.014674122630669292
114 -7.858306483441357e-05 0.01098246099003379 -0.010383346591533995
115 0.009162508976878366 -0.009288132989417441 0.011220223158881562
116 0.0012406811687933617 -0.019993690065518085 0.023586307589497035
117 0.013818905285868668 -0.0037043840501894305 -0.027563568086794624
118 -0.006465480024457834 -0.004524384616767414 -0.0024926942026398946
119 -0.011904100148458788 0.01320729284332195 0.014605659450921708
120 0.002735424611205444 -0.02284907247322537 0.003756367364433244
121 -0.0062337825403575246 0.002143187304091693 -0.006427265185516215
122 -0.008483094209913791 0.018093392723484654 -0.0017206948676522556
123 -0.002077866830236032 -0.015436608966915184 -0.02681046157285829
124 -0.008260531430640747 -0.010905138290983404 -0.014050848871802614
125 0.002070353777237204 0.007487996310217536 -0.007687255147196207
126 0.010592623371114343 -0.019838415295695362 0.03075966098079133
127 0.017819991022014148 -0.0008938064055190043 0.027880367941597053
128 0.0029905424070934957 -0.013859422795922144 -0.00505481908078282
129 0.008729204459814198 0.02064968682521779 0.008186568749399634
130 -0.005179947452046724 0.025460775283121156 0.009100603658163195
131 0.006672511235939094 -0.01657661213502903 -0.015335042914382077
132 0.008951905750851724 -0.016280513389787726 -0.01942032917586406
133 -0.006937897181524849 0.031415865774356413 0.003274786121562067
134 -0.002941106181142416 -0.018981481226179563 0.02661669014438109
135 0.0011095268362254183 0.02018155163017521 0.0010161872335952794
136 0.0007926227626295912 0.02160433176948237 -0.0005666848713539955
137 -0.010062074040049246 -0.020226287372855756 0.027862047178284624
138 -2.2801387255022565e-05 0.019191651206674515 0.011805522493905676
139 -0.009505057658769023 -0.010107397830556409 0.014748435059460219
140 -0.005726341895882711 -0.004766107423855196 0.016589597740687877
141 0.006130860207579518 -0.011546818030508367 -0.008482545935920523
142 -0.003955515569993375 0.018203226729403194 -0.0023416036552963426
143 -0.0006538051230184326 0.025191940138685996 0.00031005155045554593
144 0.007757372780434611 -0.021302430337129148 -0.0184436052077551
145 0.005722036629230754 -0.011436752199622688 -0.021141118736445655
146 0.003974848658204513 0.016969247280989728 0.0023991573496477854
147 -0.004110520685993255 0.013775790133306529 0.0015372434885073903
148 0.0011926522195272599 -0.008069661100260084 -0.017574173872562555
149 0.007873393300296988 -0.015674584416859705 -0.022861262497025282
150 -0.002733466197314738 -0.015316685308625178 0.024506596344832474
151 -0.014274433489748925 -0.017634307724817076 -0.025698679842513658
152 0.0021767118587405062 -0.010387244075481708 -0.014269871229012243
153 0.0061567993679525895 0.033286484409324794 0.0003821057215080744
154 -0.003732450018443122 -0.004602556756700814 0.010026542737586963
155 0.012905007019055934 -0.021882938136922436 -0.016784058426064147
156 0.015459069436662282 0.014723060012435889 0.013258132982964292
157 0.012222345464187163 -0.008066570456065895 0.02313953337183599
158 0.013662159632140108 -0.01825874863381706 -0.016432057747315362
159 -0.0027266630710185667 -0.011363819388139115 0.01969278176696674
160 -0.004484774326534383 0.013047682769504586 0.00632873407942136
161 -0.006819383661264566 0.024987082384811753 0.010334358547289965
162 -0.0024621080993433055 0.024819588383685948 -0.004353930076892186
163 0.012255973932112543 0.017748803337220682 0.005478215768544735
164 -0.0022197665202436795 -0.016818248333675775 -0.02067751450513383
165 -0.005781286333530953 -0.021716046665925928 0.021503182147911228
166 0.00519655345485074 0.027462753177188493 0.0013552357060271254
167 0.007139226393086492 -0.01962132018810671 -0.028775840985535893
168 0.002638726103665121 -0.011425908621793168 -0.014288524616990386
169 -0.002983921756498628 0.0056835208133366 0.011276286112678679
170 0.005003692191777084 0.016037628968879364 0.002389831721961673
171 0.012525054532251155 -0.005226902490808073 -0.024717686721123414
172 0.01528600925947951 0.02263856036987231 -0.01030574425687535
173 -0.0023711930705306392 -0.0076534142772091834 -0.017229406584790392
174 0.0017908341764628442 0.022383170069725164 0.00032439127436518535
175 -0.010486888577602757 -0.018637069691976628 -0.03015356584032622
176 -0.00047859022126237744 0.02135267769816107 0.002299201219222311
177 -0.011004721033382923 0.01954014944300185 -0.0010097962043418701
178 -0.007146492731592954 -0.012780675140673478 0.024036341526153027
179 0.0028132583069834186 -0.0029750938759452693 -0.013239836179332332
180 -0.01633900968790944 0.022087506146378805 -0.00018351620660411348
181 -0.008914504991741228 -0.0069449538365819324 -0.03029548850428699
182 0.002738571304640322 0.0009496361532394266 -0.00584794979533973
183 0.003368439947740595 -0.010646541378942116 0.028781206753640168
184 0.002112203948500497 -0.024346106066420667 -0.026000109306129403
185 0.015209413196943258 0.018813589877250063 0.002897472672851984
186 0.004667802228275233 -0.017809483214930675 0.015684174272385457
187 0.0063127342211801996 0.013233515034487428 0.007770735321041597
188 3.7618506306392324e-05 0.026816749529174552 0.0035644852869249175
189 0.0072041548400945295 -0.013738255609609652 -0.02491206051854679
190 -0.021926843007624125 0.0031660130753665226 -0.010323353236192892
191 0.0008653429180891089 -0.012376988749808672 0.023452788589573823
192 0.002986415345789698 -0.01722044613340569 0.00712048867655625
193 0.0014469849418371136 0.020371164120968285 -6.4940511274569e-05
194 0.004583261222153681 0.02508466077241507 -0.009651533976511969
195 -0.00600960126582812 0.027800668058516588 0.004333831148357447
196 0.0027955141593323865 -0.016482657913369128 0.018245101834302953
197 0.00414140583380365 -0.006148943597942309 0.025406826880104844
198 -0.003983234268671192 -0.012189269197162187 0.01948774387744038
199 0.007049058354384685 -0.011821825192331051 0.020257175094081772
0 -0.013263113108502873 0.011557543265346498 -0.01787852330563678
1 -0.002921591515282658 -0.020832972165211475 0.02561358279985071
2 -0.014353912434636129 -0.02000468612339952 0.022901668522916016
3 0.014377506179486188 0.0037201954473540105 -0.013240604689736864
4 0.008573511842628223 0.006730212603093727 -0.016315188394829316
5 0.0018044541589485735 -0.0005456333712607064 -0.015475283333083789
6 -0.001594898326334554 0.015150896866338378 -0.009696794975227435
7 -0.005199111231246091 0.0050859545092545744 0.01266774341648514
8 -0.004055417756843349 -0.0005240591319121829 -0.011230255054929342
9 0.008049110043896478 -0.017227616630950557 0.025504957998243427
10 0.003922623544747369 0.0003606571703441419 -0.01574218365457459
11 -0.005954640099306956 -0.01783423604772756 0.031850246624356204
12 -0.0017617202663187392 -0.006040768080949961 0.017731251486894327
13 -0.009383878864321349 -0.00042917103275509974 -0.01082335976150852
14 -0.010068880726446322 0.0015077494930327145 -0.01914767967607034
15 -0.0020087256933227216 -0.000846197418127699 -0.018898546407747692
16 0.004417701269278092 0.01722550029207577 -0.003325277866359104
17 -0.012239937765071249 0.003539792889264551 -0.014265209085357767
18 -0.005164371819835069 0.018758314383856 -0.00825611414310532
19 -0.009167523550286709 0.007372503601874605 -0.010323450271935028
20 0.00636001858292095 0.01231307463417558 -0.01429874359478296
21 -0.0056214054115001355 -0.0021932519806105027 -0.01022616586228825
22 -0.012461308314709013 0.008544855574571884 -0.020294782603005754
23 0.008301866671232429 0.00987854847129939 -0.012196563241106361
24 0.007680273044580313 0.006079084289000489 -0.014704458185867143
25 -0.0003379630424515355 -0.014507241696713656 0.02081822495304996
26 0.004047633373066281 -0.0013720392961030017 -0.01548569143085031
27 -0.009205312529486712 0.00863339519506845 0.0009209842543870424
28 0.008115206688148326 0.005180808068342705 -0.0068991106019188585
29 0.0013431181653768866 0.011251008398498671 -0.007673172329562945
30 0.006115000754861299 0.009045553870808208 -0.024321320178131572
31 -0.0053945307614641225 0.009140785119902923 -0.009627154500106025
32 -0.005771519741586146 -0.001813196512440371 -0.027667922643854467
33 0.0029556717956781414 -0.008093241021821917 0.01913327668863235
34 0.006557582896211986 -0.006836231447623756 0.021848281093383784
35 0.0034926150156798608 -0.010149346698474993 0.014595929910397591
36 -0.0006474163842755537 -0.006041375364990539 -0.01467913691202332
37 0.009818568595251653 -0.007601992044458938 -0.015872741935651496
38 0.013172618186882645 0.0072850156058706025 -0.004985280900233287
39 -0.0002158042816868197 -0.0008658438384955176 -0.009621019099845241
40 -0.008487773084507808 0.011973619544277423 -0.00940945796326334
41 0.0031950990091090085 0.011651719021469359 -0.006526626090374223
42 -0.00025880929922917663 0.0009667646308617085 -0.023696749964303196
43 0.006743719949550878 -0.02036171245210074 0.0247731910508399
44 -0.00028055394862266936 0.011163574934536402 -0.019797570768944048
45 -0.009160998603930229 0.002006995026037142 -0.01162781807161996
46 0.0055891784507759775 0.009908105531289672 -0.01083088834650379
47 0.004802229516857595 0.011437132016360804 -0.014126495040982763
48 -0.010106165476589601 0.008543488913823241 -0.017124888058090308
49 -0.01025183093715508 -0.0017395849021523725 -0.01272946347493921
50 -0.004821556012446063 -0.0014484849771667693 0.019376594407928893
51 -0.00854832865508344 -0.008726464889107798 0.017088595955757804
52 0.005728720860779542 -0.0032726834069436283 0.014481495880242529
53 -3.989508275771547e-06 -0.0010813158134504626 0.0256500262423653
54 -0.012105190055745743 0.013961774726669055 -0.01045549532907582
55 -0.013370712136512697 -0.014772284860738664 0.027098411309436576
56 -0.011328897649070802 -2.1296014142906106e-05 -0.01220756005047284
57 0.0027853435220825673 0.014041291061224483 -0.009425397902762173
58 0.007999442831552295 0.003614775509049716 -0.016965458843395592
59 0.012726222095264708 0.008360724103248882 -0.013741344806456989
60 -0.012286489987260382 -0.0017450240407489298 -0.021091855986150793
61 -0.0007196439024770226 -2.1428942116270833e-05 -0.023993176137774998
62 0.002638887501936256 -0.016026874330889562 0.02520032362153117
63 0.00917966012615909 0.009315750309479919 -0.009427565891083583
64 -0.003560767652125485 0.0018872903519281392 -0.01633391996665965
65 0.0037868094030814523 0.0022168731316612733 -0.008646291989449963
66 0.0033195515060707934 0.006474561140729418 -0.013903033806797027
67 -0.006819548126486205 -0.018600683135880425 0.03071286085673673
68 -0.01094363506868264 0.004253017933802221 -0.011255621448611676
69 0.004688470366745218 -0.013371041005581223 0.029778250135635294
70 -0.010374843558559138 -0.007227089974709734 0.019338256859765285
71 0.007692756123077696 0.0010283256023785464 -0.009427357176690576
72 -0.002903763748942809 0.004688600537500403 -0.025082400435199825
73 -0.0010863539833848856 -0.02858790921773255 0.0225034243219912
74 -0.002646150844061848 -0.0222120494357819 0.030917068731240477
75 -0.015406501230459835 -0.007986977570704155 0.023787833048452216
76 -0.015904241054122734 -0.01872502969083721 0.022693540702684582
77 0.0002943587535610727 0.013095188190570439 -0.015535335559185029
78 -0.002696079220929835 0.009653565200720929 -0.01719974196716104
79 0.017948165106691602 -0.0031882941779216682 -0.011622574260882805
80 0.0038638937660388853 -0.025059302927121573 0.027472660615644642
81 0.018273955828056743 0.009900205006060953 -0.005456315817054634
82 -0.0010694488882083963 0.017425735843492288 -0.01038028272429829
83 0.0035461052193451817 0.009922119005564436 -0.009024657089206828
84 -0.007445736527952648 0.004772674969358168 -0.00914363984103346
85 -0.008759622784053418 0.001716328205575629 -0.0032761816085709085
86 0.0032950327587111736 -0.00759561732690987 0.0219774943875565
87 -0.01186157175058089 0.005101341451472063 -0.010457257555883292
88 0.0012435086340612037 -0.011455804519544782 0.02611192453774161
89 0.012711416314268129 0.0031151395970789517 -0.016417984480570226
90 -0.005800791479696101 0.0010560828948795627 -0.014511580989113114
91 -0.001133210579459904 -0.021929654203223785 0.019897772398052065
92 0.009627085766821725 -0.016074303643960453 0.02640365473192982
93 -0.006910807019563224 0.007011461041913324 -0.008142756210454866
94 0.000798301013265201 -0.011151310210920723 0.0187945433326865
95 -0.0019748074140750003 0.012368620258989757 -0.00958814599720471
96 -0.007477613869948663 0.012765094468368418 -0.008201377281671474
97 0.013918668157595002 0.013647462111031267 -0.01637628385350609
98 0.020496439782209178 0.003622209885333974 -0.010971849264292372
99 -0.00734491606243573 0.007796980151518865 -0.016623699328051064
100 -0.001454127874022871 0.008308749935467853 -0.007841685061016374
101 0.013009891404627764 0.009151235187649445 -0.014454009903311776
102 0.010133396965923256 0.0019983252022201803 -0.009517215008498888
103 0.0048142741928639855 0.01702239461960818 -0.010309255604717129
104 0.0013712484180214632 -0.018379525076723864 0.02240872423125702
105 -0.004316814494087572 0.009176299299953304 -0.022235834997188023
106 0.00633699027205447 0.002524226021029502 -0.006495430663624166
107 -0.012505079426012103 -0.026345370616122486 0.01134230420306636
108 0.012099225850659562 -0.0003013188873887303 -0.008436226521274605
109 0.013427852129028403 0.002039166750407294 -0.01997020542076089
110 0.0016002828428493786 -1.774856752591661e-05 -0.033109789832622874
111 -0.002713694979168013 0.0043361523438947835 -0.013957283094373857
112 -0.003586368678729392 -0.009131535209630871 0.03174276468136706
113 0.006245090550909119 -0.009874848113403206 -0.00021994673457095826
114 -0.0005030892565596834 0.013261710356832157 -0.016296713842129044
115 0.006409711370124832 -0.028084690024356727 0.009081187138868449
116 -0.00940049480565442 -0.015410214155703206 0.019115590113542927
117 0.009744739073556274 0.003912461202847443 -0.01377288191571828
118 -0.024807798445283323 -0.010331906715123261 0.023520860251533618
119 -0.006480526246813861 0.015554999100969573 -0.007744627868736073
120 0.005786832707097608 -0.01392580004387537 0.020599013932837997
121 0.007112444408946041 -0.004809521246430745 0.019997947857684148
122 -0.012958280311089733 0.01000241631148581 -0.021106182218872064
123 0.005767650922386395 -0.0073092427845959165 -0.00627904918780714
124 0.01105307370651469 0.013238231805717924 -0.012001268699674598
125 -0.0061431457585228375 0.009632329863617527 -0.011438475136761182
126 0.004899777457374813 -0.014104763099852792 0.030347367115181892
127 0.007060608904158064 -0.007741312615355243 0.02389708022686396
128 -0.004318595080647835 0.0015738562764010255 -0.01949180951277369
129 0.005787463116779842 0.011887577675992259 -0.01965415655394787
130 -0.00894353362266117 0.007223056986132875 -0.010740955917133137
131 0.014156721026371888 0.007066440930690442 -0.006185365497489825
132 0.0029470116796237525 -7.631268168661887e-05 -0.016827966054938484
133 -0.010415053774835918 0.0016829489753362945 -0.026700033500207686
134 -0.0050427409626793394 -0.008753060783310923 0.029458361620490543
135 0.0012557778600596533 0.002970776600846811 -0.0075575908006415785
136 0.006053089082703619 0.0013513829152537044 -0.015659402604438034
137 -0.009629272416958858 -0.01826804998886747 0.017398136937543662
138 -0.006070782721425656 0.011196582897048168 -0.005269543800288781
139 -0.0036147956114563826 -0.01504674582621541 0.03202592886364719
140 0.00628927614737728 -0.02120147103652625 0.020791065626845878
141 0.0010852425353697834 0.008394486388116698 -0.015497195277364553
142 -0.0017049205549194493 0.014697390325477226 0.0013406545368278644
143 -0.006083943303926864 0.003413913035284176 -0.013118300427563389
144 0.0002924365102730947 0.0016609036387979226 -0.010638725879813307
145 0.004471614580689832 0.0019615664756398865 -0.019360987299782195
146 0.003433061024012 0.0016593263978058846 -0.0037647108657260925
147 -0.004772712626054054 0.005808269619289652 -0.016047033509239278
148 0.00290966626438101 0.017078133081102488 -0.002563353016005021
149 0.012123151980846167 0.013852464693573666 -0.009912919661010051
150 -0.006780139415604729 -0.010656109399047535 0.01669126127941098
151 0.0037808621552782133 0.009337196089936377 -0.016882119049975566
152 0.0026171303282591005 0.001376875462947784 -0.009933600300831583
153 0.0012051316330260707 0.0027907557570274882 -0.02134320006842084
154 0.00956919056452738 -0.01729277164250754 0.031884729261045436
155 0.00631168959146286 -0.0009781249683004853 -0.02569291184991842
156 0.014210778647457595 0.0077767459812548845 -0.005516665389139412
157 0.0062574160998349615 -0.016678665199065183 0.014165770455857138
158 0.003547878708948956 0.009713103703522713 -0.006596719680664026
159 -0.001235972742954311 -0.013530909006249547 0.018085657027332773
160 -0.004365425921778018 0.003597286830214916 -0.015617937323625753
161 0.008410969690414521 0.00515623115005092 -0.003299033257934375
162 0.0008522757017584356 0.020984654044372997 -0.005101866412723749
163 0.021051303209041305 0.008951555490653039 -0.019548178269786005
164 0.003479727624090233 -0.004461331705863131 -0.012954595276067772
165 -0.00012345728028465702 -0.014145427656954743 0.013018350595516578
166 0.007617335553875275 0.019688026019412386 -0.0033271784420160037
167 0.002441119681135605 -0.0014638472005489567 -0.019108589971003384
168 0.00023303758992025518 0.012846440588732702 -0.001302762418405136
169 0.0005487891577668144 0.008330038036049012 -0.013229069937353944
170 0.0057528116012743186 0.006592484248521796 0.0007287320850826971
171 -0.014606894845082452 -0.0003393017039361665 -0.01759916293654179
172 0.0058180423101361345 0.0025717210745161007 -0.012679190876102635
173 0.006425360295191779 0.0028507230543715484 -0.007578693817341858
174 -0.007333897983603392 0.008291956227867603 -0.008507405158342838
175 0.0053167611777718456 0.003189590579460576 -0.01373901679907337
176 -0.012179861737277472 0.006237839638869265 -0.019697679803933922
177 -0.004682396262088537 0.01028422462072831 -0.017475322976992398
178 0.001305683938613758 -0.026413233445122065 0.021180307584869336
179 0.004880490532877587 0.009350321829937957 -0.00314724669125762
180 -0.00890570186618539 0.01358032741483016 -0.012448116717488966
181 -0.0011376475688159235 0.004821919556017212 -0.015662809835261665
182 -0.002051161216664217 -0.010943128674825447 0.024802530140525147
183 0.0040826074331940035 -0.027202743570773708 0.025589527909897936
184 0.0047378809193182984 0.008787056205890237 -0.007856163476818265
185 0.012283079063768132 0.009764480799567113 -0.004941899278610995
186 -0.00978447970804009 -0.0032091693870849834 0.020171908970054712
187 0.012528869615382923 0.01373017102162552 -0.014258049251859006
188 0.009668677820769639 0.01854499630452032 -0.004227369682997206
189 0.0038015179623581766 0.003457190223763777 -0.015625537496419775
190 -0.011744644051778705 0.013134342413494223 -0.01550802477610716
191 0.0011333489960049748 -0.012679621839870186 0.017248913378460816
192 -0.01048343875537391 -0.01950242566190842 0.034508365266936895
193 -0.008772972672974503 0.002500464594914195 -0.010420436028223692
194 -0.003644321239398122 0.002006580959438932 -0.01586893241410807
195 -0.0031601160065156605 0.011261066021886743 -0.012616271312141065
196 0.006054092506175043 -0.013408765427113015 0.015111282649272154
197 -0.006661662476830194 -0.009832654788762756 0.033150143109032595
198 -0.007723484915061467 -0.0017712417785521288 0.026566913983034735
199 0.011782538336820261 -0.007704607895012216 0.02444084902608358
0 -0.009215363104553925 0.017655418678294482 0.007978257881726434
1 -0.008086811159909524 0.006160432538612093 0.017842365004604344
2 -0.019293322527577664 0.01710435479074951 0.011968631875726644
3 0.013725699112959663 0.00520358671321608 0.010954660169433656
4 0.006440944924430481 -0.014318500560082884 -0.02086325106591813
5 0.0022306404901296355 -0.02395873856922709 -0.02968142358344287
6 -0.013932978255963645 -8.428642579450321e-05 -0.0189603313629665
7 0.006353996825129868 0.005576189059651758 0.00538053293914912
8 0.001803436489013363 -0.0008472055756128909 0.009549498919508783
9 -0.00633037467028162 -0.001977250632694605 0.0139561198994083
10 -0.0062660216273914375 -0.02127455373806804 -0.015815554114457196
11 0.003392181340923256 -0.0022919124415141795 0.009827213339821478
12 0.011578676160043253 0.004879413037462777 0.007954980922755699
13 -0.010640642926510874 -0.005961972349677158 -0.014356174256813358
14 -0.013642533599670534 -0.01655649149006312 -0.02924715567772282
15 0.0015554650869307601 -0.0036336141759441103 -0.014457666832022716
16 -0.007611184035282353 0.015136253846819242 0.008103953655225406
17 -0.014672827220537726 0.006304095689126543 0.015035492601802206
18 -0.0030158046138017702 0.005166361616516041 0.01690240629764961
19 -0.0023663129231918448 -0.007057430590779163 -0.026277752771811137
20 -0.007727993914819549 0.0131035783055298 0.00406992302643505
21 -0.011385246037231816 -0.013964926326273545 -0.027485690797961045
22 -0.018541001192608958 -0.008471780937668762 -0.020718458022105153
23 0.005706800524602422 0.01120952829814642 0.015751256803443817
24 0.00417678877104443 0.021627532620374146 0.01513611740999745
25 0.0018779973838373154 0.007541915815272297 0.017914624489699306
26 -0.018544218806250828 -0.004840202976992843 -0.014967078374697407
27 -0.00926049235755147 0.009184621283918629 0.013570683326018724
28 0.00440409782648226 0.002189936390469688 0.02082813883693076
29 0.0023273047414213953 -0.012157809253503238 -0.023026797124409165
30 0.001954706218347103 0.012702297231688503 0.007265031218969091
31 -0.013206650536271403 -0.009596088745242176 -0.033189423896513845
32 -0.011218920489479346 -0.009696497896937016 -0.02203532756988691
33 0.0052915632594465675 0.01132983261008218 0.020858302758807235
34 0.01034465828162405 0.001173420315563098 0.02036278809257723
35 -0.00010020099076910862 0.008281079966772489 0.017921614614151232
36 0.0035995516963505635 0.004041445937185098 0.013058912826416032
37 0.015459930821673781 -0.013448282643174062 -0.022896350937518323
38 0.01501051739406914 0.001466530988582973 0.009965413611980655
39 0.0011507715516671686 0.005794430655835743 0.012698975219588016
40 0.01016777515402252 -0.020604339883722747 -0.021225696106840893
41 0.0005851803487853108 -0.007295323142868022 0.01576199305258677
42 0.0004332274218558675 -0.0057157980699899715 -0.021492320950275007
43 0.00239112366781934 0.0020849159585080365 0.022763200717543702
44 0.006761176660930818 -0.0014663454786371021 -0.0251625850826052
45 0.0022226801332786636 0.02345166310471203 0.009799022598284931
46 -0.0028619828291678896 0.00636524557907775 0.009608112150605
47 0.001604101008783337 0.00937717191341745 0.005621835314452
48 -0.002143929412420899 0.004569292637883346 0.020305761024847088
49 -0.016605316680835133 -0.005766435093658675 -0.02921203662455038
50 0.005442705805125778 0.014619108260615167 0.011014802417560206
51 -0.007597496812203369 -0.0018374700228864643 0.01678369905266537
52 -0.00836675658859187 0.0020437698355597993 0.003293857847036785
53 0.0029259513875473306 -0.0011782314458780412 0.015371976381217359
54 -0.010399509532290283 0.00645734639628287 0.003556986094935193
55 -0.01027074285869739 0.005171567903064077 0.0092132210771902
56 -0.01185916616567545 -0.013663211004609037 -0.017874818485078957
57 -0.004083482426954332 -0.0036031597385965996 -0.013956410492529811
58 0.00826222636371926 -0.0020735160579306647 -0.01865957269546825
59 0.00804103024919825 0.014626226265119988 0.014468960131041389
60 -0.008133776233286392 0.0021882939945734453 0.017854911231784898
61 -0.00882573806042291 -0.015205025338217819 -0.021276457875705215
62 0.012241227947613287 -0.002104787542764719 0.015154065905143704
63 0.01246283657938628 -0.0006788728689750903 0.0081289118871666
64 -0.01799608043969904 -0.019063420244592615 -0.0222245746389282
65 0.004769557601010603 0.006436120059284005 0.013149713123646805
66 -0.007839629755995552 -0.009428053787089097 -0.02367447663375713
67 -0.0028133617180532144 0.00016100169460796232 0.02071050442179248
68 -0.009628305291929509 -0.015426481302219464 -0.006941421716354354
69 -0.009195696617763788 0.008419767304409492 0.015125478344216445
70 -0.006940434844480453 0.013175790984563977 0.012530172202333129
71 0.012505159700087198 -0.014662446533530042 -0.01580946828513162
72 -0.002720469023464773 -0.0012827096243783927 -0.012300164807635405
73 0.0025698211262249956 -0.0015356181882525272 0.01347570785828895
74 0.0030894248033545603 0.013970474310754703 0.012311337189708865
75 -0.00403412526261776 0.001937148289238362 0.0131421823064449
76 -0.01611140314359935 -0.006510466307630955 0.014034592522662613
77 0.0002814563845499095 -0.012275592352360042 -0.03662485948665739
78 -0.01123322960605758 0.01448073701167954 -0.0033601580786136245
79 0.008383142707905425 -0.009443250310112415 -0.008105619902569743
80 -0.011295569428459332 -0.0009904454659027256 0.014876200103843211
81 0.02300882201527582 0.014175185962360629 0.009724299780430901
82 -0.007134765902799718 0.01941528166139267 0.008035870451980488
83 0.009192268227776697 -0.010218666660939957 -0.03303045136393423
84 -0.002667910978897875 0.008579306831443007 0.018788902567128958
85 0.003091952178058627 0.015001817533078894 0.022382026818095334
86 -0.002863450044976571 0.010200408475381412 0.0030421108450078976
87 -0.013108952647899824 0.004250011378594196 0.010687221394412787
88 0.007387590451384693 -0.00707942359883354 0.01799130506123637
89 0.0066276546082971385 0.005221598501522082 0.012317947512673908
90 -0.0007087820790843587 -0.00294592449841085 -0.02477778440586488
91 -0.001549957545646531 0.0056076384541417015 0.010025116264760589
92 0.007195384251353007 0.011288053632078132 0.006105717016464993
93 -0.0014616452601917407 -0.0003482159753947743 0.013051019278091904
94 0.004674179161344669 0.004574370965344486 0.013043744657510209
95 0.00482143934003756 0.0022694751970800536 0.014023555823392105
96 0.003909977551664971 0.010401023743314627 0.017817594815653766
97 0.011097993182069991 0.013285789905958773 0.017232314529769317
98 0.005308459504669058 -0.018038893861901606 -0.02187293952125846
99 -0.0043564668252669275 -0.008884804324044013 -0.01833358934340503
100 0.0024126156612442867 -0.013795989914344699 -0.02065909212232169
101 -0.007554482629570081 0.013228921545471103 0.012521115314589732
102 0.0005120833206352475 0.011681505037247394 0.018442390032295183
103 0.00569931635205401 -0.0022563266759367748 0.02059343476075782
104 0.008690340182782433 0.007302181106039023 0.017687869096090894
105 -0.0023358899237831063 -0.005787842955621073 -0.024399593316726594
106 0.0029362638938269375 0.0037600686594356225 0.016799173021981008
107 0.0015808471501140633 -0.0033496397322615723 0.002385204000539487
108 0.009589149148375276 -0.0005631996620103323 -0.005380537200714568
109 0.006637350281929244 -0.0049538873738971655 -0.0170421263959702
110 0.004414869590205123 -0.008486372197142008 -0.036882168838848026
111 0.002026132894049718 -0.02954092518350311 -0.02312918861639448
112 0.0032248967060139458 0.0037570107891950755 0.011887328737013605
113 0.003425683497518983 0.007902658219568683 0.010422139332844079
114 0.0007889800173785466 0.012151513236751066 0.013329346305035641
115 -0.0013575502409387472 0.002086949085161119 0.015811795690398516
116 0.006639040700143602 -0.004394693868173205 0.023205247118549738
117 0.014203994441699314 -0.010188096152118969 -0.015916533567266966
118 0.0025062001435312287 0.0010900966566523597 0.01481628994058374
119 -0.00767625747508556 0.005282987258972846 0.010333953152686549
120 0.003007890699388574 0.009149244399330646 0.007541130154285501
121 0.0025972674465894402 0.003214664374645223 0.02275123222221155
122 -0.004600445132439734 0.010146973750397303 0.012524142863200369
123 0.0010156561147327964 -0.009704362286015948 -0.022869135024689832
124 0.007225611771947981 -0.006987096066630564 -0.018967749300446944
125 -0.000580130033263921 0.0024492427141767636 0.00759044577537259
126 0.010822379826651449 -1.3928716491001802e-05 0.019337757941261455
127 0.013108505573930437 -0.0006284092125472991 0.024189409922366303
128 -0.0007460636636878164 -0.02464381291627523 -0.01693398501616729
129 0.0013960764805301604 0.00617781077248486 0.01608533224948038
130 -0.01036781156139055 0.010308110657343397 0.014369830523264515
131 0.008981319338735264 -0.01294553532937702 -0.015018362175216536
132 0.00015092097161235885 -0.01652174648375819 -0.016247906527613716
133 -0.00022338717771980265 -0.005910820725299519 0.018130708632267435
134 -0.00012018475929671119 -0.007643959329946701 0.008301079524755159
135 0.002509764642929015 0.011050961478759037 0.014176839980183112
136 0.006059774745742326 0.010710735920188903 0.009980980231885426
137 0.006709700987983076 -0.0034162620680471267 0.023379767855055647
138 -0.005255236817920537 0.008654686899882968 0.01636901238806808
139 -0.007063625534493953 0.0168778378575467 0.010620036234555208
140 -0.0038449427410075163 0.015739847812560184 0.011813789687190879
141 0.008820761593694972 -0.017226074940145185 -0.018938454216263834
142 -0.004156926684415883 -0.0004928895556677165 0.004910822456768543
143 -0.0013055079767936156 0.00539409832237632 0.014245606595620115
144 0.00982207157487891 -0.009938909155691351 -0.016717734444592618
145 0.0009004357085611696 -0.015847775908310886 -0.024668670248078922
146 -0.0041290884667215515 -0.004569852481575248 0.017826746525180202
147 -0.00792276670556942 0.016924804776264013 0.01481759699954757
148 6.833662880433196e-05 -8.481952204445614e-05 -0.02211200913197077
149 0.01303384777178325 -0.010533441664762194 -0.012610761073053409
150 -0.007455662771874157 -0.0020407370647024595 0.020274927407328683
151 0.0024426198704707303 -0.012983137985300885 -0.02863664092644362
152 -0.005461053131878967 -0.01562819319217245 -0.016833824147826644
153 0.0012814162584651144 0.011435201395177078 0.012156933492779748
154 -0.002355572132427335 0.001744296325587029 0.022146212919998853
155 0.00927049826708587 -0.004767773079297301 -0.01610854975961286
156 0.010841314915068054 0.003755428790689963 0.014357086680294114
157 0.005868015146375763 0.006154129392407795 0.013534827883371799
158 -0.0101424242102254 -0.011155215360870083 -0.024034059572668298
159 -0.0038732195967855626 0.012079894681283246 0.004282773713757293
160 -0.0009600169003745884 0.004659620020334848 0.009805972970372655
161 -0.0040265359485159215 0.0011030994847908426 0.016947874134336745
162 -0.00740900197775576 0.015306029679196573 0.015065072164749173
163 0.013580847634103888 0.00044350214530493315 0.018889116325767355
164 0.015329109921729912 -0.004822429216755519 -0.020086920833496086
165 -0.0034510577524943763 -0.004706776817021557 0.020344501166907863
166 0.007172284698185587 0.0020520925954384955 0.017130376835458996
167 -0.001392756659167313 -0.016465778695462528 -0.01777840833152114
168 -0.00720080659980004 -0.008553364224072109 -0.01950283314484424
169 0.013087793889839439 0.0007657926241738562 0.018401259704772847
170 0.003942383013156643 0.004294135757633738 0.014886238701663624
171 -0.002488650237832908 -0.007941427683404497 -0.023577696359871572
172 0.009372832768150124 0.01344214129678073 0.018682061527694332
173 -0.0019174681834079974 -0.018006660893274413 -0.030101921587230976
174 0.0008131749775249827 0.014861454969042467 0.015161206790199853
175 0.016310070497325593 -0.007658857611335092 -0.032679038091077625
176 -0.0012967722248441588 0.006677419469032407 0.009909059830385177
177 -0.009160692562407063 0.01255902193656104 0.014845449883571673
178 -0.00042084069962315673 0.003218829137434931 0.01479588760743529
179 -0.011872649229425882 -0.02081218309064006 -0.018171545298139517
180 -0.004310087719188643 0.016643392609895585 0.011608255048855674
181 -0.005240227378415348 -0.02437551230338155 -0.012445444785452647
182 0.00659941634124806 0.00492202051534772 0.015613253661273661
183 0.00711823304081248 0.004060119743243107 0.00792583956539833
184 -0.0022435771037804843 -0.014606255543265174 -0.008326296019586558
185 0.0047193970079096315 0.010236519650504552 0.013767900798610587
186 0.0026579960181017477 0.008052859317061779 0.00748094016206205
187 0.016079900325653707 0.009507386041793756 0.004560570266327122
188 -0.0031504970418759146 0.006464368798784509 0.0037755796364711833
189 -0.01672047762168267 -0.016633338662113882 -0.023354723458345494
190 -0.010291685346833557 -0.021509780865009293 -0.0418470813673574
191 -0.0038679657189038727 0.004778417090831086 0.009573166006880893
192 -0.0011537193454823381 0.01060799005921826 0.01732184396975464
193 -0.0017791050963128219 0.0002734671369360592 0.013931401186338593
194 0.00369068508859363 0.0028744085838786834 0.010763548447295847
195 -0.013006500493537451 0.0047603065452321985 0.010063333285773265
196 0.002877456538518886 -0.0034539586230275254 0.017767514389947628
197 0.0039412475055125495 0.00865180174055652 0.0205613846225995
198 -0.010940377581170196 0.004993127299239137 0.012645722770868506
199 0.014259562199366735 0.005955259598131753 0.01633381145661164
