0 0 1
3 1 1
3 2 1
4 0 1
4 2 1
6 1 1
7 5 1
8 8 1
10 9 1
11 0 1
11 4 1
11 11 1
12 4 1
12 5 1
13 7 1
13 13 1
15 1 1
15 6 1
15 8 1
15 10 1
16 3 1
16 4 1
16 6 1
16 11 1
16 13 1
17 1 1
17 2 1
17 5 1
17 12 1
18 7 1
18 12 1
19 0 1
19 3 1
19 6 1
19 9 1
20 6 1
20 13 1
21 0 1
21 2 1
21 12 1
21 20 1
22 0 1
22 9 1
22 15 1
22 20 1
23 0 1
23 1 1
23 5 1
23 6 1
23 15 1
23 17 1
24 5 1
24 24 1
25 0 1
25 8 1
25 10 1
25 17 1
25 21 1
26 1 1
26 6 1
26 11 1
26 14 1
26 17 1
26 23 1
27 1 1
27 3 1
27 11 1
27 21 1
27 22 1
28 4 1
28 13 1
29 7 1
29 8 1
29 16 1
29 17 1
29 18 1
29 25 1
29 27 1
30 7 1
30 12 1
30 14 1
30 16 1
31 10 1
31 20 1
31 24 1
31 25 1
32 0 1
32 2 1
32 19 1
33 0 1
33 14 1
33 23 1
33 32 1
34 4 1
34 5 1
34 9 1
34 10 1
34 15 1
34 16 1
34 20 1
34 21 1
34 22 1
34 23 1
34 25 1
34 28 1
34 29 1
34 33 1
35 0 1
35 4 1
35 8 1
35 9 1
35 13 1
35 18 1
35 22 1
35 26 1
35 28 1
35 32 1
36 0 1
36 2 1
36 5 1
36 10 1
36 13 1
36 19 1
36 30 1
36 32 1
36 35 1
37 1 1
37 2 1
37 8 1
37 10 1
37 12 1
37 16 1
37 19 1
37 28 1
37 33 1
37 34 1
38 10 1
38 13 1
38 14 1
38 18 1
38 32 1
39 7 1
39 11 1
39 12 1
39 17 1
39 29 1
39 33 1
39 37 1
39 38 1
40 1 1
40 4 1
40 10 1
40 12 1
40 16 1
40 18 1
40 20 1
40 28 1
40 37 1
41 1 1
41 9 1
41 12 1
41 19 1
41 26 1
41 33 1
41 34 1
42 6 1
42 20 1
42 32 1
42 35 1
43 18 1
43 22 1
43 25 1
43 36 1
43 37 1
43 40 1
44 0 1
44 1 1
44 13 1
44 16 1
44 29 1
44 43 1
45 20 1
45 37 1
45 40 1
45 43 1
46 7 1
46 11 1
46 15 1
46 24 1
46 27 1
46 30 1
46 35 1
46 38 1
46 43 1
46 44 1
47 8 1
47 15 1
47 16 1
47 19 1
47 47 1
48 6 1
48 7 1
48 16 1
48 29 1
48 33 1
48 44 1
49 1 1
49 2 1
49 8 1
49 23 1
49 29 1
49 32 1
49 34 1
49 43 1
49 48 1
50 2 1
50 4 1
50 6 1
50 9 1
50 17 1
50 20 1
50 24 1
50 29 1
50 40 1
50 42 1
50 45 1
50 48 1
51 19 1
51 23 1
51 24 1
51 39 1
51 44 1
51 48 1
52 6 1
52 10 1
52 11 1
52 13 1
52 27 1
52 35 1
52 36 1
52 41 1
52 42 1
52 45 1
52 48 1
52 49 1
53 3 1
53 18 1
53 19 1
53 27 1
53 30 1
53 39 1
53 44 1
53 53 1
54 2 1
54 5 1
54 7 1
54 10 1
54 19 1
54 21 1
54 29 1
54 33 1
54 36 1
54 43 1
54 46 1
54 48 1
54 49 1
54 51 1
54 52 1
55 3 1
55 4 1
55 6 1
55 28 1
55 37 1
55 46 1
55 48 1
56 6 1
56 7 1
56 10 1
56 14 1
56 17 1
56 21 1
56 23 1
56 29 1
56 38 1
56 43 1
56 46 1
56 48 1
56 56 1
57 14 1
57 24 1
57 28 1
57 41 1
57 42 1
57 48 1
57 53 1
58 9 1
58 30 1
58 31 1
58 38 1
58 56 1
59 9 1
59 17 1
59 31 1
59 35 1
59 41 1
59 56 1
60 22 1
60 30 1
60 42 1
60 49 1
60 52 1
60 57 1
61 19 1
61 28 1
61 43 1
61 48 1
62 2 1
62 3 1
62 5 1
62 12 1
62 13 1
62 22 1
62 24 1
62 25 1
62 29 1
62 47 1
62 54 1
62 57 1
63 0 1
63 3 1
63 5 1
63 9 1
63 11 1
63 17 1
63 24 1
63 25 1
63 43 1
63 45 1
63 52 1
63 58 1
63 59 1
63 62 1
63 63 1
64 2 1
64 19 1
64 30 1
64 41 1
64 45 1
64 46 1
65 7 1
65 11 1
65 13 1
65 19 1
65 21 1
65 25 1
65 35 1
65 36 1
65 51 1
66 14 1
66 18 1
66 20 1
66 21 1
66 26 1
66 36 1
66 56 1
66 59 1
66 60 1
66 62 1
67 11 1
67 26 1
67 33 1
67 46 1
67 47 1
67 63 1
68 0 1
68 26 1
68 38 1
68 43 1
68 50 1
68 53 1
68 55 1
68 61 1
68 65 1
69 4 1
69 6 1
69 20 1
69 21 1
69 23 1
69 29 1
69 31 1
69 33 1
69 35 1
69 36 1
69 58 1
69 59 1
69 63 1
70 15 1
70 24 1
70 26 1
70 27 1
70 28 1
70 29 1
70 36 1
70 45 1
70 49 1
70 52 1
70 56 1
70 60 1
70 66 1
71 0 1
71 17 1
71 31 1
71 34 1
71 41 1
71 48 1
71 49 1
71 58 1
71 59 1
71 60 1
71 67 1
72 3 1
72 6 1
72 12 1
72 27 1
72 31 1
72 33 1
72 39 1
72 50 1
72 52 1
72 62 1
73 2 1
73 5 1
73 7 1
73 11 1
73 17 1
73 19 1
73 20 1
73 27 1
73 33 1
73 34 1
73 40 1
73 44 1
73 59 1
73 63 1
73 64 1
73 72 1
74 3 1
74 4 1
74 17 1
74 18 1
74 25 1
74 26 1
74 29 1
74 33 1
74 39 1
74 45 1
74 56 1
74 58 1
74 63 1
74 72 1
74 74 1
75 5 1
75 16 1
75 17 1
75 18 1
75 24 1
75 28 1
75 29 1
75 30 1
75 32 1
75 37 1
75 39 1
75 49 1
75 56 1
75 57 1
75 59 1
75 60 1
75 61 1
75 71 1
76 9 1
76 13 1
76 17 1
76 18 1
76 20 1
76 33 1
76 41 1
76 47 1
76 53 1
76 69 1
76 71 1
76 74 1
76 75 1
77 2 1
77 4 1
77 6 1
77 8 1
77 16 1
77 18 1
77 20 1
77 44 1
77 49 1
77 51 1
77 52 1
77 60 1
78 4 1
78 5 1
78 13 1
78 21 1
78 22 1
78 23 1
78 25 1
78 29 1
78 32 1
78 43 1
78 44 1
78 50 1
78 61 1
78 66 1
78 69 1
79 9 1
79 16 1
79 22 1
79 34 1
79 36 1
79 45 1
79 48 1
79 52 1
79 73 1
79 76 1
80 0 1
80 24 1
80 30 1
80 33 1
80 43 1
80 48 1
80 59 1
80 61 1
80 70 1
80 74 1
80 76 1
81 0 1
81 10 1
81 29 1
81 46 1
81 51 1
81 53 1
81 55 1
81 57 1
81 62 1
81 63 1
81 64 1
81 68 1
81 77 1
82 6 1
82 7 1
82 22 1
82 30 1
82 31 1
82 32 1
82 37 1
82 44 1
82 59 1
82 61 1
82 66 1
82 69 1
82 74 1
82 75 1
82 77 1
82 79 1
83 18 1
83 21 1
83 35 1
83 38 1
83 39 1
83 50 1
83 64 1
83 67 1
83 74 1
84 0 1
84 1 1
84 6 1
84 10 1
84 16 1
84 35 1
84 50 1
84 53 1
84 55 1
84 57 1
84 62 1
84 69 1
84 71 1
84 76 1
84 81 1
85 2 1
85 4 1
85 7 1
85 15 1
85 19 1
85 34 1
85 40 1
85 41 1
85 49 1
85 55 1
85 60 1
85 68 1
85 74 1
85 75 1
86 1 1
86 4 1
86 15 1
86 18 1
86 20 1
86 22 1
86 34 1
86 35 1
86 36 1
86 42 1
86 48 1
86 55 1
86 56 1
86 59 1
86 64 1
86 66 1
86 71 1
86 72 1
86 73 1
86 83 1
87 0 1
87 15 1
87 21 1
87 28 1
87 39 1
87 40 1
87 49 1
87 50 1
87 51 1
87 58 1
87 59 1
87 68 1
87 70 1
87 72 1
87 74 1
87 76 1
87 84 1
88 3 1
88 8 1
88 9 1
88 11 1
88 15 1
88 16 1
88 23 1
88 28 1
88 33 1
88 41 1
88 42 1
88 45 1
88 71 1
88 76 1
88 77 1
88 78 1
89 0 1
89 7 1
89 13 1
89 19 1
89 29 1
89 53 1
89 64 1
89 68 1
89 73 1
89 88 1
90 11 1
90 17 1
90 20 1
90 33 1
90 38 1
90 41 1
90 52 1
90 56 1
90 60 1
90 65 1
90 89 1
90 90 1
91 5 1
91 7 1
91 13 1
91 20 1
91 36 1
91 41 1
91 42 1
91 54 1
91 56 1
91 59 1
91 60 1
91 64 1
91 77 1
91 80 1
91 86 1
92 0 1
92 3 1
92 10 1
92 21 1
92 22 1
92 30 1
92 38 1
92 42 1
92 43 1
92 49 1
92 50 1
92 53 1
92 56 1
92 61 1
92 69 1
92 90 1
93 2 1
93 3 1
93 13 1
93 14 1
93 24 1
93 27 1
93 35 1
93 53 1
93 58 1
93 62 1
93 68 1
93 69 1
93 74 1
93 75 1
94 4 1
94 17 1
94 22 1
94 23 1
94 26 1
94 52 1
94 54 1
94 61 1
94 64 1
94 76 1
94 77 1
94 83 1
94 84 1
94 85 1
95 5 1
95 6 1
95 11 1
95 31 1
95 42 1
95 50 1
95 51 1
95 53 1
95 56 1
95 69 1
95 89 1
95 90 1
96 34 1
96 40 1
96 41 1
96 46 1
96 62 1
96 66 1
96 67 1
96 89 1
96 90 1
96 96 1
97 4 1
97 5 1
97 20 1
97 21 1
97 22 1
97 34 1
97 44 1
97 56 1
97 58 1
97 59 1
97 63 1
97 66 1
97 70 1
97 74 1
97 75 1
97 81 1
97 93 1
98 2 1
98 6 1
98 16 1
98 25 1
98 38 1
98 41 1
98 50 1
98 61 1
98 78 1
98 88 1
99 23 1
99 28 1
99 45 1
99 46 1
99 47 1
99 55 1
99 56 1
99 59 1
99 65 1
99 78 1
99 81 1
99 84 1
99 86 1
99 89 1
100 7 1
100 34 1
100 35 1
100 37 1
100 41 1
100 63 1
100 76 1
100 81 1
100 82 1
100 87 1
100 100 1
101 12 1
101 20 1
101 21 1
101 34 1
101 39 1
101 42 1
101 52 1
101 67 1
101 72 1
101 73 1
101 75 1
101 93 1
101 98 1
102 4 1
102 6 1
102 14 1
102 22 1
102 24 1
102 31 1
102 39 1
102 41 1
102 42 1
102 51 1
102 56 1
102 59 1
102 62 1
102 65 1
102 67 1
102 71 1
102 75 1
102 77 1
102 82 1
102 83 1
102 89 1
103 6 1
103 14 1
103 19 1
103 21 1
103 28 1
103 33 1
103 37 1
103 40 1
103 44 1
103 46 1
103 54 1
103 71 1
103 75 1
103 80 1
103 86 1
103 98 1
103 99 1
103 101 1
104 1 1
104 8 1
104 14 1
104 17 1
104 18 1
104 24 1
104 29 1
104 36 1
104 47 1
104 49 1
104 58 1
104 59 1
104 60 1
104 61 1
104 70 1
104 76 1
104 78 1
104 87 1
104 89 1
104 90 1
105 5 1
105 7 1
105 8 1
105 11 1
105 17 1
105 29 1
105 31 1
105 33 1
105 40 1
105 59 1
105 67 1
105 71 1
105 74 1
105 76 1
105 80 1
105 84 1
105 85 1
105 86 1
105 95 1
105 101 1
105 103 1
106 1 1
106 10 1
106 11 1
106 16 1
106 24 1
106 34 1
106 36 1
106 37 1
106 44 1
106 60 1
106 62 1
106 63 1
106 68 1
106 71 1
106 72 1
106 83 1
106 86 1
106 92 1
106 102 1
107 5 1
107 15 1
107 16 1
107 18 1
107 23 1
107 31 1
107 35 1
107 41 1
107 56 1
107 59 1
107 63 1
107 65 1
107 66 1
107 78 1
107 79 1
107 82 1
107 87 1
107 103 1
108 2 1
108 11 1
108 18 1
108 24 1
108 39 1
108 48 1
108 50 1
108 54 1
108 58 1
108 60 1
108 63 1
108 66 1
108 69 1
108 70 1
108 78 1
108 84 1
108 87 1
108 96 1
108 106 1
109 0 1
109 2 1
109 35 1
109 38 1
109 45 1
109 50 1
109 54 1
109 58 1
109 62 1
109 67 1
109 74 1
109 79 1
109 86 1
109 89 1
109 98 1
110 5 1
110 16 1
110 20 1
110 22 1
110 23 1
110 25 1
110 27 1
110 30 1
110 32 1
110 38 1
110 55 1
110 60 1
110 62 1
110 63 1
110 81 1
110 82 1
110 85 1
110 89 1
110 91 1
110 94 1
110 95 1
111 2 1
111 9 1
111 11 1
111 19 1
111 20 1
111 21 1
111 22 1
111 25 1
111 31 1
111 37 1
111 39 1
111 43 1
111 45 1
111 48 1
111 52 1
111 59 1
111 61 1
111 69 1
111 75 1
111 85 1
111 91 1
111 93 1
111 102 1
111 104 1
111 109 1
111 110 1
112 20 1
112 24 1
112 27 1
112 32 1
112 47 1
112 54 1
112 56 1
112 59 1
112 67 1
112 70 1
112 71 1
112 72 1
112 79 1
112 98 1
112 99 1
112 102 1
112 104 1
113 0 1
113 3 1
113 4 1
113 16 1
113 17 1
113 25 1
113 32 1
113 42 1
113 54 1
113 66 1
113 80 1
113 81 1
113 89 1
113 90 1
113 93 1
113 94 1
113 95 1
113 98 1
113 99 1
113 101 1
113 103 1
114 10 1
114 14 1
114 30 1
114 34 1
114 42 1
114 69 1
114 70 1
114 76 1
114 77 1
114 99 1
114 112 1
114 114 1
115 0 1
115 3 1
115 9 1
115 10 1
115 22 1
115 25 1
115 28 1
115 30 1
115 31 1
115 39 1
115 45 1
115 47 1
115 49 1
115 66 1
115 78 1
115 81 1
115 111 1
115 113 1
116 3 1
116 11 1
116 15 1
116 16 1
116 21 1
116 26 1
116 30 1
116 56 1
116 58 1
116 66 1
116 77 1
116 81 1
116 89 1
116 93 1
116 95 1
116 97 1
116 110 1
116 111 1
117 0 1
117 2 1
117 16 1
117 20 1
117 27 1
117 30 1
117 39 1
117 41 1
117 45 1
117 46 1
117 48 1
117 51 1
117 53 1
117 65 1
117 67 1
117 68 1
117 75 1
117 79 1
117 91 1
117 100 1
117 103 1
117 104 1
117 107 1
117 112 1
118 1 1
118 3 1
118 5 1
118 22 1
118 27 1
118 34 1
118 37 1
118 45 1
118 46 1
118 47 1
118 49 1
118 61 1
118 63 1
118 66 1
118 78 1
118 93 1
118 95 1
118 103 1
118 107 1
118 109 1
118 110 1
119 5 1
119 26 1
119 31 1
119 38 1
119 40 1
119 44 1
119 50 1
119 54 1
119 55 1
119 58 1
119 65 1
119 66 1
119 70 1
119 72 1
119 88 1
119 92 1
119 104 1
119 105 1
119 112 1
119 113 1
120 1 1
120 7 1
120 9 1
120 18 1
120 23 1
120 24 1
120 27 1
120 29 1
120 30 1
120 37 1
120 40 1
120 44 1
120 58 1
120 74 1
120 77 1
120 79 1
120 81 1
120 85 1
120 86 1
120 87 1
120 95 1
120 99 1
120 100 1
120 104 1
120 111 1
120 112 1
121 0 1
121 13 1
121 14 1
121 16 1
121 17 1
121 20 1
121 21 1
121 23 1
121 31 1
121 40 1
121 44 1
121 46 1
121 49 1
121 59 1
121 63 1
121 74 1
121 78 1
121 81 1
121 82 1
121 85 1
121 101 1
121 116 1
122 1 1
122 8 1
122 10 1
122 26 1
122 30 1
122 35 1
122 36 1
122 40 1
122 50 1
122 52 1
122 69 1
122 71 1
122 72 1
122 73 1
122 80 1
122 87 1
122 88 1
122 90 1
122 92 1
122 103 1
122 110 1
122 112 1
123 2 1
123 6 1
123 8 1
123 18 1
123 27 1
123 32 1
123 43 1
123 47 1
123 54 1
123 58 1
123 59 1
123 65 1
123 76 1
123 82 1
123 96 1
123 107 1
123 115 1
123 116 1
123 122 1
124 24 1
124 25 1
124 27 1
124 34 1
124 35 1
124 36 1
124 45 1
124 47 1
124 55 1
124 57 1
124 70 1
124 71 1
124 74 1
124 75 1
124 88 1
124 89 1
124 92 1
124 96 1
124 97 1
124 101 1
124 104 1
124 115 1
124 116 1
124 121 1
125 5 1
125 12 1
125 20 1
125 30 1
125 35 1
125 48 1
125 57 1
125 59 1
125 67 1
125 68 1
125 72 1
125 81 1
125 83 1
125 84 1
125 88 1
125 96 1
125 104 1
125 108 1
125 112 1
125 117 1
125 120 1
125 124 1
126 6 1
126 11 1
126 13 1
126 17 1
126 24 1
126 26 1
126 27 1
126 46 1
126 52 1
126 54 1
126 66 1
126 79 1
126 92 1
126 93 1
126 96 1
126 98 1
126 105 1
126 111 1
126 114 1
126 123 1
127 13 1
127 15 1
127 18 1
127 26 1
127 36 1
127 39 1
127 41 1
127 46 1
127 47 1
127 50 1
127 60 1
127 70 1
127 72 1
127 76 1
127 81 1
127 82 1
127 84 1
127 92 1
127 93 1
127 94 1
127 97 1
127 102 1
127 109 1
127 111 1
127 126 1
128 2 1
128 16 1
128 31 1
128 35 1
128 54 1
128 69 1
128 70 1
128 71 1
128 73 1
128 80 1
128 95 1
128 101 1
128 127 1
129 1 1
129 3 1
129 11 1
129 14 1
129 15 1
129 17 1
129 31 1
129 44 1
129 45 1
129 51 1
129 54 1
129 55 1
129 70 1
129 90 1
129 97 1
129 104 1
129 105 1
129 109 1
129 118 1
129 120 1
129 124 1
129 128 1
130 1 1
130 2 1
130 12 1
130 21 1
130 31 1
130 40 1
130 41 1
130 43 1
130 61 1
130 62 1
130 63 1
130 66 1
130 67 1
130 68 1
130 70 1
130 76 1
130 78 1
130 80 1
130 83 1
130 86 1
130 95 1
130 100 1
130 103 1
130 105 1
130 112 1
130 116 1
130 120 1
131 9 1
131 23 1
131 30 1
131 45 1
131 47 1
131 48 1
131 59 1
131 70 1
131 88 1
131 102 1
131 103 1
131 105 1
131 106 1
131 112 1
131 115 1
131 121 1
132 2 1
132 8 1
132 16 1
132 20 1
132 30 1
132 34 1
132 50 1
132 51 1
132 67 1
132 68 1
132 75 1
132 76 1
132 84 1
132 85 1
132 86 1
132 92 1
132 93 1
132 97 1
132 100 1
132 101 1
132 106 1
132 118 1
132 122 1
132 129 1
133 1 1
133 7 1
133 19 1
133 25 1
133 26 1
133 27 1
133 47 1
133 48 1
133 49 1
133 51 1
133 55 1
133 58 1
133 60 1
133 62 1
133 64 1
133 67 1
133 73 1
133 79 1
133 92 1
133 103 1
133 120 1
133 121 1
133 126 1
133 127 1
134 2 1
134 4 1
134 5 1
134 13 1
134 14 1
134 18 1
134 29 1
134 36 1
134 43 1
134 54 1
134 55 1
134 59 1
134 66 1
134 71 1
134 72 1
134 79 1
134 81 1
134 98 1
134 99 1
134 100 1
134 109 1
134 111 1
134 119 1
134 125 1
134 130 1
134 133 1
135 1 1
135 2 1
135 7 1
135 15 1
135 18 1
135 22 1
135 32 1
135 34 1
135 36 1
135 44 1
135 62 1
135 72 1
135 81 1
135 88 1
135 89 1
135 91 1
135 99 1
135 103 1
135 110 1
135 111 1
135 118 1
135 125 1
135 131 1
135 135 1
136 2 1
136 9 1
136 21 1
136 24 1
136 25 1
136 53 1
136 55 1
136 65 1
136 71 1
136 75 1
136 77 1
136 83 1
136 96 1
136 98 1
136 110 1
136 113 1
136 116 1
136 118 1
137 9 1
137 10 1
137 14 1
137 17 1
137 32 1
137 44 1
137 48 1
137 50 1
137 58 1
137 64 1
137 69 1
137 71 1
137 78 1
137 84 1
137 86 1
137 90 1
137 102 1
137 110 1
137 113 1
137 116 1
137 126 1
137 134 1
137 137 1
138 2 1
138 6 1
138 11 1
138 14 1
138 17 1
138 21 1
138 32 1
138 34 1
138 37 1
138 40 1
138 53 1
138 55 1
138 62 1
138 64 1
138 71 1
138 75 1
138 82 1
138 86 1
138 91 1
138 94 1
138 100 1
138 105 1
138 114 1
138 117 1
138 118 1
138 121 1
138 137 1
139 4 1
139 9 1
139 10 1
139 17 1
139 23 1
139 24 1
139 26 1
139 27 1
139 29 1
139 40 1
139 41 1
139 48 1
139 57 1
139 60 1
139 61 1
139 68 1
139 82 1
139 83 1
139 84 1
139 95 1
139 98 1
139 110 1
139 117 1
139 119 1
139 124 1
139 129 1
139 138 1
140 6 1
140 8 1
140 23 1
140 25 1
140 29 1
140 35 1
140 37 1
140 39 1
140 46 1
140 71 1
140 72 1
140 82 1
140 89 1
140 90 1
140 93 1
140 97 1
140 100 1
140 124 1
140 128 1
140 132 1
140 134 1
141 3 1
141 22 1
141 23 1
141 56 1
141 76 1
141 77 1
141 82 1
141 83 1
141 88 1
141 89 1
141 103 1
141 107 1
141 126 1
141 128 1
141 136 1
142 1 1
142 6 1
142 13 1
142 25 1
142 26 1
142 43 1
142 49 1
142 51 1
142 52 1
142 62 1
142 70 1
142 71 1
142 83 1
142 107 1
142 110 1
142 121 1
142 131 1
142 137 1
143 4 1
143 14 1
143 22 1
143 29 1
143 31 1
143 34 1
143 36 1
143 45 1
143 46 1
143 49 1
143 52 1
143 57 1
143 62 1
143 66 1
143 67 1
143 70 1
143 71 1
143 74 1
143 90 1
143 91 1
143 105 1
143 106 1
143 112 1
143 124 1
143 125 1
143 128 1
143 133 1
143 138 1
144 0 1
144 3 1
144 18 1
144 23 1
144 24 1
144 27 1
144 29 1
144 31 1
144 44 1
144 47 1
144 59 1
144 67 1
144 69 1
144 73 1
144 76 1
144 88 1
144 93 1
144 102 1
144 115 1
144 127 1
144 128 1
144 138 1
144 142 1
145 1 1
145 8 1
145 17 1
145 23 1
145 33 1
145 46 1
145 56 1
145 68 1
145 70 1
145 71 1
145 77 1
145 79 1
145 91 1
145 94 1
145 109 1
145 114 1
145 118 1
145 125 1
145 133 1
145 141 1
145 142 1
146 4 1
146 5 1
146 9 1
146 11 1
146 12 1
146 22 1
146 23 1
146 26 1
146 31 1
146 33 1
146 51 1
146 60 1
146 64 1
146 65 1
146 71 1
146 72 1
146 73 1
146 80 1
146 92 1
146 97 1
146 100 1
146 115 1
146 118 1
146 119 1
146 128 1
146 131 1
146 134 1
146 139 1
146 144 1
147 10 1
147 11 1
147 23 1
147 26 1
147 32 1
147 37 1
147 51 1
147 69 1
147 71 1
147 72 1
147 82 1
147 87 1
147 90 1
147 91 1
147 103 1
147 104 1
147 105 1
147 126 1
147 130 1
147 131 1
147 140 1
147 141 1
148 3 1
148 11 1
148 23 1
148 36 1
148 40 1
148 50 1
148 64 1
148 67 1
148 84 1
148 87 1
148 96 1
148 100 1
148 106 1
148 112 1
148 114 1
148 136 1
149 0 1
149 2 1
149 3 1
149 7 1
149 18 1
149 36 1
149 39 1
149 48 1
149 65 1
149 69 1
149 80 1
149 81 1
149 82 1
149 89 1
149 95 1
149 103 1
149 114 1
149 116 1
149 122 1
149 125 1
149 132 1
149 138 1
149 140 1
149 141 1
150 0 1
150 4 1
150 5 1
150 14 1
150 24 1
150 26 1
150 29 1
150 30 1
150 37 1
150 43 1
150 45 1
150 46 1
150 47 1
150 49 1
150 54 1
150 60 1
150 61 1
150 63 1
150 64 1
150 78 1
150 81 1
150 85 1
150 88 1
150 91 1
150 98 1
150 103 1
150 118 1
150 136 1
150 145 1
151 3 1
151 6 1
151 31 1
151 41 1
151 63 1
151 68 1
151 70 1
151 82 1
151 86 1
151 94 1
151 98 1
151 99 1
151 101 1
151 102 1
151 106 1
151 131 1
151 138 1
151 140 1
151 141 1
151 148 1
151 149 1
152 2 1
152 9 1
152 10 1
152 17 1
152 36 1
152 39 1
152 50 1
152 52 1
152 53 1
152 58 1
152 81 1
152 82 1
152 86 1
152 89 1
152 92 1
152 100 1
152 102 1
152 105 1
152 113 1
152 125 1
152 133 1
152 137 1
152 138 1
152 141 1
152 143 1
153 1 1
153 10 1
153 25 1
153 26 1
153 32 1
153 34 1
153 39 1
153 43 1
153 58 1
153 64 1
153 65 1
153 66 1
153 67 1
153 71 1
153 72 1
153 82 1
153 86 1
153 98 1
153 137 1
153 145 1
153 149 1
154 9 1
154 13 1
154 15 1
154 16 1
154 21 1
154 23 1
154 24 1
154 33 1
154 37 1
154 41 1
154 44 1
154 55 1
154 63 1
154 71 1
154 74 1
154 79 1
154 89 1
154 90 1
154 105 1
154 119 1
154 124 1
154 125 1
154 132 1
154 136 1
154 138 1
154 142 1
154 149 1
154 151 1
154 154 1
155 7 1
155 14 1
155 17 1
155 20 1
155 23 1
155 25 1
155 33 1
155 36 1
155 38 1
155 45 1
155 50 1
155 51 1
155 52 1
155 55 1
155 67 1
155 89 1
155 96 1
155 98 1
155 102 1
155 110 1
155 122 1
155 125 1
155 130 1
155 139 1
155 141 1
155 147 1
155 148 1
155 152 1
155 154 1
156 4 1
156 7 1
156 12 1
156 13 1
156 21 1
156 22 1
156 24 1
156 28 1
156 31 1
156 36 1
156 53 1
156 57 1
156 61 1
156 62 1
156 64 1
156 66 1
156 81 1
156 84 1
156 89 1
156 93 1
156 100 1
156 104 1
156 107 1
156 113 1
156 114 1
156 121 1
156 123 1
156 137 1
156 148 1
156 151 1
156 156 1
157 4 1
157 5 1
157 6 1
157 7 1
157 8 1
157 18 1
157 19 1
157 21 1
157 23 1
157 30 1
157 36 1
157 38 1
157 43 1
157 48 1
157 53 1
157 54 1
157 56 1
157 59 1
157 63 1
157 64 1
157 75 1
157 77 1
157 80 1
157 83 1
157 96 1
157 97 1
157 99 1
157 101 1
157 109 1
157 128 1
157 130 1
157 131 1
157 135 1
157 137 1
157 143 1
158 9 1
158 15 1
158 18 1
158 28 1
158 36 1
158 37 1
158 38 1
158 42 1
158 43 1
158 48 1
158 54 1
158 55 1
158 57 1
158 58 1
158 66 1
158 78 1
158 84 1
158 88 1
158 93 1
158 113 1
158 115 1
158 134 1
158 154 1
158 155 1
159 2 1
159 7 1
159 24 1
159 26 1
159 31 1
159 32 1
159 34 1
159 37 1
159 49 1
159 51 1
159 54 1
159 60 1
159 70 1
159 86 1
159 90 1
159 91 1
159 92 1
159 102 1
159 105 1
159 109 1
159 116 1
159 123 1
159 128 1
159 131 1
159 132 1
159 134 1
159 136 1
159 137 1
159 142 1
159 146 1
159 147 1
159 148 1
159 150 1
159 151 1
159 156 1
159 158 1
160 4 1
160 5 1
160 11 1
160 20 1
160 27 1
160 30 1
160 39 1
160 44 1
160 61 1
160 62 1
160 63 1
160 73 1
160 75 1
160 79 1
160 86 1
160 87 1
160 91 1
160 92 1
160 99 1
160 108 1
160 111 1
160 113 1
160 116 1
160 117 1
160 123 1
160 125 1
160 134 1
160 141 1
160 146 1
160 149 1
160 154 1
161 9 1
161 13 1
161 21 1
161 23 1
161 37 1
161 46 1
161 59 1
161 66 1
161 71 1
161 72 1
161 73 1
161 74 1
161 77 1
161 79 1
161 83 1
161 86 1
161 88 1
161 97 1
161 104 1
161 109 1
161 112 1
161 121 1
161 124 1
161 131 1
161 134 1
161 147 1
161 149 1
161 153 1
161 155 1
161 159 1
161 161 1
162 1 1
162 6 1
162 12 1
162 19 1
162 22 1
162 23 1
162 25 1
162 56 1
162 59 1
162 63 1
162 69 1
162 70 1
162 77 1
162 83 1
162 86 1
162 94 1
162 100 1
162 108 1
162 113 1
162 122 1
162 124 1
162 130 1
162 144 1
162 150 1
162 158 1
162 159 1
163 3 1
163 7 1
163 11 1
163 12 1
163 14 1
163 25 1
163 28 1
163 29 1
163 36 1
163 38 1
163 41 1
163 44 1
163 45 1
163 53 1
163 66 1
163 67 1
163 76 1
163 77 1
163 90 1
163 91 1
163 96 1
163 100 1
163 108 1
163 110 1
163 111 1
163 112 1
163 113 1
163 116 1
163 120 1
163 124 1
163 126 1
163 143 1
163 145 1
163 148 1
163 151 1
163 159 1
164 0 1
164 3 1
164 20 1
164 39 1
164 45 1
164 46 1
164 52 1
164 60 1
164 61 1
164 77 1
164 81 1
164 85 1
164 90 1
164 91 1
164 102 1
164 106 1
164 112 1
164 115 1
164 125 1
164 130 1
164 134 1
164 135 1
164 136 1
164 142 1
164 146 1
164 152 1
164 162 1
165 6 1
165 14 1
165 20 1
165 22 1
165 23 1
165 37 1
165 43 1
165 46 1
165 57 1
165 58 1
165 65 1
165 66 1
165 79 1
165 103 1
165 117 1
165 121 1
165 124 1
165 132 1
165 133 1
165 137 1
165 138 1
165 141 1
165 144 1
165 153 1
165 163 1
166 9 1
166 16 1
166 32 1
166 38 1
166 41 1
166 51 1
166 77 1
166 80 1
166 82 1
166 88 1
166 97 1
166 100 1
166 111 1
166 126 1
166 132 1
166 137 1
166 139 1
166 144 1
166 164 1
167 9 1
167 20 1
167 27 1
167 39 1
167 54 1
167 67 1
167 81 1
167 87 1
167 88 1
167 92 1
167 94 1
167 96 1
167 106 1
167 118 1
167 120 1
167 122 1
167 123 1
167 126 1
167 129 1
167 135 1
167 138 1
167 145 1
167 156 1
167 157 1
167 158 1
167 164 1
168 9 1
168 15 1
168 23 1
168 26 1
168 41 1
168 54 1
168 66 1
168 69 1
168 72 1
168 74 1
168 79 1
168 85 1
168 88 1
168 89 1
168 94 1
168 104 1
168 112 1
168 115 1
168 127 1
168 136 1
168 146 1
169 3 1
169 4 1
169 6 1
169 19 1
169 28 1
169 30 1
169 49 1
169 52 1
169 68 1
169 82 1
169 87 1
169 95 1
169 109 1
169 110 1
169 112 1
169 115 1
169 121 1
169 123 1
169 125 1
169 127 1
169 135 1
170 4 1
170 9 1
170 11 1
170 12 1
170 19 1
170 25 1
170 34 1
170 36 1
170 60 1
170 61 1
170 66 1
170 72 1
170 79 1
170 86 1
170 99 1
170 100 1
170 108 1
170 109 1
170 110 1
170 113 1
170 124 1
170 132 1
170 137 1
170 138 1
170 140 1
170 142 1
170 151 1
170 165 1
170 168 1
171 0 1
171 2 1
171 11 1
171 16 1
171 20 1
171 22 1
171 26 1
171 43 1
171 44 1
171 50 1
171 67 1
171 76 1
171 85 1
171 99 1
171 115 1
171 125 1
171 127 1
171 135 1
171 138 1
171 158 1
172 1 1
172 4 1
172 8 1
172 13 1
172 15 1
172 17 1
172 22 1
172 23 1
172 34 1
172 37 1
172 43 1
172 47 1
172 50 1
172 51 1
172 67 1
172 69 1
172 74 1
172 92 1
172 94 1
172 101 1
172 150 1
172 159 1
172 168 1
173 1 1
173 2 1
173 20 1
173 22 1
173 26 1
173 30 1
173 40 1
173 43 1
173 50 1
173 55 1
173 65 1
173 69 1
173 84 1
173 95 1
173 101 1
173 112 1
173 114 1
173 117 1
173 124 1
173 136 1
173 166 1
173 173 1
174 0 1
174 6 1
174 7 1
174 13 1
174 21 1
174 32 1
174 40 1
174 43 1
174 48 1
174 56 1
174 57 1
174 64 1
174 69 1
174 85 1
174 92 1
174 105 1
174 113 1
174 114 1
174 117 1
174 120 1
174 133 1
174 156 1
174 163 1
174 168 1
174 173 1
175 0 1
175 1 1
175 11 1
175 16 1
175 21 1
175 24 1
175 27 1
175 28 1
175 29 1
175 32 1
175 41 1
175 51 1
175 59 1
175 67 1
175 78 1
175 82 1
175 86 1
175 89 1
175 95 1
175 96 1
175 100 1
175 102 1
175 106 1
175 107 1
175 114 1
175 119 1
175 126 1
175 133 1
175 157 1
175 168 1
175 170 1
176 6 1
176 29 1
176 34 1
176 40 1
176 44 1
176 51 1
176 54 1
176 58 1
176 68 1
176 75 1
176 78 1
176 79 1
176 80 1
176 83 1
176 92 1
176 109 1
176 116 1
176 118 1
176 120 1
176 121 1
176 126 1
176 135 1
176 139 1
176 154 1
176 165 1
176 167 1
176 168 1
177 5 1
177 11 1
177 15 1
177 16 1
177 22 1
177 24 1
177 31 1
177 35 1
177 36 1
177 44 1
177 50 1
177 56 1
177 57 1
177 67 1
177 68 1
177 90 1
177 93 1
177 99 1
177 112 1
177 117 1
177 123 1
177 130 1
177 131 1
177 144 1
177 152 1
177 157 1
177 159 1
177 161 1
177 164 1
178 3 1
178 15 1
178 22 1
178 26 1
178 27 1
178 29 1
178 56 1
178 77 1
178 82 1
178 85 1
178 89 1
178 93 1
178 95 1
178 97 1
178 102 1
178 106 1
178 116 1
178 119 1
178 129 1
178 130 1
178 136 1
178 140 1
178 145 1
178 146 1
178 151 1
178 153 1
178 161 1
178 164 1
178 168 1
178 173 1
179 1 1
179 16 1
179 23 1
179 24 1
179 27 1
179 28 1
179 36 1
179 39 1
179 41 1
179 47 1
179 48 1
179 52 1
179 53 1
179 72 1
179 74 1
179 78 1
179 84 1
179 92 1
179 93 1
179 114 1
179 116 1
179 137 1
179 143 1
179 150 1
179 163 1
179 169 1
179 172 1
179 176 1
180 1 1
180 4 1
180 12 1
180 15 1
180 26 1
180 49 1
180 50 1
180 54 1
180 56 1
180 57 1
180 69 1
180 71 1
180 73 1
180 74 1
180 80 1
180 88 1
180 90 1
180 92 1
180 98 1
180 121 1
180 129 1
180 132 1
180 137 1
180 141 1
180 145 1
180 151 1
180 152 1
180 155 1
180 157 1
180 164 1
180 172 1
180 176 1
180 178 1
181 0 1
181 40 1
181 47 1
181 50 1
181 51 1
181 61 1
181 65 1
181 69 1
181 73 1
181 74 1
181 75 1
181 86 1
181 88 1
181 91 1
181 92 1
181 99 1
181 111 1
181 112 1
181 113 1
181 120 1
181 121 1
181 125 1
181 133 1
181 134 1
181 137 1
181 139 1
181 162 1
181 166 1
181 169 1
182 3 1
182 4 1
182 10 1
182 11 1
182 13 1
182 21 1
182 22 1
182 24 1
182 30 1
182 32 1
182 37 1
182 39 1
182 52 1
182 63 1
182 76 1
182 85 1
182 99 1
182 109 1
182 117 1
182 122 1
182 132 1
182 149 1
182 158 1
182 167 1
182 174 1
182 175 1
183 4 1
183 5 1
183 15 1
183 16 1
183 21 1
183 23 1
183 29 1
183 30 1
183 39 1
183 65 1
183 71 1
183 72 1
183 78 1
183 84 1
183 95 1
183 98 1
183 102 1
183 107 1
183 117 1
183 121 1
183 131 1
183 136 1
183 142 1
183 144 1
183 145 1
183 154 1
183 160 1
183 161 1
183 167 1
183 168 1
183 170 1
183 173 1
183 175 1
183 182 1
184 4 1
184 7 1
184 17 1
184 18 1
184 28 1
184 30 1
184 33 1
184 34 1
184 46 1
184 47 1
184 50 1
184 62 1
184 63 1
184 74 1
184 88 1
184 89 1
184 101 1
184 102 1
184 104 1
184 107 1
184 108 1
184 109 1
184 116 1
184 122 1
184 143 1
184 146 1
184 149 1
184 156 1
184 157 1
184 166 1
184 174 1
184 176 1
184 183 1
185 1 1
185 2 1
185 8 1
185 21 1
185 25 1
185 29 1
185 41 1
185 42 1
185 44 1
185 46 1
185 49 1
185 57 1
185 58 1
185 67 1
185 68 1
185 79 1
185 86 1
185 88 1
185 92 1
185 98 1
185 105 1
185 112 1
185 115 1
185 127 1
185 128 1
185 131 1
185 132 1
185 137 1
185 139 1
185 141 1
185 146 1
185 150 1
185 165 1
186 0 1
186 5 1
186 6 1
186 12 1
186 20 1
186 42 1
186 51 1
186 54 1
186 56 1
186 57 1
186 70 1
186 72 1
186 74 1
186 77 1
186 78 1
186 79 1
186 93 1
186 108 1
186 125 1
186 128 1
186 129 1
186 130 1
186 131 1
186 143 1
186 146 1
186 147 1
186 154 1
186 166 1
186 168 1
186 182 1
186 184 1
187 0 1
187 2 1
187 5 1
187 6 1
187 12 1
187 13 1
187 15 1
187 19 1
187 21 1
187 22 1
187 25 1
187 31 1
187 43 1
187 48 1
187 56 1
187 64 1
187 65 1
187 69 1
187 83 1
187 102 1
187 109 1
187 110 1
187 113 1
187 120 1
187 126 1
187 134 1
187 137 1
187 143 1
187 144 1
187 148 1
187 152 1
188 11 1
188 16 1
188 22 1
188 23 1
188 32 1
188 34 1
188 39 1
188 50 1
188 55 1
188 66 1
188 72 1
188 76 1
188 80 1
188 90 1
188 95 1
188 102 1
188 106 1
188 111 1
188 115 1
188 119 1
188 121 1
188 131 1
188 134 1
188 135 1
188 142 1
188 150 1
188 154 1
188 155 1
188 173 1
188 175 1
188 178 1
188 179 1
188 180 1
188 184 1
189 0 1
189 5 1
189 9 1
189 16 1
189 18 1
189 22 1
189 32 1
189 56 1
189 59 1
189 67 1
189 71 1
189 73 1
189 76 1
189 87 1
189 91 1
189 92 1
189 97 1
189 102 1
189 104 1
189 116 1
189 125 1
189 126 1
189 137 1
189 139 1
189 147 1
189 153 1
189 160 1
189 169 1
189 171 1
189 175 1
189 177 1
189 179 1
189 183 1
189 188 1
190 0 1
190 2 1
190 7 1
190 10 1
190 13 1
190 25 1
190 27 1
190 33 1
190 34 1
190 42 1
190 45 1
190 51 1
190 67 1
190 68 1
190 70 1
190 93 1
190 96 1
190 100 1
190 110 1
190 122 1
190 123 1
190 143 1
190 147 1
190 154 1
190 156 1
190 166 1
190 182 1
190 188 1
191 0 1
191 10 1
191 14 1
191 29 1
191 44 1
191 48 1
191 60 1
191 64 1
191 72 1
191 81 1
191 97 1
191 98 1
191 105 1
191 121 1
191 130 1
191 145 1
191 146 1
191 147 1
191 164 1
191 172 1
191 175 1
192 0 1
192 14 1
192 15 1
192 16 1
192 20 1
192 27 1
192 28 1
192 32 1
192 34 1
192 39 1
192 40 1
192 44 1
192 68 1
192 76 1
192 81 1
192 87 1
192 101 1
192 108 1
192 111 1
192 114 1
192 127 1
192 143 1
192 144 1
192 156 1
192 163 1
192 164 1
192 170 1
192 184 1
192 186 1
192 187 1
192 188 1
192 189 1
193 6 1
193 8 1
193 9 1
193 14 1
193 18 1
193 30 1
193 52 1
193 53 1
193 55 1
193 68 1
193 76 1
193 81 1
193 95 1
193 108 1
193 110 1
193 115 1
193 121 1
193 123 1
193 128 1
193 136 1
193 145 1
193 154 1
193 159 1
193 167 1
193 173 1
193 182 1
193 183 1
193 191 1
193 193 1
194 17 1
194 21 1
194 35 1
194 40 1
194 42 1
194 48 1
194 51 1
194 66 1
194 68 1
194 69 1
194 75 1
194 84 1
194 91 1
194 98 1
194 99 1
194 103 1
194 107 1
194 111 1
194 114 1
194 115 1
194 119 1
194 129 1
194 130 1
194 133 1
194 137 1
194 145 1
194 146 1
194 147 1
194 160 1
194 162 1
194 171 1
194 173 1
194 175 1
194 184 1
195 1 1
195 8 1
195 9 1
195 14 1
195 22 1
195 29 1
195 31 1
195 33 1
195 37 1
195 40 1
195 42 1
195 46 1
195 50 1
195 52 1
195 56 1
195 59 1
195 62 1
195 65 1
195 70 1
195 75 1
195 76 1
195 82 1
195 94 1
195 100 1
195 104 1
195 105 1
195 114 1
195 120 1
195 123 1
195 132 1
195 137 1
195 139 1
195 151 1
195 154 1
195 157 1
195 158 1
195 165 1
195 167 1
195 170 1
195 173 1
195 184 1
195 186 1
196 24 1
196 26 1
196 39 1
196 45 1
196 47 1
196 48 1
196 59 1
196 61 1
196 71 1
196 80 1
196 82 1
196 95 1
196 105 1
196 111 1
196 123 1
196 132 1
196 142 1
196 147 1
196 152 1
196 155 1
196 171 1
196 174 1
196 176 1
196 184 1
196 185 1
196 188 1
196 189 1
196 194 1
197 7 1
197 9 1
197 14 1
197 31 1
197 37 1
197 46 1
197 49 1
197 53 1
197 54 1
197 56 1
197 67 1
197 78 1
197 81 1
197 85 1
197 87 1
197 93 1
197 96 1
197 97 1
197 101 1
197 106 1
197 115 1
197 124 1
197 130 1
197 133 1
197 141 1
197 153 1
197 154 1
197 164 1
197 173 1
197 175 1
197 188 1
198 0 1
198 5 1
198 14 1
198 17 1
198 19 1
198 26 1
198 29 1
198 37 1
198 39 1
198 42 1
198 47 1
198 57 1
198 58 1
198 61 1
198 63 1
198 65 1
198 66 1
198 74 1
198 78 1
198 96 1
198 104 1
198 115 1
198 117 1
198 125 1
198 127 1
198 129 1
198 139 1
198 143 1
198 145 1
198 155 1
198 186 1
198 187 1
198 189 1
198 193 1
198 194 1
198 195 1
198 197 1
199 11 1
199 13 1
199 14 1
199 18 1
199 19 1
199 28 1
199 54 1
199 65 1
199 80 1
199 84 1
199 87 1
199 93 1
199 98 1
199 106 1
199 108 1
199 112 1
199 114 1
199 119 1
199 123 1
199 125 1
199 129 1
199 143 1
199 144 1
199 145 1
199 146 1
199 149 1
199 161 1
199 166 1
199 169 1
199 172 1
199 177 1
199 186 1
199 189 1
199 191 1
199 194 1
199 199 1
1 0 2
3 1 2
4 1 2
4 4 2
6 0 2
6 1 2
7 1 2
7 3 2
8 1 2
9 9 2
10 1 2
10 2 2
10 7 2
10 8 2
10 9 2
11 0 2
11 8 2
12 6 2
13 3 2
13 8 2
14 7 2
14 12 2
15 11 2
16 3 2
16 5 2
16 10 2
16 11 2
16 12 2
17 3 2
18 3 2
18 4 2
18 7 2
19 0 2
19 4 2
19 8 2
20 4 2
20 5 2
20 12 2
20 16 2
20 17 2
21 6 2
21 12 2
22 17 2
22 22 2
23 2 2
24 5 2
24 8 2
24 13 2
25 6 2
25 14 2
25 18 2
25 21 2
25 24 2
26 9 2
26 13 2
26 15 2
27 2 2
27 3 2
27 5 2
27 10 2
27 16 2
28 0 2
28 3 2
28 12 2
29 18 2
30 11 2
30 17 2
30 20 2
30 22 2
31 1 2
31 11 2
31 21 2
31 22 2
32 1 2
32 18 2
32 25 2
32 31 2
33 6 2
33 8 2
33 20 2
33 22 2
34 7 2
34 10 2
34 13 2
34 17 2
34 21 2
34 28 2
34 29 2
34 31 2
35 18 2
35 21 2
35 35 2
36 4 2
36 7 2
36 9 2
36 22 2
36 24 2
37 1 2
37 15 2
37 18 2
37 28 2
37 34 2
37 37 2
38 0 2
38 23 2
38 33 2
38 34 2
39 5 2
39 13 2
39 23 2
39 25 2
39 33 2
40 2 2
40 15 2
40 33 2
40 35 2
40 37 2
41 3 2
41 9 2
41 12 2
41 28 2
42 6 2
42 7 2
42 21 2
42 28 2
42 35 2
42 42 2
43 1 2
43 8 2
43 14 2
43 16 2
43 19 2
43 20 2
43 32 2
43 42 2
44 11 2
44 26 2
44 33 2
44 35 2
44 43 2
45 2 2
45 12 2
45 13 2
45 23 2
45 31 2
45 36 2
45 39 2
45 40 2
45 45 2
46 21 2
46 32 2
46 38 2
46 41 2
47 6 2
47 16 2
47 31 2
47 32 2
47 43 2
48 18 2
48 35 2
48 37 2
49 1 2
49 7 2
49 10 2
49 14 2
49 20 2
49 21 2
49 25 2
49 33 2
49 37 2
49 47 2
50 4 2
50 8 2
50 11 2
50 22 2
50 27 2
50 36 2
50 40 2
50 42 2
50 45 2
51 0 2
51 6 2
51 8 2
51 11 2
51 12 2
51 13 2
51 15 2
51 21 2
51 23 2
51 38 2
51 46 2
51 48 2
52 0 2
52 10 2
52 16 2
52 17 2
52 20 2
52 22 2
52 23 2
52 24 2
52 25 2
52 31 2
52 44 2
52 48 2
52 49 2
53 8 2
53 17 2
53 20 2
53 23 2
53 31 2
53 38 2
53 44 2
54 2 2
54 7 2
54 9 2
54 12 2
54 17 2
54 32 2
54 35 2
54 37 2
54 40 2
54 46 2
54 54 2
55 4 2
55 5 2
55 9 2
55 27 2
55 42 2
55 45 2
55 48 2
56 9 2
56 25 2
56 29 2
56 30 2
56 35 2
57 8 2
57 21 2
57 30 2
57 32 2
57 33 2
57 38 2
57 45 2
57 46 2
57 56 2
58 2 2
58 8 2
58 11 2
58 14 2
58 17 2
58 18 2
58 23 2
58 28 2
58 31 2
58 33 2
58 34 2
59 1 2
59 23 2
59 25 2
59 34 2
59 40 2
59 41 2
59 44 2
59 47 2
59 50 2
59 53 2
59 59 2
60 0 2
60 1 2
60 9 2
60 11 2
60 20 2
60 43 2
60 59 2
61 3 2
61 7 2
61 34 2
61 35 2
61 37 2
61 43 2
61 45 2
61 52 2
62 2 2
62 4 2
62 10 2
62 14 2
62 18 2
62 22 2
62 41 2
62 42 2
62 44 2
62 49 2
62 54 2
62 55 2
62 57 2
63 3 2
63 4 2
63 13 2
63 21 2
63 22 2
63 26 2
63 27 2
63 32 2
63 50 2
63 52 2
63 53 2
63 57 2
64 1 2
64 7 2
64 11 2
64 13 2
64 14 2
64 25 2
64 26 2
64 36 2
64 38 2
64 43 2
64 53 2
64 59 2
65 2 2
65 14 2
65 25 2
65 33 2
65 34 2
65 35 2
65 36 2
65 56 2
66 18 2
66 25 2
66 43 2
66 44 2
66 47 2
66 56 2
67 3 2
67 5 2
67 13 2
67 18 2
67 31 2
67 34 2
67 36 2
67 43 2
67 60 2
67 63 2
67 65 2
68 1 2
68 3 2
68 4 2
68 25 2
68 27 2
68 32 2
68 33 2
68 39 2
68 42 2
68 54 2
68 55 2
68 56 2
68 62 2
68 67 2
69 10 2
69 19 2
69 27 2
69 34 2
69 40 2
69 43 2
69 44 2
69 47 2
69 48 2
69 56 2
69 64 2
70 3 2
70 12 2
70 18 2
70 22 2
70 30 2
70 37 2
70 56 2
70 57 2
70 58 2
70 63 2
71 2 2
71 10 2
71 24 2
71 31 2
71 33 2
71 36 2
71 42 2
71 44 2
71 51 2
71 55 2
72 1 2
72 6 2
72 7 2
72 27 2
72 44 2
72 46 2
72 68 2
73 0 2
73 4 2
73 13 2
73 16 2
73 20 2
73 27 2
73 29 2
73 32 2
73 39 2
73 44 2
73 47 2
73 58 2
73 68 2
73 69 2
73 71 2
74 10 2
74 15 2
74 16 2
74 17 2
74 18 2
74 19 2
74 23 2
74 25 2
74 29 2
74 35 2
74 37 2
74 39 2
74 42 2
74 45 2
74 47 2
74 52 2
74 56 2
74 57 2
74 60 2
74 72 2
75 3 2
75 4 2
75 7 2
75 19 2
75 28 2
75 45 2
75 54 2
75 55 2
75 60 2
75 63 2
75 64 2
75 67 2
75 70 2
76 3 2
76 13 2
76 15 2
76 21 2
76 28 2
76 31 2
76 41 2
76 48 2
76 54 2
76 58 2
76 64 2
77 0 2
77 6 2
77 22 2
77 25 2
77 55 2
77 71 2
77 77 2
78 7 2
78 14 2
78 18 2
78 25 2
78 30 2
78 31 2
78 37 2
78 41 2
78 43 2
78 76 2
79 20 2
79 33 2
79 40 2
79 47 2
79 55 2
79 56 2
79 59 2
79 60 2
79 61 2
79 70 2
79 74 2
80 1 2
80 20 2
80 25 2
80 50 2
80 57 2
80 61 2
80 65 2
80 67 2
80 79 2
81 6 2
81 11 2
81 16 2
81 34 2
81 44 2
81 51 2
81 55 2
81 57 2
81 60 2
81 63 2
81 74 2
81 80 2
82 0 2
82 4 2
82 23 2
82 32 2
82 35 2
82 40 2
82 41 2
82 50 2
82 63 2
82 66 2
82 70 2
82 80 2
83 19 2
83 34 2
83 39 2
83 40 2
83 45 2
83 51 2
83 55 2
83 56 2
83 67 2
84 1 2
84 20 2
84 29 2
84 31 2
84 40 2
84 70 2
84 74 2
84 76 2
84 80 2
85 9 2
85 12 2
85 13 2
85 24 2
85 43 2
85 44 2
85 51 2
85 65 2
85 80 2
86 5 2
86 6 2
86 7 2
86 22 2
86 28 2
86 30 2
86 42 2
86 56 2
86 57 2
86 58 2
86 61 2
86 76 2
86 77 2
87 19 2
87 49 2
87 51 2
87 53 2
87 58 2
87 59 2
87 72 2
87 73 2
87 75 2
88 8 2
88 20 2
88 33 2
88 37 2
88 48 2
88 51 2
88 56 2
88 57 2
88 63 2
88 81 2
89 1 2
89 14 2
89 16 2
89 21 2
89 26 2
89 31 2
89 45 2
89 52 2
89 53 2
89 71 2
89 78 2
89 82 2
90 1 2
90 6 2
90 9 2
90 10 2
90 23 2
90 47 2
90 49 2
90 57 2
90 67 2
90 69 2
90 70 2
90 73 2
91 18 2
91 19 2
91 23 2
91 30 2
91 34 2
91 36 2
91 42 2
91 47 2
91 48 2
91 49 2
91 51 2
91 52 2
91 59 2
91 61 2
91 65 2
91 71 2
91 72 2
91 78 2
91 83 2
91 85 2
91 86 2
92 1 2
92 11 2
92 17 2
92 18 2
92 21 2
92 24 2
92 25 2
92 31 2
92 36 2
92 38 2
92 42 2
92 44 2
92 56 2
92 63 2
92 79 2
92 87 2
93 3 2
93 11 2
93 23 2
93 26 2
93 33 2
93 44 2
93 47 2
93 55 2
93 59 2
93 60 2
93 70 2
93 73 2
93 74 2
93 75 2
93 78 2
93 90 2
94 2 2
94 16 2
94 24 2
94 28 2
94 30 2
94 46 2
94 58 2
94 60 2
94 65 2
94 68 2
94 71 2
94 79 2
94 82 2
94 90 2
94 93 2
95 0 2
95 1 2
95 5 2
95 7 2
95 21 2
95 23 2
95 43 2
95 53 2
95 63 2
95 69 2
95 71 2
95 72 2
95 75 2
95 76 2
95 88 2
96 0 2
96 6 2
96 7 2
96 25 2
96 48 2
96 62 2
96 65 2
96 74 2
96 75 2
96 76 2
96 78 2
96 84 2
96 85 2
96 86 2
97 1 2
97 12 2
97 19 2
97 27 2
97 48 2
97 50 2
97 51 2
97 59 2
97 61 2
97 69 2
97 90 2
98 2 2
98 8 2
98 14 2
98 21 2
98 34 2
98 35 2
98 43 2
98 53 2
98 58 2
98 62 2
98 66 2
98 73 2
98 80 2
98 84 2
98 88 2
98 92 2
99 2 2
99 8 2
99 32 2
99 37 2
99 39 2
99 49 2
99 50 2
99 51 2
99 53 2
99 60 2
99 64 2
99 68 2
99 69 2
99 76 2
99 87 2
99 88 2
99 94 2
100 12 2
100 15 2
100 24 2
100 39 2
100 63 2
100 64 2
100 69 2
100 72 2
100 73 2
100 75 2
100 78 2
100 92 2
100 98 2
100 100 2
101 0 2
101 4 2
101 7 2
101 9 2
101 12 2
101 17 2
101 27 2
101 33 2
101 37 2
101 52 2
101 67 2
101 73 2
101 90 2
102 3 2
102 12 2
102 17 2
102 27 2
102 34 2
102 38 2
102 43 2
102 50 2
102 75 2
102 87 2
102 91 2
103 3 2
103 7 2
103 19 2
103 23 2
103 29 2
103 41 2
103 53 2
103 56 2
103 61 2
103 75 2
103 88 2
103 91 2
104 2 2
104 3 2
104 4 2
104 10 2
104 11 2
104 13 2
104 17 2
104 19 2
104 24 2
104 27 2
104 41 2
104 42 2
104 44 2
104 45 2
104 47 2
104 49 2
104 61 2
104 68 2
104 76 2
104 80 2
104 83 2
104 88 2
104 89 2
104 92 2
104 95 2
104 97 2
104 102 2
104 103 2
104 104 2
105 3 2
105 10 2
105 17 2
105 31 2
105 36 2
105 45 2
105 51 2
105 59 2
105 80 2
105 92 2
105 93 2
105 103 2
106 1 2
106 20 2
106 22 2
106 26 2
106 56 2
106 64 2
106 66 2
106 67 2
106 69 2
106 87 2
106 91 2
106 92 2
106 93 2
106 94 2
106 96 2
106 103 2
107 5 2
107 6 2
107 7 2
107 14 2
107 16 2
107 28 2
107 40 2
107 41 2
107 50 2
107 77 2
107 90 2
107 93 2
107 98 2
107 107 2
108 0 2
108 1 2
108 7 2
108 17 2
108 24 2
108 43 2
108 45 2
108 57 2
108 59 2
108 61 2
108 65 2
108 86 2
108 94 2
108 108 2
109 6 2
109 7 2
109 27 2
109 39 2
109 49 2
109 51 2
109 56 2
109 59 2
109 68 2
109 76 2
110 0 2
110 2 2
110 45 2
110 52 2
110 57 2
110 67 2
110 77 2
110 94 2
110 96 2
110 97 2
111 1 2
111 5 2
111 9 2
111 21 2
111 24 2
111 35 2
111 50 2
111 52 2
111 56 2
111 58 2
111 69 2
111 80 2
111 91 2
111 92 2
111 103 2
112 3 2
112 7 2
112 13 2
112 22 2
112 23 2
112 24 2
112 26 2
112 29 2
112 31 2
112 32 2
112 34 2
112 36 2
112 39 2
112 42 2
112 47 2
112 48 2
112 54 2
112 61 2
112 77 2
112 80 2
112 98 2
112 103 2
112 109 2
112 111 2
113 3 2
113 4 2
113 17 2
113 23 2
113 24 2
113 26 2
113 38 2
113 41 2
113 45 2
113 49 2
113 58 2
113 69 2
113 83 2
113 94 2
113 97 2
114 29 2
114 36 2
114 38 2
114 71 2
114 83 2
114 84 2
114 87 2
114 97 2
114 103 2
115 7 2
115 8 2
115 13 2
115 16 2
115 19 2
115 22 2
115 27 2
115 32 2
115 40 2
115 49 2
115 58 2
115 68 2
115 74 2
115 93 2
115 97 2
115 100 2
115 101 2
115 114 2
116 5 2
116 7 2
116 29 2
116 36 2
116 39 2
116 40 2
116 54 2
116 56 2
116 57 2
116 66 2
116 69 2
116 83 2
116 88 2
116 99 2
116 100 2
116 101 2
116 106 2
116 108 2
116 110 2
117 8 2
117 17 2
117 31 2
117 33 2
117 42 2
117 47 2
117 50 2
117 55 2
117 56 2
117 62 2
117 64 2
117 66 2
117 67 2
117 73 2
117 77 2
117 87 2
117 91 2
117 94 2
117 104 2
117 109 2
117 112 2
117 117 2
118 3 2
118 8 2
118 21 2
118 24 2
118 28 2
118 29 2
118 38 2
118 49 2
118 66 2
118 68 2
118 70 2
118 72 2
118 74 2
118 75 2
118 81 2
118 83 2
118 84 2
118 89 2
118 105 2
118 110 2
118 118 2
119 1 2
119 2 2
119 27 2
119 32 2
119 34 2
119 46 2
119 63 2
119 77 2
119 90 2
119 113 2
119 115 2
119 118 2
120 4 2
120 6 2
120 18 2
120 19 2
120 22 2
120 25 2
120 26 2
120 28 2
120 30 2
120 33 2
120 34 2
120 36 2
120 41 2
120 43 2
120 48 2
120 58 2
120 63 2
120 82 2
120 90 2
120 94 2
120 95 2
120 101 2
120 105 2
120 113 2
120 114 2
121 4 2
121 6 2
121 10 2
121 13 2
121 15 2
121 19 2
121 22 2
121 26 2
121 28 2
121 29 2
121 30 2
121 31 2
121 33 2
121 37 2
121 40 2
121 45 2
121 46 2
121 47 2
121 69 2
121 83 2
121 89 2
121 96 2
121 98 2
121 101 2
122 1 2
122 10 2
122 11 2
122 16 2
122 19 2
122 21 2
122 34 2
122 46 2
122 80 2
122 91 2
122 94 2
122 98 2
122 104 2
122 112 2
122 113 2
122 115 2
123 3 2
123 5 2
123 12 2
123 17 2
123 18 2
123 29 2
123 43 2
123 50 2
123 68 2
123 80 2
123 90 2
123 92 2
123 112 2
123 114 2
123 116 2
124 19 2
124 24 2
124 25 2
124 35 2
124 65 2
124 69 2
124 70 2
124 75 2
124 90 2
124 91 2
124 105 2
124 107 2
124 112 2
124 116 2
124 118 2
125 21 2
125 25 2
125 33 2
125 34 2
125 45 2
125 59 2
125 67 2
125 75 2
125 76 2
125 85 2
125 88 2
125 92 2
125 96 2
125 104 2
125 105 2
125 109 2
125 110 2
125 112 2
125 115 2
125 119 2
125 121 2
126 6 2
126 22 2
126 24 2
126 28 2
126 33 2
126 40 2
126 42 2
126 50 2
126 61 2
126 66 2
126 72 2
126 75 2
126 77 2
126 81 2
126 82 2
126 99 2
126 100 2
126 109 2
126 114 2
126 119 2
127 7 2
127 10 2
127 20 2
127 26 2
127 32 2
127 35 2
127 37 2
127 41 2
127 57 2
127 63 2
127 76 2
127 77 2
127 79 2
127 81 2
127 84 2
127 97 2
127 120 2
128 2 2
128 25 2
128 43 2
128 60 2
128 67 2
128 69 2
128 75 2
128 77 2
128 90 2
128 92 2
128 95 2
128 108 2
128 109 2
128 120 2
128 123 2
129 1 2
129 3 2
129 14 2
129 17 2
129 27 2
129 34 2
129 39 2
129 43 2
129 48 2
129 50 2
129 67 2
129 68 2
129 70 2
129 73 2
129 76 2
129 82 2
129 86 2
129 88 2
129 92 2
129 93 2
129 94 2
129 102 2
129 114 2
129 116 2
129 120 2
129 127 2
130 1 2
130 34 2
130 46 2
130 52 2
130 70 2
130 73 2
130 74 2
130 81 2
130 86 2
130 105 2
130 114 2
130 115 2
130 116 2
130 126 2
131 24 2
131 29 2
131 48 2
131 57 2
131 61 2
131 67 2
131 69 2
131 76 2
131 94 2
131 99 2
131 103 2
131 106 2
131 114 2
131 122 2
132 4 2
132 34 2
132 38 2
132 39 2
132 40 2
132 73 2
132 74 2
132 75 2
132 80 2
132 91 2
132 94 2
132 97 2
132 121 2
133 2 2
133 8 2
133 9 2
133 12 2
133 20 2
133 23 2
133 25 2
133 43 2
133 51 2
133 60 2
133 63 2
133 65 2
133 71 2
133 73 2
133 76 2
133 86 2
133 88 2
133 91 2
133 99 2
133 108 2
133 115 2
133 122 2
134 1 2
134 5 2
134 12 2
134 14 2
134 17 2
134 24 2
134 27 2
134 30 2
134 40 2
134 51 2
134 52 2
134 61 2
134 78 2
134 83 2
134 84 2
134 89 2
134 94 2
134 99 2
134 101 2
134 118 2
134 120 2
134 121 2
134 126 2
135 2 2
135 8 2
135 11 2
135 27 2
135 29 2
135 54 2
135 63 2
135 67 2
135 69 2
135 82 2
135 86 2
135 103 2
135 104 2
135 107 2
135 128 2
136 1 2
136 11 2
136 15 2
136 26 2
136 33 2
136 50 2
136 54 2
136 55 2
136 62 2
136 67 2
136 72 2
136 75 2
136 77 2
136 87 2
136 104 2
136 105 2
136 115 2
136 116 2
136 118 2
136 119 2
136 120 2
137 4 2
137 6 2
137 14 2
137 19 2
137 21 2
137 27 2
137 30 2
137 40 2
137 42 2
137 58 2
137 60 2
137 63 2
137 65 2
137 66 2
137 82 2
137 99 2
137 101 2
137 103 2
137 104 2
137 106 2
137 115 2
137 129 2
137 132 2
138 4 2
138 18 2
138 25 2
138 33 2
138 50 2
138 57 2
138 63 2
138 66 2
138 68 2
138 72 2
138 76 2
138 77 2
138 80 2
138 85 2
138 92 2
138 93 2
138 94 2
138 106 2
138 107 2
138 112 2
138 123 2
138 136 2
139 0 2
139 15 2
139 24 2
139 26 2
139 29 2
139 48 2
139 53 2
139 54 2
139 59 2
139 61 2
139 66 2
139 77 2
139 85 2
139 89 2
139 97 2
139 106 2
139 109 2
139 111 2
139 117 2
139 122 2
139 123 2
139 124 2
139 129 2
139 135 2
140 14 2
140 31 2
140 41 2
140 46 2
140 48 2
140 57 2
140 60 2
140 64 2
140 68 2
140 71 2
140 72 2
140 74 2
140 76 2
140 78 2
140 79 2
140 87 2
140 106 2
140 107 2
140 125 2
140 130 2
140 138 2
141 1 2
141 7 2
141 14 2
141 25 2
141 26 2
141 33 2
141 38 2
141 41 2
141 46 2
141 53 2
141 66 2
141 68 2
141 69 2
141 73 2
141 74 2
141 84 2
141 89 2
141 92 2
141 100 2
141 107 2
142 0 2
142 3 2
142 5 2
142 12 2
142 13 2
142 15 2
142 21 2
142 22 2
142 33 2
142 67 2
142 85 2
142 93 2
142 94 2
142 97 2
142 102 2
142 116 2
142 118 2
142 122 2
142 130 2
142 137 2
142 139 2
143 2 2
143 9 2
143 30 2
143 33 2
143 34 2
143 35 2
143 41 2
143 49 2
143 50 2
143 52 2
143 53 2
143 59 2
143 62 2
143 70 2
143 71 2
143 72 2
143 74 2
143 79 2
143 89 2
143 90 2
143 100 2
143 104 2
143 107 2
143 113 2
143 115 2
143 116 2
143 119 2
143 121 2
143 126 2
143 128 2
143 129 2
143 142 2
143 143 2
144 6 2
144 7 2
144 8 2
144 19 2
144 20 2
144 22 2
144 28 2
144 43 2
144 52 2
144 53 2
144 59 2
144 94 2
144 99 2
144 105 2
144 112 2
144 115 2
144 118 2
144 131 2
144 135 2
144 143 2
145 5 2
145 12 2
145 18 2
145 25 2
145 28 2
145 29 2
145 34 2
145 40 2
145 53 2
145 87 2
145 94 2
145 100 2
145 136 2
145 137 2
145 145 2
146 2 2
146 9 2
146 11 2
146 19 2
146 25 2
146 43 2
146 67 2
146 71 2
146 74 2
146 86 2
146 92 2
146 95 2
146 101 2
146 112 2
146 117 2
146 118 2
146 120 2
146 121 2
146 127 2
146 128 2
146 130 2
147 6 2
147 7 2
147 16 2
147 19 2
147 41 2
147 53 2
147 55 2
147 57 2
147 61 2
147 63 2
147 71 2
147 91 2
147 98 2
147 101 2
147 109 2
147 110 2
147 118 2
147 123 2
148 17 2
148 25 2
148 35 2
148 48 2
148 51 2
148 54 2
148 74 2
148 82 2
148 86 2
148 99 2
148 104 2
148 106 2
148 113 2
148 116 2
148 117 2
148 125 2
148 134 2
148 135 2
148 145 2
149 0 2
149 9 2
149 16 2
149 18 2
149 24 2
149 25 2
149 28 2
149 37 2
149 47 2
149 50 2
149 83 2
149 94 2
149 98 2
149 103 2
149 105 2
149 106 2
149 108 2
149 113 2
149 135 2
150 16 2
150 19 2
150 22 2
150 23 2
150 38 2
150 47 2
150 49 2
150 60 2
150 63 2
150 75 2
150 79 2
150 85 2
150 93 2
150 99 2
150 114 2
150 117 2
150 118 2
150 126 2
150 131 2
151 1 2
151 2 2
151 4 2
151 16 2
151 25 2
151 27 2
151 61 2
151 99 2
151 102 2
151 112 2
151 113 2
151 119 2
151 123 2
151 126 2
151 127 2
151 132 2
151 133 2
151 134 2
151 135 2
152 5 2
152 7 2
152 10 2
152 25 2
152 41 2
152 46 2
152 50 2
152 59 2
152 65 2
152 76 2
152 85 2
152 86 2
152 99 2
152 116 2
152 123 2
152 132 2
152 136 2
152 138 2
152 141 2
152 144 2
152 146 2
152 151 2
153 10 2
153 11 2
153 12 2
153 21 2
153 69 2
153 75 2
153 76 2
153 81 2
153 91 2
153 97 2
153 104 2
153 107 2
153 131 2
153 137 2
153 138 2
153 143 2
154 10 2
154 12 2
154 17 2
154 24 2
154 26 2
154 27 2
154 30 2
154 32 2
154 65 2
154 79 2
154 83 2
154 84 2
154 86 2
154 90 2
154 93 2
154 97 2
154 99 2
154 100 2
154 111 2
154 127 2
154 135 2
154 139 2
154 145 2
154 152 2
154 153 2
155 2 2
155 7 2
155 11 2
155 33 2
155 43 2
155 51 2
155 61 2
155 62 2
155 69 2
155 104 2
155 117 2
155 122 2
155 140 2
155 143 2
155 154 2
156 5 2
156 10 2
156 18 2
156 20 2
156 29 2
156 48 2
156 50 2
156 51 2
156 55 2
156 66 2
156 69 2
156 70 2
156 73 2
156 88 2
156 92 2
156 94 2
156 97 2
156 107 2
156 113 2
156 117 2
156 121 2
156 126 2
156 129 2
156 134 2
156 152 2
157 0 2
157 13 2
157 20 2
157 22 2
157 28 2
157 29 2
157 41 2
157 46 2
157 47 2
157 48 2
157 50 2
157 51 2
157 52 2
157 54 2
157 66 2
157 72 2
157 77 2
157 79 2
157 80 2
157 82 2
157 92 2
157 95 2
157 100 2
157 103 2
157 106 2
157 108 2
157 109 2
157 128 2
157 132 2
157 147 2
158 18 2
158 21 2
158 30 2
158 34 2
158 43 2
158 48 2
158 53 2
158 60 2
158 76 2
158 87 2
158 93 2
158 104 2
158 105 2
158 108 2
158 120 2
158 121 2
158 126 2
158 127 2
158 134 2
158 135 2
158 158 2
159 0 2
159 3 2
159 4 2
159 15 2
159 16 2
159 26 2
159 27 2
159 32 2
159 49 2
159 52 2
159 63 2
159 82 2
159 96 2
159 108 2
159 114 2
159 119 2
159 122 2
159 125 2
159 148 2
159 151 2
160 4 2
160 5 2
160 9 2
160 15 2
160 18 2
160 19 2
160 22 2
160 30 2
160 38 2
160 41 2
160 42 2
160 50 2
160 53 2
160 55 2
160 68 2
160 69 2
160 73 2
160 74 2
160 82 2
160 114 2
160 118 2
160 128 2
160 155 2
161 10 2
161 14 2
161 29 2
161 37 2
161 70 2
161 74 2
161 75 2
161 79 2
161 81 2
161 89 2
161 91 2
161 94 2
161 98 2
161 111 2
161 122 2
161 147 2
161 151 2
161 156 2
161 157 2
162 0 2
162 5 2
162 12 2
162 19 2
162 27 2
162 29 2
162 34 2
162 37 2
162 44 2
162 50 2
162 54 2
162 73 2
162 74 2
162 80 2
162 89 2
162 91 2
162 118 2
162 119 2
162 124 2
162 136 2
162 137 2
162 139 2
162 148 2
162 149 2
162 156 2
162 158 2
162 159 2
163 4 2
163 6 2
163 15 2
163 24 2
163 35 2
163 37 2
163 67 2
163 68 2
163 69 2
163 71 2
163 73 2
163 75 2
163 76 2
163 82 2
163 116 2
163 123 2
163 126 2
163 131 2
163 134 2
163 136 2
163 143 2
163 157 2
163 159 2
164 5 2
164 29 2
164 30 2
164 51 2
164 52 2
164 54 2
164 61 2
164 63 2
164 65 2
164 71 2
164 76 2
164 89 2
164 97 2
164 129 2
164 142 2
164 158 2
165 6 2
165 18 2
165 24 2
165 29 2
165 32 2
165 37 2
165 43 2
165 63 2
165 64 2
165 65 2
165 68 2
165 73 2
165 87 2
165 92 2
165 95 2
165 101 2
165 102 2
165 106 2
165 126 2
165 131 2
165 142 2
165 144 2
165 145 2
165 156 2
166 2 2
166 15 2
166 18 2
166 31 2
166 32 2
166 44 2
166 45 2
166 50 2
166 51 2
166 64 2
166 66 2
166 67 2
166 78 2
166 139 2
166 145 2
166 148 2
166 165 2
167 4 2
167 9 2
167 19 2
167 32 2
167 38 2
167 45 2
167 48 2
167 52 2
167 66 2
167 67 2
167 70 2
167 71 2
167 88 2
167 91 2
167 94 2
167 100 2
167 111 2
167 112 2
167 115 2
167 120 2
167 121 2
167 127 2
167 130 2
167 140 2
167 151 2
167 152 2
167 154 2
167 159 2
168 5 2
168 18 2
168 28 2
168 35 2
168 38 2
168 42 2
168 43 2
168 44 2
168 62 2
168 72 2
168 79 2
168 81 2
168 87 2
168 93 2
168 97 2
168 103 2
168 116 2
168 118 2
168 124 2
168 125 2
168 139 2
168 143 2
168 146 2
168 150 2
168 154 2
168 159 2
169 2 2
169 9 2
169 11 2
169 16 2
169 28 2
169 29 2
169 34 2
169 59 2
169 60 2
169 65 2
169 66 2
169 69 2
169 70 2
169 74 2
169 75 2
169 76 2
169 77 2
169 111 2
169 113 2
169 120 2
169 121 2
169 128 2
169 162 2
169 165 2
170 1 2
170 4 2
170 9 2
170 12 2
170 18 2
170 25 2
170 50 2
170 51 2
170 65 2
170 75 2
170 80 2
170 103 2
170 113 2
170 117 2
170 120 2
170 125 2
170 161 2
171 1 2
171 2 2
171 11 2
171 27 2
171 28 2
171 36 2
171 50 2
171 55 2
171 63 2
171 73 2
171 80 2
171 86 2
171 87 2
171 113 2
171 114 2
171 118 2
171 141 2
171 144 2
171 148 2
171 149 2
171 150 2
171 151 2
171 157 2
171 159 2
172 2 2
172 12 2
172 14 2
172 15 2
172 16 2
172 23 2
172 33 2
172 34 2
172 53 2
172 55 2
172 78 2
172 84 2
172 94 2
172 140 2
172 150 2
172 153 2
172 170 2
173 1 2
173 8 2
173 11 2
173 16 2
173 26 2
173 27 2
173 39 2
173 40 2
173 43 2
173 52 2
173 55 2
173 64 2
173 68 2
173 70 2
173 74 2
173 94 2
173 99 2
173 107 2
173 122 2
173 142 2
173 143 2
174 4 2
174 11 2
174 15 2
174 23 2
174 25 2
174 26 2
174 30 2
174 39 2
174 41 2
174 44 2
174 45 2
174 50 2
174 52 2
174 53 2
174 67 2
174 70 2
174 76 2
174 78 2
174 96 2
174 97 2
174 100 2
174 102 2
174 107 2
174 109 2
174 133 2
174 154 2
174 155 2
174 165 2
175 9 2
175 14 2
175 23 2
175 25 2
175 50 2
175 53 2
175 55 2
175 57 2
175 59 2
175 62 2
175 65 2
175 66 2
175 68 2
175 70 2
175 77 2
175 85 2
175 91 2
175 92 2
175 94 2
175 101 2
175 106 2
175 107 2
175 118 2
175 120 2
175 136 2
175 137 2
175 142 2
175 149 2
175 151 2
175 154 2
175 169 2
175 171 2
176 7 2
176 9 2
176 16 2
176 17 2
176 33 2
176 59 2
176 61 2
176 62 2
176 67 2
176 68 2
176 69 2
176 79 2
176 89 2
176 91 2
176 99 2
176 105 2
176 117 2
176 119 2
176 122 2
176 129 2
176 154 2
176 171 2
177 2 2
177 3 2
177 5 2
177 7 2
177 10 2
177 25 2
177 31 2
177 33 2
177 37 2
177 45 2
177 46 2
177 50 2
177 60 2
177 70 2
177 73 2
177 79 2
177 85 2
177 86 2
177 89 2
177 103 2
177 114 2
177 115 2
177 118 2
177 130 2
177 131 2
177 138 2
177 145 2
177 159 2
177 163 2
177 177 2
178 0 2
178 12 2
178 20 2
178 21 2
178 24 2
178 25 2
178 31 2
178 38 2
178 48 2
178 57 2
178 58 2
178 75 2
178 81 2
178 83 2
178 89 2
178 96 2
178 99 2
178 100 2
178 109 2
178 125 2
178 127 2
178 128 2
178 133 2
178 141 2
178 145 2
178 155 2
178 163 2
178 164 2
178 168 2
178 169 2
178 175 2
178 176 2
179 6 2
179 9 2
179 35 2
179 57 2
179 71 2
179 80 2
179 89 2
179 97 2
179 99 2
179 101 2
179 112 2
179 114 2
179 117 2
179 120 2
179 121 2
179 126 2
179 129 2
179 134 2
179 154 2
179 157 2
179 159 2
179 160 2
180 2 2
180 12 2
180 50 2
180 51 2
180 54 2
180 62 2
180 66 2
180 71 2
180 74 2
180 77 2
180 81 2
180 117 2
180 118 2
180 120 2
180 121 2
180 122 2
180 136 2
180 140 2
180 143 2
180 157 2
180 167 2
180 180 2
181 8 2
181 10 2
181 42 2
181 50 2
181 58 2
181 63 2
181 67 2
181 68 2
181 69 2
181 71 2
181 79 2
181 81 2
181 88 2
181 94 2
181 124 2
181 127 2
181 134 2
181 138 2
181 139 2
181 140 2
181 165 2
181 166 2
181 175 2
181 179 2
182 1 2
182 5 2
182 14 2
182 16 2
182 19 2
182 21 2
182 26 2
182 35 2
182 66 2
182 71 2
182 72 2
182 83 2
182 88 2
182 89 2
182 95 2
182 96 2
182 105 2
182 107 2
182 111 2
182 125 2
182 131 2
182 135 2
182 136 2
182 140 2
182 144 2
182 146 2
182 147 2
182 148 2
182 153 2
182 156 2
182 158 2
182 160 2
182 163 2
182 167 2
182 173 2
182 177 2
182 179 2
182 182 2
183 7 2
183 13 2
183 16 2
183 19 2
183 24 2
183 28 2
183 38 2
183 39 2
183 41 2
183 42 2
183 44 2
183 49 2
183 56 2
183 60 2
183 77 2
183 82 2
183 89 2
183 94 2
183 97 2
183 131 2
183 133 2
183 155 2
183 172 2
183 173 2
183 180 2
184 2 2
184 4 2
184 14 2
184 15 2
184 36 2
184 50 2
184 56 2
184 68 2
184 70 2
184 73 2
184 88 2
184 93 2
184 94 2
184 114 2
184 116 2
184 120 2
184 122 2
184 137 2
184 148 2
184 150 2
184 151 2
184 159 2
184 161 2
184 178 2
184 182 2
185 0 2
185 23 2
185 25 2
185 33 2
185 45 2
185 49 2
185 51 2
185 55 2
185 60 2
185 73 2
185 94 2
185 97 2
185 105 2
185 112 2
185 115 2
185 121 2
185 123 2
185 129 2
185 164 2
185 167 2
185 171 2
186 4 2
186 17 2
186 20 2
186 24 2
186 25 2
186 41 2
186 42 2
186 44 2
186 48 2
186 61 2
186 62 2
186 64 2
186 66 2
186 72 2
186 77 2
186 81 2
186 101 2
186 102 2
186 111 2
186 121 2
186 122 2
186 130 2
186 131 2
186 135 2
186 137 2
186 142 2
186 153 2
186 158 2
186 162 2
186 164 2
186 165 2
186 180 2
187 8 2
187 19 2
187 41 2
187 44 2
187 57 2
187 60 2
187 69 2
187 71 2
187 75 2
187 77 2
187 86 2
187 92 2
187 97 2
187 99 2
187 109 2
187 128 2
187 129 2
187 144 2
187 157 2
187 159 2
187 161 2
187 164 2
187 165 2
187 173 2
187 180 2
188 12 2
188 29 2
188 43 2
188 52 2
188 53 2
188 55 2
188 69 2
188 74 2
188 76 2
188 83 2
188 98 2
188 100 2
188 115 2
188 121 2
188 123 2
188 140 2
188 150 2
188 165 2
188 178 2
189 7 2
189 14 2
189 18 2
189 26 2
189 35 2
189 36 2
189 56 2
189 70 2
189 74 2
189 80 2
189 86 2
189 96 2
189 98 2
189 104 2
189 108 2
189 111 2
189 113 2
189 126 2
189 130 2
189 139 2
189 145 2
189 146 2
189 147 2
189 156 2
189 157 2
189 178 2
189 182 2
189 183 2
190 0 2
190 9 2
190 12 2
190 34 2
190 36 2
190 38 2
190 53 2
190 59 2
190 62 2
190 77 2
190 113 2
190 136 2
190 145 2
190 162 2
190 170 2
190 176 2
190 178 2
190 183 2
191 11 2
191 12 2
191 22 2
191 26 2
191 30 2
191 33 2
191 46 2
191 47 2
191 48 2
191 54 2
191 57 2
191 59 2
191 60 2
191 65 2
191 77 2
191 80 2
191 82 2
191 83 2
191 85 2
191 87 2
191 102 2
191 117 2
191 125 2
191 131 2
191 133 2
191 142 2
191 144 2
191 158 2
191 159 2
191 164 2
191 168 2
191 186 2
192 8 2
192 11 2
192 12 2
192 18 2
192 21 2
192 32 2
192 38 2
192 39 2
192 40 2
192 51 2
192 52 2
192 54 2
192 67 2
192 69 2
192 81 2
192 82 2
192 84 2
192 86 2
192 87 2
192 90 2
192 99 2
192 110 2
192 111 2
192 114 2
192 117 2
192 124 2
192 130 2
192 134 2
192 141 2
192 153 2
192 160 2
192 161 2
192 163 2
192 164 2
192 168 2
192 169 2
192 172 2
192 174 2
192 185 2
192 189 2
193 11 2
193 27 2
193 30 2
193 43 2
193 53 2
193 55 2
193 60 2
193 78 2
193 83 2
193 90 2
193 97 2
193 99 2
193 100 2
193 112 2
193 118 2
193 122 2
193 124 2
193 125 2
193 127 2
193 134 2
193 137 2
193 139 2
193 147 2
193 149 2
193 191 2
193 192 2
194 13 2
194 18 2
194 36 2
194 53 2
194 60 2
194 66 2
194 70 2
194 79 2
194 91 2
194 95 2
194 99 2
194 111 2
194 116 2
194 127 2
194 137 2
194 153 2
194 154 2
194 160 2
194 164 2
194 167 2
194 168 2
194 182 2
194 183 2
194 192 2
195 1 2
195 3 2
195 4 2
195 7 2
195 26 2
195 51 2
195 52 2
195 55 2
195 59 2
195 62 2
195 69 2
195 70 2
195 73 2
195 86 2
195 95 2
195 116 2
195 117 2
195 121 2
195 139 2
195 157 2
195 189 2
195 192 2
195 193 2
196 0 2
196 15 2
196 17 2
196 19 2
196 24 2
196 29 2
196 38 2
196 45 2
196 51 2
196 63 2
196 64 2
196 72 2
196 73 2
196 98 2
196 99 2
196 106 2
196 107 2
196 110 2
196 112 2
196 117 2
196 118 2
196 128 2
196 132 2
196 147 2
196 151 2
196 162 2
196 163 2
196 166 2
196 168 2
196 182 2
196 187 2
196 190 2
197 13 2
197 15 2
197 19 2
197 21 2
197 38 2
197 43 2
197 48 2
197 68 2
197 71 2
197 78 2
197 89 2
197 100 2
197 101 2
197 103 2
197 105 2
197 113 2
197 115 2
197 121 2
197 122 2
197 128 2
197 130 2
197 145 2
197 150 2
197 151 2
197 152 2
197 158 2
197 165 2
197 176 2
197 197 2
198 5 2
198 9 2
198 18 2
198 29 2
198 35 2
198 47 2
198 52 2
198 58 2
198 63 2
198 66 2
198 71 2
198 72 2
198 75 2
198 85 2
198 90 2
198 103 2
198 105 2
198 113 2
198 114 2
198 123 2
198 129 2
198 136 2
198 140 2
198 144 2
198 145 2
198 156 2
198 171 2
198 172 2
198 176 2
198 187 2
198 190 2
199 7 2
199 8 2
199 10 2
199 19 2
199 22 2
199 26 2
199 31 2
199 34 2
199 37 2
199 40 2
199 46 2
199 57 2
199 59 2
199 65 2
199 70 2
199 79 2
199 81 2
199 84 2
199 88 2
199 92 2
199 96 2
199 97 2
199 100 2
199 103 2
199 113 2
199 117 2
199 123 2
199 133 2
199 144 2
199 152 2
199 156 2
199 160 2
199 164 2
199 172 2
199 177 2
199 180 2
199 184 2
199 188 2
199 189 2
2 1 3
5 2 3
6 0 3
7 3 3
9 2 3
9 6 3
10 5 3
10 9 3
11 1 3
11 11 3
12 5 3
12 9 3
13 4 3
14 2 3
14 6 3
14 8 3
14 9 3
14 11 3
15 3 3
15 7 3
16 5 3
17 3 3
17 10 3
17 15 3
18 4 3
18 15 3
18 16 3
19 0 3
19 8 3
19 14 3
19 16 3
20 1 3
20 4 3
21 1 3
21 3 3
21 12 3
21 14 3
21 19 3
22 2 3
22 6 3
22 22 3
23 8 3
23 12 3
23 16 3
23 19 3
24 3 3
24 4 3
24 9 3
24 13 3
24 22 3
25 4 3
25 5 3
25 7 3
25 22 3
25 24 3
25 25 3
26 11 3
26 20 3
27 18 3
28 8 3
28 26 3
29 2 3
29 14 3
29 16 3
29 17 3
29 20 3
29 23 3
29 25 3
30 5 3
30 10 3
30 19 3
30 29 3
31 1 3
31 7 3
31 17 3
32 3 3
32 11 3
32 21 3
33 5 3
33 7 3
33 15 3
33 16 3
33 21 3
33 29 3
33 31 3
34 5 3
34 14 3
34 15 3
34 16 3
34 22 3
34 30 3
35 8 3
35 19 3
35 34 3
36 0 3
36 10 3
36 13 3
36 15 3
36 16 3
36 32 3
37 27 3
37 28 3
38 6 3
38 10 3
38 13 3
38 22 3
38 37 3
38 38 3
39 1 3
39 3 3
39 18 3
39 23 3
39 26 3
39 32 3
39 34 3
39 36 3
39 37 3
40 1 3
40 6 3
40 18 3
40 25 3
40 30 3
40 34 3
41 3 3
41 10 3
41 15 3
41 19 3
41 22 3
41 26 3
41 31 3
42 2 3
42 11 3
42 20 3
42 24 3
42 25 3
43 1 3
43 15 3
43 24 3
43 26 3
43 31 3
43 37 3
44 4 3
44 21 3
44 25 3
44 28 3
44 29 3
44 33 3
44 37 3
45 4 3
45 21 3
45 24 3
45 30 3
45 33 3
45 40 3
46 9 3
46 14 3
46 15 3
46 19 3
46 32 3
47 1 3
47 14 3
47 19 3
47 21 3
47 23 3
47 33 3
47 38 3
47 40 3
47 41 3
47 42 3
47 45 3
48 5 3
48 14 3
48 20 3
48 22 3
48 32 3
48 37 3
48 38 3
48 44 3
49 0 3
49 4 3
49 5 3
49 14 3
49 20 3
49 22 3
49 23 3
49 25 3
49 31 3
49 37 3
50 5 3
50 16 3
50 17 3
50 18 3
50 28 3
50 33 3
50 38 3
50 50 3
51 15 3
51 16 3
51 19 3
51 21 3
51 28 3
51 29 3
51 31 3
51 33 3
51 34 3
51 40 3
51 42 3
52 13 3
52 19 3
52 26 3
52 30 3
52 31 3
52 36 3
52 49 3
52 52 3
53 3 3
53 4 3
53 11 3
53 16 3
53 21 3
53 26 3
53 29 3
53 36 3
53 40 3
53 41 3
53 52 3
54 8 3
54 10 3
54 13 3
54 16 3
54 19 3
54 24 3
54 29 3
54 32 3
54 42 3
55 1 3
55 13 3
55 26 3
56 4 3
56 5 3
56 7 3
56 12 3
56 14 3
56 22 3
56 26 3
56 27 3
56 32 3
56 33 3
56 34 3
56 42 3
56 54 3
57 2 3
57 9 3
57 12 3
57 25 3
57 27 3
57 31 3
57 37 3
57 45 3
57 49 3
57 51 3
58 8 3
58 12 3
58 26 3
58 31 3
58 34 3
58 35 3
58 39 3
58 46 3
58 47 3
58 50 3
58 53 3
58 58 3
59 1 3
59 14 3
59 15 3
59 17 3
59 19 3
59 21 3
59 48 3
59 51 3
59 56 3
60 5 3
60 8 3
60 16 3
60 24 3
60 25 3
60 40 3
60 47 3
61 2 3
61 10 3
61 23 3
61 27 3
61 32 3
61 35 3
61 45 3
61 50 3
61 51 3
61 54 3
61 58 3
62 15 3
62 21 3
62 22 3
62 47 3
62 55 3
62 56 3
63 26 3
63 37 3
63 40 3
63 41 3
63 62 3
63 63 3
64 3 3
64 4 3
64 8 3
64 9 3
64 15 3
64 18 3
64 19 3
64 20 3
64 35 3
64 43 3
64 47 3
64 51 3
64 60 3
65 20 3
65 36 3
65 37 3
65 40 3
65 44 3
65 57 3
65 64 3
66 3 3
66 10 3
66 11 3
66 17 3
66 20 3
66 22 3
66 33 3
66 35 3
66 36 3
66 41 3
66 50 3
66 58 3
66 60 3
67 6 3
67 15 3
67 16 3
67 32 3
67 39 3
67 45 3
67 49 3
67 54 3
68 0 3
68 10 3
68 16 3
68 23 3
68 24 3
68 25 3
68 31 3
68 33 3
68 40 3
68 42 3
68 46 3
68 53 3
68 62 3
69 3 3
69 4 3
69 5 3
69 7 3
69 12 3
69 13 3
69 14 3
69 15 3
69 37 3
69 42 3
69 66 3
70 4 3
70 6 3
70 7 3
70 9 3
70 17 3
70 26 3
70 31 3
70 40 3
70 44 3
70 56 3
70 59 3
70 66 3
71 3 3
71 6 3
71 7 3
71 12 3
71 24 3
71 25 3
71 37 3
71 39 3
71 43 3
71 44 3
71 48 3
71 55 3
71 63 3
71 65 3
72 1 3
72 4 3
72 8 3
72 20 3
72 25 3
72 48 3
72 50 3
72 59 3
72 63 3
72 65 3
73 1 3
73 21 3
73 22 3
73 37 3
73 46 3
73 49 3
73 57 3
73 61 3
73 68 3
74 13 3
74 15 3
74 24 3
74 27 3
74 29 3
74 30 3
74 37 3
74 39 3
74 40 3
74 44 3
74 49 3
74 51 3
74 52 3
74 57 3
74 61 3
74 67 3
74 72 3
75 4 3
75 9 3
75 10 3
75 20 3
75 37 3
75 40 3
75 50 3
75 55 3
75 56 3
75 69 3
75 75 3
76 5 3
76 6 3
76 17 3
76 19 3
76 26 3
76 29 3
76 39 3
76 45 3
76 49 3
76 54 3
76 64 3
76 68 3
77 1 3
77 3 3
77 24 3
77 27 3
77 28 3
77 32 3
77 35 3
77 41 3
77 46 3
77 47 3
77 52 3
77 58 3
77 59 3
77 75 3
77 76 3
78 1 3
78 5 3
78 7 3
78 25 3
78 28 3
78 30 3
78 37 3
78 44 3
78 49 3
78 50 3
78 68 3
78 70 3
78 78 3
79 11 3
79 12 3
79 24 3
79 25 3
79 29 3
79 40 3
79 45 3
79 46 3
79 51 3
79 74 3
79 75 3
80 4 3
80 5 3
80 43 3
80 44 3
80 47 3
80 48 3
80 50 3
80 53 3
80 58 3
80 72 3
80 77 3
81 3 3
81 19 3
81 21 3
81 30 3
81 31 3
81 49 3
81 52 3
81 60 3
81 61 3
81 66 3
81 67 3
81 78 3
81 80 3
82 8 3
82 11 3
82 14 3
82 19 3
82 27 3
82 29 3
82 32 3
82 45 3
82 64 3
82 65 3
82 68 3
82 78 3
83 3 3
83 22 3
83 31 3
83 33 3
83 37 3
83 38 3
83 43 3
83 46 3
83 53 3
83 55 3
83 70 3
83 73 3
83 75 3
83 76 3
83 77 3
83 79 3
84 7 3
84 8 3
84 14 3
84 19 3
84 21 3
84 37 3
84 51 3
84 59 3
84 75 3
84 77 3
85 4 3
85 9 3
85 15 3
85 16 3
85 19 3
85 26 3
85 32 3
85 40 3
85 42 3
85 46 3
85 58 3
85 64 3
85 72 3
85 76 3
86 4 3
86 7 3
86 13 3
86 14 3
86 15 3
86 21 3
86 26 3
86 28 3
86 31 3
86 36 3
86 37 3
86 40 3
86 49 3
86 72 3
86 77 3
86 81 3
87 2 3
87 10 3
87 11 3
87 15 3
87 16 3
87 21 3
87 22 3
87 25 3
87 34 3
87 40 3
87 44 3
87 49 3
87 61 3
87 66 3
87 72 3
87 83 3
87 84 3
88 2 3
88 6 3
88 13 3
88 14 3
88 15 3
88 21 3
88 22 3
88 24 3
88 29 3
88 30 3
88 37 3
88 39 3
88 40 3
88 44 3
88 47 3
88 48 3
88 52 3
88 55 3
88 68 3
88 70 3
88 72 3
88 77 3
88 79 3
89 31 3
89 45 3
89 47 3
89 59 3
89 65 3
89 72 3
90 0 3
90 16 3
90 20 3
90 27 3
90 39 3
90 41 3
90 48 3
90 54 3
90 59 3
90 65 3
90 78 3
90 81 3
91 15 3
91 26 3
91 29 3
91 32 3
91 55 3
91 61 3
91 64 3
91 90 3
92 4 3
92 14 3
92 25 3
92 46 3
92 57 3
92 61 3
92 65 3
92 66 3
93 26 3
93 27 3
93 33 3
93 44 3
93 70 3
93 86 3
93 89 3
94 14 3
94 22 3
94 26 3
94 33 3
94 36 3
94 42 3
94 53 3
94 57 3
94 62 3
94 66 3
94 93 3
95 15 3
95 19 3
95 23 3
95 31 3
95 37 3
95 38 3
95 46 3
95 54 3
95 55 3
95 56 3
95 57 3
95 64 3
95 68 3
95 75 3
95 92 3
96 0 3
96 6 3
96 10 3
96 28 3
96 29 3
96 34 3
96 39 3
96 40 3
96 42 3
96 44 3
96 46 3
96 56 3
96 65 3
96 71 3
96 72 3
96 77 3
96 83 3
96 86 3
97 1 3
97 5 3
97 6 3
97 8 3
97 10 3
97 13 3
97 22 3
97 26 3
97 28 3
97 29 3
97 34 3
97 35 3
97 37 3
97 47 3
97 56 3
97 57 3
97 63 3
97 64 3
97 68 3
97 82 3
97 83 3
97 90 3
98 5 3
98 8 3
98 23 3
98 24 3
98 25 3
98 34 3
98 39 3
98 52 3
98 58 3
98 67 3
98 73 3
98 86 3
98 88 3
98 94 3
98 95 3
99 0 3
99 2 3
99 6 3
99 8 3
99 12 3
99 18 3
99 27 3
99 34 3
99 38 3
99 41 3
99 59 3
99 69 3
99 71 3
99 82 3
99 89 3
99 91 3
99 98 3
100 0 3
100 8 3
100 12 3
100 20 3
100 27 3
100 35 3
100 39 3
100 42 3
100 45 3
100 56 3
100 59 3
100 60 3
100 62 3
100 73 3
100 75 3
100 79 3
100 85 3
100 88 3
100 91 3
100 98 3
101 4 3
101 5 3
101 6 3
101 10 3
101 21 3
101 26 3
101 29 3
101 33 3
101 39 3
101 42 3
101 61 3
101 77 3
101 79 3
101 90 3
101 97 3
101 101 3
102 4 3
102 11 3
102 20 3
102 26 3
102 29 3
102 36 3
102 37 3
102 42 3
102 44 3
102 46 3
102 66 3
102 85 3
102 87 3
102 91 3
102 98 3
103 3 3
103 6 3
103 7 3
103 14 3
103 15 3
103 16 3
103 26 3
103 43 3
103 54 3
103 58 3
103 65 3
103 67 3
103 73 3
103 100 3
104 5 3
104 11 3
104 24 3
104 35 3
104 40 3
104 62 3
104 63 3
104 67 3
104 70 3
104 76 3
104 79 3
105 6 3
105 16 3
105 18 3
105 24 3
105 25 3
105 33 3
105 39 3
105 42 3
105 45 3
105 50 3
105 60 3
105 64 3
105 68 3
105 72 3
105 86 3
105 90 3
105 95 3
105 97 3
105 104 3
106 14 3
106 22 3
106 37 3
106 40 3
106 42 3
106 43 3
106 99 3
106 102 3
107 4 3
107 5 3
107 19 3
107 23 3
107 29 3
107 51 3
107 57 3
107 62 3
107 67 3
107 73 3
107 77 3
107 79 3
107 97 3
108 4 3
108 6 3
108 7 3
108 9 3
108 11 3
108 13 3
108 17 3
108 20 3
108 25 3
108 27 3
108 30 3
108 36 3
108 41 3
108 42 3
108 46 3
108 51 3
108 63 3
108 66 3
108 67 3
108 72 3
108 73 3
108 88 3
108 93 3
108 103 3
108 106 3
109 2 3
109 5 3
109 9 3
109 28 3
109 29 3
109 34 3
109 41 3
109 43 3
109 49 3
109 63 3
109 89 3
109 94 3
109 95 3
109 98 3
109 101 3
109 108 3
110 1 3
110 7 3
110 10 3
110 11 3
110 23 3
110 25 3
110 27 3
110 34 3
110 36 3
110 38 3
110 41 3
110 44 3
110 47 3
110 52 3
110 54 3
110 55 3
110 60 3
110 63 3
110 66 3
110 75 3
110 84 3
110 86 3
110 99 3
110 106 3
111 11 3
111 16 3
111 27 3
111 33 3
111 34 3
111 35 3
111 36 3
111 48 3
111 50 3
111 51 3
111 55 3
111 57 3
111 70 3
111 84 3
111 85 3
111 86 3
111 95 3
111 103 3
112 0 3
112 3 3
112 6 3
112 10 3
112 15 3
112 18 3
112 19 3
112 26 3
112 27 3
112 29 3
112 32 3
112 40 3
112 47 3
112 58 3
112 72 3
112 74 3
112 79 3
112 81 3
112 91 3
112 104 3
112 105 3
112 106 3
112 108 3
112 109 3
112 111 3
113 1 3
113 3 3
113 10 3
113 14 3
113 29 3
113 42 3
113 48 3
113 51 3
113 54 3
113 63 3
113 64 3
113 73 3
113 74 3
113 79 3
113 83 3
113 91 3
113 111 3
114 0 3
114 4 3
114 12 3
114 13 3
114 29 3
114 33 3
114 37 3
114 40 3
114 42 3
114 45 3
114 47 3
114 54 3
114 64 3
114 71 3
114 72 3
114 77 3
114 81 3
114 108 3
115 12 3
115 17 3
115 22 3
115 27 3
115 44 3
115 46 3
115 50 3
115 56 3
115 57 3
115 63 3
115 68 3
115 74 3
115 75 3
115 82 3
115 90 3
116 32 3
116 38 3
116 47 3
116 48 3
116 49 3
116 51 3
116 58 3
116 74 3
116 95 3
116 106 3
116 116 3
117 3 3
117 8 3
117 22 3
117 36 3
117 40 3
117 41 3
117 57 3
117 66 3
117 70 3
117 71 3
117 73 3
117 78 3
117 80 3
117 88 3
117 89 3
117 91 3
117 102 3
117 106 3
117 107 3
117 115 3
118 4 3
118 13 3
118 23 3
118 24 3
118 29 3
118 30 3
118 31 3
118 32 3
118 46 3
118 49 3
118 54 3
118 64 3
118 66 3
118 67 3
118 79 3
118 94 3
118 95 3
118 100 3
118 113 3
118 118 3
119 8 3
119 13 3
119 22 3
119 31 3
119 46 3
119 55 3
119 56 3
119 57 3
119 58 3
119 64 3
119 68 3
119 71 3
119 111 3
119 113 3
119 115 3
120 1 3
120 6 3
120 11 3
120 14 3
120 28 3
120 44 3
120 61 3
120 63 3
120 64 3
120 88 3
120 90 3
120 95 3
120 98 3
120 100 3
120 104 3
120 106 3
120 112 3
120 115 3
120 118 3
121 0 3
121 2 3
121 10 3
121 21 3
121 29 3
121 31 3
121 37 3
121 50 3
121 53 3
121 55 3
121 79 3
121 88 3
121 93 3
121 96 3
121 100 3
121 107 3
122 2 3
122 5 3
122 10 3
122 14 3
122 17 3
122 18 3
122 28 3
122 39 3
122 42 3
122 46 3
122 55 3
122 57 3
122 63 3
122 66 3
122 88 3
122 91 3
122 99 3
122 111 3
123 2 3
123 3 3
123 17 3
123 24 3
123 37 3
123 51 3
123 63 3
123 65 3
123 77 3
123 79 3
123 89 3
123 107 3
123 111 3
123 113 3
123 119 3
123 120 3
123 123 3
124 2 3
124 8 3
124 9 3
124 15 3
124 16 3
124 23 3
124 28 3
124 37 3
124 41 3
124 52 3
124 63 3
124 73 3
124 75 3
124 76 3
124 84 3
124 95 3
124 97 3
124 100 3
124 102 3
124 119 3
124 120 3
125 1 3
125 17 3
125 29 3
125 38 3
125 46 3
125 54 3
125 61 3
125 72 3
125 79 3
125 84 3
125 103 3
125 104 3
125 109 3
125 111 3
125 113 3
125 123 3
125 124 3
126 6 3
126 10 3
126 25 3
126 29 3
126 42 3
126 45 3
126 58 3
126 67 3
126 68 3
126 90 3
126 100 3
126 108 3
126 122 3
126 123 3
127 6 3
127 13 3
127 15 3
127 26 3
127 29 3
127 31 3
127 37 3
127 49 3
127 61 3
127 63 3
127 72 3
127 74 3
127 76 3
127 78 3
127 89 3
127 95 3
127 100 3
127 123 3
128 5 3
128 7 3
128 12 3
128 14 3
128 16 3
128 17 3
128 22 3
128 24 3
128 27 3
128 37 3
128 53 3
128 61 3
128 71 3
128 80 3
128 87 3
128 95 3
128 96 3
128 106 3
128 107 3
128 120 3
128 123 3
128 124 3
128 126 3
129 6 3
129 10 3
129 13 3
129 19 3
129 30 3
129 34 3
129 36 3
129 44 3
129 68 3
129 93 3
129 102 3
129 105 3
129 108 3
129 109 3
129 124 3
129 128 3
130 5 3
130 6 3
130 10 3
130 13 3
130 20 3
130 24 3
130 36 3
130 47 3
130 48 3
130 57 3
130 58 3
130 61 3
130 64 3
130 65 3
130 70 3
130 72 3
130 87 3
130 93 3
130 94 3
130 101 3
130 109 3
130 123 3
131 4 3
131 17 3
131 19 3
131 27 3
131 43 3
131 62 3
131 71 3
131 74 3
131 83 3
131 85 3
131 87 3
131 128 3
132 0 3
132 6 3
132 18 3
132 22 3
132 24 3
132 26 3
132 30 3
132 33 3
132 47 3
132 51 3
132 63 3
132 65 3
132 69 3
132 72 3
132 73 3
132 76 3
132 81 3
132 99 3
132 100 3
132 112 3
132 123 3
132 124 3
132 131 3
133 12 3
133 15 3
133 16 3
133 36 3
133 42 3
133 54 3
133 58 3
133 62 3
133 66 3
133 67 3
133 68 3
133 71 3
133 73 3
133 74 3
133 98 3
133 118 3
133 130 3
134 0 3
134 5 3
134 18 3
134 30 3
134 31 3
134 51 3
134 56 3
134 58 3
134 60 3
134 62 3
134 70 3
134 71 3
134 72 3
134 85 3
134 89 3
134 93 3
134 97 3
134 104 3
134 131 3
134 134 3
135 6 3
135 24 3
135 40 3
135 44 3
135 48 3
135 50 3
135 54 3
135 55 3
135 57 3
135 63 3
135 79 3
135 82 3
135 98 3
135 101 3
135 109 3
135 117 3
135 124 3
135 130 3
136 7 3
136 10 3
136 15 3
136 16 3
136 24 3
136 50 3
136 58 3
136 67 3
136 72 3
136 81 3
136 84 3
136 86 3
136 87 3
136 98 3
136 111 3
136 124 3
136 126 3
137 13 3
137 17 3
137 21 3
137 22 3
137 28 3
137 29 3
137 39 3
137 40 3
137 43 3
137 53 3
137 57 3
137 70 3
137 71 3
137 72 3
137 97 3
137 109 3
138 0 3
138 1 3
138 4 3
138 5 3
138 21 3
138 22 3
138 23 3
138 39 3
138 44 3
138 49 3
138 56 3
138 65 3
138 85 3
138 87 3
138 88 3
138 117 3
138 130 3
138 131 3
139 7 3
139 15 3
139 21 3
139 23 3
139 31 3
139 33 3
139 52 3
139 53 3
139 65 3
139 73 3
139 75 3
139 82 3
139 85 3
139 87 3
139 94 3
139 98 3
139 108 3
139 128 3
139 131 3
139 137 3
140 0 3
140 5 3
140 6 3
140 13 3
140 14 3
140 22 3
140 25 3
140 30 3
140 31 3
140 38 3
140 44 3
140 51 3
140 55 3
140 57 3
140 74 3
140 78 3
140 85 3
140 117 3
140 120 3
140 128 3
141 13 3
141 15 3
141 20 3
141 23 3
141 31 3
141 38 3
141 50 3
141 52 3
141 54 3
141 59 3
141 64 3
141 65 3
141 73 3
141 74 3
141 76 3
141 78 3
141 79 3
141 98 3
141 101 3
141 104 3
141 106 3
141 120 3
141 123 3
141 125 3
141 126 3
141 133 3
142 6 3
142 10 3
142 15 3
142 26 3
142 32 3
142 37 3
142 50 3
142 58 3
142 64 3
142 66 3
142 90 3
142 93 3
142 99 3
142 108 3
142 117 3
142 123 3
142 131 3
142 142 3
143 9 3
143 12 3
143 17 3
143 37 3
143 40 3
143 43 3
143 48 3
143 49 3
143 57 3
143 62 3
143 71 3
143 93 3
143 96 3
143 103 3
143 108 3
143 125 3
143 127 3
144 3 3
144 5 3
144 7 3
144 9 3
144 13 3
144 15 3
144 20 3
144 21 3
144 22 3
144 27 3
144 30 3
144 43 3
144 44 3
144 46 3
144 47 3
144 50 3
144 59 3
144 63 3
144 70 3
144 85 3
144 89 3
144 97 3
144 124 3
144 133 3
144 138 3
144 139 3
144 142 3
145 11 3
145 12 3
145 20 3
145 21 3
145 34 3
145 38 3
145 39 3
145 67 3
145 76 3
145 81 3
145 82 3
145 89 3
145 94 3
145 97 3
145 104 3
145 111 3
145 113 3
145 116 3
145 125 3
145 139 3
146 6 3
146 10 3
146 14 3
146 64 3
146 71 3
146 95 3
146 105 3
146 111 3
146 114 3
146 126 3
146 127 3
146 132 3
146 142 3
146 143 3
146 145 3
147 4 3
147 5 3
147 7 3
147 10 3
147 11 3
147 15 3
147 16 3
147 18 3
147 20 3
147 21 3
147 26 3
147 28 3
147 32 3
147 35 3
147 37 3
147 43 3
147 54 3
147 69 3
147 71 3
147 76 3
147 86 3
147 89 3
147 98 3
147 107 3
147 116 3
147 117 3
147 128 3
147 132 3
147 138 3
147 146 3
148 1 3
148 7 3
148 12 3
148 19 3
148 20 3
148 21 3
148 23 3
148 24 3
148 32 3
148 39 3
148 42 3
148 44 3
148 58 3
148 69 3
148 74 3
148 75 3
148 76 3
148 79 3
148 82 3
148 87 3
148 88 3
148 91 3
148 95 3
148 104 3
148 105 3
148 113 3
148 115 3
148 116 3
148 118 3
148 120 3
148 121 3
148 122 3
148 127 3
148 130 3
148 133 3
148 136 3
148 143 3
149 3 3
149 11 3
149 12 3
149 16 3
149 24 3
149 30 3
149 48 3
149 50 3
149 52 3
149 55 3
149 59 3
149 70 3
149 71 3
149 75 3
149 79 3
149 81 3
149 84 3
149 89 3
149 91 3
149 96 3
149 97 3
149 107 3
149 108 3
149 111 3
149 127 3
149 135 3
150 5 3
150 18 3
150 22 3
150 28 3
150 38 3
150 41 3
150 42 3
150 62 3
150 95 3
150 100 3
150 101 3
150 102 3
150 105 3
150 109 3
150 112 3
150 120 3
150 122 3
150 128 3
150 148 3
150 150 3
151 4 3
151 5 3
151 26 3
151 36 3
151 47 3
151 62 3
151 63 3
151 73 3
151 79 3
151 80 3
151 81 3
151 82 3
151 85 3
151 86 3
151 103 3
151 112 3
151 121 3
151 134 3
151 144 3
151 147 3
152 7 3
152 11 3
152 14 3
152 46 3
152 50 3
152 51 3
152 65 3
152 73 3
152 74 3
152 80 3
152 85 3
152 89 3
152 105 3
152 107 3
152 113 3
152 116 3
152 117 3
152 135 3
152 137 3
152 145 3
152 150 3
153 1 3
153 21 3
153 33 3
153 36 3
153 40 3
153 42 3
153 71 3
153 72 3
153 78 3
153 80 3
153 100 3
153 102 3
153 107 3
153 108 3
153 122 3
153 123 3
153 124 3
153 139 3
154 11 3
154 13 3
154 14 3
154 24 3
154 37 3
154 44 3
154 52 3
154 54 3
154 88 3
154 125 3
154 144 3
154 150 3
155 7 3
155 29 3
155 50 3
155 56 3
155 67 3
155 72 3
155 73 3
155 80 3
155 82 3
155 84 3
155 88 3
155 90 3
155 92 3
155 93 3
155 95 3
155 103 3
155 107 3
155 110 3
155 116 3
155 118 3
155 126 3
155 131 3
155 137 3
155 138 3
155 147 3
155 152 3
156 0 3
156 6 3
156 13 3
156 14 3
156 16 3
156 29 3
156 32 3
156 42 3
156 54 3
156 58 3
156 75 3
156 77 3
156 79 3
156 80 3
156 90 3
156 92 3
156 94 3
156 100 3
156 115 3
156 118 3
156 124 3
156 129 3
156 137 3
156 144 3
156 149 3
156 150 3
156 151 3
156 155 3
157 4 3
157 18 3
157 29 3
157 47 3
157 82 3
157 99 3
157 107 3
157 109 3
157 129 3
157 141 3
157 146 3
157 156 3
158 11 3
158 14 3
158 16 3
158 26 3
158 27 3
158 35 3
158 38 3
158 44 3
158 45 3
158 46 3
158 48 3
158 54 3
158 57 3
158 60 3
158 69 3
158 72 3
158 81 3
158 83 3
158 84 3
158 85 3
158 91 3
158 96 3
158 97 3
158 102 3
158 130 3
158 139 3
158 140 3
158 145 3
158 147 3
158 157 3
159 6 3
159 8 3
159 12 3
159 15 3
159 29 3
159 31 3
159 33 3
159 42 3
159 44 3
159 61 3
159 71 3
159 76 3
159 77 3
159 79 3
159 80 3
159 101 3
159 105 3
159 106 3
159 110 3
159 111 3
159 124 3
159 126 3
159 127 3
159 131 3
159 136 3
159 143 3
159 144 3
159 145 3
159 146 3
159 151 3
159 158 3
160 0 3
160 3 3
160 15 3
160 20 3
160 25 3
160 55 3
160 58 3
160 64 3
160 66 3
160 70 3
160 77 3
160 79 3
160 80 3
160 82 3
160 85 3
160 110 3
160 125 3
160 129 3
160 134 3
160 136 3
160 138 3
160 140 3
160 146 3
160 151 3
160 156 3
161 14 3
161 19 3
161 24 3
161 38 3
161 44 3
161 61 3
161 64 3
161 76 3
161 85 3
161 88 3
161 106 3
161 109 3
161 114 3
161 121 3
161 128 3
161 131 3
161 139 3
161 142 3
161 148 3
162 4 3
162 5 3
162 17 3
162 20 3
162 22 3
162 26 3
162 29 3
162 33 3
162 36 3
162 72 3
162 77 3
162 79 3
162 88 3
162 103 3
162 105 3
162 109 3
162 129 3
162 160 3
163 0 3
163 10 3
163 11 3
163 13 3
163 72 3
163 77 3
163 80 3
163 102 3
163 107 3
163 120 3
163 123 3
163 124 3
163 126 3
163 128 3
163 131 3
163 145 3
163 147 3
163 150 3
164 0 3
164 8 3
164 24 3
164 29 3
164 33 3
164 34 3
164 57 3
164 60 3
164 62 3
164 66 3
164 69 3
164 70 3
164 76 3
164 81 3
164 87 3
164 88 3
164 92 3
164 96 3
164 97 3
164 108 3
164 111 3
164 115 3
164 116 3
164 119 3
164 120 3
164 125 3
164 127 3
164 136 3
164 138 3
164 140 3
164 159 3
164 164 3
165 10 3
165 12 3
165 16 3
165 18 3
165 40 3
165 42 3
165 45 3
165 47 3
165 54 3
165 62 3
165 67 3
165 69 3
165 70 3
165 71 3
165 99 3
165 110 3
165 118 3
165 124 3
165 128 3
165 140 3
165 141 3
165 151 3
165 158 3
165 159 3
165 160 3
166 6 3
166 7 3
166 11 3
166 49 3
166 65 3
166 72 3
166 73 3
166 75 3
166 96 3
166 109 3
166 111 3
166 113 3
166 122 3
166 133 3
166 151 3
166 155 3
166 160 3
166 162 3
166 165 3
167 1 3
167 4 3
167 17 3
167 20 3
167 21 3
167 28 3
167 31 3
167 41 3
167 45 3
167 46 3
167 51 3
167 52 3
167 60 3
167 63 3
167 69 3
167 72 3
167 73 3
167 80 3
167 94 3
167 102 3
167 103 3
167 114 3
167 118 3
167 133 3
167 139 3
167 145 3
167 151 3
167 153 3
167 160 3
167 161 3
167 165 3
168 0 3
168 1 3
168 7 3
168 10 3
168 18 3
168 24 3
168 31 3
168 36 3
168 54 3
168 63 3
168 64 3
168 79 3
168 81 3
168 83 3
168 85 3
168 86 3
168 90 3
168 92 3
168 97 3
168 111 3
168 126 3
168 135 3
168 138 3
168 143 3
168 146 3
168 154 3
168 157 3
168 165 3
168 166 3
169 0 3
169 6 3
169 15 3
169 17 3
169 22 3
169 29 3
169 32 3
169 33 3
169 38 3
169 40 3
169 44 3
169 46 3
169 66 3
169 68 3
169 75 3
169 78 3
169 82 3
169 95 3
169 110 3
169 111 3
169 130 3
169 131 3
169 132 3
169 141 3
169 144 3
169 162 3
169 166 3
170 7 3
170 10 3
170 12 3
170 16 3
170 18 3
170 19 3
170 20 3
170 21 3
170 25 3
170 33 3
170 42 3
170 46 3
170 49 3
170 56 3
170 64 3
170 76 3
170 91 3
170 93 3
170 108 3
170 109 3
170 117 3
170 128 3
170 133 3
170 136 3
170 157 3
170 166 3
170 167 3
171 0 3
171 8 3
171 47 3
171 50 3
171 63 3
171 66 3
171 69 3
171 71 3
171 82 3
171 84 3
171 91 3
171 131 3
171 143 3
171 145 3
171 149 3
171 152 3
171 157 3
171 165 3
172 2 3
172 4 3
172 13 3
172 19 3
172 53 3
172 56 3
172 64 3
172 67 3
172 70 3
172 83 3
172 88 3
172 100 3
172 106 3
172 110 3
172 113 3
172 121 3
172 128 3
172 140 3
172 154 3
172 156 3
172 158 3
172 162 3
172 168 3
173 5 3
173 16 3
173 33 3
173 37 3
173 39 3
173 66 3
173 67 3
173 71 3
173 72 3
173 73 3
173 81 3
173 86 3
173 88 3
173 91 3
173 105 3
173 121 3
173 131 3
173 136 3
173 150 3
173 156 3
174 9 3
174 15 3
174 22 3
174 32 3
174 37 3
174 44 3
174 61 3
174 68 3
174 80 3
174 117 3
174 118 3
174 131 3
174 141 3
174 145 3
174 148 3
174 149 3
174 154 3
174 157 3
175 0 3
175 1 3
175 2 3
175 7 3
175 12 3
175 18 3
175 24 3
175 25 3
175 37 3
175 48 3
175 52 3
175 67 3
175 71 3
175 80 3
175 84 3
175 85 3
175 92 3
175 97 3
175 109 3
175 113 3
175 116 3
175 122 3
175 124 3
175 139 3
175 144 3
175 153 3
175 162 3
175 164 3
175 167 3
175 175 3
176 1 3
176 2 3
176 6 3
176 10 3
176 13 3
176 21 3
176 25 3
176 29 3
176 36 3
176 39 3
176 40 3
176 42 3
176 51 3
176 54 3
176 65 3
176 108 3
176 109 3
176 110 3
176 113 3
176 114 3
176 117 3
176 123 3
176 139 3
176 152 3
176 155 3
176 159 3
176 171 3
177 18 3
177 53 3
177 54 3
177 56 3
177 61 3
177 64 3
177 66 3
177 68 3
177 69 3
177 74 3
177 75 3
177 77 3
177 83 3
177 84 3
177 90 3
177 100 3
177 105 3
177 107 3
177 110 3
177 112 3
177 117 3
177 124 3
177 125 3
177 133 3
177 135 3
177 140 3
177 151 3
177 153 3
177 158 3
177 159 3
177 171 3
178 9 3
178 13 3
178 29 3
178 30 3
178 36 3
178 42 3
178 44 3
178 50 3
178 53 3
178 54 3
178 58 3
178 63 3
178 64 3
178 66 3
178 76 3
178 85 3
178 87 3
178 92 3
178 109 3
178 110 3
178 111 3
178 113 3
178 121 3
178 124 3
178 127 3
178 128 3
178 137 3
178 142 3
178 145 3
178 150 3
178 155 3
179 0 3
179 3 3
179 13 3
179 15 3
179 24 3
179 28 3
179 30 3
179 38 3
179 39 3
179 41 3
179 46 3
179 47 3
179 50 3
179 51 3
179 56 3
179 79 3
179 86 3
179 88 3
179 90 3
179 117 3
179 121 3
179 129 3
179 131 3
179 147 3
179 154 3
179 163 3
179 164 3
179 165 3
179 177 3
179 178 3
180 4 3
180 18 3
180 22 3
180 35 3
180 42 3
180 64 3
180 68 3
180 71 3
180 74 3
180 87 3
180 88 3
180 90 3
180 107 3
180 108 3
180 110 3
180 111 3
180 131 3
180 141 3
180 144 3
181 6 3
181 12 3
181 18 3
181 23 3
181 26 3
181 32 3
181 38 3
181 45 3
181 47 3
181 57 3
181 69 3
181 76 3
181 82 3
181 88 3
181 102 3
181 109 3
181 113 3
181 115 3
181 119 3
181 120 3
181 123 3
181 126 3
181 138 3
181 140 3
181 142 3
181 147 3
181 150 3
181 153 3
181 165 3
181 176 3
181 177 3
182 0 3
182 6 3
182 13 3
182 16 3
182 21 3
182 24 3
182 37 3
182 40 3
182 46 3
182 62 3
182 66 3
182 71 3
182 77 3
182 79 3
182 90 3
182 102 3
182 105 3
182 111 3
182 120 3
182 127 3
182 133 3
182 137 3
182 151 3
182 154 3
182 163 3
182 168 3
183 0 3
183 1 3
183 6 3
183 28 3
183 29 3
183 32 3
183 38 3
183 44 3
183 57 3
183 58 3
183 63 3
183 64 3
183 102 3
183 106 3
183 109 3
183 112 3
183 117 3
183 118 3
183 145 3
183 146 3
183 147 3
183 151 3
183 155 3
183 180 3
184 0 3
184 2 3
184 6 3
184 7 3
184 14 3
184 23 3
184 26 3
184 53 3
184 55 3
184 56 3
184 62 3
184 69 3
184 71 3
184 78 3
184 95 3
184 101 3
184 107 3
184 111 3
184 125 3
184 127 3
184 128 3
184 129 3
184 138 3
184 142 3
184 143 3
184 146 3
184 165 3
184 176 3
184 182 3
184 184 3
185 3 3
185 9 3
185 20 3
185 31 3
185 37 3
185 49 3
185 54 3
185 58 3
185 62 3
185 66 3
185 68 3
185 71 3
185 72 3
185 89 3
185 90 3
185 116 3
185 118 3
185 123 3
185 125 3
185 126 3
185 128 3
185 135 3
185 137 3
185 145 3
185 167 3
185 168 3
185 179 3
185 183 3
185 184 3
186 4 3
186 10 3
186 15 3
186 40 3
186 43 3
186 49 3
186 56 3
186 61 3
186 69 3
186 71 3
186 72 3
186 77 3
186 79 3
186 92 3
186 93 3
186 111 3
186 131 3
186 137 3
186 138 3
186 154 3
186 158 3
186 173 3
187 6 3
187 9 3
187 11 3
187 13 3
187 15 3
187 17 3
187 21 3
187 25 3
187 26 3
187 39 3
187 44 3
187 54 3
187 68 3
187 69 3
187 106 3
187 108 3
187 113 3
187 117 3
187 123 3
187 132 3
187 134 3
187 135 3
187 158 3
187 163 3
187 172 3
187 174 3
187 183 3
187 184 3
188 6 3
188 44 3
188 55 3
188 58 3
188 68 3
188 70 3
188 80 3
188 83 3
188 91 3
188 100 3
188 107 3
188 110 3
188 116 3
188 119 3
188 131 3
188 144 3
188 147 3
188 151 3
188 152 3
188 154 3
188 155 3
188 165 3
188 169 3
188 175 3
188 177 3
189 5 3
189 10 3
189 13 3
189 18 3
189 21 3
189 27 3
189 28 3
189 35 3
189 46 3
189 47 3
189 52 3
189 69 3
189 77 3
189 80 3
189 87 3
189 96 3
189 103 3
189 112 3
189 119 3
189 123 3
189 127 3
189 130 3
189 134 3
189 136 3
189 137 3
189 138 3
189 140 3
189 142 3
189 149 3
189 150 3
189 164 3
189 170 3
189 174 3
189 182 3
189 186 3
190 2 3
190 11 3
190 25 3
190 31 3
190 35 3
190 45 3
190 58 3
190 75 3
190 78 3
190 84 3
190 86 3
190 88 3
190 97 3
190 102 3
190 104 3
190 116 3
190 118 3
190 119 3
190 120 3
190 122 3
190 126 3
190 130 3
190 142 3
190 144 3
190 149 3
190 165 3
191 0 3
191 3 3
191 4 3
191 21 3
191 22 3
191 23 3
191 25 3
191 31 3
191 42 3
191 43 3
191 56 3
191 57 3
191 58 3
191 68 3
191 72 3
191 85 3
191 97 3
191 98 3
191 100 3
191 103 3
191 105 3
191 110 3
191 120 3
191 124 3
191 127 3
191 157 3
191 160 3
191 167 3
191 191 3
192 5 3
192 9 3
192 15 3
192 40 3
192 49 3
192 58 3
192 83 3
192 91 3
192 94 3
192 99 3
192 108 3
192 110 3
192 118 3
192 123 3
192 124 3
192 148 3
192 162 3
192 164 3
192 167 3
192 170 3
192 175 3
192 188 3
193 1 3
193 3 3
193 5 3
193 8 3
193 14 3
193 15 3
193 31 3
193 32 3
193 41 3
193 53 3
193 57 3
193 62 3
193 79 3
193 81 3
193 82 3
193 94 3
193 100 3
193 105 3
193 108 3
193 117 3
193 121 3
193 123 3
193 145 3
193 159 3
193 172 3
193 181 3
193 189 3
194 0 3
194 21 3
194 29 3
194 45 3
194 47 3
194 48 3
194 72 3
194 98 3
194 106 3
194 115 3
194 116 3
194 117 3
194 126 3
194 128 3
194 133 3
194 137 3
194 138 3
194 141 3
194 142 3
194 172 3
194 175 3
194 179 3
194 189 3
195 7 3
195 10 3
195 20 3
195 22 3
195 31 3
195 37 3
195 56 3
195 66 3
195 68 3
195 72 3
195 96 3
195 99 3
195 124 3
195 131 3
195 137 3
195 154 3
195 165 3
195 171 3
195 173 3
195 177 3
195 179 3
196 2 3
196 4 3
196 13 3
196 20 3
196 24 3
196 28 3
196 35 3
196 42 3
196 49 3
196 62 3
196 76 3
196 78 3
196 89 3
196 90 3
196 108 3
196 115 3
196 116 3
196 133 3
196 135 3
196 141 3
196 142 3
196 151 3
196 154 3
196 159 3
196 168 3
196 170 3
196 175 3
197 1 3
197 5 3
197 11 3
197 14 3
197 18 3
197 34 3
197 40 3
197 64 3
197 71 3
197 80 3
197 87 3
197 97 3
197 99 3
197 107 3
197 113 3
197 120 3
197 123 3
197 129 3
197 139 3
197 144 3
197 156 3
197 167 3
197 171 3
197 175 3
197 187 3
197 197 3
198 1 3
198 2 3
198 22 3
198 29 3
198 38 3
198 42 3
198 46 3
198 47 3
198 53 3
198 56 3
198 71 3
198 79 3
198 89 3
198 92 3
198 102 3
198 108 3
198 123 3
198 128 3
198 129 3
198 154 3
198 155 3
198 170 3
198 171 3
198 173 3
198 179 3
198 192 3
199 2 3
199 4 3
199 8 3
199 13 3
199 14 3
199 23 3
199 28 3
199 37 3
199 39 3
199 50 3
199 55 3
199 61 3
199 66 3
199 72 3
199 90 3
199 94 3
199 97 3
199 105 3
199 110 3
199 111 3
199 112 3
199 121 3
199 128 3
199 129 3
199 132 3
199 137 3
199 149 3
199 153 3
199 160 3
199 161 3
199 164 3
199 171 3
199 172 3
199 175 3
199 182 3
199 188 3
199 199 3
