200 3
0 0.007593736410320608 0.028070903777169337 -0.0016800860819553478
1 0.011210360364827136 -0.01525032876145542 -0.024683998058473468
2 0.013900100158463852 -0.019113130534886447 -0.02380510218032262
3 -0.0045908136095432275 0.035693643888542424 0.00014848732529725364
4 -0.00951086728848909 -0.017932885704744096 0.04028907813869967
5 -0.001706115663750049 -0.015342059691816182 0.03026140034947987
6 -0.005548306967794247 -0.01837792441521428 0.031747771715889946
7 0.0046830726135938736 -0.011465875057719385 -0.030732515246814314
8 -0.009207251359678842 0.02862897416078855 0.0076805816470263
9 -0.0013894819284096848 -0.014409917586062946 -0.03301161724436096
10 -0.008038709883778125 -0.028684421014661392 0.015780213462306576
11 0.002947060227785646 -0.022018611972779243 -0.024908016941511957
12 -0.005923500958235621 -0.013380125985716577 -0.022065753369267777
13 -0.009111001589386662 -0.021703078696387403 0.034913211858505405
14 -0.008264726257063287 -0.029755516975225833 0.03451709223345684
15 -0.006176458263846902 -0.025620983469565622 0.02730528868381705
16 -0.0015515700374884554 0.036429783672833685 0.0011065087179256822
17 -0.007484446034572358 0.0373786190998568 -0.00024572639285354953
18 0.006272818086476738 0.031589357765689816 -0.0019063476243640787
19 0.005544850665445661 -0.020449273451979978 0.03537422899912882
20 0.0030613066053445416 0.03070169388496291 -0.0056408348646547375
21 0.004999692217824064 -0.02045325830403083 0.03656491522606056
22 0.0005634444029739387 -0.009078796820669057 0.024866942129054527
23 0.0022634477515697804 0.03429999812160621 -0.006167414807452972
24 -0.007131759747098829 0.03406080562321569 -0.005888299203528728
25 0.008601602017900473 -0.024583672928807053 -0.029737381187552647
26 -0.013649231701968877 -0.02623498535903889 0.02930486426607666
27 -0.0023383061033084157 0.036595537233307 0.0010085397594052567
28 -0.004014399629700939 0.030040725828769536 -0.0027782194719917297
29 -0.0022511802834575684 -0.014905716909625033 0.0359041348712003
30 0.0031206176773330256 0.037510852650282346 -0.002115680826034132
31 0.008949515839428119 -0.011075351060147728 0.024917403909558232
32 0.006903809666577124 -0.01768582923601627 0.04388070998572678
33 -0.001425657441062527 -0.02418103667892458 -0.01585741877009004
34 0.011437842241602797 -0.024177092132883354 -0.030861749515752032
35 -0.0034276069780775596 -0.01750472436018633 -0.022959983576742254
36 -0.0018151426615275572 0.02446967277842045 0.00447383945136587
37 0.006521801690633253 -0.029917084581058385 0.03312646408739218
38 -0.002191787278970913 0.029854939701607013 -0.00769277178344655
39 -1.7345293990993216e-05 0.028887706544329227 -0.001467595811357884
40 -0.014800736266437922 -0.020606084073117287 0.028781336703000746
41 -0.007893754499207734 0.041810545961664586 -0.009552822849530452
42 0.002539270850541977 -0.014506424994936906 0.027881583923207345
43 -0.004076379148746151 -0.023384106979927335 -0.041951187009386895
44 0.00046640252501783247 -0.017629621498182736 0.020828846707202447
45 0.008084036313439999 0.03669294530639651 0.0032834595729447145
46 0.004528735581674118 0.0379707207359602 -0.010808453428726623
47 -0.008347444376719769 0.03686861311468381 -0.009729546783996979
48 0.014285092758677037 0.03278431372176521 0.003219265672627699
49 0.0022264284424184794 -0.028820066407499255 0.019588056291216335
50 0.0008092409352356417 -0.027564463814562574 -0.03580800763533015
51 0.007663734710115638 -0.026670239445682392 -0.03431466235483364
52 -0.0022290555918931254 -0.02865694432928475 -0.039244548339155
53 0.013929435310140431 -0.025497713075468505 -0.03422406844188777
54 0.0004962000928105618 0.027351271645104522 0.001574549580977629
55 0.00859813561260045 -0.02318395936089865 -0.03057946604476154
56 -0.014367598958860348 -0.022472168528675167 0.03161387289010184
57 0.003931546538577021 -0.02110477253189347 0.02468076507887136
58 -0.00502435278201388 -0.014199494986843256 0.024159344381254208
59 -0.00806538949009488 0.02822686997629117 0.005155684198626025
60 -0.008243672801815656 0.04148670080987714 0.00036962190136602575
61 0.005981473375597915 -0.01713899349328643 0.018659785955851008
62 -0.010253943766084114 -0.02459496824036545 -0.023299060910326692
63 -0.007078488193544029 0.037124675355700416 0.002539591894129266
64 0.004784434914673473 -0.028117242496173082 0.02693740094063468
65 -0.00025740470759038486 0.03737713740635939 -0.0004911613559820706
66 0.015008533270930914 -0.011706249493045048 0.018968108744619405
67 -0.002407205580168721 -0.021708483855225273 -0.028900972404882257
68 0.0067693619305526365 -0.011619282614491994 0.022672857772888452
69 0.007202417278973604 -0.028071205977842306 -0.03598562416006361
70 0.0011256103911135948 -0.019969112211038642 -0.041422850329687844
71 0.0032096812719849405 -0.015954926730269593 0.031128855658575948
72 0.005529780001552215 -0.01485272684914371 0.023307162487822684
73 -0.0034875152285467085 -0.02170904904853385 -0.03043874259586355
74 -0.0033330208164679687 -0.017097960605475894 -0.030706572470922663
75 -0.01664296104611869 -0.01403752141920705 -0.025824473058522673
76 -0.008915554467485792 -0.021458296843421962 -0.021378259478040576
77 0.005091086826344658 -0.013252423813576684 0.02310311536645248
78 -3.4021880834369383e-05 0.022512028345807684 -0.005576313758313689
79 -0.015586821549602739 -0.021951419925502737 0.027681963098636776
80 0.010821527217546256 -0.008261283395160681 -0.032107394069497044
81 0.006797500325551355 0.036340400785709756 -0.004237361141000559
82 -0.016094731658456027 0.032261080249172625 0.0014203706787498946
83 -0.004728522011591487 -0.026825061379613498 0.0314877909838242
84 -0.010121482433325411 0.02419496498166994 -0.003926309398622633
85 0.005319830650381066 0.03358572330561331 0.002832187579888683
86 0.000697373669672879 -0.023696986164472696 -0.02973122454270978
87 0.010952010923241627 0.03117310275901542 -0.0024319615610391945
88 0.0010155898771821194 -0.022054006249647182 -0.02870684782172383
89 0.005208434561431798 0.034971613935685264 0.004870616493389783
90 -0.005244113694392486 -0.01701165369822168 0.04143178805355646
91 -0.003904136700873459 -0.025402911271081328 -0.026936467107594494
92 -0.006672187126620467 -0.02785340849411224 -0.037610088591195946
93 0.007986288201660263 0.03412840069143373 -0.002374492277357724
94 -0.011901925943071615 -0.02214683443316276 -0.03641882576442982
95 0.005442782172635809 0.028386622379960567 -0.0032582273300255666
96 -0.005259425494494957 0.024428242857091546 0.005032393991939217
97 -0.0009801684198925426 0.03928733084354479 -0.00911845161820796
98 -0.000662660175743502 -0.026258984079827342 0.0288318048341313
99 0.010192913005113602 -0.016031957344695508 0.03410170412930472
100 0.0028799980124063224 -0.013657093256430629 0.029723693802745456
101 -0.0001544837053376706 0.03702936245733917 0.0014885349412269205
102 0.004322070095459457 0.027591587419328135 -0.0068886577686789715
103 -0.0034009664119593226 0.03906133573325674 0.003106088806250822
104 0.0036318642123167044 -0.017880052282526163 -0.028844632313254563
105 -0.0017939923538103641 -0.006881414766457324 0.04101052407881352
106 0.0008516661731326342 0.028026872325409027 -0.008158051623199217
107 0.0017812261957129707 -0.017584052012159485 -0.02481957597077744
108 0.004898681963320793 -0.022500797789399257 0.03217644187240447
109 0.0031783767116511713 -0.009142299638908735 0.03405175812623919
110 -0.00237856787250601 -0.014838491970785978 0.023202201947833324
111 -0.004490869909527483 -0.022818951906972473 0.03784412266139435
112 0.004354004551790722 -0.026657469315266337 -0.04470736738870648
113 0.004831589697885594 -0.01753195497729073 -0.026287715621227628
114 -0.006620499711404465 0.024095386000838735 -0.00022879921475701313
115 -0.011482824761935934 -0.026690456200190442 -0.029596995434072314
116 0.0003374298651170893 -0.016502965302688154 -0.03467493920850953
117 -0.002157604906303703 -0.02062904742952472 0.02719306713336115
118 0.011469193671135781 -0.00028871542897841024 -0.030024122112820198
119 -0.0009663096876838754 0.028766148613234045 -0.005461849505393913
120 0.002984383040060828 -0.016847905377594202 -0.028594918271914287
121 -0.003413327204239716 -0.022481911944643145 -0.03648249206707012
122 0.0008384675257716422 0.03254722384699824 -0.01283929911793925
123 0.0001809500925594944 -0.02864670908440558 0.04175549109192921
124 -0.005465008955444384 -0.015169200563104973 0.033110670448330964
125 -0.0020394454564832583 0.035450741013851976 -0.007133131669112142
126 -0.007311045290719964 -0.01792411178911614 -0.02913888866700768
127 0.020436968830430446 -0.024648372020017746 -0.032985391039021365
128 0.006014981093754798 -0.017303373011765932 0.03437695362083919
129 -0.0006433866740283706 0.044084736174342325 -0.005845071637068728
130 0.004559656047481531 0.03291392691908038 0.005003907792034608
131 0.011620094174905227 -0.015231251413419291 0.02462723076982113
132 -0.0007582907293113561 -0.017333237853081676 0.023504682235576717
133 -0.008306993576303219 0.029489704022479572 -0.006659345328668898
134 -0.007111534003293951 -0.03253877797797188 -0.030195949949918956
135 0.004962433229975964 0.02758447061849518 0.00332928616327228
136 0.0007060011307019227 0.027556746068836922 0.0018622280867028403
137 0.0008222895224613887 -0.017966980788378162 -0.032688917629534596
138 0.006266710878588668 0.0376812998373405 -0.006094257392836726
139 -0.0052887287029129565 -0.019029109784137244 -0.025181956237515048
140 -0.008078510020977606 -0.02109209841362601 -0.03494342323573592
141 0.0039594003789366625 -0.029653827954526327 0.029001956388127977
142 -0.005233030409165201 0.029034755940841175 -0.0003703157314675007
143 0.0019901117493415985 0.028667115304684174 -0.00841397860420052
144 -0.010819487131217193 -0.02137370038459267 0.02950614722364559
145 0.00974685135128002 -0.02183780396653229 0.027694797999042113
146 0.0008150346465486125 0.03604969305537734 -0.007590313917261478
147 -0.011418445658463006 0.03536988582755167 -0.0034031774705815063
148 0.012355688083850128 -0.008094794637625332 0.028004152924895144
149 0.00244055833047397 -0.02403255351570363 0.026908145713134136
150 -0.01878526969915173 -0.02498532618722151 -0.028112866238479334
151 -0.004771040605115604 -0.01123108105575505 0.025231013441044794
152 0.006037481799037611 -0.013258619794890902 0.023158642577007386
153 0.009101286560795369 0.039928515437765405 -9.177998895520739e-06
154 3.2248633119482534e-05 -0.007089699974459431 -0.02087963574508439
155 0.01458577018425436 -0.007902926273206476 0.03290156037783516
156 0.004722299303543034 0.03480957883452888 -0.009490830387633951
157 0.003192747221395141 -0.019039679993222272 -0.036988786585780704
158 -0.0019382207986209238 -0.010561982252320572 0.030516100021854807
159 0.019006210983998184 -0.019559480251451086 -0.03251000461045852
160 0.007323259653386377 0.03273132643480198 -0.0014101979216800207
161 -0.007963158625260605 0.025766217273876596 -0.006398545529800161
162 0.01172577953706054 0.03216816952501852 0.010318332547618558
163 -0.007427014951673187 0.028826342689126455 -0.0018351559534190874
164 -0.003776778861192799 -0.0283301259387774 0.03413327630312189
165 -0.0006144226266013679 -0.015033697014762773 -0.030168944514574823
166 -0.0002696170769148215 0.029345878450560567 -0.002972646774295675
167 0.019287197171072162 -0.017738526860509994 0.02901889467524632
168 0.0033425830803840402 -0.0184168363933399 0.02724413428424178
169 -0.013492385114487748 0.02868252335948835 -0.0068539484579640386
170 0.005197703201898107 0.03510187397857773 0.00652501342852545
171 0.0016850316973163679 -0.0110578556827481 0.035273002112880064
172 -0.008168388588583124 0.03669653284250725 0.0034405481639122426
173 0.00011854716646080357 -0.0127380207849975 0.017548835660513136
174 -0.00018255026489810353 0.042375703019556545 -0.010650429111601533
175 0.005664404828909907 -0.02003577806331373 0.034733907971059304
176 -0.0039914591003706035 0.02581459938043173 0.002782390073896461
177 0.002369397429693672 0.02735966599672217 0.0027687061404057436
178 -0.00187658822846248 -0.03279291150533646 -0.029038937574832696
179 -0.0005015792303871419 -0.01647440736460608 0.03007864958669304
180 -0.0014870174522152585 0.021776162507690974 0.00603226816089395
181 0.0010209285024780392 -0.020726704500690408 0.02736368053002164
182 -0.0072102228410296995 -0.026613868272086484 -0.02598439804143827
183 -8.037538651134955e-05 -0.027287466650946723 -0.03060592798831511
184 -0.020293077400303616 -0.01690184382686742 0.024630738946467702
185 -0.007932601755885442 0.024222240488547733 0.0005416102260680572
186 -0.01969039195959983 -0.018972566812589735 -0.03351791193211446
187 -0.002614721857924409 0.022811651677055567 0.0003368470641742973
188 -0.0007157123607971876 0.03332015343957567 0.008594291809699388
189 -0.0015894955129310204 -0.025601742987740463 0.02767205691944049
190 -0.003404601147529011 -0.01813412027331046 0.02997687519173127
191 -0.003352301028210748 -0.017630311347209514 -0.04170386550754964
192 0.0008110863759055835 -0.021849048416834774 -0.027683792276676757
193 0.0031213601911813 0.032847175649635275 -0.0062711189162048455
194 -0.007652920120276893 0.026473045701482206 -0.0005703674085234646
195 0.00208888863503356 0.030082852603009774 0.005901011853996588
196 0.004119965849561797 -0.022000029721967237 -0.03846209908050808
197 0.006216196097467541 -0.010171727175793035 -0.03298186612953401
198 0.006574056334079127 -0.03215531804368779 -0.029366991012085772
199 0.00595778273564717 -0.022060779035932766 -0.04053154915697866
0 0.004115950226843884 0.010580283231215681 0.018097276055346282
1 0.003521061246958536 -0.012027185054817521 -0.03191741633936592
2 0.0033433598690718602 -0.028506134420240022 -0.030063069059960416
3 0.0014085659526737971 0.009832394197484218 0.02026280850244347
4 -0.0012781997139075171 0.013386540038146554 0.0157546847658451
5 0.0047943787982957994 0.011476594063086619 0.02094400005864354
6 0.001660829191647107 0.011321630045447305 0.02376641675289485
7 0.00781005830557234 -0.021285667022399056 -0.034795157609485323
8 -0.004767652915486059 0.008221838176778226 0.019530087363508572
9 -0.0010193127847624491 -0.022959191193570816 -0.03268673672921786
10 -0.0033702423920803984 0.011081102424245627 0.02075860466136157
11 0.002528890501370812 -0.02007245238276243 -0.02762325271061398
12 0.00019782402867568778 -0.02518117678785222 -0.04983537917290049
13 -0.0007442008793002719 0.009053172272049707 0.008682316610501561
14 -0.0035958881729174774 0.0065179953392628664 0.016623661765803294
15 -0.0018150010739739972 0.005405795825559168 0.017905977883316937
16 0.0003977431518045263 0.01049866312898691 0.01669952014538699
17 -0.0006043460316403071 0.012852437716218953 0.013811911947236574
18 -0.0016409291473802306 0.013677630693480526 0.018892236014372236
19 0.007622853067584499 0.0057795597623983355 0.019972021028542994
20 -0.0025808642071621854 0.006477412523621315 0.014688402744956107
21 0.003110365494973469 0.009864284301534257 0.01586478332371409
22 -9.586315690132685e-06 0.009661181877713206 0.016920423879885745
23 0.0026099657640603763 0.007900567162442695 0.019373283808962697
24 -0.013981497651743932 0.008800353265841068 0.013438875175178661
25 0.0026056215172511263 -0.015481012079774144 -0.03388535067225087
26 -0.006328381340150409 0.017747869173747127 0.022042509852142525
27 0.005539091326205686 0.006985415065280547 0.014657559230216388
28 -0.00018294580507242225 0.01627014533348002 0.020159061194271244
29 -0.004248363980625343 0.015497195313044006 0.019234260587616625
30 0.0026646048580828176 0.01060229973066451 0.014563474446967109
31 -0.004911866713637682 0.0036496949816370305 0.011661297115328179
32 0.007889535670733049 0.010234403761075442 0.016618028366226126
33 0.0009964107491030813 -0.017910083618761796 -0.03439746288873501
34 0.014148459980127245 -0.01813092807699355 -0.0461229740515428
35 0.011076769247700024 -0.02240403013980162 -0.0351556331882707
36 -0.0007303139788802609 0.011269916560842114 0.019875921801081334
37 3.440013007714911e-05 0.011759840923229833 0.014328192406771356
38 -0.005246603552095011 0.013386470762209737 0.014494320742914693
39 -0.002552277176594635 0.009986139338129266 0.01865836833807256
40 0.0023824170708456743 0.0025683753011143604 0.02556808700030687
41 -0.002007630671876995 0.02031466058134135 0.024424606431316664
42 0.001923889013288313 0.014291301050089255 0.0054841048902992545
43 0.0028094995803321157 -0.02955708413016095 -0.04620102560855696
44 0.0039372103428608266 0.014867137412280875 0.01726100885571366
45 0.003842792230245265 0.017280726392685006 0.01757662977935328
46 0.0020608030655303138 0.009601096219248872 0.021290651775722452
47 -0.004306831494997443 0.0078726495633855 0.014872759992379046
48 0.0069454370767392665 0.009891445087500256 0.015173662874967735
49 0.007139227083050065 0.008247762284080654 0.018245194565626816
50 -0.0026909528960699855 -0.020241677330508058 -0.0318155147335503
51 0.0021511525229073285 -0.02250781386626686 -0.029983917678031338
52 -0.014892852491341126 -0.022627423558386893 -0.039140084478587356
53 0.01627320521272453 -0.025426334523754805 -0.040394927250149475
54 0.001530660586299781 0.011723900241769877 0.015937048538970152
55 0.010941671179702517 -0.022678705572598993 -0.033005273071947526
56 -0.008076901384271765 0.005194313717970238 0.01710497247426257
57 -0.0010589728723161725 0.006586723536227988 0.013593316481369348
58 -0.0019483711011248003 0.00807440977376931 0.023651922563122083
59 -0.001131554216551707 0.007921758097744092 0.028124495292388776
60 -6.806563874180854e-05 -0.00037397614926060196 0.016522707248792984
61 0.006671655039462127 0.007809019785233899 0.02299917056659797
62 -0.0008873136086727865 -0.018804026588932966 -0.028699312096224464
63 -0.0055422625953044785 0.014634290505689831 0.022539683318908866
64 0.005850508161783511 0.007410538116105106 0.027450198195375183
65 -0.004285687256466986 0.009339622046587587 0.007537667257609265
66 -9.67301868556869e-06 0.006505116125859044 0.022557613917827395
67 -0.007206945748874184 -0.024052600708952522 -0.0390412870621646
68 0.005176080103268248 0.012045356918288876 0.02082164558453141
69 0.011376951602969192 -0.015898235801505272 -0.0319854415954796
70 -0.0032864014316227766 -0.019848620598373376 -0.03988940169421537
71 -0.0004034183503778179 0.008704582886332773 0.01813079705995603
72 0.00614797123115747 0.005432569724205201 0.007522891163085854
73 0.0008414692569862197 -0.017285264865391618 -0.035619314485835
74 -0.0011050387027178518 -0.025888258341155955 -0.03782947232727713
75 -0.006481816303625598 -0.019325526258871628 -0.0352815262539024
76 -0.013015525402534395 -0.01735008984342918 -0.03765406727930334
77 -0.0026875499236625466 0.0149467348053745 0.018902382254876025
78 0.0029060404720514903 0.011874757972848135 0.025478650775288186
79 -0.004984542540210343 0.01901041625274328 0.019408670404516624
80 0.004533426474565061 -0.007948908645584186 -0.025327467125433885
81 0.0063618289950099355 0.013064506069772608 0.02318593958138791
82 -0.00433121978711945 0.011451851344522673 0.019865747921419437
83 0.0035677382817457335 0.009796686499290566 0.018282698985226872
84 -0.004933317245799582 0.012709798320354647 0.018519485234326387
85 -0.012845095913509602 0.008359524629494602 0.017951650247204156
86 0.0033470095965318107 -0.023537420826686077 -0.04763686256303143
87 -0.0006461244737571981 0.013310191113402911 0.021407858300315698
88 -0.005369353030300371 -0.01518187455208974 -0.027056922670769812
89 0.004220203275746671 0.009698988549913738 0.019468817952642534
90 -0.0032281575131865824 0.006564105449998289 0.01793942751408263
91 -0.0003141999848506258 -0.0186452362813537 -0.034838841024685804
92 -0.0012827289752808113 -0.019591713447661793 -0.026464140618562594
93 0.0025781550164283157 0.01446680849267902 0.022500638645747622
94 -0.006657794104176898 -0.02086736522676435 -0.03991376218270732
95 0.004380030095509219 0.0008027678500912919 0.033573320855635774
96 -0.006082727344650103 0.014844507082174545 0.009032633171859412
97 0.0022572225686970007 0.00852939692698558 0.014854051575168177
98 0.004593359284248267 0.007900646639805602 0.01795397593622624
99 0.006842693939496672 0.015167512867807986 0.024984844076557766
100 -0.0019123833799734747 0.004178692063171827 0.01585973493797515
101 0.00041584422863766204 0.013666323773245129 0.02052989769343324
102 0.009566560423105205 0.006336972590481681 0.01747316735828265
103 -0.004361568367960356 0.012781309089726536 0.010740399073479123
104 0.004598467418123163 -0.01235430615644029 -0.02193766283692048
105 -0.001612242073834494 0.009778614123261042 0.012941388223686331
106 0.0054671623121182265 0.01800122403244442 0.01878720051861939
107 -0.006149549606795317 -0.027349134742524133 -0.03775535197315099
108 0.005016095434599584 0.00541996454073556 0.012065483627955287
109 -0.0013500839928220496 0.013015140090664394 0.0232267637455546
110 -0.0032581379381323022 0.005847922585771569 0.01107026782476124
111 0.00019352560723271545 0.0061854280930446065 0.015766178907268016
112 0.00728199675801839 -0.027467100504458712 -0.03982541147086471
113 0.01154624567484229 -0.015517737432802499 -0.025092024389621576
114 -0.006844767221028954 0.013431948405740066 0.02449327195830932
115 -0.021708555615375935 -0.024403124625974715 -0.030901477212812313
116 0.004933306216930625 -0.023937829432799512 -0.03231211143309939
117 0.004967076763672296 0.011432838224699177 0.019621090502522212
118 0.0037717091741497066 -0.020570883842374234 -0.032185947263965946
119 -0.0004950283088178201 0.014795373635416262 0.013025121212786955
120 -0.003577263005312416 -0.02713575987468238 -0.027501385165228237
121 -0.008260215563982338 -0.022080114345534075 -0.033623641802967424
122 -0.004791874840318986 0.011345457047241124 0.021498961139737708
123 0.004381084866293164 0.007355823762130398 0.01784256634380718
124 -0.015472724907552055 0.004375239083491203 0.015867049565703964
125 -3.117432822697351e-05 0.007032517467587374 0.029251064677058864
126 0.004084273973147007 -0.021833124225319668 -0.023646246452231796
127 0.008555498723958582 -0.02373584722702933 -0.032059864499122216
128 0.0058023657871024426 0.00548964257376814 0.016228748506551892
129 0.003097195250522429 0.011250987169599783 0.012059963130993608
130 -0.0021301806746341786 0.018152918053646216 0.01130992395828947
131 0.004622957236625855 0.01064384911124195 0.01451596456876908
132 -0.0003282125426145033 0.007667537090758236 0.018652993993631524
133 0.0026663279536136286 0.014573500288398593 0.02402199093319214
134 -0.002449183410269007 -0.025071835384507385 -0.038885722734428564
135 0.004497264182107351 0.018222953434686967 0.013137106969466138
136 -0.0019374629447329317 0.006000172965787996 0.016208626733243754
137 4.553620158137886e-05 -0.022658005437975925 -0.036693294878595475
138 -0.00027833365153850844 0.013553201022527703 0.02071801860401953
139 -0.005247362850920451 -0.02285379616840911 -0.03811699351302954
140 -0.011570027600447577 -0.017272760157398547 -0.0326919428854062
141 -0.0036497498096603413 0.012638492686878652 0.018275860072665302
142 0.007023598982087739 0.010539388930067353 0.01621603426813318
143 0.006122182660733284 0.008937956270581825 0.01491451722870147
144 -0.0009001961522800833 0.012005936470691585 0.016815301051756992
145 0.006923076771092343 0.005660102313041836 0.012902908720555474
146 0.0012238306701111042 0.011879351937791646 0.016677350622443285
147 0.007047324102818265 0.006622438710184114 0.017908371820131625
148 -0.00839622438634334 0.010549561498168568 0.021157522256270253
149 0.008199205353444358 0.005416960168770267 0.022099605597891668
150 -0.014255001215202096 -0.028228656476997807 -0.044022180793138105
151 -0.0018706527378314491 0.008796639935501102 0.026965412292898325
152 0.002800694468549164 0.009521489493003799 0.01876580255992223
153 0.007181002272438397 0.013056832811365437 0.015535080293508838
154 -0.001948175377469285 -0.02503418908024093 -0.043322616071369634
155 0.00521074669486471 0.011454580359828784 0.012468573513529237
156 0.0027606562314920514 0.00791629658994547 0.022293867884976087
157 0.006492453367684954 -0.02058085227000907 -0.03612301776330544
158 -0.006147204495086524 0.008356104875148436 0.02286836657913746
159 0.013571352645788293 -0.024733859967618628 -0.03242774015325501
160 -0.004685974127860636 0.004948882960135306 0.01739458354125735
161 -0.0001889336557993268 0.014849260263785413 0.016042668026515636
162 0.00013502636893764075 0.014476785024477967 0.02274804882951498
163 -0.005540495066164192 0.01456644397959364 0.021489429287316425
164 -0.0014094407671681733 0.005982443634123799 0.02574299283239191
165 0.005707274740155862 -0.017480991424721593 -0.0230060847769033
166 -0.000464959912390258 0.01079929416368311 0.026194351138777244
167 0.003246815590718058 0.010565667124101914 0.012852571225151856
168 0.0007197814984159535 0.011938538499794572 0.02093597879465854
169 -0.0076739157788429935 0.011713896694888523 0.01809571139241478
170 0.008477070589042221 0.011787178437004359 0.024821686652845006
171 -0.00550846050958978 0.005950567935737859 0.023181943663982185
172 0.002890024945112169 0.00940475964694136 0.020181745177917158
173 0.005746905139152896 0.0080176971882902 0.00826063565907037
174 -0.008411280503693152 0.011796484821753828 0.006660253724001985
175 -0.0002640135197890456 0.016899480560734384 0.016446902735746505
176 -0.0020004223937212587 0.015004183984133515 0.020534301623449318
177 0.004532567624414147 0.004541604506701151 0.023267291164962095
178 -0.00018645105701111091 -0.024524055836734816 -0.030656688648695862
179 0.002736234517201279 0.01868895917988547 0.013978024782777293
180 -0.00495026116416683 0.01183188244452394 0.020977270782469463
181 -0.00553670995623284 0.008990248384237613 0.03420135319807174
182 -0.00277752180177486 -0.0216584680658425 -0.03306821368502737
183 -0.0011037215060702927 -0.020541745124471125 -0.03837659324408355
184 -0.01792274071934577 0.00371074376556102 0.017045430386699374
185 -0.0007901297185132911 0.004648672626136455 0.01918427416327062
186 -0.01912369815398013 -0.02685359601788807 -0.035387530267777585
187 0.006345012180705944 0.009812497939682086 0.02399878558621743
188 0.007289101402342443 0.007889926568616472 0.010212231636343468
189 0.0005341922347834056 0.006505526151995046 0.015634404605416964
190 -0.0023032836489069774 0.005907564267653848 0.008645179562131483
191 -0.013435073291704423 -0.019908827237882933 -0.034380988538335704
192 -0.004744026655946084 -0.021749395964164125 -0.03292796926660095
193 0.006356081160595144 0.008775445819137515 0.017682441467659134
194 0.0006116673111910484 0.01376292691468136 0.019107833317765176
195 -0.0021227546936720514 0.012074086835182102 0.021209468191189625
196 0.002917710021969515 -0.007112939069924627 -0.03057225265949738
197 -0.0007395420099602784 -0.02516763501372482 -0.034110930368008024
198 0.008223375103634287 -0.01941954531908165 -0.03601573809736974
199 0.0015289388162612744 -0.02421383226678034 -0.03935935631426413
0 0.0022282042196429333 0.014123697826794394 -0.028305380987054388
1 0.0020634974913808293 0.011902865352331937 -0.020206705913053957
2 0.0036081040051745283 0.012779416221806804 -0.021733314055466975
3 0.002278257553927383 0.01586515878086006 -0.011229296031260046
4 0.0011458604116557497 -0.01764663982060588 0.0393258207964515
5 0.004308255760713951 -0.02057315510854582 0.03550235919736415
6 0.010434005291372958 -0.021071039469841908 0.01770799384601361
7 0.004496969452522218 0.0016660960113372703 -0.022458972174496647
8 -0.006567798880279016 0.006800562322412017 -0.012981383854487275
9 0.0012956915195729184 0.01437013932356336 -0.012666329822433368
10 -0.0018679648305621743 -0.020318454659500836 0.04178602698944451
11 0.003248532845378422 0.014167226891714582 -0.01816519078305865
12 0.008735882114458325 0.011083531401556164 -0.022270611291088233
13 0.0002926145336087163 -0.018921714029410414 0.03879576809387509
14 -0.007989106611606483 -0.019549578760138207 0.03275057898577219
15 -0.0012008986576299424 -0.02225898094786849 0.04506351183924897
16 0.0050665041414829064 0.00783237940141851 -0.01664442601132735
17 -0.003453705357904638 0.012758128666846932 -0.0158011996709616
18 -0.0008566154819079578 0.007346004446493096 -0.013221347509442552
19 0.003070244419976949 -0.023950974926530734 0.02496810344018393
20 -0.00592952894388879 0.008498399010369674 -0.026503660586549807
21 0.007494873230649381 -0.021426872462219568 0.035000168041627325
22 0.007464146561761267 -0.02579427660684277 0.03426934129543596
23 0.001372359769401442 0.00756503283666915 -0.01880897790985331
24 -0.0013232331825835525 0.009354850245481952 -0.021309829457958528
25 0.0007052702508877351 0.01154122697546936 -0.012242985622053199
26 0.003184921250679415 -0.02092888762964994 0.04472932641130312
27 0.0002481856188883847 0.0017781259283836809 -0.022611774729545835
28 -0.004829233033237221 0.009719013475099417 -0.01338439738095251
29 -0.005335756340296989 -0.019341138462512987 0.03064030108914649
30 0.003709610043235799 0.013701546442437068 -0.01788603968352217
31 -0.006269677736547639 -0.019408842171529595 0.03158365042727188
32 0.0024553069129236993 -0.02069888297650971 0.03607649650778255
33 -0.00745771361616648 0.017990768240505578 -0.025731513203444363
34 0.0033716380662112133 0.016136189109228767 -0.021779922138275648
35 -0.0011067413184422115 0.01904614096347683 -0.023274675530221937
36 0.0030892906837665744 0.016635882062994933 -0.017300531017692085
37 -0.0030911379568811636 -0.018704122794424106 0.03991997196203755
38 -8.777607369023221e-05 0.011243823385546123 -0.017734644734648915
39 -0.001507976177952619 0.0067172057688174094 -0.02513940087273556
40 0.0008191236438782543 -0.01973386815932343 0.043457335767758634
41 -0.013668836181852911 0.012890985559001159 -0.01998717856146404
42 0.003372206334351417 -0.01897777126864214 0.04851278687364062
43 -0.003418776487127531 0.013072353479835826 -0.026162528332889873
44 0.0012124667952823284 -0.012680585028201252 0.03352748684869377
45 0.008110182964368037 0.015509368849779909 -0.01497718030648627
46 0.0010711529260581838 0.01542022533802502 -0.019674857666006136
47 -0.005758876616935624 0.007375681476300938 -0.02847713102144042
48 0.008967674698854858 0.009750558031293585 -0.02256976705439019
49 0.010308857383335965 -0.02823343480431679 0.042637503768643066
50 0.00023143798394487103 0.007380486474470031 -0.01946561079077322
51 -0.0009366901981684231 0.00979904272329482 -0.01871897431733799
52 -0.0047275909513375125 0.006825925204016786 -0.028252971070067495
53 0.008862432118795949 0.010099274053645073 -0.028485095379276015
54 -0.004398460322406322 0.012436986705728612 -0.014095458185034982
55 0.004269191167278599 0.01416111110275002 -0.02853346466327214
56 -0.010324853525714134 -0.023390965829831613 0.031409278068221726
57 0.004435680009682658 -0.017627189584234648 0.030628213497860192
58 -0.004453862732099315 -0.016673622225203542 0.023505165977985153
59 -0.0035577878126686335 0.0058016014236622546 -0.024404527419260687
60 -0.0020706011758505963 0.007533372447914868 -0.0276024689731413
61 0.011794282102837172 -0.021816289694669637 0.038072166854321125
62 -0.004809563282764835 0.014532961508613086 -0.020248493556321336
63 -0.0005362906042273921 0.006730101893326942 -0.012730908299095936
64 -0.0008479506250934077 -0.022998842059824928 0.0433593073034047
65 -0.0021054318966819627 0.016079154102245988 -0.01959953492181284
66 0.00502667673842451 -0.016744294423605095 0.038006927740858315
67 -0.007090477235141307 0.007939986205602122 -0.02330094609243681
68 0.003970126704275087 -0.0181504417226628 0.02237383871511004
69 0.0005585536509575134 0.011993692225928887 -0.021205234603559664
70 0.002576461977607716 0.0022027704284221655 -0.025134401463945216
71 3.214184138311711e-05 -0.0238671190062612 0.03688232250135303
72 0.0096063049413702 -0.016532926448034058 0.031809264942163205
73 -0.00012676117116603922 0.013336349170409323 -0.016499168703137862
74 -0.004468583782604098 0.0032295674739583405 -0.023895757424358205
75 -0.007162455433229228 0.013265276518374513 -0.02290021787059178
76 -0.005010775202151374 0.01711490278019395 -0.019457711838450527
77 0.00028999599918606324 -0.02591721836936427 0.040204706186883175
78 0.005439125328004488 0.007057610867548067 -0.027693278455727617
79 -0.008059574393641522 -0.025809673277977188 0.03673372719522676
80 0.010006027634422682 0.0038762155731059712 -0.020748082463971633
81 0.0028906703412447873 0.012104562173825814 -0.020755439788875764
82 -0.0049571945568055165 0.013156850329896622 -0.02778041771366246
83 -0.0032746608368107635 -0.025941649912308747 0.039155171938711895
84 -0.0037440911240601976 0.010941592602842352 -0.01688490694575092
85 -0.0008679481044010263 0.01345832794135906 -0.027410427466104614
86 -0.0019132698777450056 0.004225519860846551 -0.021240817729257913
87 0.007377389607904558 0.011157848172170498 -0.02367113274481065
88 0.0015829969306226151 0.004624202339496966 -0.021074418866491862
89 -0.00013462982423786268 0.0031609074397324216 -0.024536408056149626
90 -0.0007674083501628542 -0.01690639660873207 0.03287133462691031
91 0.007566310455163167 0.00889716532770271 -0.028894169252206656
92 -0.00027934507590408886 0.010333040022413566 -0.023584668370218588
93 -0.0009278342023332012 0.015490210153690925 -0.022648871375772615
94 -0.011444529156122013 0.005763626643776908 -0.019522557716864064
95 0.008568787451201092 0.01593489105763627 -0.024046761613980356
96 -0.002406676577092537 0.010867811139070926 -0.010390462746874085
97 -0.004337837756550939 0.010977279705648615 -0.018716622511709212
98 0.0015482107844199781 -0.019416749311829344 0.03295351985533212
99 0.00570913387706358 -0.01792979595682337 0.03134148212149951
100 -0.004291032073499948 -0.022072460530000244 0.03369573481769847
101 0.002097063067327991 0.010580662542341746 -0.019203432292776983
102 0.0073887364962117175 0.010975005825561733 -0.0219624732801227
103 -0.0007701690785045616 0.013635435986447092 -0.019146321964195273
104 0.003724167481059429 0.010280574382500636 -0.024674158681761447
105 -0.007351216622236978 -0.014698143237705241 0.017757479857519333
106 -0.003380791082916078 0.02125274884619832 -0.027168290916416114
107 0.003990813098725499 0.013898516925645164 -0.015891927297141374
108 0.008772101066421185 -0.02318929326443002 0.034840472257805025
109 -0.0038273885553564424 -0.015027104356946581 0.03450114979087699
110 -0.007427279525115592 -0.013929696796436717 0.03620317645284058
111 -0.010571093013259224 -0.023752503912753256 0.03555195409231854
112 -0.001946487379921008 0.004906263818603596 -0.020280552417722378
113 0.007297674644343943 0.006557906385428726 -0.010870132594569912
114 -0.0036437051487043792 0.019847566503663462 -0.024446876554220367
115 -0.00324931430188366 0.00874825173091788 -0.021151894179419553
116 0.002247442415460956 0.0019985942367182555 -0.013207298714947191
117 -0.0017013585103890154 -0.027497925196210197 0.0464950070903066
118 -0.0007335166813088947 0.011113451685984849 -0.024593408437508804
119 -0.0020180275510434595 0.01499914562786156 -0.020533149901596548
120 -0.0029227149174635807 0.008531753159737032 -0.017222340112265
121 0.0020199252340855345 0.012538822681794605 -0.016183065088997903
122 0.00037975478453376385 0.009463507604119986 -0.021527401918187895
123 -0.004246906307602433 -0.01557412091809239 0.03188824742326418
124 -0.01209586805892722 -0.02892189414191492 0.04016541212814382
125 -0.0018073192790100147 0.00933850013039883 -0.014811930425503963
126 -0.009065102114674713 0.0068904154433768044 -0.012839408002129689
127 0.012951767053231061 -0.0023227688761533194 -0.0177965830151766
128 0.00845406380973708 -0.023162510071340563 0.026153109885815186
129 0.0008104072403797985 0.010753338335791299 -0.026272222545058413
130 -0.001602294635758048 0.004172792930746877 -0.023944845194070804
131 0.011501694580960967 -0.012529708291485255 0.02501877564568681
132 -0.00992748379836127 -0.027425294963261397 0.029614177844842778
133 -0.0018445478679666796 0.008838045486139243 -0.028806693497591067
134 -0.00999353071150224 0.0026989546816715837 -0.015326012057494454
135 0.004292077324986911 -8.903691392320168e-05 -0.024770355685858593
136 0.007493376239952583 0.011267754608835008 -0.01800938658872459
137 -0.004709800690803548 0.008889657823497168 -0.024244912758549675
138 -0.004251978632541845 0.007593776384953607 -0.024534071301691274
139 -0.008068754486518878 0.0029623782125399387 -0.026132202821844412
140 -0.0075463462677596155 0.012181012023807121 -0.019162657888803905
141 0.0026403204484375248 -0.014154744302248463 0.029447457039524033
142 0.0006995851623864228 0.0036201761395874416 -0.026443618011564477
143 -0.0004524076491843679 0.009188343206580338 -0.014248476569105306
144 -0.007868498771233884 -0.021145169353526786 0.03978089882984338
145 0.0004205782776669706 -0.013535816273114055 0.031702009716965775
146 -0.0075114350276959466 0.013576655122909037 -0.023299601875084463
147 0.002105910248965408 0.0006033590548665604 -0.028200099262867116
148 0.002676671758914676 -0.0127168635508995 0.03330233500961989
149 0.005703680048692324 -0.02119841079411302 0.03333482277597418
150 -0.008781648337287284 0.007805733784979896 -0.02525051017383992
151 0.00027888203860196997 -0.02181022075776194 0.042173927450235175
152 0.006570702307727258 -0.02706636093376915 0.026149131646734138
153 0.003984322955165459 0.016552504981473537 -0.01864182875080179
154 -0.0064023840576238784 0.00837901828590959 -0.02780209853669851
155 0.003148687544794429 -0.011842156192605416 0.026848536294615873
156 0.0013435317125489524 0.012888640760922318 -0.024785632188483727
157 0.0014874679641905877 0.0066923158275066785 -0.02418912733243314
158 -0.010786925895782742 -0.017963809613764755 0.03906035218759795
159 0.008409057467033049 0.007011564838849432 -0.016572635900319793
160 0.0008502287829927936 0.003799530635471643 -0.028297987085998826
161 -0.003701103166494024 0.018481967360304025 -0.022029000524805425
162 0.017649631085729756 0.011456715138160767 -0.011164159492623636
163 0.0007986893162891112 0.007373392638117815 -0.027279900725059127
164 0.006830465198563745 -0.024363208395546836 0.03730656007394248
165 0.0018933152246939401 0.004642684549911701 -0.017308946725837847
166 -0.006574837282474058 0.011247786806738776 -0.021753453529427716
167 0.007381093032517161 -0.01251323477617701 0.033155144948041324
168 -0.002263922797170713 -0.016116182034575665 0.03094331351195362
169 -0.005087961937996807 0.013107734673965046 -0.01933477332914587
170 0.008616146710090977 0.01435798766881792 -0.02244262945475338
171 -0.011392245460130741 -0.020990207710852426 0.03573376897351785
172 0.005300683710721423 0.013194662595180678 -0.027446143286193443
173 -0.00109152454339188 -0.015819283706331767 0.032910218732731374
174 0.001773895222397747 0.00974429967045519 -0.006960612313864025
175 0.003084568980894098 -0.02392171536516953 0.04028171462829674
176 -0.00552072576191686 0.013224224637188808 -0.01926271775104007
177 0.004095952694510428 0.01637689798606467 -0.02566485423343274
178 0.002392589927295798 0.0164859823925899 -0.015775832156832974
179 -0.012776746956621187 -0.017120455157668458 0.026735502760772703
180 -0.0014455562607794611 0.007987024747194156 -0.019953375358663795
181 0.0015531697333530433 -0.016541433339130156 0.02588418902305007
182 0.003419652271743307 0.004416720528043039 -0.02316235064412319
183 0.00243848405897873 0.012702229957538315 -0.022157402363200518
184 -0.010814751430063912 -0.02123228089987889 0.04036305603500476
185 -0.006742692979944717 0.00878654833194717 -0.015112181658730135
186 -0.0015186484267964706 0.015105529365928065 -0.026107605936572853
187 0.004681502817011147 0.012085463629434162 -0.02019180617953866
188 0.0018868426420339535 0.0049200733814424025 -0.009307716371715681
189 -0.0030572644299508445 -0.02124978855057052 0.033282928655873414
190 0.003032366789120989 -0.02083603864265259 0.04513383501004051
191 -0.0008303165091328168 -9.686866935657013e-06 -0.01479822131256986
192 -0.0038802640693034046 0.0071495697791583365 -0.008926912589441546
193 -0.002136001631771023 0.017301920589359462 -0.014945791986677982
194 -0.0072962491795688575 0.006436416471782426 -0.02534884025933116
195 0.002362104111797986 0.012213787700204107 -0.020981603184910855
196 -0.00301455852487874 0.012922442650852274 -0.021073461488764114
197 0.0040702148489082865 0.011574284981716733 -0.03009376669324229
198 0.003239190094949898 0.016370571355434682 -0.024745707819647494
199 0.007610079091886504 0.008014300631421806 -0.017410045641738467
