200 3
0 0.007963691977484852 -0.022801081381657276 -0.003315745280260989
1 -0.001996077299133626 0.024211498665987333 0.030600332709144924
2 -0.0003331821424009049 0.01294458478268761 0.02452364967225064
3 -0.012827121771698688 -0.02280486698793878 0.0006544683569771727
4 0.0018638571180315325 0.026473404787701615 -0.021873836780038347
5 0.020767219598267772 0.010044589304039675 -0.03675046761913288
6 0.008611229516988096 0.013024997271223193 -0.017694235466544382
7 0.0023143492358908765 0.02082233947226353 0.026224454800653114
8 0.0007189238746116849 -0.03138516651536262 0.0005042768310656552
9 0.009698551339596885 0.02003655460275912 0.030065354484958152
10 -0.0032143418251022945 0.021128505314197236 -0.023689490235257307
11 0.0021620319508992153 0.020678650187666833 0.007735085699882127
12 0.002710783031661987 0.00859662028534442 0.018246403428338602
13 -0.002933921187960497 0.015582813747982687 -0.026180312189664365
14 0.00650741597585134 0.015802446878564573 -0.029336658640591026
15 -0.010877134090459373 0.032723368056149255 -0.02441300398478563
16 -0.00046563812918235664 -0.02651818215473123 -0.0032957353034045803
17 0.00139033208769479 -0.013351337129862646 0.00342489603986656
18 -0.0011350768597410132 -0.021851706261406686 0.0033954339858576817
19 -0.002901628794933543 0.0055865401103149465 -0.017026751483766006
20 -0.008044937306639632 -0.022429898743973126 -0.008710591065250638
21 -0.0012174082118007312 0.013042854344509733 -0.019097106721397188
22 -0.004349531082337502 0.010655555790159484 -0.03157620115765655
23 -0.003961867862169547 -0.026461396052288796 0.00036176985015760367
24 0.0036707391322264426 -0.03280881579410411 0.006657828946787562
25 0.009427676283328378 0.010027436817988806 0.019793345340672217
26 0.01824099126551862 0.011531836216942891 -0.03167872744363251
27 0.008422536724615218 -0.0261743262822905 0.0029891577992036946
28 -0.0018777322396630845 -0.019568681699987822 0.007818282151991342
29 -0.00905979924237725 0.017417391802077752 -0.02341139417118339
30 -0.00034540660125813305 -0.017151732265233678 0.007190772427518012
31 0.010020018470378311 0.016628734424607265 -0.02683886112126238
32 -0.009366720761718354 0.014301857570591261 -0.041934621510817546
33 -0.0016992948016826687 0.012430938726132025 0.010142739663228706
34 -0.01576970679962313 0.027387517493217065 0.030637839277562348
35 0.0031663381821875544 0.0027726300021562377 0.01727829640456409
36 -0.005134883038412846 -0.012018155051479896 0.004977311956221071
37 -0.011723098605106216 0.019866296516723038 -0.03431859545136804
38 0.013855458828451545 -0.024100473186903497 0.0067618637739567805
39 0.019504925108916826 -0.02374968983425873 0.01250040451105863
40 0.007582531944028588 0.0184125958967013 -0.025373487637980904
41 0.0013171909737281374 -0.029010329007693292 0.001025746641692117
42 0.011200434041669177 0.016711317348542885 -0.02693110009537346
43 -0.008458472533482427 0.01803875578996488 0.021623397045528098
44 -0.012255708730805698 0.010635400434168824 -0.020817291858113714
45 0.0008575189871277977 -0.020796170162571764 -0.002755591251094725
46 0.0068907929937393406 -0.022143426038319272 0.0008062777396952471
47 0.01628338918054158 -0.012512612031475804 0.010643052352570518
48 0.0013752570917648875 -0.0265533113396641 -0.01032662844554873
49 0.008416610414400658 0.006917049867784256 -0.02246214199071589
50 -0.00035921827215928265 0.011533337470726518 0.013831076610579147
51 0.0032658466893611925 0.01178392075258164 0.017642692429591364
52 0.008553603852599222 0.01705102415351905 0.02885073953271075
53 0.01803912825902547 0.005881535010309039 0.01821722734329457
54 -0.0101007118275485 -0.012161073751186365 0.004987680613196845
55 0.0032669932349109337 0.017346020575570012 0.005636223965463011
56 -0.00447953582516121 0.008994243411357856 -0.02625190189806638
57 -0.005267773381850291 0.02104132601317884 -0.02879716979386674
58 0.01015805957501529 0.008224506644664054 -0.017557573248158966
59 0.002961515446564698 -0.01877884266346727 0.006573198541176124
60 -0.0007791622194119885 -0.02357476455021161 0.0034568153785219805
61 -0.006094465867515525 0.02268192982220705 -0.02422564275917897
62 -0.015675282534496793 0.010474963190047395 0.030478846386695208
63 0.009556876613942562 -0.022163820492364976 -0.005920337689939213
64 0.004544460919471312 0.007191526417241703 -0.01994274038976756
65 -0.00031290866951200636 -0.017574976327152693 -0.006013403888874107
66 -0.00655437049841958 0.007207665361020396 -0.03329502900717245
67 0.011610778665354593 0.016337025304578492 0.03733519196265574
68 -0.014689575845964005 0.02511693909786767 -0.03131571565804363
69 -0.0027580363450873807 0.01641182611178431 0.02238697116361369
70 -0.008309825649268895 0.02037497700831685 0.02637521787490576
71 -0.002349922007086348 0.022379247358871708 -0.019747226610420693
72 -0.004267606306717256 0.01506474728842247 -0.031207250097161104
73 0.005070051483529105 0.01337892013720117 0.015476152107401643
74 -0.0016863378008576655 0.01734159418356579 0.024438137805963142
75 -0.0071329410522639955 0.013136513675463493 0.0271611792560887
76 0.0030019754692916095 0.001522917759633675 0.024705812447876084
77 -0.0010430036081924277 0.01255546440079236 -0.027441562537448158
78 -0.0022021419366185895 -0.016701674421357705 0.011432268819807008
79 -0.0067395156802346826 0.005853894917122529 -0.020900628684364278
80 0.0024432405122808976 0.017651097589734877 0.03526211696898707
81 0.0037015634990141544 -0.01579147615450928 -0.0017281504470461962
82 -0.0033571578286357255 -0.020031415321486987 0.003124454215450297
83 0.006054065530789923 0.017927159897045797 -0.04108091809518352
84 -0.0010087572708438065 -0.018054038644134254 0.007152843149664134
85 0.005539614516533661 -0.03187133201789612 0.0117074265347864
86 -0.0100749904461847 0.008897012912157977 0.022706764532982496
87 0.010539593563560629 -0.01458818410100167 0.014931775342870789
88 0.014582438299358264 0.014432061958569081 0.027405197710769214
89 0.006484184965821871 -0.018070904708026567 0.005074960927594391
90 -0.0009614789397853797 0.02002118872030237 -0.01185361500499535
91 -0.010597906401813462 0.013384344814847095 0.028797573364753727
92 0.015389262217010827 0.005822491585245327 0.018672868596368186
93 0.014759964230008894 -0.030372961012916658 0.0051503668416969985
94 -0.0034488194973106723 0.013319679493770765 0.02278528538659235
95 -0.011510959524527381 -0.02843347518014018 0.012434458580394752
96 0.00817392091975773 -0.02789452442704657 0.003017593370485628
97 0.005561546264440491 -0.00724287469188116 -0.0025140363025332787
98 -0.008728201852682485 0.0023791836658370053 -0.0236097949963162
99 -0.0035494512975041584 0.006984365917624884 -0.024546401300320958
100 0.0034012269784359558 0.006338087540206908 -0.03233289498650612
101 -0.008557854462565233 -0.018602384939633065 -0.0006530998170135634
102 0.012681714503511923 -0.026776438383929846 -0.0012397581212998787
103 -0.0007867711586553514 -0.01348937494594761 0.0059718466212384715
104 -0.002487197715659672 0.00864847073231019 0.018291401191312964
105 -0.011456236622686397 0.01306005939924055 -0.031128660028325227
106 -0.007794251391099873 -0.019264926199892576 0.0033830602573803777
107 0.006461436004052183 0.022289154530198023 0.02238055594104575
108 -0.003969185142630507 0.012385726642756136 -0.032697849163858685
109 0.0049217442152071494 0.012609189870718338 -0.022614765700930003
110 -0.002423062594116364 0.014455145144244494 -0.014932660169539931
111 0.001516231006443984 0.010920431115039146 -0.03258645757526356
112 0.02087948837898526 0.014448144398289082 0.018051949759706427
113 -0.0008983378153553136 0.022931509706767862 0.0027699173420470263
114 -0.002420264988617714 -0.017876155628260643 0.006505731512666073
115 -0.0033246188666377877 0.012520355647829003 0.01821151136404102
116 0.010947277140338121 0.007721751223440952 0.023480416044222255
117 0.000571747258866287 0.009366787167479181 -0.025105426041568478
118 0.0008525674155201277 0.016593439831878144 0.029853271939250393
119 0.0013234837483540804 -0.019863543828946208 0.002469120283530194
120 -0.005587953620375431 0.01837278671592673 0.03503765433614194
121 0.001550046989769854 0.01720917972045899 0.027973515318250125
122 0.012596739286051914 -0.032479720556267175 0.01149381417218637
123 0.012209866540889843 0.011673062077973247 -0.017310851784692258
124 -0.006184318912564678 0.00632381375499127 -0.025318632880057465
125 0.0004810144970359559 -0.02583060237901254 -0.0028872308501102072
126 0.002232498732878929 0.01189116340241235 0.028460183953530664
127 -0.006925761428208457 0.02356711695573964 0.03266748876268148
128 -0.007107972276090349 0.01638363637362348 -0.023826435825963964
129 0.003534788909043185 -0.017577840184301023 0.00044573707381633833
130 0.00018055826574094307 -0.028776832779669588 -0.002503358100800336
131 0.004159160668898973 0.017389135169642994 -0.028198920290522206
132 0.004933369727775306 0.01459345858884046 -0.03696743229161474
133 0.00045325840038961535 -0.020889936431225886 0.003098189271590838
134 0.004062761677652682 0.007121641999605535 0.03371518315742854
135 -0.009008272702497048 -0.028361197112750994 -0.0010772244155620417
136 -0.00815424598901656 -0.0074410405572983215 0.005936047531443161
137 -0.0005935383034010658 0.01844540633290479 0.02727829901569167
138 0.02308756046416282 -0.017196996413352164 0.010186335148243306
139 0.0019025144556395132 0.02286997609190377 0.025043571615132466
140 -0.006097994143836716 0.00172195575765266 0.025581106087876372
141 0.005383077142384698 0.01773578602938153 -0.024431648520222053
142 0.021691787764096845 -0.019637129113573286 0.008235005166257138
143 0.00719002844130838 -0.026273719792820234 0.0035828348864096245
144 0.008780793168054177 0.016516302536639868 -0.01914569188967369
145 -0.0023986091532610873 0.02409922585945014 -0.025435664736048108
146 -0.006473385624894926 -0.032833816677788535 0.009753105860307388
147 0.0021367160738963546 -0.028329698308833626 0.006729054875740005
148 -0.0025859200494896106 0.012150572692150634 -0.025182171521933715
149 -0.0006822570420549831 0.010309976432299667 -0.02280060046164613
150 -0.0029366195661665977 0.002149658495446724 0.0324391023244706
151 -0.011764877262050888 0.00827668178913379 -0.011695709485076734
152 -0.006085387287986313 0.013147426223152745 -0.0314779563116335
153 -0.0038527043568321664 -0.02240076828070396 0.0056026591434240516
154 -0.007180982857972196 0.014488862302202359 0.02400968004977979
155 0.0051368152202340474 0.009096581365360628 -0.029315502253425836
156 -9.355858068701983e-05 -0.015164995754024812 0.0054955734745464994
157 -0.016967358634260625 0.010154642435124536 0.02555926558060613
158 -0.0014913468668432267 0.02461450295368512 -0.025310718529539825
159 -0.0007753720180753015 0.018948015144512574 0.021108808625677815
160 -0.019458917137740825 -0.03404918422674793 0.00492559617077987
161 -0.0117662737156638 -0.03742991063429839 -0.0026703709110454626
162 0.001514889145267373 -0.02554146668114738 0.0018251568820249163
163 0.0005501885647678992 -0.019303149679373154 0.0033590688172924574
164 -0.007674767672691235 0.01915424924540321 -0.0217540449149645
165 0.0010009227086571378 0.007402494230441564 0.015012029858394775
166 0.008373965203193116 -0.0190651401561978 -0.011880190083124256
167 0.0014303519304695988 0.009060422024083484 -0.01672727035523095
168 0.015443423369227521 0.0014262085824170933 -0.02048049966774895
169 -0.018256773611082022 -0.012264672550494016 0.004114161087244824
170 0.007327198446210506 -0.03131570584248171 0.000982455784435142
171 -0.013535106702255106 0.006073358776345407 -0.03040584074237905
172 -0.017230777156966554 -0.023586028754379595 0.006197461955485956
173 -0.0039044222755967722 0.01733490872052746 -0.02537090855666716
174 -0.0001928420581681252 -0.01496961502632306 0.014614523405639266
175 0.010522081431225704 0.009583749021067001 -0.027245759366686606
176 -0.01332775630173838 -0.011242451815460828 -0.006828410769556165
177 0.0013900088975077225 -0.017609896236238348 0.014025858610425825
178 -0.014099658359417025 0.016732935375000473 0.027934280372297518
179 0.003423227380655154 -5.607664113824705e-05 -0.024455521440609293
180 0.005796291547146627 -0.011007349020685939 0.0034144302241155846
181 -0.008114410963998356 0.01563597078330855 -0.015694444457783993
182 0.0023908514816993365 0.023236333829884923 0.03914072140834751
183 -0.013877303899864316 0.009841923471550636 0.025095353879151953
184 0.0016103303095674239 0.02686683339528627 -0.015267586564918965
185 -0.015961015123488118 -0.014537682122366499 0.005551595333797326
186 0.0075933785819452745 0.015367062021256874 0.028709144565816816
187 0.008308701146735722 -0.022612835377376725 -0.0066255016248848286
188 -0.0058118554695413115 -0.014647604419713661 0.005515750597614401
189 0.017911629031410317 0.00983631181106851 -0.019263143373439547
190 -0.0058120437115848494 0.020976312770679996 -0.023800808041725255
191 -0.006136412071896743 0.02186121592441441 0.02490845821493852
192 0.001497003029569892 0.02214201506582143 0.020683281232593692
193 0.002204758047790042 -0.016512500419232495 -0.000860340665235472
194 0.004499082689385087 -0.007382828117032163 -0.004657478266642471
195 -0.013910632078703869 -0.034223641281159 0.0009913023354884481
196 0.01675837499779284 0.006869865399998731 0.018681401797127975
197 -0.001635582383932438 0.0194220922919387 0.022553239003577544
198 -0.004816298665923341 0.009566916900573048 0.03479004156820224
199 0.010668795843510576 0.011096811662029818 0.017181841440828183
0 0.020501793330190546 -0.020158485288611402 -0.011852572188705906
1 0.002215572857194938 0.024654481971936162 0.02045258327848966
2 -0.004379610471108131 0.005760232904403369 0.024036613167111247
3 -0.006846061667330566 -0.007324949063544847 -0.016109763551198215
4 -0.006938590521827865 -0.012547933747038192 -0.014701333720217119
5 0.013860536722610256 -0.0007995156032967674 -0.012091688646918702
6 -0.004320457191224955 -0.0056669096101727295 -0.012133564603886565
7 -0.01036105865783913 0.014708102244138457 0.025252221635543866
8 -0.00251458893144511 -0.00864350601352984 -0.005397277572212528
9 0.004709865637512509 0.02004967341293161 0.026387382791000634
10 -0.002631114936953463 0.0042476204630190195 -0.01977189966033871
11 0.010554265128554494 0.007296131973389963 0.016500932840666824
12 0.0062331891608347 0.011141145406756939 0.026762479361380584
13 0.001585131790419133 0.0035938019010153116 -0.01698073678045689
14 -0.0010513402183345028 -0.003563247908070659 -0.01375040685689452
15 -0.0010307143304335992 0.00292135337476665 -0.03259324663727074
16 -0.003919824954964533 -0.0021053005637455546 -0.010214843049380536
17 -0.006774752161548617 -0.013211733613108595 -0.014458000264517974
18 0.0022023076221533208 -0.01333232831490308 -0.011880786371490114
19 -0.0042685238837768345 -0.012426232734607974 -0.0021605285967457102
20 -0.010427228654904586 0.0010965847799412273 -0.015581520824269834
21 -0.00240180420248335 -0.005946602663269063 -0.015312650567823861
22 -0.01096060369021968 -0.0002482493624826332 -0.023791932008885713
23 0.008496674174366474 -0.015735934352222154 -0.021398015534298643
24 -0.0018189790734735034 -0.014178518213507962 -0.013615355351802277
25 0.011588164356314004 0.009178148631744562 0.018121634605217325
26 0.012669935437148602 -0.0012551913163960267 -0.015548713414744897
27 -0.0029294425713123767 -0.00802438867095416 -0.014598426839323213
28 -0.008418364763743118 -0.015303366955387268 -0.007894037202324056
29 -0.007793049498724863 -0.010456194022960049 0.002639508299692478
30 0.0007285757858050005 -0.004815671151213334 -0.016782513557519974
31 0.012113199150846576 -0.002072748195117241 -0.010408116544782887
32 0.004398371354440798 -0.0058891517737769405 -0.005661473681778981
33 -0.014600704100779828 0.016153664371609734 0.03685233721909482
34 -0.00019258296250800055 0.017108564975164137 0.028141592572609134
35 0.008125044367273924 0.011120666512085 0.030642524156193736
36 -0.005259410227415759 -0.005616312223265918 -0.015688833853708083
37 -0.006156048884773821 -0.006461620824877029 -0.010080154065854566
38 0.007731624102558468 -0.012839003662403377 -0.012821122793262094
39 0.01891688633294003 -0.010310872062082699 -0.012597023850267897
40 -0.0034560173850920785 -0.00221287059707774 -0.015899622294413857
41 0.0016844214945161869 -0.013936274405305385 -0.006131141989747461
42 0.010491688391047777 -0.005384046732762514 -0.027084218012841277
43 0.009411036593145548 0.008728876088834228 0.017552192031099006
44 -0.011472815682014581 -0.012921350954717723 -0.010126454956725428
45 -0.010322014927245916 -0.014413048092321815 -0.01788505746943962
46 0.0030050922399064567 -0.013595029550778612 -0.007078045488515915
47 -0.0009752575734805063 -0.0074727289004464376 -0.007517472875844661
48 -0.002528330455318314 -0.006606531166651511 -0.009914145611694937
49 0.005700922578813973 -0.00011425956909590085 -0.017983816439939265
50 0.006185663956087384 0.021951290975919135 0.03145751698500526
51 -0.0011716707710116674 0.02488644590364618 0.02885512945645869
52 -0.013008722198786314 0.016488423937314978 0.027656543124048513
53 0.013604194282147333 0.019737097346769036 0.02172528644125222
54 5.3514292165594834e-05 -0.007693235939128046 -0.014833154584971388
55 0.012045702322126123 0.016481751512740506 0.024268607047389593
56 -0.011596846476996936 -0.002544760534611605 -0.02082454594735575
57 -0.01188963682789268 -0.008252152464950646 -0.01614769017346599
58 0.0005176980129659517 -0.010256166772235691 -0.01472419627838166
59 -0.004408709931784676 -0.010793510533608365 -0.01579412820081287
60 0.01369531560491687 -0.016023360309117954 -0.010618174907890892
61 -0.007989759028115072 -0.0015032151496401497 -0.016089168601860195
62 -0.011859619348707634 0.00833999984208858 0.029037179194807583
63 -7.413511413940921e-05 -0.005567459176385604 -0.012521797492503445
64 0.003740468096471203 -0.0026477876345811155 -0.017157839450651226
65 0.006698139019884083 -0.008907438264355812 -0.016051135515073985
66 0.0036062875965858624 -0.0015759128282202342 -0.014178054491676875
67 0.008735917813652384 0.01617253012493316 0.019238899601206658
68 0.0017606984895667775 -0.009044864945412144 -0.005034290604384942
69 0.008911010164365317 0.0217232326407015 0.01796788539525563
70 -0.008793044112383686 0.012464417389276422 0.018694448081839357
71 0.0038875937725644707 -0.004697728846991531 -0.01214593065151736
72 -0.005498011085750536 -0.012039954725146733 -0.015070792125822519
73 -0.016893670229798263 -0.0024804023237197693 0.0234177951871829
74 0.0080841419086948 0.02177111197822877 0.03704676574367284
75 -0.004286693021179733 0.019595599121333226 0.022591238989531096
76 0.013253270229722544 0.011556720581668109 0.02499118924161503
77 0.003950139004190889 -0.002424531037433404 -0.011264955080959121
78 0.0055990904035927505 -0.00513281090476625 -0.011456358107080192
79 -0.006065774351448096 -0.0026488423166993597 -0.018617109695329384
80 0.008901938251191684 0.016124429611024185 0.020715759451597204
81 0.000510809771518593 -0.012068780746881752 -0.007487059375910668
82 -0.00043960526924179295 0.001128757988054882 -0.013677237555114588
83 0.008541521820352428 -0.015494964010772126 -0.009821829561769718
84 -0.004939557933000236 -0.0025738929144155306 -0.006156429436092023
85 0.000933310424911786 -0.001929831448607991 -0.019906278506667496
86 -0.0011405129496354013 0.009308441180246659 0.0220880246072162
87 0.0036134248634997687 -0.013697012974955222 -0.018979986675481522
88 0.019238537943806644 0.02011620583631675 0.02565549179498141
89 0.004672209646206384 -0.006059916986117804 -0.010976569740722742
90 0.0014247265395865606 -0.006197008819052233 -0.018281201724637798
91 -0.006450111624229898 0.008403280038335948 0.01630723663627371
92 0.007209074765214235 0.01933676323700926 0.04422918913128627
93 0.004693021684486015 -0.004308083890818576 -0.005118055056873752
94 0.0032718365846931656 0.01218956161287377 0.02189840166226728
95 -0.007475293915599243 -0.0008180594935755098 -0.00455773961851199
96 -0.008197506458581767 -0.004595731898014502 -0.010702899839440977
97 0.00032406811095853777 -0.008900701833954965 -0.00912167139421946
98 -0.0144085723728197 -0.00904746888929071 -0.014268141707767384
99 0.00220847344638795 -0.007993962875831588 -0.020238498438153715
100 0.0006776898793004749 -0.0063917366402097015 -0.018357033211116827
101 -0.006640128379534732 -0.00945907929905531 -0.014399943375251521
102 0.010286165860741811 -0.007548088903014422 -0.014513129405384607
103 -0.006247939987034344 -0.000434092378732244 -0.01368249314678085
104 0.005996203762541456 0.011737763267979526 0.007374438956475528
105 -0.00775133122201517 -0.0007380256622887271 -0.01749949838597388
106 -0.003855206546111309 -0.011565276444622574 -0.014763870816010268
107 0.0006046303411391795 0.013454027829816709 0.033602353036834384
108 0.008363747677667554 -0.012387147578194972 -0.0036063831756605463
109 0.0029789049936690126 -0.0019489027096819683 -0.01647979597788183
110 0.003216971965157805 -0.01092999269458396 -0.01511955933501373
111 -0.0006297900543464803 -0.0013592013090078792 -0.023590095812850348
112 0.010170093165502075 0.0014020593335928588 0.013889020651529388
113 -0.006974244526717481 0.012934721983769406 0.02219986076826614
114 0.007315670091290161 -0.014854768344540026 -0.008401137568020819
115 -0.0033892277912699956 0.01619959414436104 0.01443951020137342
116 0.007597061633370275 0.016337198271123538 0.027615485066148235
117 -0.008680602672385414 -0.005050696795644984 -0.011366574670295143
118 0.0029450026638968055 0.01851716398493919 0.02580040925558981
119 -0.0038230650429683707 -0.010602527373496727 -0.014336885623872888
120 0.006699681244109804 0.02656183146021425 0.029749302189135518
121 0.005021186801504233 0.0127393145853971 0.030454785292990637
122 0.0065708463097337785 -0.012855572954879962 -0.012512568334080508
123 -0.005106708701661668 -0.010171183564390274 -0.010044431241231139
124 -0.004660961656445015 -0.012142955261817903 -0.0019458032044470247
125 -0.000924822875066008 -0.0023111213807777767 -0.028039834364508062
126 -0.0066170799525393145 0.025892641555988142 0.021773210497678677
127 -0.0007153369844574223 0.022624011402992028 0.027473116087135985
128 -0.0037156755146514307 -0.003454675149197197 -0.008664785117458648
129 0.0070646067724401546 -0.013953859316898735 -0.01843729267961048
130 0.0004211432102182687 -0.0012795164175174178 -0.014728775569097439
131 0.015778666460407 -0.010988203739668648 -0.007729023308190475
132 -0.0013266511249618467 -0.011272152426391586 -0.019415480640179006
133 -0.0108764110944954 0.0017682061465530002 -0.024524737102698854
134 0.01816378776957231 0.010188355744175953 0.011671900971823551
135 -0.0018837741034494065 -0.008541113089719596 -0.014469274897938394
136 -0.00036643025914595215 -0.014423296978472742 -0.01924173618962309
137 -0.012861942544339706 0.014868323239321468 0.021213270589663553
138 0.0014245931738171846 -0.005268043679903453 -0.017837556348384687
139 -0.008094267999216642 0.01519512144948671 0.026276341284174977
140 -0.01697977270122209 0.007347504014034395 0.01643309858441023
141 0.006918884477653174 -0.003551166575133463 -0.011496732051707405
142 0.004814176784861041 -0.01013649398568732 -0.014447491683922887
143 0.005130542822082057 -0.0027790531186383804 -0.003689028569752246
144 0.0017123804678978866 -0.006338062352966876 -0.021158143525520277
145 -0.010005909440952997 -0.008827554962069467 -0.010729414262946095
146 -0.013583277979155026 -0.021668756294603103 -0.008006439978011117
147 0.0005486258934564656 -0.013741960639488696 -0.013312055915361474
148 -0.002389570201836391 -0.0066863765310553255 -0.017594173545844603
149 0.006848916734690826 -0.002276208974108143 -0.01334338142060118
150 -0.0017138146928075346 0.015303277823542872 0.027899861198960027
151 -0.009420927401193505 -0.0062394572160409945 -0.0001908824969360859
152 -0.0045262129434636145 -0.012911414982827307 -0.010042632798369186
153 -0.0026071290927101795 -0.003345440415201281 -0.020572044649860066
154 -0.0028011923108573755 0.016938681946804604 0.0166419254090392
155 0.0022322491020510867 -0.01693916099875617 -0.011471506743598217
156 -0.008695442726266187 -0.0032953152257624123 -0.014394076430688635
157 -0.004782226312618501 0.012102741775402437 0.026986934599853324
158 0.0027134155745297817 -0.0005272161993952473 -0.028372947975312812
159 0.009606543561624943 0.009754654407900104 0.017367308608454174
160 -0.00940127764753626 -0.005937762484463288 -0.013116113116025507
161 -0.023200410520348574 -0.013060133916327155 -0.010503502385791353
162 0.007916613954190042 -0.008118444070370455 0.0002440650917278596
163 -0.004013414134794609 -0.006189769153453303 -0.00972153731514699
164 -0.00327908951321354 -0.013560269457282961 -0.014797188606477725
165 -0.0039517572465899604 0.019234983836009956 0.024520509216671017
166 0.0006559062632919537 0.0050129832377792186 -0.02297097435252167
167 0.0024278247404001356 3.5362852298312375e-06 -0.019514694547331596
168 0.017184972419722597 -0.0056778436128158225 -0.01804066834470129
169 -0.012416162971297481 -0.014023262553360248 -0.018334438791802105
170 0.015392526854483751 -0.009930768055402994 -0.011956266603649162
171 -0.003433078252926068 -0.011147327079425104 -0.010713549688242355
172 -0.006848786945661198 -5.568686400163336e-06 -0.016365842560857078
173 -0.001663558582508145 0.00013672132997682995 -0.018831709689405243
174 0.0013928073339690705 -0.010358347790026756 -0.01704386262949467
175 0.0020616498461643665 -0.003036680027112333 -0.009247225189912112
176 -0.007204528412370452 -0.006405438887041089 -0.008882388385968937
177 0.001573397122280825 -0.005380073400235372 -0.022643645027692512
178 -0.006749772965920636 0.021894414139906074 0.037182013642586345
179 0.0006330725723315417 -0.009276916797504555 -0.019900027894187183
180 -0.0011063782997681269 -0.006117114246636104 -0.01705398692193542
181 -0.0019759516734240423 -0.004724981523436506 -0.004987437112137859
182 0.002981988145593825 0.012220953778866978 0.030472376854650415
183 -0.007863050678875882 0.003760121737139499 0.01642527014117448
184 -0.0014598865411953443 -0.00999043609080933 -0.019183951902718488
185 -0.008859370263695099 -0.004317658260122703 -0.016334437848509943
186 0.00404016639457206 0.011127467115143765 0.02746835482700702
187 -0.0012958922849305424 -0.0006036101899210972 -0.012884401634605422
188 0.007147351767877751 -0.0021342901769935627 -0.008964758299740904
189 0.007713242143178256 -0.007175485055555677 -0.004208760491667629
190 0.0023195941325342686 0.0030451052069187523 -0.008319860552703007
191 0.0010251900651272877 0.011535603141364814 0.028743294844258353
192 -0.008164319580981131 0.01331780427033654 0.02159169420450025
193 -0.004889530729708181 -0.00988127657585823 -0.010090501564890537
194 -0.00789958278365751 -0.010983585567105561 -0.016458853850691357
195 -0.003303192221196606 -0.012076178165491641 -0.005933905217444613
196 0.006470853711609464 0.01122995903274546 0.02127039541366659
197 -0.009640938585428402 0.008960522963006382 0.027739595724219378
198 -0.013380521391301858 0.01437563082523529 0.021593716250114275
199 0.0029208380630358216 0.017376249770602863 0.02502026131128173
0 0.006189139695417609 -0.013498605988163756 0.018645333173152624
1 -0.0012000669950319948 -0.0035533932084088615 0.02353041429579425
2 -0.012658955337440311 -0.010745131218644184 0.010014639875534165
3 -0.008993547500238258 -0.020471888172099897 0.018310842200933753
4 -0.001512196888082882 0.012779652208577824 -0.031422794504403946
5 0.016592417107904073 0.011952666428689897 -0.034499782921836766
6 -0.0026473717500990384 0.017085220171963306 -0.032608139970028496
7 -0.007940611277090857 -0.012298099370459024 0.011937280551414436
8 -0.005682541864716558 -0.012997984471954452 0.014047761692852483
9 0.004577813807859515 -0.006189669249562629 0.005559762682818908
10 -0.011072095983751362 0.010822725914808283 -0.027198518990672542
11 0.0014364420156763452 0.0006095021461074088 0.01630849457876362
12 0.005850674255357208 -0.01671810313545783 0.009768131022529804
13 -0.005787350232113214 0.003282644263445149 -0.02275259301736874
14 -0.00623063789274481 0.012078859724141265 -0.03231447683922186
15 -0.0030624945965108535 0.015160105397494544 -0.01938659484499533
16 -0.00989602680881857 -0.006586796024694495 0.017010306422395535
17 -0.009419108064188476 -0.005663938204878802 0.013751890323179685
18 -0.005431574872530943 -0.01064617049050641 0.014689638185714712
19 0.006250429321188463 0.008539149900526363 -0.027622216506205475
20 -0.00813079381201827 -0.0032693888656890463 0.01188271277297791
21 0.0018820010928676384 0.008615963526398589 -0.025199200406717706
22 0.00024726264427174516 0.01003297559394108 -0.0315587812707086
23 -0.00908665891866254 0.006852436878516346 0.012097457333655021
24 0.0035079574615476776 -0.017303629269072904 0.003956705282877453
25 0.0030520129206432905 -0.007280320061177688 0.016461267813951692
26 0.013525037945366677 0.004745290971855415 -0.022437528287232
27 0.0022249696011169932 -0.011862521022975678 0.012656964324367512
28 0.00452126805218879 -0.007365550709342042 0.019857335612571282
29 -0.006442246997993159 0.006648019099607308 -0.017352486827466977
30 0.002200650313645365 -0.007440846989115929 0.013209817452132807
31 0.020342304594649266 0.013962139994806423 -0.02211506419875347
32 0.00032971666599741073 0.005787223807042573 -0.02416388603834556
33 -0.0044072454871975225 -0.009727015550562032 0.01978587276240934
34 0.004321742795092141 -0.0007456722844916969 0.01919720436710562
35 0.006162948587205182 -0.00903601571504502 0.008787434759356096
36 -0.002266677446277836 0.00577960258942975 0.016703478389008646
37 -0.009156362742957252 0.015698010763053563 -0.03262995074427829
38 0.008119110205000349 -0.0008044806980423008 0.0067771154807861785
39 0.014169227180622246 0.0034525244932081256 0.02022589340831594
40 -0.012887522881845644 0.01523204469432568 -0.02448436992397965
41 -3.075752266148719e-05 -0.02123495128828652 0.017031081376189392
42 0.013535399051623875 0.014665175099131789 -0.020753576881258423
43 0.0021632673374575315 -0.006644383285719896 0.010245288542850658
44 -0.01572790990159456 0.007436634810902772 -0.0155018611094144
45 -0.003871856295300277 -0.009673707340788623 0.009084522647144242
46 0.007676567154386173 -0.016031065676843717 0.014610491577369721
47 0.001594349842203413 0.0015824234750239086 0.0183380806603956
48 0.001321837394765291 -0.015304111361126138 0.017045401503155
49 0.004509161634418356 0.025129522780120907 -0.012845225720671469
50 0.010301456836925543 0.010866962616707387 0.014117909633512733
51 0.0011832285712110972 -0.0014740334307403874 0.025864156758723923
52 -0.00013343348753443174 -0.0032235548067894512 0.012662996040069416
53 0.008657280990200342 -0.014573907548040936 0.00536956570455889
54 -0.006937900528311086 -0.007988609927873778 0.02468707067087854
55 -0.00040404708438323417 -0.003972686704526371 0.01375837855231437
56 -0.00796784884531375 0.017427575028245296 -0.02631859163510014
57 -0.0254542593401888 0.011992042712077162 -0.01935045287763626
58 0.008271049891976072 0.002805520112548922 -0.02089680380866181
59 -0.0008326507644031917 -0.0003234974342163355 0.013502782306732578
60 0.0013192970745734209 -0.019299719610284774 0.009750995788770816
61 -0.0023403724102156673 0.017175197101858004 -0.01631587428712364
62 0.0010625558957777226 -0.0015771595520123263 0.01945892259264348
63 0.010950620790054356 -0.007119190547444927 0.017872156758205374
64 0.008477240621161806 0.016155999343248788 -0.027118795826180923
65 -0.007747308521480494 -0.009470383759172918 0.010569486342131697
66 0.0025744413180414072 0.015139478180549639 -0.026845988757631625
67 0.0018286074769260918 -0.001371642323473643 0.02605630582992774
68 0.0034335308513929533 0.014747364656864409 -0.018362297278514655
69 0.007325737095757297 -0.002239444488519385 0.021413854616370825
70 0.0012103404003531854 0.002349975939120591 0.021473671192104665
71 -0.0010203796584753568 0.013390585526713489 -0.021349830613527264
72 -0.009560360200017597 0.01909179324442195 -0.02992880699791045
73 -0.003923453660145335 -0.001286953013706186 0.019372041111291642
74 -0.006892572678268175 0.0024762426645342367 0.019166954181623716
75 -0.008506909947036727 -0.005967076554814814 0.018471694981739464
76 -0.0024724297754880054 -0.0084945723843756 0.0047978722421551795
77 0.022045490434788602 0.008293892032811619 -0.015472130415996585
78 0.004385120669065712 -0.018471986430122884 0.0022200931844691004
79 -0.0010849555266466276 0.01692618175951927 -0.03795793778313082
80 -0.000539803719296364 -0.0002019789670787836 0.013111847196426982
81 0.0014461169485077158 -0.012433036735486694 0.007882173053751244
82 -0.0014641225320974893 -0.00741732379949666 0.010550020240186624
83 0.003807580848653458 0.014660630284238418 -0.034823121657294426
84 0.0022732032982292413 -0.009683241713469105 0.01012514069229664
85 0.009918115095567455 -0.00981240647966497 0.02294095295282391
86 -0.006351750190354166 -0.0049155690455540725 0.014824544142111547
87 0.006769981421554147 -0.0036740983726830725 0.011763251080847891
88 0.013270793316525975 -0.007467032756826697 0.012801066750104728
89 0.004698579107417687 -0.005534518432709003 0.010204757728734174
90 0.0062233012742642785 0.021002745371789783 -0.028704665279138182
91 -0.0154802991460571 -0.004997614933330778 0.01812383296530047
92 0.009992216769866821 -0.014186962394655105 0.018272940851667363
93 0.005236591141337579 0.004492271879834933 0.013916391345263335
94 -0.006264612412246224 -0.016639626114634154 0.022023513540722378
95 -0.007860561603576413 -0.009969440278075621 0.004794440658150474
96 -0.010179234908385001 -0.005015839020368007 0.016052654119705214
97 0.007654199666523167 -0.01045770848311424 0.0022455719627983914
98 -0.010594245634446262 0.013898473798187249 -0.026397039727208263
99 0.001646958856770253 0.00909126275765285 -0.026138953873354527
100 0.0003525727499887263 0.0005574907210940346 -0.02450657354784405
101 -0.0026406368531236915 -0.009004238103320628 0.02061460646179208
102 0.0032155720367802176 -0.008949549996796688 0.011246739645858303
103 -0.006941652444457269 -0.01145148175857634 0.014828547531502444
104 0.0017580956126738226 -0.0009484958727505183 0.0168679084027182
105 0.0033223990964412822 0.007509635146408587 -0.019412420691799492
106 0.003185075537252415 -0.011985846678295956 0.00902863423838997
107 -0.002033166837661299 0.001017803960694591 0.01855260935252813
108 -0.00868828208307814 0.019257387111737738 -0.02220439249866886
109 0.009106158015355303 0.010909503132943026 -0.0032153604676495584
110 0.0016299257261365337 0.015600207524217851 -0.021679615252930218
111 0.0049509353255423275 0.019789885411907286 -0.0233893371130319
112 0.013693624835344129 -0.01856359100573706 0.014224750510239657
113 0.0018434466677346127 -0.012459004063208351 0.017696081550438558
114 0.0015555616429988248 -0.006671747418402443 0.01077692554481226
115 0.004675115772311219 -0.004190896910568086 0.02050481811382019
116 -0.001431954506401989 -0.003187247263847337 0.018775999076543065
117 -0.011911789495196036 0.007726986949562623 -0.027137918728927457
118 -0.0021513606389360947 -0.00190512882124938 0.021075265687895472
119 0.005137589251967379 -0.0054040840436922755 0.01886680990612318
120 -0.0031655893743903164 -0.010081843332743687 0.009065447497219978
121 -0.00298970988728507 -0.0044111707850119225 0.010708419992208201
122 0.003650978372780826 -0.0037674898030475718 0.014242941303530142
123 -0.0005919496703644424 0.012553738925178238 -0.023544053092084315
124 0.0011766846972462927 0.0064058300847931755 -0.03070992413172601
125 -0.005961889617431342 -0.0033244171767683253 0.018680085066485504
126 0.00872167635435844 -0.010170436301039913 0.012634187362962068
127 -0.006881589633345994 0.0008667766845251584 0.02110877392693855
128 -0.0002886500429445868 0.003413415661900829 -0.026349830327204143
129 0.004510159524384501 0.0010397660960257335 0.019879672004455024
130 0.0020495793843920496 -0.00878772060092576 0.0194858512151745
131 0.010160014703607778 0.0328686106565594 -0.028275608772608055
132 -0.002847559743295906 0.012791049377384026 -0.01892360631016829
133 -0.008433790060989502 -0.004999163512043839 0.014139336619801652
134 0.015492593881887617 0.0029864720734923272 0.01604814291941708
135 -0.0007731742354855631 -0.007701329136422699 0.014881288334121466
136 0.00199853098586145 -0.004862005460842887 0.012467024531873094
137 -0.007864887239307727 -0.005756596046769036 0.019018715558851818
138 9.929473364951591e-05 -0.009580909832254444 0.006478603925127212
139 -0.011959155003980204 -0.003949010002794268 0.006313835216523789
140 -0.0024505363263893215 -0.002507438223888398 0.015957408795276518
141 -0.0009230506723174811 0.0203770926278289 -0.020481051904305575
142 0.016202931430685907 -0.012978634831979433 0.02151342299947628
143 0.004692970891409541 -0.001865274655993586 0.008899147025208852
144 0.010604257635538489 0.009094091113512587 -0.028353368170051983
145 -0.006741276473790296 0.008874978616265496 -0.020029366819223828
146 -0.00940008671960843 -0.011844114616325355 0.013385218536839683
147 0.008549780323580405 -0.011710934095960579 0.017892312631196675
148 0.002926274201199928 0.011940043860110907 -0.02229978637017878
149 0.009228015806053667 0.012613181900964787 -0.02232792192722874
150 -0.002320357964752214 -0.0030130361083464743 0.023047487210429346
151 -0.012451716570952898 0.015738531992505682 -0.02345376412173014
152 -0.009233994396297136 0.01064509878065225 -0.034175716776231525
153 -0.004282891722885828 -0.015063636774364147 0.016040907180690525
154 -0.007789792358931159 9.83193585427089e-06 0.022792680060575908
155 -0.005013449944735031 0.008309087366332636 -0.021456979314336808
156 -0.004115155847608479 0.004264041323934865 0.008980516756068029
157 -0.0013635477935087653 -0.0029293351312533675 0.009793184797033908
158 0.010973328957106492 0.013152427668971949 -0.024478348438264547
159 0.004995430357340444 -0.006282149145780076 0.012799299092454842
160 -0.009850004067700951 -0.008724041685354261 0.02347214746287189
161 -0.007593822919639823 -0.017024367040838193 0.01594012200533115
162 0.003947435248364814 -0.003694612788650714 0.021224601494786152
163 -0.007889840581356205 -0.0030677849076146957 0.020246017549987446
164 -0.012292137423078373 0.013305688482071084 -0.014460811025100807
165 0.00990089484658691 -0.004812357296554548 0.020268034620467508
166 -0.0059599827923503025 -0.0033802595476958817 0.024057523880437234
167 -0.005723202880895691 0.008921530554724902 -0.02586582027627312
168 0.002975184287143648 0.005222944941778365 -0.0023295150906763318
169 -0.00028091968158988623 -0.003662033921608146 0.017032851594138105
170 0.011746156641252323 -0.020579429738522892 0.009110485732909436
171 0.0007567369480975805 0.007688045905014401 -0.012410608308564428
172 -0.0023103253809396568 -0.011199658010973425 0.025304641070361077
173 -0.004950226353667021 0.014808230365166382 -0.02582245646107286
174 -0.00613311675451007 -0.0017620714387666173 0.02657441147311475
175 0.006762004170024531 0.012023362108442372 -0.026421611002395907
176 -0.0012474878644650605 0.001722724832638297 -0.0015113293838328115
177 0.0033090664877215084 -0.014873439967302803 0.019189249372892903
178 -0.00736534723821497 -0.0043853958600474086 0.017258136148588482
179 0.008944445345644161 0.012961066995807425 -0.02663184635683819
180 -0.0003915511847653562 -0.002564216895338811 0.012048041272130897
181 -0.007373021546485024 0.0018659941936972103 -0.016705050227187556
182 -0.002819093728860982 0.009878646426966398 0.020172397661789132
183 -0.011182794938078028 -0.010284539006485112 0.01351484660535647
184 -0.005425520596185521 0.01227189950064448 -0.00850337696541386
185 -0.006873877144467716 -0.003712524537018154 0.016531938583763887
186 9.120161669522175e-05 -0.010007065908068605 0.014883509668998068
187 -0.00651817074867277 -0.022006065648425208 0.009343155987234975
188 -0.007834900320666027 -0.008936018566474337 0.01110232175419948
189 0.015371018354803145 0.010118531239631568 -0.03277405409594198
190 0.005199341335344608 0.01809582050374274 -0.030661642230261993
191 -0.004397589423668309 -0.0030849919431159625 0.006453378063542403
192 -0.0020742672664282487 -0.006937073827861823 0.01482017321078162
193 -0.0017436493830179402 -0.004704923484136286 0.004640226090796272
194 -0.0007867332651506093 -0.005602019724279157 0.020639706809796238
195 -0.0020276081838386945 -0.015437789989908995 0.009100437450904709
196 0.002961569146748111 -0.006086994911425378 0.020587201085984233
197 -0.002238182390727081 -0.00799762522607915 0.01146441575663655
198 -0.011229526305295723 -0.004911012064407291 0.02671646813843169
199 0.01089479572565833 -0.0027480079441020433 0.016154622358565032
