200 3
0 0.041323286320947845 -0.03670724431196074 0.0022381453992157984
1 0.03261236828280924 0.007182836002932592 0.03297125688134151
2 0.039679057540933316 0.0341013144118542 -0.0320076430576156
3 0.0399576845847404 0.024285523977721456 -0.026160071730512997
4 0.038543030639733036 -0.024323313678007046 -0.0020043668116780013
5 0.036470717498864054 -0.03527978869876581 0.0011934160450499704
6 0.03616465629442219 -0.03564197563123576 0.011606118209949598
7 0.036470961553011216 0.02331384073941897 -0.013701524219269628
8 0.038829605020150364 0.016980929272049874 0.0035447906116925832
9 0.03523227002363433 0.018705631650584476 -0.019455132389034048
10 0.03361946410526261 -0.024010760588121544 -0.003267624800445111
11 0.03328588204156819 0.0027183466080009304 0.044107219943346675
12 0.03883049497890192 0.025774852869568005 -0.02780363844681374
13 0.03737283765500322 -0.03026121546598784 0.01060858434618545
14 0.04078198463717254 -0.03541205504302743 0.01382502824570773
15 0.03737281047786149 -0.03552947364946205 0.0019077767717297792
16 0.0413228947324601 -0.02324693552182141 0.009806699025328264
17 0.038542625673604815 0.0332364027807496 -0.0022729306560306676
18 0.03825409439135324 0.032627285689103655 -0.020653946952419518
19 0.0396782507265778 -0.025162290887914013 0.005627100988223927
20 0.03967887011975138 0.016865556898411686 -0.017459843236553745
21 0.03882978074783687 -0.03430042059904581 0.005453915049663041
22 0.040782668239112405 -0.0379386949559757 -0.006152406250045769
23 0.04050874755166424 -0.026581547595598057 0.01107216162357491
24 0.03995719639483282 0.027300879326969944 -0.00521763124722452
25 0.037962658252790916 0.022985427044096687 -0.017203240158413808
26 0.036470539054595116 -0.017436490954065315 0.010137487642174035
27 0.04023361605823682 0.02783744269417198 0.0017541576086411118
28 0.037669009209277085 0.017753597448787014 -0.014937737902988682
29 0.04050887102456846 -0.03557511991688904 0.012367537269618506
30 0.03677357860890894 0.027501518735080128 -0.008134824922753978
31 0.03647058472527957 -0.028649793810614145 0.008306032421542632
32 0.0391147378072583 -0.02842380649763953 0.0022157023552024056
33 0.03192321338625703 0.007790927770061969 0.06139715944346327
34 0.031220530608111655 0.008429498816067632 0.045168607554295574
35 0.03883034101210945 0.027967916850510952 -0.02725128524245189
36 0.038254155851046856 -0.032427533790031715 -0.010854358705189719
37 0.03295262558939471 -0.027274852486012684 -0.004376172030522828
38 0.04078278405365624 0.01560099203518836 -0.024018491978708072
39 0.03825337508220711 0.030331498357524238 0.002163554091765183
40 0.037962219117635775 -0.025939871087239035 0.007792739976638727
41 0.036165108773790616 0.03498614276242671 -0.013612198025403864
42 0.04050850744172861 -0.03062026583143625 0.02269759779394874
43 0.030500669631439225 0.01111526943078446 0.05196371089118957
44 0.03967847262303401 -0.041065068444427553 -0.0010066424956655046
45 0.03911530663261374 0.037709577737588214 -0.022888854715177043
46 0.03459623473473971 -0.03839428556078191 -0.004302035221925389
47 0.04050944155071199 0.024780437924935044 -0.006576639847451948
48 0.03737304259642923 0.026010490730151797 -0.012013455742366126
49 0.03585684259976489 -0.03210249471482515 -0.0016067872994452543
50 0.03226894417063728 0.013946179956514478 0.06600618741210204
51 0.037372542867073325 0.04062192997781023 0.001124653478076307
52 0.03295111057913869 0.00087698081822015 0.028713851323609957
53 0.03911543910544753 0.02855628187407938 -0.027208294994306027
54 0.03677411333682572 0.025537192462681185 -0.011828394631299904
55 0.03261193352313259 0.020884612141182413 0.03985946451401109
56 0.03677384721391295 -0.031357522054516834 0.006685590215716255
57 0.03995722476033404 -0.035670852653191774 0.008153404014440204
58 0.03491509314649175 -0.031712033616661015 0.013502873569007218
59 0.040233882381782334 -0.031310777910784494 0.013425250830518745
60 0.039956399421002854 -0.02691583288772262 0.023385377700404636
61 0.04023398204583822 -0.027842492308774187 0.005198374189678401
62 0.037962694288543576 0.032534145641228404 -0.01816445933191576
63 0.04159135176262965 -0.018317756777317774 -0.003514817473876298
64 0.03707457914075262 -0.029443585675414986 0.005685049437501627
65 0.03967895288878621 0.03721510200621734 -0.028836615364602972
66 0.037668701442371805 -0.02845103317687994 0.003955795313256355
67 0.038254067317650305 0.03156349848601792 -0.017482924526737664
68 0.0391145202951865 -0.03547840739465814 0.005851781340197483
69 0.029764122897579334 0.005066954803923516 0.049101915967866186
70 0.03911482335906778 0.026798792586702164 -0.009644492665129597
71 0.03707402204402781 -0.03845195275570437 0.01664585003484159
72 0.03911465701324599 -0.024822491065570523 0.009042154728787919
73 0.036774433006407134 0.027357332653061166 -0.027108591494498926
74 0.04185778221557101 0.02088539599247538 -0.024846836538661363
75 0.037372975042387964 0.01895166900095023 -0.007252914953490113
76 0.03825377051525673 0.0274523689175681 -0.01762902778983839
77 0.035231797787736836 -0.041936282177470294 0.012095265390895504
78 0.037962171144727025 -0.036137482005285444 0.004262737088209111
79 0.04050926008680809 -0.03815722384858648 0.0010314673148205979
80 0.03616542718895017 0.023537404820068792 -0.019407820449415678
81 0.04050906789023852 0.027720300994012605 -0.010883159792439052
82 0.03854284633868472 -0.025613661073059107 0.002367120053574899
83 0.03854267398359706 -0.02176611205451624 0.012596605201517048
84 0.03939789752319372 -0.021359939246152045 -0.011051764401971021
85 0.037669249184526264 -0.023732734426529647 -0.010472105964114044
86 0.038830346209960814 0.021878280649275536 -0.019482224581562953
87 0.036471311235286914 0.031200490775892875 -0.02890121902727043
88 0.04050961984077731 0.028142558456213905 -0.023326137854155597
89 0.03854332229000915 0.02372788343399723 -0.016156870901107297
90 0.03766841154734429 -0.024239710695074475 0.008708157183425689
91 0.03995737031062391 0.02213989784743609 -0.012121657878483396
92 0.035232135600658465 0.031216915365453443 -0.01916779146349735
93 0.039115109442279576 0.01791735863339475 -0.016232558021319766
94 0.036165324908693744 0.02190436396004925 -0.01563728460905435
95 0.04238468980566302 0.01890898167719748 -0.01684915169123216
96 0.03737336284904811 0.022605544720029905 -0.02089478273568677
97 0.036774375493864864 0.01899654706421633 -0.02528598286054305
98 0.03825296414059987 -0.024053300511460398 0.026324404598384105
99 0.03825375333064119 -0.029536971890104808 0.006564398451472693
100 0.03737295410528505 -0.03459591867323104 -0.0015455940809634633
101 0.036165759587991266 0.029157214456469443 -0.034706321206366485
102 0.03825383235406614 -0.03993864865013417 -0.0018491225958798927
103 0.042121832740025664 0.026465610480060776 -0.016369879630329404
104 0.028623672172463227 0.0054114206865817464 0.03277790292458685
105 0.0393972987598527 -0.02403517486091952 0.009241111016841046
106 0.0402340187441239 0.02422774899947625 -0.008783735433260564
107 0.037962543879205814 0.0278805990303114 -0.018857878896573563
108 0.03967811408506691 -0.02701558665327407 0.007018352420870541
109 0.03995748086332689 -0.02831672340908548 0.0032391902462675435
110 0.037372774040703466 -0.022097236140297728 -0.0036627090672245836
111 0.0421211106575616 -0.031247996845622537 0.0173257616100393
112 0.03427167523030273 0.007370209270607205 0.053615520707509856
113 0.03995790011582849 0.024171590716894682 -0.023537266538172712
114 0.03677451835006402 0.0184898678842015 -0.026221518431771135
115 0.0376689786567177 0.026078430371481703 -0.019411741463578703
116 0.039114777878100415 0.028181569455623497 -0.0084107632320558
117 0.0388293493774221 -0.034392931113276216 0.022687634864347973
118 0.036165226221822354 0.030220570176497277 -0.009364185487427864
119 0.040509944803152946 0.031628714103384255 -0.03637349454354889
120 0.03854298069172161 0.022190955764669312 -0.012781558086062635
121 0.03854323514974436 0.027166730176739897 -0.020800152038541093
122 0.039397688652965265 -0.02841428027786026 0.0022437203501748234
123 0.03939797979466427 -0.034418615604537565 -0.0030609850342642325
124 0.03939717009328681 -0.0249330658795637 0.01895432799656767
125 0.04159095436995388 0.023753727525399185 -0.0021205282935630653
126 0.03616511243464629 0.03168710069328748 -0.016154745144623717
127 0.0382540761598757 0.013804869704203438 -0.011210770022744732
128 0.03854293986857712 -0.03105918652478793 0.002575916889109561
129 0.03766957885033704 0.02105942754668657 -0.026477590798598745
130 0.0396782330052017 0.03536221945982871 -0.0011615034941015506
131 0.03459536637346594 -0.029202308607693975 0.027035292973751866
132 0.040234149395436146 -0.032796840878230524 0.0037010320910496625
133 0.036774070424276294 -0.024198330719200075 0.001024971007648501
134 0.031573224347781446 0.020109069373849632 0.06569962843483879
135 0.03647050295307089 -0.03396890157608855 0.009370987110091681
136 0.03995739603916519 0.03795059596467241 -0.012851317726100361
137 0.0361648517997084 0.027572531549317034 -0.014888090843778729
138 0.039957537287913646 -0.03585824926905537 0.002142233752124548
139 0.02862417463796663 0.0061199602945306835 0.023242555764277858
140 0.03394699381359137 0.007812772670818686 0.025152374592677468
141 0.03677381389340583 -0.02612235605248075 -0.0004264226236453004
142 0.036773876319504545 0.029576517943862995 -0.006068251613454076
143 0.03882953356561232 -0.027265356898234606 0.00838362097313291
144 0.0355452686307538 -0.02979481644877494 0.017947421979719817
145 0.03737306792961306 -0.03807902169022151 0.003897145052791469
146 0.036774047547528284 0.02929666583934032 -0.013243989404184971
147 0.03995787093832256 0.027856182154116612 -0.024303887976945555
148 0.04132308771563824 -0.016723198253377446 0.0066478014601362495
149 0.038830231099224594 -0.03234235535597301 -0.003449691043504657
150 0.03261230715595402 -0.001602117724380572 0.044541706350456414
151 0.03911463145392598 -0.029750173366316635 0.00022022612513977313
152 0.03677359478649988 -0.026036423338757074 0.009659156871170412
153 0.03939785554854015 0.037505109147361965 -0.012429205385342725
154 0.031574241399339245 0.011909825989076533 0.04335730869832098
155 0.03647073959092354 -0.04287445090910272 0.0025460974628054387
156 0.03796246933602591 0.02447527716664693 -0.011469173753394546
157 0.03911437572230377 0.014389531150158084 -0.001321842548403567
158 0.041323316107621286 -0.032846781974834885 0.004535657070300402
159 0.03883011385405218 0.028616491111383795 -0.01392957254355555
160 0.03911469521793894 -0.024358024886541933 0.002560430744746638
161 0.04132297783117311 0.032821237562184115 -0.005297610131881567
162 0.0388300776882316 0.02389099941301308 -0.0062546757755214104
163 0.03911511169133853 0.02236348171337016 -0.020643061669020024
164 0.04132344799187095 -0.039905717815533065 0.0032217400245265074
165 0.03911511156960121 0.017015195270364103 -0.018981684249778554
166 0.03737278001798749 -0.01841184003841538 0.003157617943780438
167 0.036165164093772684 -0.021511937844109617 -0.0025456414905955216
168 0.03911450489857899 -0.031117896501724574 0.014988667397780818
169 0.03911486903406647 0.02864696057473771 -0.01347455821247009
170 0.03883032268330942 0.017022905263451203 -0.01746811844742914
171 0.037372484203303816 -0.03702400435099015 0.017133063771602213
172 0.037373268930914534 0.025274151559534785 -0.01899089323684879
173 0.03854251763138922 -0.030985808697869214 0.014206440040911686
174 0.040234611238372506 0.027679625926874764 -0.023749934481821954
175 0.037372725590000405 -0.029280776532701516 0.01091224499681758
176 0.03766923341155386 0.024065542627630606 -0.017551044183800456
177 0.037668349820631525 -0.028538801761578633 0.013492180821720984
178 0.03616285349718827 0.013481726879916797 0.05677063216197831
179 0.03737308363741313 -0.018679871177968016 -0.0029875866377810758
180 0.03707430311223242 -0.017224016857083326 0.008878335580023987
181 0.04105394754392616 -0.030181349270181446 -0.008523814871950773
182 0.027027557900066466 0.007812727225462734 0.03952687760296113
183 0.04078259255417833 0.028960405332145278 -0.01264580821375193
184 0.04105351876289832 -0.028318549913059852 0.010448042322444782
185 0.038830158195927666 0.031102310217889884 -0.017058626439663972
186 0.037372691802845644 0.019023879940876363 0.0063706425195878555
187 0.03854333398647 0.03326613151840391 -0.022531156447815018
188 0.036164919930441464 0.02164220512928133 -0.0074358027429401
189 0.0376690085910011 -0.025045913414645234 0.00026900940334657154
190 0.038829387425759 -0.019131488224051824 0.014070517866773161
191 0.039397812778962774 0.023243569039233872 -0.01160837724036573
192 0.028623216803680334 0.01535475137419596 0.047673954987217985
193 0.039114872255334235 0.027662524556114475 -0.011100224212727881
194 0.03825331514067466 -0.019782757956936424 0.017491600536572467
195 0.036165412029115565 -0.030888267751866625 -0.008255719476362819
196 0.03854311002219193 0.0244439124132222 -0.01768317223199629
197 0.0367740305253623 0.01958160923845618 -0.006574310769589325
198 0.03967867698485197 0.032575862278165814 -0.012596911909890809
199 0.03766902486657964 0.033693081772705795 -0.020860301828817873
0 0.04803307022816832 -0.007753442692991066 -0.010054050433801177
1 0.028623689935821765 0.009842033959638044 0.029773055570316426
2 0.04467983452712138 -0.005576623038204312 -0.011358830618107139
3 0.04803346497070014 -0.00014406506936387952 -0.016780250322665745
4 0.04803315873431848 -0.003026676903543499 -0.008907831480399978
5 0.04638687893454274 -0.009700023980372074 -0.012106504677512044
6 0.0421219084180306 -0.00667336746273125 -0.014419872002283625
7 0.044680219373719014 -0.0132142106307806 -0.012913298878921606
8 0.04709947206989048 -0.010133154756653882 -0.006071719801547461
9 0.04541939928329998 0.010021086804808005 -0.015447751900636466
10 0.04264601992791213 -0.01000601768485872 -0.019785246774603797
11 0.0352308861736786 -0.0044356814307217685 0.03423698173112912
12 0.047099316263303916 -0.008053991290729211 0.00029911651878182846
13 0.04709955086674791 -0.001989408182528483 -0.013792322021474391
14 0.04590573712216096 -0.0037220170566028533 -0.00871770345106595
15 0.04541864616357209 0.0028559635202231514 0.012753591424053242
16 0.046625594565021 0.004015539833285961 -0.012365409962774973
17 0.04686257596771797 0.005977796033967842 0.0034276764447331836
18 0.04418007989438099 -0.006858472829689549 -0.005680209742612165
19 0.04517421278725332 0.0014432806115781433 -0.00991694971032332
20 0.043674845572601755 -0.012328521012887438 -0.014028352875159588
21 0.04686318175641415 -0.0019625736267932597 -0.00910377827113214
22 0.04566272423067661 0.004851729770808239 -0.003230872488712566
23 0.04541971456679936 0.007137433269836101 -0.019660708377339856
24 0.04418069335684548 -0.0018554669580663067 -0.02263807026814828
25 0.04367444060247235 -0.0012598874454612722 -0.0007728255567308939
26 0.047099995240956274 -0.0048151408254381335 -0.022193826237483748
27 0.04418073308009102 -0.02497068382689183 -0.018457288184450988
28 0.04541933034225698 -0.004153035278813785 -0.005773860261466823
29 0.04709875619788671 -0.011739807071217287 0.010554102388224124
30 0.046625349703461515 -0.0032677062458407453 0.0017285956100671217
31 0.046387194341900924 0.0019616730437526735 -0.017992582880297894
32 0.046146802604805234 0.007219129895356936 -0.008791181601128968
33 0.027836731598043018 0.008581239560219056 0.04835943134819013
34 0.031574093184087854 -0.004200953977979547 0.05250373033961351
35 0.04614679789154737 0.003107102610562227 -0.006052791038142636
36 0.047334948205288885 0.003226939730594239 -0.019826998583697117
37 0.04443105485019914 -0.0034508744593496404 -0.021879937172540265
38 0.044431091880803165 -0.008519197191948035 -0.016325116154536495
39 0.04590567365713148 0.0037699594718717637 -0.006307587504534229
40 0.043928312682835376 -0.009032911885528785 -0.005519110045191052
41 0.045419349918811525 -0.014932156812100387 0.00010881543736442878
42 0.04367474002766685 -0.0036369729241439767 -0.013468676866251068
43 0.03295097205458221 0.012221994573960424 0.030919219381158814
44 0.047334925423779685 -0.01220977604077601 -0.020049696140438156
45 0.041857716915843765 -0.0007581766240541056 -0.022133465514297793
46 0.04443061223308963 -0.0021287280919101434 -0.006780120231367796
47 0.048264063811084106 -0.004579491274343587 -0.022670403367432066
48 0.045905685075263374 -0.009863603130098477 -0.009699761845540132
49 0.04468004015591489 -0.004830859662355976 -0.009297851341648126
50 0.0286234507549449 0.010723772748071125 0.04453072667132975
51 0.040509900674783356 -0.012293697582876075 -0.020932381671736496
52 0.03192411837632906 0.013820693037257711 0.03525278393042848
53 0.04709988184963729 -0.011430607051102873 -0.015287751281972435
54 0.04417998661729887 -0.00500583462713533 -0.001961037691732861
55 0.033286112397714535 0.011490961053950257 0.03697654792889195
56 0.0473344256058457 -0.009399799633595584 0.002461873369365361
57 0.04733418412649747 -0.001383574276607188 0.002146107943531623
58 0.04780142681570359 -0.0021565332829581603 -0.02072049789380821
59 0.04590531224628707 0.0005732744557803038 -0.008889545806862752
60 0.04590560784194515 -0.008565313824187498 -0.006968379446024271
61 0.04392789385443367 -0.003526337937909098 -0.0038761068661149582
62 0.044431345023084254 -0.002346905260465936 -0.02060238246206466
63 0.04780141494593608 0.0023320587020272208 -0.01099273379662456
64 0.04590544504170701 -0.002939810293460144 -0.005712552947302469
65 0.04492811295896497 0.010447718681693774 -0.02274863686020223
66 0.044180369754550086 -0.002244749644565243 -0.009593667031071583
67 0.04541923388824024 -0.008803913084444146 -0.004986193208825778
68 0.046863269918101254 -0.0066164867854940695 -0.02199775659033876
69 0.033618233836094226 -0.0036870336174333524 0.03285609696914166
70 0.04367464203320148 -0.011214110845219815 -0.0038151891888085023
71 0.044928383551500535 -0.0009157706897469361 -0.025797532991283307
72 0.046625836870091246 -0.00339503742779161 -0.015054145652432611
73 0.04894931867018033 0.0018612455820035563 -0.0176659764118556
74 0.04566367789678093 -0.008753222973451415 -0.020651038123107725
75 0.0466256104635003 -0.00518093913483236 -0.006017241422023859
76 0.04492802895854644 -0.005330928916088391 -0.017699377647031965
77 0.044431167993713626 -0.004321039195455359 -0.012947203334366294
78 0.04662565547199617 -0.00650315392151213 -0.012193612123159024
79 0.045419782928073804 -0.008587071080443183 -0.017675672649750195
80 0.04756824821742152 -0.009995123256631178 -0.0017146842586738952
81 0.047099728296716485 -0.00048511380690478264 -0.011915424287447051
82 0.04590613046693379 0.0014111732403000712 -0.026001102926525223
83 0.04492733714300694 -0.0024391619965889117 -0.0022778675231384863
84 0.044927899566114045 0.0027729590029173935 -0.010739389450277756
85 0.044927773143974475 -0.00015390936307078145 -0.006452050346830085
86 0.04662542961079897 0.0008136827206241593 -0.0007352950449628874
87 0.042645892048329415 -0.005748913528557494 -0.01848763901515698
88 0.04662523299949267 0.0014985373478404115 0.002963858061738006
89 0.047334833066985896 -0.010332745559570769 -0.017533743509310053
90 0.04238490625684333 0.0005503808062145107 -0.01543818496594531
91 0.04686360515715974 -0.0021635937161716833 -0.02393247118440426
92 0.042905237664669686 -0.0022222480638292696 -0.010207080765968336
93 0.04638705413940037 -0.004857973035997018 -0.017260823616834176
94 0.04566277074338698 0.002923808263545423 0.007193846810937815
95 0.04392805956849327 -0.011791045128905086 -0.006347017817471027
96 0.04849376432372036 -0.014308772750775868 -0.022750410777975707
97 0.04264607572601498 -0.0029685033401909743 -0.012973854938870603
98 0.04341958638760126 -0.006996624351895558 -0.0024809872198068707
99 0.04468010400138357 0.003502972961716762 -0.00680380850220589
100 0.0470993205292356 -0.008636148825250932 -0.0025841164545883882
101 0.044680029117099195 -0.0008083678031043053 -0.009408842178144954
102 0.044927722355747844 0.00609610809789752 -0.005970947685177505
103 0.04614685252684862 0.0006841163145109696 -0.004231756026035567
104 0.030862212347092268 -0.004085156957006858 0.06096010341202293
105 0.045663436184255154 0.008326660324935065 -0.017081482177810657
106 0.04686308595774092 -0.009583639919935803 -0.007910527661477247
107 0.044927810973575004 -0.005975314761653574 -0.009939418541444752
108 0.04492825440907606 -0.01106693233959108 -0.014091368381730756
109 0.042384765415488225 0.005713901044852024 -0.02364611325387439
110 0.04614663563646386 0.0024204978463350864 -0.004619618991861484
111 0.04756848671998652 0.008281117005180895 -0.011869861449838185
112 0.031220523790734464 -0.0038271399602291165 0.04835165568187402
113 0.04418057156021638 -0.0009057015256521947 -0.02227365694221566
114 0.04614694318503446 -0.0018036820227061332 -0.005988017759909943
115 0.04541939671613602 -0.004958886999362535 -0.009324892971257905
116 0.047801669236153935 -0.0014501894444719171 -0.016582906611252175
117 0.044431166764142944 -0.004579987412961826 -0.02551538124866215
118 0.043163755772273577 -0.007651566414932231 -0.020934220111283264
119 0.045174325099287274 0.0012530412568666064 -0.0130027070819541
120 0.04316347374274147 -0.020682091715606976 -0.012823227775321936
121 0.04709914345888466 0.008684298521138743 -0.007586892953089365
122 0.047334322751702504 0.0022794084832917457 -0.002834919232513114
123 0.046625876938344975 -0.00042532579558284797 -0.018178608456652905
124 0.04780163568222538 -0.004762396825567444 -0.008867834047581314
125 0.046863598614593875 -0.013026146386972562 -0.017545132556681203
126 0.04614725060821661 -0.008805771894714438 -0.024121013114855608
127 0.04517383323250577 -7.841462312435615e-05 0.0053980140122889386
128 0.045663016382102614 -0.005313743082020918 -0.0030789575851185957
129 0.04590587826104558 0.00022463550046557685 -0.019800319766551826
130 0.04686312871777679 0.0012614713707032835 -0.009015939471416438
131 0.04492820456129513 0.0047083376322735 -0.02130626406783967
132 0.04492780998118264 -0.010479593379981588 -0.005847112634715508
133 0.04662545378600801 0.004891308441586139 -0.008008627124838286
134 0.03491342868793883 0.013465724184242696 0.05328604316058072
135 0.04614623878508792 -0.008967293192938564 0.010073912485586515
136 0.04367510293472864 -0.019543316324807544 -0.020933551641729137
137 0.04686290655330933 -0.0067874954096588235 -0.003503833372150645
138 0.046386628765786704 -0.0005571023975786168 -0.004847794323484341
139 0.03261235310111295 0.002488822602073635 0.035665297616006834
140 0.02976359723591335 0.005158972232936144 0.0687703353053391
141 0.04709925043590209 -0.0028311619033334124 -0.0009064288243456398
142 0.046863271860706913 -0.000702238139747186 -0.018233557291404804
143 0.04541973455967235 0.0021414009370131965 -0.024165800039087085
144 0.047099803148250165 0.005869261282555128 -0.02152172626504198
145 0.042905459757402585 -0.007576861078684264 -0.013275848571676128
146 0.04638723397348224 -0.006514287837909106 -0.019727094433810526
147 0.04492787379834284 -0.010281552011376966 -0.012634919632926598
148 0.044928421205963624 0.004011774872142744 -0.030391828004601305
149 0.04443074371417178 -0.009248954302857272 -0.008910013435607626
150 0.030135402470757362 0.018533998528456132 0.029146057042234334
151 0.04940055657619504 9.182449804324297e-05 -0.008577717631636842
152 0.04517488050947932 -0.0021099041686574497 -0.022943250028958
153 0.04662585646832282 0.0026852989960987144 -0.015247694347660918
154 0.031220603375114724 0.013012771377770826 0.0520239151154008
155 0.04468038279223681 0.011942136393876118 -0.023846053184519708
156 0.04443085031558023 -0.009912656883082729 -0.01022629031421685
157 0.04638698712006251 -0.000956724779829726 -0.015352580655910197
158 0.0444309208086189 -0.0009764609264370106 -0.004612074835523175
159 0.04185816337109711 0.007910457294029071 -0.029104628692740737
160 0.04566354760842984 0.004906019954671971 -0.01811451060436291
161 0.046863453492378214 -0.010213084371888718 -0.016518734882174778
162 0.047099537404482444 -0.007508295330213051 -0.005649869700086873
163 0.045663202865123056 -0.0032295966453405158 -0.007820679320447468
164 0.045174493104290066 -0.0034256300079820432 -0.015227749251449044
165 0.047099674841403975 -0.005659230717728335 -0.014349563566451834
166 0.04517402896060869 -0.01840677538598417 0.00024194982706033941
167 0.04733464530425499 0.0035047465144920856 -0.017882274626876908
168 0.04467990397576993 -0.015373223160820395 -0.006311497328176532
169 0.046146942889990196 -0.004423386649119922 -0.010212914460378367
170 0.0459058164518521 -0.011172397966028131 -0.008233881040169852
171 0.04803315132956351 -0.0016256418225096907 -0.008913138033637073
172 0.045419287182063506 -0.006894447139463021 -0.006898525793449276
173 0.04590584242338143 -0.0053095404772884455 -0.015869823972677503
174 0.04541936086198768 -0.0003468477130472641 -0.01166081484055657
175 0.04290526940418344 0.003534723116258661 -0.008001784495456356
176 0.048263898645263065 -0.0034825678067070954 -0.016924482293565773
177 0.046387121319002945 0.0037690350374160126 -0.018134534456664617
178 0.03394613266686849 0.027713194937855817 0.04324358074799185
179 0.04803322565002294 -0.00985030068244829 -0.014685336912842463
180 0.04590562477193114 0.006066844413308136 -0.008442524971867581
181 0.04709923675595398 -0.01507907359463281 -0.0018947100102762965
182 0.03394615517129975 0.013771636891922952 0.05086005190868593
183 0.044927857821499495 -0.004989506983178843 -0.009296639272169553
184 0.04443148465028107 -0.011678229352777071 -0.027254037160359026
185 0.04492778175137707 -0.00738060485832747 -0.013786918826515155
186 0.046625458526289486 -0.0015411064689723796 -0.0051014272439719455
187 0.044180197686028835 -0.011109436601263822 -0.0073349007561584485
188 0.04541893436334561 -0.009543357042445666 0.007631343345218598
189 0.0451741264678674 0.0013558680501490033 -0.005055197205284613
190 0.046625606225241506 0.012165597800148276 -0.006400448265760058
191 0.04517437287008799 -0.0017797205233942566 -0.016442595723084978
192 0.027436429076357533 -0.003995901074755188 0.016123782634923298
193 0.04492758913771808 0.004997673799123645 -0.006590509544333751
194 0.044680416423211355 -0.003945395794445946 -0.024283745624102772
195 0.0456629337883468 4.899810225507922e-05 -0.004556733077694589
196 0.04803320525122358 -0.008994732616558485 -0.008559198940034641
197 0.048033242522319365 -0.0026253042332430435 -0.008177937340213869
198 0.04662553639667851 -0.002214630253730923 -0.005265182261115483
199 0.04566283203735938 0.0018821918115429744 0.004334926628535868
0 0.039398184440076145 -0.03109295777588118 -0.010437600745963272
1 0.03967774907674255 0.023013557026025436 0.008855612247468524
2 0.03796141304401442 0.022243434315869542 0.024747949245414295
3 0.041052021794045185 0.028696263283377144 0.038228935739394676
4 0.0413230030213593 -0.027885643819648823 0.00791043627588699
5 0.03995682447128784 -0.026154673445259128 0.01803185658686716
6 0.03939761475845897 -0.0356127721910331 -0.0017366030548733391
7 0.038252571213127654 0.03005615410203896 0.018456161370433755
8 0.04290376340829233 0.029586144960042516 0.023717973912868003
9 0.0421209785565183 0.0286096658312333 0.010879534553227
10 0.0393979895592056 -0.030435296157524234 -0.008672685986004939
11 0.04105298941895393 0.023068588001537327 0.01655448069591533
12 0.04050895896513429 0.030360191896587993 -0.000680916957065588
13 0.03737283029031089 -0.026891044129013338 0.004710907729169917
14 0.03677372464348331 -0.026882185866352527 0.013235347098418527
15 0.040233871748388515 -0.023838202715731577 0.006357986438977217
16 0.03737261813311777 -0.035240256713262384 0.014736917839904702
17 0.041590932342324895 0.02246720963317817 -0.005834197739339902
18 0.0431626461556354 0.030377939449018617 0.00022427165806632797
19 0.0370747355946027 -0.02428758155515078 -0.010767097332057093
20 0.04105313282640327 0.021143670706473522 0.01323710257650045
21 0.04050925834102011 -0.028737068248358873 -0.002926863433638192
22 0.04443066157847613 -0.025864120518417768 0.0010599547477427424
23 0.035231563009492935 -0.022578970855195238 0.016532380904626335
24 0.04238356439220631 0.02755884638896558 0.010226051795179355
25 0.03995693293856484 0.022849688719010993 0.0006736162295316713
26 0.038829229697639245 -0.02814778605762111 0.02434246719848164
27 0.03854185609912351 0.026198908966115025 0.019790224009044455
28 0.03911431350937249 0.03059405215487854 0.00441495837397021
29 0.03585638550837674 -0.03417646096719282 0.012124501064660922
30 0.04212025854725904 0.026388608338183638 0.025408771485867912
31 0.04078220381873932 -0.020032225355152575 0.002205293498296724
32 0.03882988931947305 -0.03396245138678598 0.0013377668550963212
33 0.04212119186521063 0.03335342476572595 0.0027082238513708476
34 0.04238328938366328 0.03480291629661123 0.022078021200944074
35 0.042904250960108685 0.025727076840617803 0.01896450271620074
36 0.04264549046749272 -0.02350334459756616 0.0016462727432261497
37 0.039115096738208004 -0.0435530929645145 -0.005501770966738095
38 0.038252825888252295 0.015272470041073917 0.028372336691283553
39 0.03766795540991703 0.032066543677560566 0.013271281909488612
40 0.04212159560275753 -0.022496829844962776 -0.0005076025531485953
41 0.039677328098349236 0.037149621092751224 0.028747910579521172
42 0.03766873330901294 -0.03424636752768618 0.006243886331641287
43 0.037961164394240264 0.030181009223098933 0.027668919383835488
44 0.03677361905684119 -0.02839103374824676 0.008938147477309439
45 0.041590459445156665 0.0316836558290767 0.008459064947581618
46 0.041054009399373675 -0.04149014809597826 -0.006665600892006329
47 0.039677284030863055 0.03749890514442135 0.02061537770443677
48 0.03911409909995781 0.032006949602259666 0.011208236833434217
49 0.03967881047101021 -0.03326882663549024 -0.010874118612148044
50 0.04185635425137127 0.04263448184469683 0.010269475544713644
51 0.037961927153943954 0.03448534758187739 0.003780663108415227
52 0.04367358777955451 0.03656609525109232 0.016919394208506203
53 0.03796182207451072 0.02766644695295736 0.011641012553197275
54 0.04050879789276162 0.033622890722764684 -0.0009279193752823131
55 0.042904697933786234 0.03183426740420549 -0.0010244115028711699
56 0.037668593021153315 -0.02608165195044891 0.008234877576408966
57 0.038253510605819906 -0.022959644740820916 0.002196869138136487
58 0.0429052431715302 -0.029746476654539233 -0.0009970854243142053
59 0.037074148764557766 -0.03198988487784545 0.016018466028359372
60 0.03707386318166569 -0.02999020076152164 0.019804692887838697
61 0.039397496995569645 -0.041134770539039266 0.006597747881545028
62 0.036773288639599284 0.021823487696583065 0.012183054818642812
63 0.03854284349766218 -0.030627543906311446 -0.0016047685898816953
64 0.039114734336013514 -0.027921756854494797 0.008797271200245005
65 0.043162773962079216 0.02511911520805616 0.0023842961100109883
66 0.038542141155956895 -0.02119282976366564 0.024877278119328664
67 0.03911433250837436 0.033667561483595704 0.006901996300269255
68 0.04078239406037805 -0.027407829832773664 0.0037008307601814113
69 0.039677668508270605 0.031666334860602594 0.014529316409498425
70 0.03677266931292423 0.02949765151442746 0.031400633368307326
71 0.0393973961276874 -0.028003937097155963 0.010070610468842537
72 0.03967770778128509 -0.02397025504947534 0.022577781832577554
73 0.04132238307805822 0.03278023760851606 0.00494723412565279
74 0.041590708916720766 0.03928378605628263 -0.001806425944906051
75 0.039677860608283794 0.03310823604802207 0.008328969381731917
76 0.041322073076410955 0.020426603854560164 0.02537961796493263
77 0.03707464456810738 -0.029802212678790706 0.002696963030917643
78 0.03995769629393865 -0.026626822389056202 -0.006507331177618044
79 0.04132361555190428 -0.04635428007536934 -0.008681390682275154
80 0.03677263157938288 0.027877332562353262 0.03205950017245426
81 0.039956045529291204 0.028706497018708244 0.030020731761051682
82 0.038542682221491494 -0.013887017330779346 -0.001633178724361996
83 0.036470717969963436 -0.015910392473306518 -0.004641451214548539
84 0.04050883326973688 -0.028767746571078365 0.012796019864866824
85 0.04132327571585115 -0.020771512570676078 0.00010446495052987827
86 0.03995672988318889 0.018901235212596314 0.011466032025753628
87 0.042644640081791606 0.03340653991155965 0.015179050880904373
88 0.03677281782804658 0.03670112715847929 0.021094697477779294
89 0.04185573908793961 0.028673058342124046 0.03380759084460828
90 0.041053811190306023 -0.03503470697757341 0.00027681497772699416
91 0.04132267011654527 0.032234283589150065 0.005816986853703871
92 0.0396773317877826 0.03261168857451395 0.02893026340333642
93 0.04212096307724043 0.030488292758159983 0.005367474915172721
94 0.041322543292222534 0.028871619191857628 0.009765385696895319
95 0.04078214061648454 0.03581343665234086 -0.004545537212341752
96 0.036470485026106295 0.020947285512073886 -0.00514273828540531
97 0.040781884142054914 0.030376105560756456 0.00950896504692989
98 0.034915285410771574 -0.02810400451568174 0.01266228237688069
99 0.03707438153774794 -0.028052112215740867 0.008129945115656572
100 0.03677357542440033 -0.02675781534613421 0.005063984544280108
101 0.039397171839639825 0.026840682396612935 0.0036975450443773408
102 0.04023402592287755 -0.029957887305439926 0.005739979071364698
103 0.03825221050628943 0.027051775257465098 0.04627705615265714
104 0.04132252576107606 0.03673058210585456 0.006248286324113306
105 0.04105339709554508 -0.033052419452075245 0.005947216281360052
106 0.03854247938684391 0.030116326472164546 0.003503047277394029
107 0.040508618492106116 0.021414272800243987 0.0058419610187668836
108 0.03967808670080176 -0.026631764451676372 0.011335961706569551
109 0.03796210875504569 -0.026712452447376703 0.009325010322367058
110 0.038829636823571594 -0.020619159815198775 0.012913841908855937
111 0.036165082420603116 -0.035470378823338554 0.002643954815176579
112 0.04078163506278809 0.0256372145964419 0.01675577549798923
113 0.03854163346579485 0.032355476396960854 0.0337357041479203
114 0.03737202580326095 0.028439316346128077 0.015011225830402016
115 0.04132206028876854 0.03219226417984002 0.029776606394282482
116 0.039677966716322975 0.026410503500608543 0.007867802799619116
117 0.03737279111772326 -0.027715208025999444 0.005774159422751433
118 0.04105304701129441 0.02347714365766862 0.014589865550411255
119 0.0423834133198596 0.03420111205770784 0.014379286863601444
120 0.0415904268721275 0.027454106165935965 0.008078954193298035
121 0.03967783362430784 0.040796878508081405 0.013942066420693578
122 0.0358566349242455 -0.03401461740291471 0.0011570512914187373
123 0.03707455705981805 -0.02896737042341059 0.00545984533024351
124 0.04159148288122381 -0.026118153704418987 -0.009783358997626232
125 0.039396864325294274 0.029654992554134084 0.014229136257700415
126 0.04492718178859775 0.035132457733027006 0.0048278898065212085
127 0.04185630045871658 0.030809846727585653 0.011266446521017671
128 0.03967879139702731 -0.038458401827743724 -0.0024905148783305217
129 0.03995665699848919 0.03563676775049897 0.010861500091035052
130 0.03882912842372595 0.03402927989529736 0.011254197843350884
131 0.0396782997834235 -0.03228342094845676 0.014181239099988934
132 0.03825335370597247 -0.02504710190454395 0.013381398923391246
133 0.03967805716613581 -0.03259783167284179 0.01409802024677547
134 0.0402335036363771 0.03655561363573308 0.00999802072391195
135 0.0342731911254336 -0.028489807016514986 0.017476249782563166
136 0.03825271230946643 0.023093902923169415 0.029423550937650995
137 0.04105272551501904 0.03334108774698479 0.017396053153655475
138 0.04132278948219132 -0.03361297770130593 0.013709835504204064
139 0.0352311753941073 0.03958960141834444 0.013230110846414718
140 0.03939706410226318 0.03203519549917251 0.0028106439818114284
141 0.041323692070571315 -0.0395653098526735 -0.00832231442900303
142 0.0415894951383459 0.03682188565076477 0.03297842764185101
143 0.040782277719075014 -0.027451532342449313 0.0019366821323097015
144 0.038542663821883344 -0.03747381012357557 0.013361574439785907
145 0.03825385743143168 -0.03382599352833993 -0.005840726260603865
146 0.03854193879232777 0.027313372948043712 0.014772840330200092
147 0.03995639088891395 0.035129287962691574 0.010654029769523739
148 0.03796243117237144 -0.025721779860134516 0.002071336416963598
149 0.0396786387708244 -0.03929924580443319 -0.009153341712741478
150 0.03766832764060515 0.028751369132747805 0.004777546117832598
151 0.03677401852002335 -0.027418472496259404 -0.004581813838453883
152 0.03854247595905275 -0.031436309370935965 0.015762772260414868
153 0.04023383165088112 0.03076546084248195 0.002648790998780569
154 0.03911410748988415 0.029284051236217645 0.01117219516017699
155 0.03967863995038579 -0.03720574145144308 -0.003303941252004334
156 0.04185669954963306 0.02933204482135549 0.005193035499403829
157 0.037961807585734086 0.02417063286031179 0.011486874237829334
158 0.03737278078768792 -0.03720017742660524 0.0034321748607289027
159 0.042383305648922336 0.023401285834493846 0.03321309209723176
160 0.03995661888246904 -0.02226151486955149 0.018216309219655027
161 0.03825289245409509 0.02614594749523866 0.01695128828897218
162 0.04264476430462748 0.032038269290117896 0.013876805731251225
163 0.04316188010997934 0.02675584941543764 0.026480060412664132
164 0.03995727470948074 -0.035062634105816615 -0.0004060334899623533
165 0.04159031215737558 0.032124281351385474 0.010442005724878916
166 0.03825408545545668 -0.025551665512773335 -0.0038258851907025278
167 0.03854299876572334 -0.038425995934868756 -0.0028970374709892887
168 0.03796208396047682 -0.020733746255524505 0.017762289725309813
169 0.03995664912539759 0.02900000927869578 0.013977722095801342
170 0.04132229406837875 0.026397507636106612 0.015355047929398692
171 0.03825375065265484 -0.02911538669974317 0.006904033148865495
172 0.03882936251801505 0.025026770535556072 0.0021991127320487294
173 0.039677992862803574 -0.027821550070118172 0.016097445169483162
174 0.039396778425882045 0.025983874834538134 0.02084164370009654
175 0.0393976942130657 -0.027993696139414104 0.00014832582466876642
176 0.04238390281504129 0.027490584901773373 -0.0005777372625963591
177 0.03911527493484221 -0.03560650249434456 -0.010711664399136327
178 0.04023365789509549 0.03485076808646103 0.0003488465660745812
179 0.03854274618864217 -0.030119818185984353 0.0028228803064666015
180 0.038830058949165525 -0.04266894424881547 -0.002136510938738028
181 0.037668684302274436 -0.028595681676418527 -0.0011528372507356604
182 0.04105259570329223 0.03715168322631643 0.0187037203874463
183 0.040233224765263864 0.03712290049030204 0.01412863055286025
184 0.0391143909417742 -0.02073778208491656 0.010862937321546374
185 0.04238369062093685 0.022578620066859192 0.012227323207989655
186 0.0396775077981044 0.03206566651363689 0.01683154779976961
187 0.040508462478035 0.02448314752704205 0.01489073803073348
188 0.04078146339370505 0.03892236849412636 0.019186878696332517
189 0.03394790319728461 -0.026732851406373062 -0.0038571189417904578
190 0.03939774593312272 -0.03252895828016417 0.002485572455572656
191 0.04341830727680507 0.03081140416393176 0.028454999712101744
192 0.038542532486927135 0.022098038932505094 0.0022885698572672783
193 0.039114684757804656 0.02141673649445352 -0.005864514322407789
194 0.04105334487630155 -0.02658571998165658 0.01171344721529383
195 0.03825417894723236 -0.031148339399279495 -0.0062707390264696485
196 0.040233370816699136 0.031322407781145416 0.009808002686822834
197 0.0399566287795723 0.0262042444824392 0.0005973244055565918
198 0.038829513118482144 0.029509815835355075 0.003527514028258795
199 0.03882912161930771 0.031130739855353938 0.010531610525936297
