200 3
0 0.0023331090101364332 -0.009274456388983558 -0.002918539911884302
1 0.0003159287916867908 0.021979107935863287 -0.02190267176951813
2 -0.010635467130080234 -0.002826974837050225 -0.019376033628765117
3 0.015783362078867866 -0.009842848867881133 -0.002052839121384797
4 0.0032319494385349146 0.007901298740194834 0.017595335153196855
5 -0.008384929192078783 0.0010859567626394992 0.016110259282850994
6 -0.009567340596897057 0.0027332544733348237 0.006348603443188189
7 -0.0032843173567352543 0.0118756904619894 -0.014487459652967521
8 -0.017877403659836782 -0.02767452577051073 -0.004305793134774515
9 -0.005717144327135486 0.006069522823049043 -0.017223177640822138
10 0.0014853222520445509 0.006673242064556977 0.019356464518223107
11 0.010370820241744072 -0.0024165588344868504 -0.01571465279831455
12 0.014071726173075321 0.0035991480831720508 -0.014191219625634063
13 -0.008962666793565569 0.013579191152658085 -0.003661684168466281
14 0.0024340633483420013 0.0073500928372766915 0.022592954042853823
15 -0.005297669593484516 -0.002780424182647012 0.01803939632826368
16 -0.0014658702866621465 -0.027129678714238256 0.006281871011327983
17 0.0014434089946377075 -0.020261089363460355 0.005227561197857461
18 -0.008632402383972258 0.0006868799434957829 0.004070641468278883
19 0.011271992389123728 0.014637942620872802 0.02288495850580264
20 0.0033174109525081867 -0.012673311116133606 0.0014847292192759903
21 -0.004200254808079357 0.011716537173738419 0.004500413491221395
22 -0.0016238457306673205 0.005747912541401969 -0.002268888376944854
23 0.011726428415035475 -0.015338551673674011 0.0029986570462780734
24 -0.012471239150617444 -0.015997949070068747 0.0022127005965915884
25 0.013544480957210947 0.01700013780245345 -0.017624583298278693
26 -0.0036510942693770837 0.0032420633517901074 0.02326985956487021
27 -0.010501440548893536 -0.017683139509554843 0.004955055623304391
28 -0.012054580134453818 -0.014269946795424593 -0.004880305254039914
29 0.006415198743118869 0.011255558012018566 -0.00038890823910791086
30 0.02052648285049321 -0.02616409184243143 -0.0013753962175863492
31 -0.0014060236352511218 0.011164176238232765 0.014075015843551579
32 -0.0017748022854252163 -3.75964391475434e-05 0.02192206592990338
33 0.009365030794218642 0.013609235958322197 -0.015567295503899549
34 0.002960974531972284 -0.0007952898804317807 -0.016219940865110194
35 0.00409274098229398 0.003962435783737554 -0.0018683818488473142
36 -0.0044814486360613935 -0.0227027518180806 0.003023801514150222
37 0.0023993664194877223 0.00479786443358083 0.01776819831028615
38 0.009352145397138606 -0.022176061476218242 0.010255492724874887
39 -0.0012625874607310322 -0.024542734796135363 0.0015803646511285963
40 0.0011198653699936376 0.017532876270171763 0.005348543325449054
41 0.010586646584217582 -0.0031008935181231784 0.0021079582917592175
42 -0.014238151538691304 0.007773285322237707 0.018314508501086152
43 0.007369110882144529 -0.006181116666097147 -0.002919559825617729
44 0.005570449977444165 0.014288280959508973 0.01302833618233263
45 -0.003777058666385856 0.006180632724910266 -0.020998375863911914
46 0.0036748972366232374 -0.01524794310008449 -0.002298666211872096
47 -0.0014475545192010157 -0.009481030568831244 -0.00514396269816317
48 -0.026660516084965058 -0.009180571313522727 -0.008765636727505273
49 -0.005642652556094627 0.006087455779855604 0.017778319534672224
50 0.002135339119010038 0.0017352632594867141 -0.023343009500273057
51 0.001770955663846413 0.0024270043748931443 -0.016309574214509133
52 0.015874756797088503 -0.005532346613040794 -0.013456162108000276
53 0.006409085292258289 0.0047048911948027045 -0.02355905052523817
54 0.009823149200629173 -0.01041397256121801 0.009043608624007117
55 -0.002034395537524082 -0.0020502092413775333 -0.020136896367763155
56 0.022892254223314853 0.010155323125858946 0.019817747236762044
57 -0.008807378840158024 0.022340137140492267 0.01933177503586892
58 0.011617069054252988 0.011565493407297164 0.011068840727750336
59 -0.020062150071182956 -0.011807294815023812 -0.005003861292144252
60 0.005514565173592816 -0.026943052613040627 -0.0020713697897425075
61 0.006295216951260004 -0.0009864676392656799 0.026003331790020623
62 0.02608047467608804 0.007462774736269558 -0.015299874340366882
63 0.023489528681583993 -0.0279755748445219 -0.0007729593500386996
64 -0.0014766138499046344 0.018689029973751298 0.018188870404718956
65 -0.0011201914384498628 -0.0227697522634855 0.002262761113829872
66 -0.0192007485999997 0.016696471762499318 0.011894356537083248
67 -0.002243424193771804 0.020733947266586 -0.017686719808989018
68 -0.0006124256409831205 0.014207250216129591 0.024482896237798493
69 -0.00018203658844618414 0.01488702137185658 -0.02310051371236986
70 -0.02344872448241115 0.00034278307011650737 -0.020978993666636345
71 -0.0020940229017753983 0.02090606264207412 0.021107624339989695
72 -0.0024066253364847037 0.0014765605490310151 0.004472723817335156
73 0.0031061320244696045 0.004173955381389996 -0.027223411651100496
74 0.010187446344431111 0.0002897216707149048 -0.009853580053960732
75 -0.0006126883222372509 0.0009034239872025786 -0.018879991906423352
76 0.02128136788928847 0.0035034760940410668 -0.021165294581268618
77 0.003793378739462852 0.028761406609767448 0.014097004695304997
78 -0.009415407420699407 -0.03356529958742406 0.0011885000813100823
79 0.012566562612601334 -0.00022557858455860046 0.014250649935077686
80 0.009918990247975587 0.008403755478636237 -0.018211467564504008
81 0.007158827199847571 -0.015634638198461656 -0.002193790737753415
82 -0.012434429994301124 -0.00964878327914881 -0.010832168799747466
83 -0.008844921185239545 0.0018500339488354087 0.008645034561586794
84 -0.008245761320880304 -0.008910182786557384 0.010492500838624068
85 -0.00790029848871164 -0.0003731268016488043 0.008676164104452714
86 -0.001757427917974615 0.0009804841703697602 -0.02676115518446963
87 0.015213187897870191 -0.009440158341869412 -0.0012537241846741383
88 0.00536876980988437 0.007271885669269451 -0.019841259670642854
89 -0.004692290799035603 -0.02116973993688509 -0.009061852459884796
90 -8.631398877893826e-05 0.01726652324360408 0.023034825523334586
91 -0.0046982691081414035 0.012508980594024253 -0.021210733870115198
92 0.006083223989576041 0.015047853941350664 -0.028736505051191075
93 0.005248885703586923 -0.004489691483315149 -0.009203156807001275
94 0.0087597022486005 0.011848942333458143 -0.019746542913812365
95 -0.006914374485577628 -0.006876695602123568 -0.016731372519384488
96 0.00048496540123292575 0.002659324227155135 0.0022834577347011003
97 -0.01773455233337415 -0.01677485364443665 0.004775115176107618
98 0.006283161908188797 0.004626527199984673 0.009878484295997289
99 0.002644921901422393 0.01084501123229352 0.017210567840080977
100 0.017238378149109723 0.009892363989559803 0.019523467369899565
101 -0.00047377473554247995 -0.025037975526389686 0.0004149386721309812
102 -0.006459416129993824 -0.014125187364309013 -0.013507246231894851
103 0.00023759972526684464 -0.0008858208865801555 -0.013492734252523515
104 -0.006399511113356168 0.0035323273131432683 -0.006084174564123877
105 -0.01110215455324072 0.013513795862600715 0.02144629960018464
106 -0.000612745181751348 -0.024861328315779727 -0.007728090783379269
107 -0.003098926497012284 0.006658637055130846 -0.0048755624981340895
108 0.0017113031671825985 0.01649365610177529 0.0034882862561663175
109 -0.004386149414831142 0.002300716023846988 0.017962972614130268
110 0.002959999849824046 0.00884836885454903 0.011225070272008981
111 -0.00040730244693636813 0.0011267830123206334 0.01629358513533434
112 -0.005681286706009234 0.0047751096107441215 -0.010612070707086155
113 -0.018045431982587914 0.014353648293184765 0.0035886997126342163
114 0.0015593323535109359 -0.01570201426981474 -0.0027707177304216388
115 0.007439427233681505 0.01781518897032348 -0.011251908269459661
116 -0.00044555370439827713 5.546164511426033e-05 -0.01837726234133069
117 -0.008027771766622296 0.01999531776079897 0.025525581352114676
118 -0.02564193392503994 -4.0475021669466454e-05 0.0009554798229314057
119 -0.010787260246925792 -0.005363817022649153 0.008001203927039064
120 -0.025424857959953223 0.007040175661423027 -0.010691331137327648
121 -0.013846525297836476 -0.0025799335512384537 -0.024322619766540418
122 -0.009917955495404016 -0.01967724846873249 -0.0022255478580334408
123 0.005025973578734612 0.01918745575011486 0.029146863377495738
124 0.0022064701735742837 0.013440652734014631 0.01167151025710468
125 0.01579155073252697 -0.015536701221514904 -0.006302981740965344
126 -0.02875426715159684 0.00982244798830506 -0.013439361213163047
127 -0.00990797575948724 0.019592763368518683 -0.017287763445175207
128 -0.0069923618351557925 0.01398616943865185 0.014847381154610456
129 0.01705171450239866 -0.02651095262072465 0.0017281304718415672
130 -0.010430905178196833 -0.007325525672163395 -0.0024212128534563397
131 0.004864186000794392 0.01802653860417798 0.019212046013268355
132 -0.0014033414347954928 0.006395617924264439 0.016997555570614158
133 -0.0020689332216609433 0.0025067782878484927 -0.0022244544406904796
134 0.0005741162170212234 0.011010941335706348 -0.012998000487777078
135 0.00975866860811609 -0.015625054287728313 -0.0037570092967526524
136 0.008505618032797469 -0.006358994712963917 0.004165783123349209
137 -0.005824221929989373 0.00036771934399089726 -0.01757868681855157
138 0.0024353779394002163 -0.01987410944220159 -0.01042674331661356
139 -0.006172789393069422 0.00047687012447440377 -0.006818020550502499
140 -0.00043558296780232125 0.022172808169225795 -0.015150299230059727
141 0.0010287563915283363 0.02044287960705854 0.02467167788992901
142 0.004931490311816609 -0.008447384235106672 0.008224544897153591
143 0.0031356616164417497 -0.013280641913569327 0.0074560057339309906
144 -0.003337304600753724 0.019412800964464294 0.019056132291990203
145 -0.00571267004696379 0.0023108922593414495 0.015410455202871348
146 -0.023164172684621925 -0.020828098824254654 0.004754253169284253
147 -0.003880320215571437 -0.01298968865806082 0.003665192767462467
148 -0.0038029210084355412 0.021181324040238245 0.015626027350722597
149 -0.011067693820752796 0.009058335382080718 0.018869677023226172
150 -0.0014644992759744592 0.007314133809720874 -0.006547713061325025
151 0.01281168385837609 0.00822350562336939 0.0036412479381050453
152 -0.0034483488573229595 0.013208828459520226 0.015803645364970365
153 0.016549962556178063 -0.020611647426390822 -0.003530307418040432
154 0.007155790229152369 0.01151721655320478 -0.01625743615181762
155 -0.007135127228072115 0.011783305251712279 0.00572005080259521
156 -0.00884985930679466 -0.019413197301840726 -0.0013390216508233277
157 -0.011048187685978553 -0.0006470485380798245 -0.02631187349207284
158 0.018843741515799803 0.0005775780428763401 0.01590350098320044
159 0.012364457942652798 0.015639607429390703 -0.007136783809055469
160 -0.004180027454173597 0.005742736197952457 -0.00540820414990795
161 0.009104516086968613 -0.012291110495545543 -0.002598001592315012
162 0.021877811908022834 -0.010258423510892414 -0.012201547403619638
163 -0.002091133351996694 -0.018620549510666953 0.007087061804265787
164 0.0053829908600489355 0.011868682030689748 0.01876118962545488
165 -0.0015661877259244839 -0.004327856605061298 -0.024528917894640033
166 0.0023137633471273476 -0.015943875179796084 -0.002096799563267954
167 0.008040618810614368 -0.005327948631596977 0.006297564856139998
168 -0.02191601855170827 0.023895547931577873 0.004486944067101942
169 0.00041927407208496026 -0.018235906706831242 0.009646512179570015
170 0.005192799717975219 -0.013468157178609622 0.006724352643418252
171 -0.0015146830120880885 0.005762411696014541 0.019063357656844943
172 -0.001848203400122237 -0.013685732425164882 0.00032879308095980523
173 0.011122512508695039 0.006707496490443221 0.004155816665706816
174 0.0124163475203041 -0.02050729535753893 0.008021695201489078
175 0.0018948742442009836 0.010044076979768748 0.022874023214349684
176 0.0008554106309263104 -0.015885814999400658 -0.0027616664962807572
177 0.005931036123330263 -0.023071834473949393 0.00045801021717343203
178 0.005663850506225747 0.006061941739255828 -0.015775830992538833
179 0.0009907235531715886 0.005762425567191693 0.023729613346844106
180 -0.003938971607270185 -0.011852129709277369 0.002499148210235537
181 -0.0037270627841039876 0.011627946667708153 0.02088575642251396
182 0.0019149938406386804 0.0026907305109142646 -0.002509111060221142
183 0.010197704336961565 0.002897424123631677 -0.022730799450983073
184 0.020144786404503054 -0.00010683142106355029 0.017959809047584784
185 -0.012344986309801562 -0.003985887103178914 -0.005366494129823072
186 0.00193670666470451 0.014857752328878614 -0.025928076263903747
187 -0.012368078425350287 -0.012560710237921262 -0.01155505812757517
188 -0.011635236269275949 -0.021967306732316574 -0.006333878107292143
189 -0.0023884139894863442 0.0009067353712963657 0.019319978456281237
190 0.02316364681400631 0.01182591447747558 0.004145290292558564
191 0.01904377111783527 0.02322255072592857 -0.0031506155055288226
192 0.013903814499561901 0.013423820493725674 -0.01652319359711893
193 -0.0021307728578435076 0.0005777294124287621 -0.0022896340103039786
194 -0.009657667352230847 -0.0025680276323103365 0.005738394176656518
195 -0.0015860595734517083 -0.0220004216463784 -0.004046283821611377
196 -0.01121729860504317 0.019140953619592824 -0.02089586857205071
197 0.0006677963833229775 0.0037158646989174544 -0.013416281510223095
198 -0.010604424333665884 0.02354398003639327 -0.01187466553906076
199 0.0008888031228822448 0.007462352341832873 -0.020583602107693423
0 0.008161637081089725 0.000945046307016556 0.0026178410974800025
1 -0.00543915747765474 0.016363534005257016 -0.019149264569875257
2 -0.0030241609217218357 5.630158728780728e-05 -0.00959018325764173
3 0.012206316161428157 -9.392135123610298e-05 0.003149215448433763
4 -0.006153709255499676 0.0018338343061273764 0.011801010735757539
5 -0.01245795438212452 -0.01554675075422143 0.005872127881291274
6 -0.00047563683531204673 0.00018070380297290772 0.011198353669803998
7 0.003588686265166917 0.013268774612748377 -0.011027256966349638
8 -0.0028289458990420346 -0.014780190755881537 0.014718922078614251
9 -0.009330756788406468 0.012889264743681492 -0.005930427580273519
10 -0.0033677074305395287 0.001049230223133149 0.014244078760298012
11 0.01556433415970556 0.008301304136764786 -0.011191745672078424
12 -0.0041565240603011755 0.010859560836971134 -0.01877523359418251
13 -0.00564585917424365 -0.004545756971690351 0.006452693340211341
14 -0.0026440643875957175 -0.006350605129337002 0.0102360900632006
15 -0.00511660909735534 -0.010387698823353386 0.025727036553492483
16 -0.009794194422862168 -0.00633837489606924 0.0033516550548140624
17 -0.002821861766921908 -0.023189524216130714 0.0017256121121481827
18 0.0010297547710987828 0.005961400754738679 0.016828464878348822
19 0.011578685979055175 -0.007080970997738304 0.0013558406114918403
20 -0.0029415648767453645 -0.008462509510102766 -0.006198975030800337
21 0.013379966436912007 -0.004325327599529805 -0.0021394171930203473
22 -0.005264998946258707 -0.004959285663772545 0.01603270654199027
23 -0.001616150633584612 -0.004313218587325342 0.016508937997420238
24 -0.007008650186057307 -0.0007981331374456307 0.006440496205715155
25 0.009511974488595254 0.017208098998775387 -0.01955795170394594
26 -0.01162272852651642 -0.011663118236477237 0.017469454487972907
27 -0.004066746028669355 -0.014420056764456284 0.001082340805043722
28 -0.010604016892424739 -0.0038658019021190204 0.011499475434901247
29 0.002942034496585158 0.012594741437118119 0.013057523075862984
30 0.0043380191122510126 -0.018293234193031152 0.005470515485755764
31 -0.010686496155160721 0.006907339673394852 0.0037109336957719674
32 0.007566395646838291 -0.00010095340902821189 0.01234281887952357
33 -0.005784322334016336 0.015195166406539784 -0.014943974935344023
34 -0.0022930253374227327 0.01701166352410373 -0.020437743752478893
35 0.0030000792842241955 -0.003487131550132607 -0.023546810735113936
36 -0.005785230980785223 0.00479644518887995 0.002923889352523381
37 0.003099125184906265 0.0017953392939576776 0.01435652298677699
38 0.006034112711100742 -0.0033352301726229244 0.013952372947058504
39 0.006758866635295634 -0.003435706905994665 0.006460138119828603
40 0.0016788896736140077 -0.005284035852249548 0.005609053742801032
41 0.004372836393709306 0.005793626277253089 0.01215041142390579
42 -0.009859232859844802 0.011777104594675687 0.01532421588105938
43 0.010013110399275015 0.00292083107510209 -0.02232294099382376
44 -0.005917215015509066 0.005929337773539697 0.012956034521684812
45 -0.010109604335340049 0.006024140031991764 0.017833809702460526
46 -0.005086235821504516 -0.00787086883498448 0.013241684329129092
47 -0.003148331900337904 -7.45325402431822e-05 0.009699623650418222
48 -0.012780925751374295 -0.007378988814714264 0.007783315969230296
49 -0.006446162401304231 -0.006573650770077688 0.014456636204444623
50 0.002701173889345418 0.0007290273892539036 -0.023121517974186087
51 0.010063030887737707 -0.0010126050648037628 -0.013709585384718365
52 0.0012392370996426316 0.013614927164509308 -0.012997610622652853
53 0.008946292975590131 0.005154143326231198 -0.025378237813346943
54 -0.009277478518267882 -0.00788923998099015 -0.003921422498951765
55 -0.0038174436602633408 0.008909432153170338 -0.019491712883528495
56 0.007361332008692267 -0.0029279130540124307 0.01755744387798877
57 -0.008055592461162407 0.0028294980017534305 0.010874412035206171
58 0.003325272620262776 0.0003890614715969659 0.013036965826873921
59 -0.004011935354024998 0.005734512877610828 0.018960821532966327
60 -0.0004934398577652668 -0.009209946469024205 0.014834571643583523
61 0.0011492438491089024 -0.011810210179495493 0.012871091789328187
62 0.013710819037949157 0.021773336452712032 -0.004211398683110108
63 0.023748615053030275 -0.011568809047921944 -0.003893638063043315
64 0.008703950234288979 0.009412506365802153 0.0033917619401518523
65 0.0010438412972293178 -0.012335374715924566 0.004676304925740441
66 -0.005000948201860873 0.009279165917239748 0.014371796197050271
67 0.006249223841858782 0.012214254478179212 -0.015421255165307637
68 -0.0011125932439283361 -0.0008560376836143774 0.013603589072820041
69 0.003513960607166914 0.008826997942558937 -0.008345810672302834
70 -0.00529252956340362 0.0008033908404560721 -0.02423405829764093
71 -0.005704213891935442 -0.006514006155880485 0.009929521357808183
72 -0.011503279304980352 -0.004237712843054164 0.015788530040853302
73 0.012443895731217104 0.0056933371033318775 -0.011235344587367732
74 0.0047988441891993125 0.010608802607683423 -0.013451372283144643
75 -0.0008027852608547131 0.0030446485099309677 -0.022377171000624432
76 0.012951149700272335 0.0077497257635388015 -0.023282440202106916
77 0.006927207610957893 -0.008667825860550787 0.004908496993737396
78 -0.002818812607839123 0.002660461905800479 0.011025829697022042
79 0.003138049748768048 -0.005646624024287354 0.01435053669143651
80 0.011279800876517462 0.002425227441843583 -0.031472680046119014
81 0.0005252246921690022 -0.009257875791823161 0.01187879677127959
82 -0.0066430280040067 -0.00292420905609745 0.018859854458731926
83 -0.010722060861993524 0.002224050070540943 0.00999827126681914
84 0.0019733787466094995 -0.005135034915779331 0.013116637026151623
85 -0.02088655540605447 -0.01153046720003631 0.00887973894552295
86 -0.001032155343303632 0.008382874249660353 -0.025517777877309564
87 -0.0003263150096837336 -0.004363606819007382 0.017001030247615664
88 0.005660758017959275 0.0009109979311679381 -0.009064860033802205
89 -0.008294833474535579 -0.005053799808067222 0.010219350907247158
90 0.001587863673043019 -0.0009737292486182297 0.006884436335879825
91 -0.014486461492909608 0.005482446493682472 -0.017568240638213828
92 -0.00040040402537132314 0.005808608171466237 -0.006613049038665678
93 0.005959581526087058 -0.007270139762504985 0.010920611930735374
94 0.0008574048195033254 0.0010979311561031993 -0.015243613786992113
95 -0.012892072767879507 -0.0015403403598140963 0.00661442733949294
96 0.000535478774671555 0.011133298026062251 0.009145720593805931
97 -0.009748621081212328 -0.000580092458230097 0.005792744721953749
98 0.004855809418326203 -0.009326693778071672 0.020613732645391042
99 -0.0036094906018906622 -0.006750775152822481 0.004171186700495634
100 0.005521304624334394 -0.0015766785652212428 0.004671630803332216
101 0.0028732990163218746 -0.006914191579256254 0.008684423264964903
102 0.0005083470587958026 0.003042354763098082 0.01286408295193027
103 -0.006172237798709852 -0.006254931111993767 0.017516912595005853
104 -0.007926885577551071 0.0028382228209817987 -0.015357241536188282
105 -0.01596041790223178 -0.003949793652765016 0.015792488412398567
106 -0.00040405263136990277 0.004500978256381696 0.00441762129537146
107 -0.00039474280394006037 0.005564138481353939 -0.026644408227614325
108 0.002758758885714526 -0.008581911944072144 0.016442750848989163
109 -0.005347151974766843 -0.0024353141999082324 0.014636035947279191
110 -0.00754145158061763 -0.008624828903809306 0.007126366498995063
111 0.010748406141737426 -0.009882777150730495 0.011643894084982828
112 -0.005791043582664534 0.024085657083409706 -0.019815884148208403
113 -0.005040370882622901 0.009119493086267833 -0.023067249639732383
114 0.00039728863824388047 -0.008977191857393846 0.012689792444795307
115 0.002488081993452929 0.00040947334062298515 -0.003554836900579339
116 0.014340364858086103 0.0025545633033154415 -0.010414261287887305
117 -0.009004439039840884 -0.00017931895549681137 0.013357397846245178
118 -0.02325853354088725 -0.003558867626937686 -0.013374071488960478
119 -0.002992440703069206 -0.008180351933927597 0.012664892945734576
120 -0.010774829963651686 0.008844571658391337 -0.011091759145307092
121 -0.00939734055885734 0.004779762153757486 -0.019764103315121212
122 -0.01325641176685586 -0.008477845351400018 0.01616558171988003
123 0.002489654916893274 -0.010854863444116528 0.015502598158050135
124 -0.008990012076251844 0.009030483982423114 0.020309519948544512
125 0.014717816071160586 -0.0096511017801931 0.009024918022179616
126 -0.0031856923901313894 0.014482827296730767 -0.015857911432657655
127 -0.002097860570467812 0.00794465606313463 -0.02201780265601442
128 -0.0017276920141347431 -0.008685368613649078 0.004141426365435644
129 -0.001554736571401684 0.0003457096342822513 0.009713848141991745
130 -0.004503771950940108 0.0061769013817689535 0.007488664916269421
131 0.0037701496928963935 0.0014741731977877953 0.009590192953740112
132 -0.0023971934091783827 -0.007906723849361709 0.009440432817025432
133 0.0022405617701731426 0.008647470988316294 0.0046233856756612915
134 -0.005688535920468061 0.01711999140908159 -0.019459373564104668
135 0.00812903682612403 -0.006627535791533523 0.004730860040480452
136 0.011859148284591049 0.003920617384994312 -0.009354309093722323
137 0.0011461985831823008 0.013027337200446968 -0.030746726922432785
138 0.0038446820471842186 -0.009319351619240052 0.01058507821124553
139 0.002754730169812678 -0.0021236938622762967 -0.025684393532896192
140 -0.00939659053134511 0.012726914927292471 -0.019417018277229026
141 -0.014077233070135219 0.000556902397619366 0.011401886149581389
142 -0.007981342514654509 -0.01148676396979982 0.011291816490237392
143 0.006831993560386999 -0.017761821797150218 0.017325307680208003
144 0.005992116917211958 0.000803431844378949 0.001551292180745123
145 -0.00019925523670756215 -0.007293276712579545 0.005889073150759504
146 -0.02205062593869231 -0.0027770150868988847 0.004181903002721603
147 0.004226876299032326 -0.010162465934638536 0.001277060630730016
148 -0.002630190150653782 0.010161488222107454 0.01016444455157315
149 -0.013193241899136614 0.002251975094897017 0.008841378378652974
150 0.0029154957688486516 0.00213919452735278 -0.016382709607405253
151 0.002528205186028018 -0.0037201042664082723 0.009596904491467773
152 -0.0064304802393167215 -0.002614046345388643 0.0012440426717231362
153 0.008562444908221806 -0.005094744406953955 0.01703547569504008
154 -0.001798125681040326 0.008062420304819736 -0.0082304078872961
155 -0.0051163939813221315 -0.008481597305190852 0.008987258869481235
156 0.0031682399065460394 0.0052157441117315975 0.0025158814478879726
157 -0.013105904004444363 0.011728423738228577 -0.017299811503302343
158 0.01534764018479251 -0.012640683386558771 0.014991984068640801
159 0.014131244124164222 0.004407453448679682 -0.021194390518521768
160 0.013090743836898318 -0.0011435423984208193 0.002617752541427633
161 0.009996341316950479 -0.004404759325575047 0.015272212355688606
162 0.004843579548359914 -0.004856968581118816 0.00819694049088672
163 -0.004270824448544777 -0.0160084151280417 0.007249599683108737
164 -0.004394995333750148 0.0001392058906386079 0.003427222257971381
165 -0.00890672571324217 0.0072035464895552695 -0.011494003479600438
166 0.005398321475567236 -0.0006400258436978085 0.01359616253104142
167 0.001949345970962078 -0.0035346086329984903 0.008058027346482782
168 0.0017774835697230845 0.0084966486461263 0.011014496091210933
169 0.009757352580189787 -0.01879330874233902 0.0003666019822316617
170 0.011817864926605463 -0.007060425994108693 0.012095443035659442
171 0.0012114814505998464 -0.009057983218182523 0.010474692565810517
172 -0.000454649772631403 0.0038343752917483556 0.008673986701060158
173 0.0017786470717514047 0.0031853481191764857 0.011112126384486679
174 0.02723704797611587 -0.004341055747629233 -0.0009301863675250811
175 0.0027040298344050556 -0.012256620957607808 0.01977383887103691
176 -0.0012774776301722676 -0.00297507559591155 0.016544364068651778
177 0.0026167768921814133 0.0021429952835536614 0.0064599592926174385
178 0.0025706402979736726 0.00788285601045563 -0.02078728514830891
179 -0.0011075187987441308 -0.0025037574042451882 0.00792429853836596
180 0.005911736923940996 0.0026462511824153594 0.0188401330985178
181 0.004628616177935585 0.00999369701411007 0.005703785200690273
182 0.012820869148250591 0.006992076430942899 -0.027387127008279354
183 0.004840736175598513 -0.0016691707998191842 0.0005287600071479243
184 0.01219002137568273 -0.013505378396096774 0.016626250734999612
185 -0.013272795813331392 -0.001868703182761347 0.0027406961138562273
186 -0.01583179938031934 -0.00546071359956243 -0.017373715004119453
187 -0.014614329011282692 -0.01111549942844664 0.007439022294334088
188 -0.010419064940236998 -0.006902168522205085 0.013044349720557017
189 -0.003918235372640817 -0.002169163368299861 0.004146317329663363
190 -0.0027532507047556 0.007436736529006893 0.0020427017258004554
191 0.007670966255360401 -0.0045313699365133395 -0.018788727397231475
192 -0.002917332860295007 0.019922351138252692 -0.023039590603191003
193 -0.009166895987804437 -0.004975671589010782 0.00100901771507899
194 -0.00824926616412764 -0.003246369135960693 0.018422266018321032
195 0.00774270344493984 0.003875348558408917 0.011631429228348051
196 0.006439993560807811 0.021523044283663792 -0.029624649542334403
197 0.00226909164470627 0.009486513092797785 -0.018013284740262675
198 -0.001967914053524658 0.005079693704872032 -0.019212636193132446
199 -0.0013429672157184366 0.010346453889857887 -0.017817509268119452
0 0.009306901147223177 -0.003567450602535334 -0.01247556799322345
1 -0.000912181263267673 0.0017237219147967775 -0.012274263305690342
2 -0.0015239548748924511 0.0014878857308262476 -0.010844499516722624
3 0.006232303843882403 0.0034702217240605952 -0.003639586636075848
4 0.00036799999594969157 0.0028861751191423222 0.014325734208573325
5 -0.01898300643252386 0.01004800734548183 0.016908751209065348
6 -0.0005735172419213813 0.006289474892989165 0.018859299875464045
7 -0.014148294226186822 0.00904649765357153 -0.02268244554871566
8 -0.01210117947906418 -0.0058459941561859186 -0.012310128407176373
9 -0.007804109333448883 -0.003751061647877793 -0.014828069555615893
10 0.008177232091348293 0.00920128816715372 0.02605480009229541
11 -0.0022539172283068745 0.004053012734409361 -0.03110084744394731
12 0.0010851287799943515 -0.008422347548720536 -0.007567197277226337
13 -0.007302415579874107 0.021064935247208767 0.014230822282182714
14 0.009718934861316175 0.00829156130701604 0.006222641932552182
15 -0.016260469917493338 0.0011662533701826787 0.030872804319696856
16 -0.014466748880348997 -0.010458862936761959 -0.01235569381589702
17 -0.0033267520497732746 -0.02202337334833912 -0.008892477729780076
18 -0.0004634387916844264 -0.0034212200168664986 -0.01663457436302431
19 0.024082809294867683 0.0036088605514090523 0.020382288084008417
20 0.007110598345719784 0.002759267002587419 -0.021747696341159663
21 -0.0023748105093278037 0.017268084535224243 0.01792678816329925
22 0.001374656733948286 0.01290183148777764 0.012827233413495853
23 0.014632249415691849 -0.0042748976531130495 -0.006556783537534333
24 0.0045684683374585325 -0.004986450074049971 -0.0038526570120735303
25 0.01149854133880486 0.002660887305319576 -0.012037590367528939
26 -0.006077045503386655 0.00019091268257160135 0.015530485114640738
27 -0.0018766776208927194 0.0033961372569588644 -0.00938387063283917
28 -0.013566689127723408 -0.01339022308425862 -0.008945383963263335
29 0.005165986922727225 0.007712325703192635 0.00168034636913008
30 -2.5700835135589184e-05 -0.017652957258595753 -0.01666363355370169
31 -0.00813962051477845 0.02051065766542476 0.010995274447527063
32 -0.0025782728269560648 0.001329503268654796 0.026721205549000912
33 -0.0038062636799312227 -0.000641079769759148 -0.00879785375379831
34 -0.006981175335902959 -0.003057181828140236 -0.013042246672390581
35 0.013184959208032476 -0.003667873398571931 -0.019036631112589776
36 -0.0012891737775592924 0.0036102054377787143 -0.02133971811180027
37 0.009593040462727465 0.008254628248951765 0.016765998802821563
38 0.011423899884012337 -0.006081072985465313 -0.013468013619341648
39 -0.00019542798888983783 -0.011349441876301256 0.002947279207773183
40 0.0040152822402853335 0.010553089546110957 0.008047338109942622
41 0.0097176151304414 0.0022191105660114216 -0.004681702032734417
42 -0.007428309672462302 0.008989391093319678 0.01792351982578791
43 0.002399504063922843 -0.011709648803623941 -0.009602852843179896
44 0.007976758948242754 0.016769850806472322 0.011426540213553278
45 -0.008648563712656071 -0.0016114671972560154 -0.00637558597561412
46 -0.001177063381822864 -0.006726964954598222 -0.006703939434512035
47 -0.0025992217758094294 -0.005555319130499947 -0.008320922319111159
48 -0.007976817379747758 -0.011559196280145831 -5.465837092850863e-05
49 -0.007352667077608593 0.007839159902699028 0.029399335246936262
50 0.005252194236653254 0.004810847628809864 -0.00594952392298706
51 6.687368833049184e-06 -0.009854938949491448 -0.018588605669851647
52 0.005149567915284911 -0.008203200666442525 -0.010498630762931851
53 -0.0004401738654479098 0.003601895152375755 -0.008339481002078208
54 0.0048355715617803535 -0.004239197851475432 -0.008698733621589419
55 -0.0026191766413483433 0.0018920339571050007 -0.014851520692029302
56 0.005239648336334307 0.0015629259590859597 0.012027901308764952
57 -0.0048967876517488 0.010270965699272508 0.01400373731387311
58 -0.0028144931951356415 0.018527143259845294 0.011832944363051642
59 -0.004053200916764435 -0.009632652323523783 -0.007887491659279246
60 0.0019669945203709474 -0.0061721612670292 0.001754018587872913
61 0.005310027959798305 -0.0038913047815705357 0.009802597007164932
62 0.01993832518864805 -0.0015925472659089474 -0.005793426628593862
63 0.021954461565792588 -0.008278071429813322 -0.008001443583197237
64 0.006753383272465267 0.013583024708400032 0.0283914516894025
65 -0.0075909010668668685 -0.012738737161156963 -0.009502515197767989
66 -0.001011893888078222 0.0163897667298898 0.01924314655247046
67 -0.006602230597071115 -0.001842165478023322 -0.024919010699595817
68 0.005445882237953555 0.00248280111294584 0.011412425849728555
69 0.008508442385210282 0.0018354661783230933 -0.027934546019545536
70 0.004883543952405388 -0.004199178990332434 -0.015801838014707248
71 -0.014002395718931401 -0.007536072583498185 0.023657931271853144
72 -0.004816317037274864 0.00845640788309716 0.01977598539374551
73 0.012789297345470262 0.0006971451776593383 -0.011326356462872444
74 0.008682639893471934 -0.011692170801666617 -0.010724451541931405
75 -0.010941910562359772 -0.004771778649746031 -0.016527096079548637
76 0.010483886397444853 -0.006049410399352868 -0.012050765811806433
77 0.009836935939820879 0.01777263183368963 0.012536378388312626
78 -3.355269625610058e-07 4.5030691738917605e-05 -0.01681287914676303
79 -0.0034776020798687815 0.007039225507994778 0.016565194074248016
80 0.009363253872436805 -0.003707792959297731 -0.007032579717006299
81 -0.004079359724602995 -0.01069585589369218 0.0012849732847464539
82 0.0028766579614197124 -0.008514458916099941 -0.011062483565925076
83 -0.002451998560401146 0.0006560039883281386 0.01816564078091698
84 0.0020259467698638834 -0.00599146954516392 -0.0004932252719381941
85 -0.007182181851047312 -0.006141454145359 -0.022217689723206303
86 0.0012097375662834557 0.0030225506296966166 -0.007434426447252285
87 0.0021465054781325058 -0.020958568726109753 -0.011247744004428495
88 0.005813319333458564 -0.015265864258132585 -0.017568931160812262
89 -0.008287358807327304 -0.01707174213727128 -0.006224864100827711
90 0.012673378358955923 0.01158785507669903 0.005920405190511971
91 -0.010784913047110406 -0.004173317665754905 0.0005525765944033728
92 0.00624125747077867 0.003539289238192661 -0.013634314967965216
93 0.0014035850216109237 -0.016842115737072942 -0.010004821790854834
94 -0.0007085953334987662 -0.013580094967200057 -0.015711646713472804
95 -0.0021364209670736156 -0.013844022872995736 -0.00720476126376381
96 0.010916022252820193 -0.014183743682656702 -0.011036082988967997
97 -0.007156685955640202 -0.008951993979355345 -0.007428372326113541
98 0.0076355706165852424 0.001042573777610972 0.02050532731758746
99 -0.00556634862219133 0.005616678726887196 0.007805636351168016
100 0.015600045865326415 0.022687463996941444 0.008510497424634167
101 -0.0047106570806674155 -0.016415923955174258 -0.01970733448721002
102 0.008138926549776661 -0.0015593356978931203 0.0005592049937848162
103 -0.005158913555291574 -0.005264022864316431 -0.0076577075256188155
104 -0.010686915231054646 -0.003035635200153178 -0.009374781896067531
105 -0.005949990063023089 0.011430802893319283 0.02662211284444986
106 -0.016762055150238313 -0.0014178359602049148 -0.009068613281316256
107 -0.004841753925134095 0.011961718254450401 -0.016999757217760772
108 0.004817142385846684 0.01222150770451387 0.02243268120512252
109 0.01210382091672789 -0.0019946150534956002 0.02134487215872942
110 0.005441233218595626 0.006821277874261853 0.015071275430689327
111 0.0040743210617021144 0.00477924220805738 0.030777312449727062
112 -0.001888262653262203 -8.984698075842346e-05 -0.014850702294520159
113 -0.00013455638772426337 0.008843698435342662 -0.016020807864381474
114 0.004751312707241632 -0.020667093034462847 0.006680462518989138
115 -0.012225424259034598 -0.01072402568288525 -0.012511326244040902
116 0.003312301481903812 0.0014342012856404292 -0.01761184902595691
117 -0.011476082472550803 0.002988893867503027 0.007270364845931687
118 -0.02112043514738013 -0.003709215309314482 -0.010006077549174413
119 -0.00414782291965108 -0.009835711239343757 -0.017410195274991942
120 -0.013403417179224927 -0.00125426152942653 -0.011045366885383233
121 -0.0030408153485778633 -0.0006237746819622572 -0.015831977358306118
122 -0.0019422736782224587 -0.004957570601765632 -0.003264291727479586
123 0.0009422718837245846 0.003306857559116985 0.005911147374967313
124 0.0032058264843586905 -0.0017662289167126727 0.01846338272068883
125 0.003456284693236264 -0.018471542817874192 -0.01280768865560477
126 -0.0014082273266717293 -0.013668665569058928 -0.01671441769868183
127 -0.0017383165360063402 -0.008902845496943604 -0.010362812985039369
128 0.00227176085488804 0.005350658428857912 0.021091245806577473
129 0.004294777516264031 -0.010755859549762492 -0.00387133112855401
130 0.00326622707532271 -0.0011298761051003361 -0.00526203075217096
131 0.0048532399347663985 0.01775772080976415 0.010124780790833413
132 0.001865933907431211 0.007543904194785031 0.01833138710818715
133 0.003419748157907532 0.0024474184761361963 -0.010935410494323968
134 -0.0031014028879464903 -0.010391856789207454 -0.020497555417053018
135 0.003050586587903581 0.002585827883314691 -0.010701462846493613
136 -0.009764342809860424 -0.008945497372267608 -0.010182867212847804
137 0.003749518333265344 -0.0018297601920608426 -0.008073186676865046
138 -0.0039015694900462906 -0.006426577194264524 -0.014632352547074871
139 0.0070402714792182595 -0.004547857775438818 -0.012966426194686867
140 -0.007499251674256149 -0.0059230257339212 -0.012511304857658556
141 -0.005394011319870204 0.004329666911529598 0.019664706312279456
142 0.0009331390663313757 -0.010539250394543856 -0.007822327662775942
143 0.0007290431688189367 -0.015486798333874022 -0.0018281653646252186
144 0.00746613477787364 0.0181326711378417 0.007494153672655414
145 -0.0027551047609180555 0.011825285861306614 0.010100560572664966
146 -0.012012036175007373 -0.008907563498732465 -0.00457672230145356
147 0.00451176735434893 -0.004334581141635832 -0.0005079046586382602
148 -0.006040229502706065 0.02520923099972633 0.014998542755709894
149 -0.0018970611526273606 -0.002165959862637474 0.013369727746220708
150 -0.0018071659999777752 0.001189943053161651 -0.01854553017873517
151 0.013851227171685784 0.023788600240343197 0.016214127833155748
152 -0.01159735457057088 0.021364644855437404 0.006995371912631908
153 0.02159324035169384 -0.012788740513684657 0.006917688895279477
154 0.006963049870660487 -0.006196403234980795 -0.011475573161867009
155 -0.007274148299595627 0.006255008732559289 0.02051511195552745
156 0.0011529532197897662 -0.007888571487678561 -0.00655800285355268
157 -0.015277887876360613 -0.013053288872541608 -0.013744151967232124
158 0.011230472997891539 0.005955363175665515 0.021542771724552046
159 0.003567492131349548 0.013443507896503892 -0.012031569114642468
160 -0.0025103562333771354 -0.007088962831388763 -0.010887377706648427
161 -0.002762829576655329 -0.008445430152940109 -0.0018958769271052722
162 0.001245557896891028 -0.00639865611353161 -0.02096063876160721
163 -0.0060051463642878875 -0.008921606400427287 -0.010622403249089911
164 0.005329752165314797 0.03396889858257929 0.010371569248352211
165 0.002158005466404083 -0.011742884742106935 -0.010771879603544393
166 -0.016045679808366943 -0.013229162485784492 -0.014774705853639169
167 -0.010330476797651644 0.004043809959883599 0.02711613832849806
168 -0.004755165007936074 0.0212479402924996 0.0065473315560756334
169 -0.003075385511176032 -0.01030374618921269 -0.005418960461411242
170 -0.004689544849586211 -0.004911836371256299 0.0003270283670555908
171 0.0014275813224416535 0.006320470518745796 0.029728439652467756
172 0.007682650458625095 0.001591728503938905 -0.007889580205955253
173 -0.003281963897615512 0.01522463640104283 0.02043068198366483
174 0.018510679083319548 -0.005345933945731143 0.0009653729362893802
175 0.011581740438854134 0.015375333078329943 0.0275128275252685
176 0.002730391540202175 -0.014314444528541942 -0.01755298581494971
177 0.006657726603017833 -0.0010511079370514875 -0.012892069624372946
178 0.012153281175873859 -0.0013103396307706829 -0.022256207253431484
179 -0.0007605068592976437 0.00722675827654983 0.0267335197874356
180 0.005731183038332848 -0.0021456501297809315 0.0029445835427061584
181 0.00016849337148841254 0.011770919557177809 0.01326331260681781
182 0.0017423381865950827 0.007508564904630262 -0.01378213240615641
183 0.008021073185405389 -0.013742673843363008 0.006070810089893096
184 0.008183400134342975 0.008663863366528416 0.014569569173773625
185 -0.004648016140712474 -0.008062083392539512 -0.009721787792622049
186 -0.00023500208656299093 0.0035767584937768312 -0.008996586462086328
187 -0.007318853774376452 -0.006543120890165635 -0.014620838249684166
188 4.282758368879397e-05 -0.006280570094625612 -0.007194712427732369
189 0.00026075031370690477 0.008258281131124333 0.0031332854859275547
190 0.004105070366696391 0.023477252263192 0.018916777907646846
191 0.002935094093031637 0.0006625574364101799 -0.008895713644430328
192 0.0003671804882165522 0.0043555847393042385 -0.009617773329658491
193 -0.010178481299349028 0.008457900535336444 -0.022546085096565277
194 0.0050381596566376335 -0.013042780354767951 -0.023480737797801996
195 -0.004619487628149225 -0.010880446756757582 0.004427661405351339
196 -0.004017173810278201 0.008161975646884756 -0.01603570941681963
197 -0.00025715540672440265 0.0004639325299719485 -0.009916356504512634
198 -0.002048053995336703 -0.0023295650383179933 -0.011714924936854748
199 -0.002954391814779153 -0.0004874655773238895 -0.0028502459396605173
