200 3
0 0.03695583605966517 0.003525238707530929 -0.033553954134210716
1 0.03555583756035998 -0.029289446833323823 0.026574829116480063
2 0.03555538704789013 -0.03772637164571094 0.03534060599266845
3 0.03763521572344911 -0.0016126113684606042 -0.04288026527709577
4 0.03602830612520392 0.03624974783476475 0.015986362983636638
5 0.03555604565411255 0.04132626984148439 0.03110956346048418
6 0.036260849829253164 0.037916181650799165 0.03654703487323755
7 0.035077549907514244 -0.03466875097934516 0.034196064172121246
8 0.03785880148792425 -0.0023487335512823327 -0.04179933583571981
9 0.03579260628689247 -0.035340593800686514 0.021431222103425858
10 0.033854101440948 0.033953372321239295 0.023705027735758527
11 0.035077380272021653 -0.02650502042212314 0.038453830945470474
12 0.03434824964714849 -0.03278631312258376 0.03221618791668079
13 0.03483691904051375 0.02856424513994532 0.025412222765396716
14 0.03829857594735111 0.034585609329753485 0.03163840822684175
15 0.03579280352369588 0.040170618371779473 0.026081243756153494
16 0.038739801890441045 -0.0024823367046377114 -0.03104416379293546
17 0.037183538456986354 -0.007847700989240711 -0.0347853474058354
18 0.036956029402869246 -0.008537676855157056 -0.03800114240301459
19 0.03785549377584359 0.030952905869121073 0.025754584928345862
20 0.03895717319310737 -0.0002659154991227607 -0.0332348320783066
21 0.036493597828927915 0.03523097004781861 0.021950535373401015
22 0.03718132267545032 0.04049673355684746 0.01434961952933647
23 0.03895696817135374 -0.005320222457162578 -0.030139577628774655
24 0.03895768638400019 -0.006054861622280014 -0.043811853491961046
25 0.035555283756041674 -0.02966960700788255 0.03719371456182348
26 0.03785603938268743 0.03489193276693682 0.01779931512634802
27 0.03830186238611768 -0.006173867210781655 -0.03783241295407149
28 0.03626436598775836 0.0021367224603925875 -0.03741874078126649
29 0.03672364283776233 0.035369813093193814 0.03179420172638671
30 0.03785838249582523 -0.006304074841899843 -0.03483172965400295
31 0.03483691839583845 0.03474473837054628 0.026300064390642405
32 0.03695301114261851 0.03093016495741827 0.02591964591001282
33 0.035792060660634444 -0.030942857101531728 0.03405298822192978
34 0.035317596016880226 -0.035251918594378456 0.02825852584738159
35 0.03649299495423708 -0.03277453620684194 0.025243640722645067
36 0.03718362182178558 0.0008598290235808349 -0.03557529371781755
37 0.03309799694908478 0.031926252178952536 0.019149739712284754
38 0.03960209493175084 0.0028620591662601863 -0.03853514408469978
39 0.038081010121541935 -0.005283835638652769 -0.040995001263075606
40 0.036493309788733864 0.03289982698531282 0.028318584377999324
41 0.0367274947986722 -0.006492019418114136 -0.04866659031019375
42 0.03763196236337082 0.030040483780906145 0.026015757639799256
43 0.034348356940064405 -0.03183951481527182 0.030448813313725502
44 0.036493873123533214 0.039046600266598834 0.016337721259508133
45 0.036956173441857657 -0.004341837646949492 -0.040058976122514696
46 0.03435260441517778 -0.0074545022535072855 -0.051087612106637266
47 0.037858459853981334 -0.00012500246446370874 -0.03350406274271653
48 0.03763491840777631 -0.002634905007845904 -0.036795298872457645
49 0.03555593248831017 0.04241193924623608 0.03321996972111604
50 0.03555565840483267 -0.03568983606377829 0.030323875498913376
51 0.033853312992274474 -0.04129439408723859 0.030007998086810116
52 0.03672351019712805 -0.025942915647197966 0.027274283264040786
53 0.035077619522587825 -0.03229432322182789 0.032002791700019365
54 0.03808087463382497 -0.004321598271198319 -0.036725538214748936
55 0.03579227421099345 -0.03904028242633909 0.028710719160496966
56 0.03483715190247083 0.03350212929211442 0.021464601182153556
57 0.03763189055485812 0.03458173083654327 0.0280182175435824
58 0.03385402851921293 0.03880437313953404 0.025303806517490802
59 0.03672672217321522 -0.004061836771286148 -0.034236373728340895
60 0.038739856760752665 -0.007656132749027414 -0.03360613896587698
61 0.03740683529479935 0.027922454507321025 0.029170472122668403
62 0.03459307481906768 -0.036384205268179856 0.03133737688191921
63 0.03960166676104426 -0.0079830642416278 -0.03063772740944632
64 0.035556318548216094 0.031792175140280335 0.024673725381845105
65 0.03763513859049423 -0.008590844566843635 -0.04043229412445626
66 0.035318065337508156 0.03052547321902806 0.027345113836136397
67 0.03695238153013824 -0.039532540393982483 0.030732775284051148
68 0.03649325527240736 0.035706945963635245 0.028494652398100416
69 0.034593329602197444 -0.03268993950575305 0.02745045076874648
70 0.035317865721079485 -0.03251152761264055 0.024194090796169288
71 0.03434876393939484 0.036335768198686155 0.030353592473799252
72 0.03695286191695911 0.0276013499104079 0.029661287932216517
73 0.034348075831842795 -0.03587114967157167 0.03462051913616231
74 0.03717996821946783 -0.03163607624637724 0.033518326345307846
75 0.03531715966748508 -0.0348945705984841 0.03636159169677028
76 0.03531725387286391 -0.03371744877027327 0.035134614881937795
77 0.034593687191521574 0.03838896855369942 0.028482720892211804
78 0.03672691484608914 0.0010123462582390843 -0.036551418474010486
79 0.03602849808701725 0.037793970015581796 0.014893914265037339
80 0.03507819193895118 -0.03536858368190567 0.02089662000219446
81 0.0378583887975977 -0.0025882204328572266 -0.03423702874699595
82 0.03741041049032827 -0.006959334278118602 -0.04619265250052094
83 0.03672417216920013 0.028655402758085674 0.021402931158657514
84 0.038740072050716 -0.008315684658120031 -0.03726095413536629
85 0.03763529029197887 0.0024877088420051743 -0.04335476657888417
86 0.0367233485049806 -0.028444594882832665 0.031101393473744736
87 0.033857408490536964 -0.006065577980731754 -0.047678173987935946
88 0.03740620686174101 -0.035333010239596965 0.03346199550895509
89 0.03695622214612415 0.0016339368801872346 -0.03973781296287149
90 0.036493270763926784 0.03472667662035271 0.028029317022709534
91 0.036027334050865424 -0.02832353373782124 0.03040424354850927
92 0.03483588819818832 -0.04127699930433005 0.03736798584021302
93 0.037410196395464966 0.006407858614676434 -0.039043660344148655
94 0.03507761207264113 -0.036252932015107354 0.032255303292750344
95 0.038957072416848586 -0.004124428714495007 -0.031218897548554423
96 0.03695661082605107 -0.004260949932086524 -0.04861821012975656
97 0.03626428783628327 -0.003380850459517767 -0.03620940274960632
98 0.035792772170995656 0.029194387032330404 0.027761893348314144
99 0.036261125649271204 0.03195835067136158 0.031082834659718735
100 0.03483723504724162 0.033619896978112594 0.019342783470091045
101 0.03626490755543229 -0.0027505942361450712 -0.0477528131150021
102 0.03718393911685656 0.003624148002964069 -0.040977717696347726
103 0.04044545535250349 -0.005443636826748633 -0.034873867698159595
104 0.03309732249207392 -0.029472590927312813 0.025181482504401095
105 0.03740710502350972 0.030387940878127354 0.02386905183261619
106 0.039388060007068404 -0.002881664692966305 -0.03303401155620505
107 0.034101547997613314 -0.037828757858153525 0.032057404604511175
108 0.038737363429331775 0.035109881530884575 0.021423824670574437
109 0.037407404001130254 0.032464191674729255 0.020285158008431746
110 0.03649335600174504 0.03196131490368458 0.026270478826327204
111 0.039170644195951204 0.03436330631671985 0.022187354985290137
112 0.03785507493593489 -0.03691667459358453 0.02918780396352863
113 0.03672378235594056 -0.028919302930206302 0.021865055732677895
114 0.037183797356358864 0.0003703531623727893 -0.03881152722861424
115 0.035078006719187524 -0.03400058375367781 0.023817515857582662
116 0.03555559684182882 -0.033158191356142314 0.03313721745157357
117 0.036493190863777114 0.03227604859926052 0.02986806626179187
118 0.0353176145339797 -0.04054266406261531 0.027206520286431692
119 0.03718389262654629 -0.00616293371848528 -0.041409931525345556
120 0.03531798292574422 -0.02959909439759276 0.0219677127746678
121 0.035077714125765616 -0.031421729763027324 0.030849786437511604
122 0.03830200143451995 -0.004881417411258839 -0.04117163950339205
123 0.03602813571528856 0.03546443826201871 0.021762619504375594
124 0.03649347872121065 0.03135502968400226 0.02455157153966976
125 0.04002584965039065 -0.006656656157197441 -0.03521392014333085
126 0.03507768781039703 -0.03835681692811823 0.0288511148413693
127 0.03672316178481551 -0.028204978128844756 0.03504656082143661
128 0.037180948224632755 0.0361363072862372 0.022357095411425276
129 0.03649658839037289 -0.0014618250487974272 -0.04119031338729452
130 0.037183449889639446 -0.008518734490213235 -0.032725014146897324
131 0.035078244044221676 0.034270631701001045 0.028955940635565888
132 0.037407100572534865 0.037895941277610715 0.02398128790691593
133 0.03649662847940711 -0.004480243763188548 -0.04247303178482903
134 0.034836102765606315 -0.034273942173472564 0.03315949608612932
135 0.03741008104615629 0.0012522311656236389 -0.03823970837076371
136 0.0385215878080621 -0.010076725839565436 -0.038311262134583565
137 0.033602990292227804 -0.03338005910286097 0.0322164684238552
138 0.03852144190893213 -0.000620978421940408 -0.03348575127479055
139 0.034348613516109135 -0.03133140223412805 0.025222265175881754
140 0.03718056393820019 -0.03134810065094088 0.021703266314941315
141 0.036261445430443795 0.03599116985318939 0.023021613712855857
142 0.037184103800960606 -0.007542256546470068 -0.04531277867586042
143 0.03917347191949312 -0.00286773112811586 -0.03802184916456299
144 0.035792650945148975 0.03769274901254811 0.030904596892927
145 0.036027999551247636 0.03977850021724664 0.02480926826587853
146 0.03808066831797126 -0.0077755265475081894 -0.03410488509827986
147 0.03785891054417732 0.0005651037535156461 -0.043026634680960886
148 0.0400232240609579 0.03011826454291085 0.022324766048876236
149 0.0376321057557084 0.0383475004368135 0.025017403558755553
150 0.03718021168368601 -0.027938184381967664 0.02983958108452696
151 0.036261195696507015 0.03355905054801378 0.028969429387888327
152 0.03555643867182157 0.031613359259541465 0.023145202632686303
153 0.03873996896962747 -0.012423948124132009 -0.035352470809347565
154 0.034348435127720026 -0.032420315650338254 0.02930800168313014
155 0.033351500426988714 0.04158603176323187 0.030273063210558757
156 0.037858528565925226 -0.0045369246890649625 -0.03706580188618092
157 0.03717995808211945 -0.028194555361708135 0.03335151045157545
158 0.037856261086946494 0.03377973385237722 0.013570521430447452
159 0.036027163800856334 -0.03255338545591561 0.0322148002663324
160 0.03960196310817092 0.0005666792304922588 -0.0369763022748266
161 0.03852144921277264 -0.006124552629315645 -0.03436975796754292
162 0.03785876161932667 0.000511818527562259 -0.04051358783146211
163 0.037858548604355016 -0.0010603996442202612 -0.03727201868725476
164 0.03649345416536497 0.03686394903966619 0.02601934496055173
165 0.036951914685657415 -0.031379954270423296 0.04103575343106772
166 0.03740995623908409 -0.0022810265587235247 -0.036193691504744795
167 0.03507848015025389 0.025709478017597053 0.022735346463681652
168 0.035793207085855594 0.030328631933154004 0.01929401676153649
169 0.03852172638194052 -0.004527350398400449 -0.03872076991099729
170 0.038521622890628014 0.0011085309531859463 -0.038101835919419916
171 0.03507827638049275 0.03520565978398296 0.028393541795467485
172 0.03649678997732291 -0.0031640543121025386 -0.04578634242762622
173 0.035792725631615625 0.03447241585848562 0.02916752998163156
174 0.037410129657728795 6.032624448917523e-05 -0.03873913838631027
175 0.036724067940925274 0.03833011448767575 0.024030460932396552
176 0.0355595122245511 -0.005943797608867032 -0.042846291276519795
177 0.036495991047201796 -0.00849413495356225 -0.030725791394516797
178 0.036952140483808266 -0.03069063725881601 0.03612421301820713
179 0.03695307418807432 0.03168356298813017 0.02492319544220919
180 0.03763463576576078 -0.006456595048831798 -0.03141612884159077
181 0.03829892265786654 0.03296983475422476 0.024900386002340333
182 0.033096703948581926 -0.03299180448543 0.037066209815025834
183 0.03649274271024846 -0.031086770050139264 0.03221479825721364
184 0.03718076602141501 0.029800330190510767 0.026113632411887078
185 0.03695619955158172 -0.005982126998446547 -0.04061442775452594
186 0.03483642380372363 -0.029950861192467985 0.028066357153103495
187 0.03830230002463708 -0.007333453363846959 -0.0461610840967456
188 0.03626461049593153 -0.00028520037057053844 -0.04329585680460168
189 0.0376322507732833 0.03797439669574489 0.020821574026829798
190 0.03695310246110964 0.03008798604728704 0.024941947287854597
191 0.03649285478283768 -0.03277748189781188 0.028379133516213725
192 0.03385325299201233 -0.036099275491191504 0.03289678652418316
193 0.03874014326686881 -0.003008954924881536 -0.037809321628201255
194 0.03763483837534037 -0.0033823733380232064 -0.03515265189604101
195 0.035321129807085044 0.010497749592351797 -0.03727611751551739
196 0.035792063603079585 -0.03265475247931245 0.03388448774928778
197 0.03555583080110254 -0.02999119735919672 0.02854354911532653
198 0.035556068229653535 -0.03584538517814315 0.02334660734779124
199 0.03483633547890941 -0.03717320029271859 0.029130293508475045
0 0.0480726076826375 0.02034236689603545 -0.013828401496502472
1 0.03434842112574855 -0.039952082287393983 0.028365319920605234
2 0.03531716411620832 -0.037969269189049464 0.03607505106754419
3 0.04736482941127878 0.026844529579026066 -0.007821674843922117
4 0.047007091852490884 0.025699336482012152 -0.006720295394314467
5 0.046646421848440395 0.021857452309953843 -0.00466293108629563
6 0.045176518797159726 0.03355631613717216 -0.017771718572675368
7 0.033351308633633545 -0.03352462658824678 0.02689841441769651
8 0.04628331386907479 0.02429772962817683 -0.006537025793377022
9 0.035555375291734546 -0.03482452613653221 0.03469931091001612
10 0.043656063498114295 0.02767650425139773 -0.015225602838602977
11 0.03718040738884748 -0.02066682911525114 0.02695240631354149
12 0.03626090758338793 -0.02908232779022332 0.028130441255458168
13 0.046101050177325006 0.02612891379142025 -0.015612711848401158
14 0.04554855712298525 0.024584666404118143 -0.017239478905206468
15 0.04610071112685487 0.020566933035336684 -0.010085571549897334
16 0.044800672745636 0.020547048621184335 -0.006192935618718181
17 0.04628335333979551 0.01888916101089458 -0.00836377354115239
18 0.044800793807792554 0.0246451885341095 -0.009502884843259856
19 0.046100897336393706 0.026496121159168304 -0.013121359424408709
20 0.044612212945138584 0.0302491942025081 -0.012746837365200244
21 0.047186590890064974 0.018628705956716986 -0.013768246829103888
22 0.04610107917497932 0.01765849021898787 -0.017360423957832702
23 0.04610097794262657 0.025077753097568194 -0.014743407607047551
24 0.04591750374364404 0.024099718027961403 -0.013501843043058194
25 0.03434869180646972 -0.026128574707906606 0.025082976722327253
26 0.04554864355645903 0.02741729292091609 -0.01683797394373635
27 0.04326774311014479 0.025389735876110188 -0.01574048408585932
28 0.045362523494402625 0.02287595836781286 -0.010874225652777028
29 0.04610051995034759 0.026542615127801213 -0.005604035143331771
30 0.046827192372826155 0.023424379176202437 -0.00623958732449276
31 0.04610110580985857 0.025614105260178637 -0.017403814856109937
32 0.0475430129767719 0.016966025131202878 -0.014708546766067438
33 0.03385315328529323 -0.03179207484232962 0.03385099119465546
34 0.036027697772401696 -0.02775436245586918 0.02259170817788746
35 0.03695285311249294 -0.02788250827149398 0.022291710047762585
36 0.047365077510985495 0.02266434466332641 -0.012648268304034515
37 0.04610083137164384 0.02821225559776276 -0.012711334300998887
38 0.04480094514904171 0.02950257816014173 -0.012315589115500012
39 0.04480084086576608 0.022648421860673305 -0.008568971117257353
40 0.04498923246196366 0.029230377502204495 -0.01577601625457744
41 0.045176142656331596 0.02804998434112056 -0.010978143919969206
42 0.04423226365351774 0.025515251988515494 -0.014843681621162523
43 0.0355556217100435 -0.028473837841484845 0.03263703530232226
44 0.04591754674025626 0.028643802423511507 -0.014276304798551217
45 0.04167757032874046 0.025787342979514096 -0.006634533443543644
46 0.04682766187898424 0.025612452609787742 -0.01603968919396109
47 0.04754318496902859 0.025813444052853775 -0.01715265959414621
48 0.046283460398245185 0.025664260476861902 -0.009933603832717955
49 0.046465810208618404 0.023577674475129647 -0.017517446101527247
50 0.034348418452434686 -0.03947021800625804 0.028346374105581627
51 0.034348830989225344 -0.0345510651952225 0.020068404439269584
52 0.035077694220522225 -0.03351791884898149 0.03059325489936743
53 0.03483615784936878 -0.02895328557340775 0.035619328878747844
54 0.0466470216529621 0.021481789767984812 -0.014718138107935595
55 0.037406763256923374 -0.03452010072374151 0.023268538009273157
56 0.04646559754816037 0.02414907557151387 -0.012911791493741588
57 0.046100959327965235 0.021407808442794433 -0.01402224078561046
58 0.04610053022797279 0.024202312277915108 -0.006276191675412632
59 0.04573308260215636 0.024302525621613332 -0.010687331308975909
60 0.04610116931850734 0.02324628971820978 -0.018345183133551934
61 0.04591747167652729 0.025924153118847607 -0.013827343571942907
62 0.03434828704363723 -0.029302436832148403 0.03205521594161057
63 0.04682744075455825 0.022816086005522287 -0.011628618519501246
64 0.0449893125503181 0.02112565484434627 -0.01936612271099081
65 0.04498933603250945 0.017477091429447436 -0.020360765529836296
66 0.04536257286458776 0.02084689733081697 -0.01128454700132953
67 0.03555613290381022 -0.0324507670422219 0.01951271758928995
68 0.04498908173922944 0.02595025517543912 -0.015510116926782768
69 0.03649275442178069 -0.02415512971524245 0.03103235208188385
70 0.03360297405876663 -0.031849012087878686 0.033107819087391764
71 0.045548437299573634 0.027586025835485948 -0.014833296484667307
72 0.045917484715368224 0.026637985108391462 -0.014959660826019858
73 0.03807754813157006 -0.03136932115895471 0.026020972056943422
74 0.03649291060521517 -0.03142939530471084 0.028193692288306513
75 0.03672333356651667 -0.02384769284883312 0.03212663376859601
76 0.036260775395687235 -0.03221134118562815 0.030489966153017148
77 0.04442253311589511 0.028144408742700147 -0.011682856020277393
78 0.04498927129984583 0.027601466322465195 -0.018148853320439393
79 0.04628338813025991 0.027313750619797794 -0.008029568740870494
80 0.03360319239426336 -0.028837996912702214 0.0294279177158569
81 0.04664683755757434 0.026435378950556105 -0.011377099274100664
82 0.04536280935382288 0.023663414312808904 -0.01557605566757983
83 0.045176249431993096 0.019890012012310318 -0.013910114073593514
84 0.04365595668241713 0.023321500399368224 -0.012497107598939574
85 0.04536289616450641 0.0222282141972812 -0.017878306676244345
86 0.03602727608257873 -0.03594045696868982 0.029826661681775626
87 0.04664724574102082 0.02304390004035946 -0.020473401548969195
88 0.036261123565898265 -0.028696050400622317 0.024305531375732114
89 0.04480091077052839 0.028866485945337028 -0.011341568074696938
90 0.043071959032807514 0.027785261013971385 -0.008667149559452093
91 0.034593418656691174 -0.02639138731885187 0.02465331932255699
92 0.03410152117426244 -0.031101791494202183 0.03382515116672452
93 0.047365075153249475 0.026003873302572093 -0.010846394782845737
94 0.036952777704526554 -0.028125627440955925 0.02404332520717434
95 0.04554828018925077 0.024488205171703244 -0.012231247601674204
96 0.045362730582573105 0.024975431460608162 -0.013649981000686894
97 0.04404118284186884 0.024814542547260145 -0.01556435497400534
98 0.0448011966703205 0.026109063797661525 -0.017081354958603773
99 0.04498897514743178 0.02601151362385241 -0.0120755622396162
100 0.04718653816914461 0.024712617337450372 -0.011124607723223667
101 0.045548225832694356 0.017322805702433247 -0.011479852547583463
102 0.04718667651457426 0.02163631298180568 -0.014366659960603897
103 0.04517633351566636 0.02566507009121343 -0.014454641053523586
104 0.033852990621629254 -0.029123565012450274 0.0367508253582332
105 0.04461204449904908 0.02362753988729293 -0.009547869102290272
106 0.04628356411361969 0.028842396601177083 -0.011633037116452164
107 0.034836220891323724 -0.025938276977692538 0.03387743894074215
108 0.046283778337437416 0.0280411653978203 -0.015064541266756323
109 0.0455484730506024 0.026262255811444875 -0.016339483142116598
110 0.044611696810657006 0.02244515741564989 -0.002850897988705217
111 0.04736484587911137 0.013481906624305859 -0.009985590548952225
112 0.03531736978262862 -0.028838959031242433 0.0340853870967191
113 0.03507761787131867 -0.03274381080750739 0.03295915837345707
114 0.046283560412020065 0.02025344220345865 -0.011978796766724255
115 0.0357921947778799 -0.034353906720934996 0.0306207593064725
116 0.0338531687536402 -0.03167200884087986 0.03480519709090985
117 0.044801266704690264 0.02612301454748861 -0.018770157497695297
118 0.035077849356982126 -0.03058887927557197 0.02772339493762841
119 0.04591723418974814 0.022712930501245683 -0.009477799646317866
120 0.036493144945525045 -0.030656622864808622 0.022847465021789193
121 0.037180318984135347 -0.03618957550108417 0.025923297801342792
122 0.0470074031462624 0.022064965229185926 -0.013435767557010578
123 0.04573343895934153 0.021711728942118043 -0.017203855257358843
124 0.04646551342886952 0.018398150392543975 -0.012349996406458914
125 0.045548297818730425 0.03230295416706349 -0.011210266728392159
126 0.03695236574678323 -0.022805974240730276 0.031736154145363786
127 0.03555566936837603 -0.030214257207975187 0.030425418492337458
128 0.046827429598922735 0.0164321434004731 -0.013296650445093388
129 0.045548275540950596 0.023994206456050757 -0.011055870912360103
130 0.04423195750034133 0.028718919805761127 -0.007042379214210401
131 0.04554816024970561 0.028363978881776032 -0.009022645276639655
132 0.04646567610163395 0.02318802308223254 -0.013670604973656885
133 0.045733222414554325 0.017198354420929148 -0.01231723902932758
134 0.036952645078650204 -0.03746014787763803 0.025712104404723938
135 0.04628358513950564 0.024120068039425475 -0.012849159404264461
136 0.04591745400768474 0.031208403269765504 -0.011910171530428464
137 0.03284111939020827 -0.028554265877398018 0.028696299369985148
138 0.04573304304981173 0.024121961320524243 -0.008993681628560962
139 0.0376313011528612 -0.03586684537832858 0.03144143301170906
140 0.0345929156259102 -0.035489962427052525 0.035796307779256395
141 0.047186385778588046 0.023698343583217128 -0.007900347736557144
142 0.047186315722737175 0.02237404404828771 -0.008180456099172676
143 0.04610070198362172 0.02683096634973387 -0.009551877450005901
144 0.04772042174118124 0.024856079981426596 -0.01707574720904176
145 0.04423221134822069 0.024764505267355713 -0.013795794652274564
146 0.046283589686957116 0.02760073886195288 -0.011365005458078024
147 0.044232039592089094 0.02391269574634398 -0.009521205079974754
148 0.04461232563169006 0.028563645593976825 -0.015158024660160465
149 0.043462479160715724 0.025937425627504982 -0.0178979630169873
150 0.034836406918457165 -0.035612939399064965 0.028239626470972612
151 0.04789664612525042 0.025420257591847878 -0.01198379730481191
152 0.04591728022252503 0.021382066837956855 -0.009576228251932103
153 0.04536254148326558 0.022282356568193364 -0.011070441043721034
154 0.03284096341894925 -0.03228675404221414 0.032285812978423534
155 0.04480133507276118 0.02000280787497551 -0.020660761879569334
156 0.044800851900524435 0.027457673059797943 -0.010553957876660993
157 0.037631934764581425 -0.030811092524701617 0.01935086848599989
158 0.04346209535251927 0.024584918376839425 -0.009399310257410141
159 0.03531780534153136 -0.03430902392200825 0.024524405917795335
160 0.04591767648014839 0.022087997491091242 -0.017038246035142472
161 0.047365228844743916 0.026133167840128115 -0.014244665396320445
162 0.04517594012634038 0.02705183472261716 -0.007040250749643498
163 0.04646575940416574 0.020264429773361712 -0.016719546021077086
164 0.04591758906874612 0.027749806264155637 -0.014803482373402453
165 0.03718017502244621 -0.028282691926628026 0.029826034235295108
166 0.04664698550724882 0.02801205279512415 -0.01387119102072935
167 0.04646571128883577 0.02240763816751711 -0.015984152459456155
168 0.04573343899090177 0.02580914997857445 -0.015541394964486414
169 0.0446121095867968 0.024087031975797236 -0.010877900635193269
170 0.04423194971546432 0.02215938358372342 -0.008004063348248533
171 0.04736518304891373 0.020675421414183128 -0.013380161029779365
172 0.04307185144703184 0.0270597724910759 -0.00769539998943217
173 0.04536250351085008 0.023863229646043916 -0.009943829217201055
174 0.04610076278597685 0.022224006969677104 -0.009973318966957925
175 0.045917220500075934 0.01754363248366382 -0.01013645692407587
176 0.0461011752264167 0.023557128818120502 -0.018221723577210355
177 0.04536281425246974 0.02510157121171197 -0.015300163187251805
178 0.03531762382700872 -0.03825300528085558 0.026554925484245016
179 0.04700754361273886 0.028814756623457546 -0.015759784537830255
180 0.047007490450890456 0.022390051288705727 -0.015390735391869116
181 0.045548204816472024 0.027909052869560462 -0.011089036390436546
182 0.03649263725490677 -0.02877564555829385 0.03354944019736426
183 0.03507769462249328 -0.03021019591427324 0.03191352673835571
184 0.04423251568633871 0.026639912713771793 -0.018506315367996046
185 0.04591725797955007 0.023734076034119297 -0.009609226066658592
186 0.03507764699173261 -0.038070656299044936 0.031174085166589188
187 0.044612324779757434 0.026116934061059256 -0.01462003573819291
188 0.04573314350835863 0.0197807498706249 -0.010956705905831763
189 0.04628347572681359 0.025682128569474244 -0.010229570928397621
190 0.04554822134658562 0.016080792310588676 -0.012054511606688533
191 0.0353179059020011 -0.03367524971431172 0.0214743386039866
192 0.033350888606059316 -0.031600696929854906 0.034330032840386916
193 0.04591774208655696 0.020448149198069705 -0.01975248167850691
194 0.04326785582239819 0.02932592476594153 -0.01755720044074311
195 0.045733440315721 0.023627701026820696 -0.016945770385794846
196 0.036952440846886536 -0.034433183127339645 0.029903071771139662
197 0.03649274922275151 -0.029504012219522827 0.031397185677112666
198 0.035317178638203224 -0.03234304802615997 0.03706846510105446
199 0.03459314643899349 -0.034023878767472635 0.03105344403394125
0 0.04573284586489126 -0.02945236842085275 -0.010752999405669216
1 0.04404026743846459 -0.029079795739506385 -0.005671364617330489
2 0.045362147585112374 -0.024014385164115 -0.008934840142768059
3 0.046100336313423036 -0.028789902406383305 -0.0070383513244067115
4 0.040023469979568786 0.03667277912091997 0.01734006108047479
5 0.03763181635101005 0.030241826368080524 0.02850212614590772
6 0.03602785984444981 0.033748048364552266 0.02719439374251739
7 0.04517550509066682 -0.03041625258907192 -0.00604417565862217
8 0.04498847065951493 -0.026265485420052265 -0.008860260408691895
9 0.0451759199182033 -0.03083682401167363 -0.013915091145549216
10 0.03555609327862822 0.030863955089777285 0.03031352523135531
11 0.046465202253440516 -0.03000598341645714 -0.011293081885258204
12 0.044800657208283 -0.028015667453793403 -0.01270994716697304
13 0.035792417617497505 0.034119599649434736 0.03433781959956093
14 0.03602807486955055 0.03685755226116366 0.02347549721405764
15 0.037406515270200086 0.03118155085568476 0.03412198284408766
16 0.04554786771433905 -0.028227428373489148 -0.009495586590947415
17 0.046826809235840774 -0.02693279173434419 -0.005601539443005639
18 0.04682692791396295 -0.028085490217076896 -0.008312491210004831
19 0.03649308079520072 0.034670223632032676 0.031261212272070314
20 0.04682713751652729 -0.02368644230578766 -0.011303317185208299
21 0.03807789835985813 0.03205764699961471 0.025707137244046337
22 0.04044250018217918 0.02588417634829119 0.02668531176125118
23 0.04461173999308537 -0.03435441434021515 -0.01004717096408778
24 0.04610040080393476 -0.029083886147015 -0.009273960451788028
25 0.045547802980044905 -0.024733167131756155 -0.008273917327337836
26 0.03672419163682904 0.030548601109635906 0.020564940023305413
27 0.04461144318575045 -0.02935396365814133 -0.004361475569865506
28 0.04442230650628585 -0.02530310199940301 -0.012497347862440509
29 0.03410219841185478 0.03950015341792215 0.029241805551124742
30 0.04591689764279888 -0.027762760841474162 -0.009276060705186452
31 0.03785570304087585 0.027450748944332536 0.023549028351543693
32 0.0374072789674366 0.03945996013577964 0.021552098468540427
33 0.0461002621330574 -0.03024373649662023 -0.006859802519061602
34 0.046465098982636815 -0.02947370653664819 -0.009295991612126582
35 0.046465144146972316 -0.02253813665545283 -0.008428738857050071
36 0.04536193621487211 -0.031125191941386913 -0.0050628155701647835
37 0.03649353351928825 0.040180915475764634 0.02464397248327575
38 0.044421759551979016 -0.02610036800803726 -0.0007080773428828293
39 0.044040514809939396 -0.031059548466141396 -0.01032371248062393
40 0.038298840065608936 0.029433976617126534 0.02515765078836366
41 0.046826899134072196 -0.03257288227886297 -0.0074673282987294115
42 0.03531817918765025 0.038865181930611836 0.024746987543983936
43 0.04461144236572781 -0.03321679147103771 -0.00451701125577718
44 0.03507787123406266 0.032588284914915895 0.035095905666235404
45 0.046646278403338404 -0.032893857572902974 -0.007548257628914928
46 0.04628325982003567 -0.029130417958306398 -0.012110335835738456
47 0.04384841960215604 -0.03241238001943194 -0.010588358091988074
48 0.04326786590501104 -0.024927292265183726 -0.024022077357214552
49 0.03740717566658569 0.03706555229339039 0.02291819136088434
50 0.046646349227302715 -0.03367015826546696 -0.00890642822624162
51 0.04307164431050596 -0.029894015225398377 -0.011925048405405385
52 0.04628306186227812 -0.03339932262550434 -0.009174178440312333
53 0.04404043600038782 -0.03037946669126056 -0.007857837042372707
54 0.04536238379138729 -0.02980243250530409 -0.013107500591132023
55 0.04789626519270913 -0.03135435885082233 -0.01027475948564076
56 0.03555638060684152 0.03202397304952543 0.02359648982310474
57 0.03763191282003792 0.03279293676493979 0.02640724523206789
58 0.03718107071644283 0.03142858570841906 0.019539166841519014
59 0.045362174214411945 -0.026785273481286186 -0.00920352650155845
60 0.044231657508042116 -0.03611207529413591 -0.008238644158466004
61 0.035556186224342375 0.03947711533399105 0.028926363930968983
62 0.04573261053829333 -0.02994674562580473 -0.006098503087737541
63 0.04442240852062997 -0.027486251138654775 -0.01466444860179292
64 0.03649342480005563 0.032154505471117124 0.026487560820955085
65 0.04554774837519477 -0.026315925200048922 -0.006362279624429958
66 0.036493681131774085 0.02844999555182725 0.02111664820345279
67 0.04554785784479511 -0.03289425138403202 -0.010207346918205776
68 0.0389541797146392 0.034026129609853455 0.029963627604271067
69 0.04536198638778645 -0.030944900011396298 -0.006024393627849081
70 0.04287523844863847 -0.02900958148012761 -0.011256267455462599
71 0.03718142155090423 0.030230807795988208 0.012173525713394074
72 0.03649331046372617 0.02712574046584118 0.027072806082347117
73 0.04498850997738049 -0.029102556518273807 -0.010390577226830417
74 0.04442217041195407 -0.03458284266154686 -0.012330926277120829
75 0.04536249048137206 -0.034279181293608664 -0.0161465064199765
76 0.04591676085041218 -0.025504873718394907 -0.004334931997889711
77 0.036261082510301995 0.034901053689601495 0.032300912865782204
78 0.04480050284276478 -0.026988899337533716 -0.008301936247454993
79 0.03649337002098159 0.04261846188486622 0.028403484000468097
80 0.04498869638976903 -0.027902432961887217 -0.01391408820655431
81 0.04498829239101729 -0.029876131481927592 -0.006341769084708765
82 0.04365547509912946 -0.030675464924564206 -0.009180272700141308
83 0.036493734157221853 0.029209820673706446 0.01935749640932309
84 0.04536206496830628 -0.031154058541736047 -0.007608656582461348
85 0.0473647029081903 -0.025197614543396814 -0.01004257988911609
86 0.04591705166431987 -0.022992955211367433 -0.011247642034968787
87 0.04554750225408282 -0.027047734527939977 -0.002077887816101351
88 0.044231768127994064 -0.03244879071462011 -0.010488466765153406
89 0.04664646826719867 -0.025116420659173872 -0.01079402617034883
90 0.036724245296346644 0.03772040297451126 0.01944780147510336
91 0.045732622501549046 -0.03053574613489116 -0.006999918885998564
92 0.04287515061967523 -0.02988700094779666 -0.009721853305039293
93 0.04573286654301832 -0.025506360647212997 -0.009919836855726628
94 0.045175473758435336 -0.029780631908155032 -0.005594314908186471
95 0.043461792720439735 -0.03368769313462531 -0.010894013794598912
96 0.0422802719161394 -0.02333498981962241 -0.005106471023162044
97 0.04461152114700973 -0.031938551932617555 -0.006739266057322588
98 0.03410221315339755 0.03741831213332723 0.03005830773425311
99 0.03626148435599192 0.035524012045343126 0.02370091539161996
100 0.03531782758793661 0.03471981037700483 0.03055870696236636
101 0.044988700648511425 -0.02778379702916161 -0.013644907574563029
102 0.04646522515090925 -0.02389541884264185 -0.01047690723232004
103 0.04442212048386959 -0.028382464442240955 -0.008600737350299656
104 0.04682696887147529 -0.030302451211764354 -0.008557455302208973
105 0.037181018625994676 0.03026485971858863 0.01839483863330881
106 0.044611664639044986 -0.029688510307482773 -0.00973823754712748
107 0.04287534066955314 -0.025215622101929673 -0.01324086477518562
108 0.03740696498488952 0.03516282612590456 0.026053505508959508
109 0.03807787182218716 0.039743654816938014 0.02574072423817848
110 0.037181016212521935 0.029282483936274042 0.019295780533234705
111 0.03579295115481997 0.04156428324996039 0.024991887026992832
112 0.04480025198448599 -0.027727300833142007 -0.004172894471481009
113 0.04423170778182197 -0.03013987531021416 -0.00896592329114889
114 0.04498892953842407 -0.028301660819319275 -0.018373527851636554
115 0.044611720073571046 -0.024718838985059787 -0.008514162651304212
116 0.044422079811195836 -0.030356558282487275 -0.009631488015147294
117 0.03626147625675923 0.03681232905969661 0.02509856405866473
118 0.045547702928359926 -0.02686708115812109 -0.0065332783303336
119 0.044611724893711464 -0.02573830720588811 -0.009253449468847527
120 0.04591698021626892 -0.025971080747656614 -0.010305208368656317
121 0.04554819657279135 -0.03341943513367993 -0.015393525968182822
122 0.04480034543241647 -0.031876070287120584 -0.007336291449170994
123 0.03602785817626578 0.03790934301246885 0.027964858248105365
124 0.03873750506003781 0.02778062177430568 0.01836081437752052
125 0.04461202902979766 -0.026522326050357176 -0.015014940454791934
126 0.04682695765291928 -0.028821545189268865 -0.00806362453714061
127 0.045916669299821626 -0.030859344656769774 -0.0037028677242821957
128 0.03649364314550751 0.04065686356254294 0.022515552241437285
129 0.044611608697280085 -0.033063434380370384 -0.007597862188275836
130 0.04628313920536699 -0.03311010453633356 -0.010187140193020071
131 0.03602805341190629 0.030786122360527468 0.022541241265724217
132 0.037855787061058584 0.03730141542537096 0.022166623744773968
133 0.04700686803420108 -0.029806871947799064 -0.008401426267067275
134 0.044422170584581235 -0.03087105083177754 -0.01120479521075403
135 0.04326725299842049 -0.03232020559227686 -0.012942483753627857
136 0.04498878087274471 -0.024748798037407246 -0.013300843927797108
137 0.04573261158224503 -0.030498117558326814 -0.006700184403599762
138 0.045175733766917435 -0.024055917427530604 -0.010019103762365372
139 0.04267810259491502 -0.035212267554259456 -0.013652763810833201
140 0.04573289221420928 -0.028174884843270485 -0.012144097307975152
141 0.03672405032336062 0.03582712260854643 0.022957376762995082
142 0.04573278320849304 -0.031019828627504596 -0.009679870283661792
143 0.044611838258724085 -0.023983334138043204 -0.012378124783097636
144 0.03483683611856137 0.034124405353189176 0.027474805625764258
145 0.03718058085447267 0.03735317841303587 0.02908695996279386
146 0.044231527429369845 -0.026990073725723488 -0.005615819266204637
147 0.04365520714683495 -0.03378703059788153 -0.004897368939137687
148 0.036261414236915354 0.027062312372655502 0.02533149047559873
149 0.03695303768934642 0.041700142544617944 0.026486735870328543
150 0.04628327475447931 -0.029259337311315824 -0.011486251351748822
151 0.03672403096855601 0.03725314073380689 0.02391666180024499
152 0.03649316413854286 0.03799692382768733 0.030465725533515314
153 0.045916844910816546 -0.029506723703044756 -0.007822360084583391
154 0.04365583793995229 -0.026382045236933202 -0.015269966643297873
155 0.03555686026854081 0.036381934171094255 0.01315563704919969
156 0.045548096663551495 -0.028545837573528996 -0.014226203132998473
157 0.046100268143298644 -0.032264313860415325 -0.007085182136231096
158 0.03507862353503662 0.03732486394040924 0.021186041231860697
159 0.04554776856086842 -0.02145105228982612 -0.006228264098696382
160 0.045917101608145605 -0.029032018968617963 -0.011470978639829115
161 0.043848734109395805 -0.024015900917128474 -0.015603639553819475
162 0.04664626215580281 -0.029042097872453407 -0.005798546826815583
163 0.046282991699912554 -0.026037512412470418 -0.007034701090183378
164 0.03672378485485528 0.03316989113012713 0.02792475555859431
165 0.04554795505281423 -0.028159595285457622 -0.011759221583638705
166 0.04573260054279072 -0.027133207721689222 -0.006032377769051654
167 0.03695358061636145 0.03978573494132972 0.016670771689391226
168 0.035792743486753716 0.028203068463969545 0.02766487806624839
169 0.04628329042518649 -0.028659271404349592 -0.012041167320225771
170 0.045732823680244714 -0.026583716139035478 -0.00971134429467549
171 0.03718087294757827 0.035999234052082225 0.02300738811098074
172 0.04423169292131899 -0.024885811648417806 -0.00837047417325754
173 0.037407060672399725 0.03366264496273784 0.026024345036324052
174 0.04461156816887909 -0.030865935417288097 -0.006385359124721151
175 0.03695293626693096 0.030155321206157343 0.02725886214756855
176 0.0451756917747964 -0.026970416038381507 -0.00786464255391468
177 0.04664664679789111 -0.025828237961063805 -0.012330458594704033
178 0.043461802275707784 -0.02876778268942083 -0.010077511760963272
179 0.03695319408666453 0.03887609389881792 0.022952302002751303
180 0.044422314571051225 -0.029246936452408848 -0.01359005886013073
181 0.03763231663100629 0.0350828035251461 0.01853272890133328
182 0.04536248665872611 -0.029057461062515083 -0.015554299948797798
183 0.04480071267129683 -0.03202028150390517 -0.013963411599037854
184 0.03873743466415753 0.03618803686257795 0.01980222470640533
185 0.045732622417963095 -0.020018358165379547 -0.006042585163094918
186 0.04404043497147871 -0.030451006744658 -0.00824141839052614
187 0.04442202936641301 -0.026049258654044942 -0.0074899654872985725
188 0.04498867762779035 -0.02968491434608622 -0.013674823478653524
189 0.03309744049841974 0.03415175369122244 0.030167078042261184
190 0.037855838520994216 0.035951948793049616 0.02243131043415313
191 0.04754240169379964 -0.026757691770695834 -0.007402634636071517
192 0.04480050848397114 -0.029695707402607317 -0.009241616109427243
193 0.0444221195713363 -0.022926411092155954 -0.009543777670288274
194 0.04664623229482119 -0.029597065773321555 -0.006009290289445229
195 0.045917186464746414 -0.03139266051412011 -0.014015731143912045
196 0.0446115176123187 -0.028335264590423546 -0.005583685192853407
197 0.045548077283578056 -0.02761724943163096 -0.01383615610931614
198 0.04536261540624377 -0.028012331521437506 -0.017477335376978074
199 0.04423173676121399 -0.025428904837887387 -0.009962002378550156
