200 3
0 0.040399606743951676 -0.02673411599997088 0.006492593046891564
1 0.03561788872943891 -0.014490480507372241 -0.031512972412811764
2 0.041727851111552715 0.02029538426009506 -0.025817054867212474
3 0.04172718512825114 0.023014014502591013 -0.006877305202498808
4 0.039490179410382055 -0.030217638465870337 0.017247943608381035
5 0.0434343376224983 5.444387478990247e-06 0.012562933079264909
6 0.04216063593780064 -0.01772925716825814 -0.01912123638284868
7 0.04172721409350979 0.016772691182332634 0.01875785924542735
8 0.043434976667369306 0.010932224342721874 -0.005036561745556419
9 0.04627180879846408 -0.019790680442225827 0.006829835424891308
10 0.04547876389595633 0.019207464850003284 -0.0053523433535456405
11 0.03855737469854987 -0.012626295538820926 -0.028904660011458375
12 0.04128963215323927 -0.0006024692252632293 0.010914107157991642
13 0.043851764859843434 -0.006867488034874917 0.02567708734004415
14 0.03949018170502784 0.01976645272428284 -0.049385794254383115
15 0.038083699678007774 -0.012016027334040742 0.04171730094352175
16 0.036624428367585046 0.004809217281640077 0.0018108328522454483
17 0.04343484426443766 -0.05699816663145916 -0.025314515622013815
18 0.03994749450401648 -0.0029641587697334334 -0.0006405126197091067
19 0.03994761465503839 -0.022555539876850366 0.0006511356727383852
20 0.03994710012908619 -0.013061880683675338 0.0014601067961737646
21 0.03994720996779595 -0.02573838455537866 0.009369497400479555
22 0.04172771229247096 0.009235270286331601 0.02983145180115738
23 0.04172760210886999 0.00824678881835969 0.01144519651702338
24 0.043435112405025164 -0.008602390840637882 -0.02273525382096157
25 0.037116848112766464 0.018958474763772635 0.011237609458912466
26 0.03902654764709821 0.022743979811223926 -0.0007767400944053798
27 0.040399639381570165 0.01270260098529854 -0.004721568050098789
28 0.043014541789165944 0.01614139424814098 0.0022076201491692455
29 0.04039962660273176 0.015472104729809108 -0.019884105981462338
30 0.0425893250539731 -0.011868633136515093 0.004141292933428456
31 0.041727513887666025 0.022130757280786704 -0.0007109736647873049
32 0.038558661692924594 0.0020192833131321593 0.037314485604376744
33 0.04039967831299451 0.006471149190434636 0.009846106025476194
34 0.03612406304526883 -0.015119632076411049 -0.038788570347301696
35 0.037117339903607854 -0.009587658629175329 -0.010217234765569827
36 0.03994716562981939 0.01241831800222135 0.001071381807909687
37 0.043434996333584254 -0.007959089597431699 -0.012891361476261964
38 0.036624187315788655 -0.013500911871764092 0.013841391499032997
39 0.044263858944759836 -0.007967722418381158 -0.012795337939351474
40 0.03902679269801332 0.005332417135179399 -0.05155922373263247
41 0.03760353423876201 -0.022332305462737616 0.0190383786511758
42 0.036623847544607 0.0036567017555632197 -0.0045600198658451215
43 0.04040028603154583 -0.014287441152752418 -0.022011527333938925
44 0.032966937280468095 0.030355060353119204 -0.02623466175871971
45 0.03855801502796059 0.010753660705813082 0.024901129696279098
46 0.03855807902283823 0.01019776638594705 0.0006329195550681198
47 0.03808412781314701 0.0018960655001198162 -0.02103507086491186
48 0.03760339358497967 0.016072906596865517 0.011116135652460635
49 0.03662412576832197 0.038201263596006854 -0.01318552362640674
50 0.03561773820407539 0.028629419385955694 -0.00948677293387068
51 0.03948942792408623 -0.004975033684748497 -0.00992102795900375
52 0.03808413403221847 0.0036298640192773393 0.0001519647922428914
53 0.036124166405134155 0.0333751301172229 -0.040053768476871254
54 0.04128970935444918 -0.007410703805818081 -0.0020002090335677603
55 0.038083394473572035 0.024915396391798673 0.012333259824735281
56 0.03902717284870661 -0.008285976455520011 0.02989231412307859
57 0.04301396850315265 0.008856947156269843 0.023067375577621112
58 0.04128896996156001 -0.002021592473238026 -0.013656341249060252
59 0.044264051446527564 -0.015853803812647047 -0.007942518828817566
60 0.043851263046828834 -0.030474424352120492 -0.025584155608677835
61 0.04172749564958925 0.00838631146205906 0.02093733164977754
62 0.03296881894897318 -0.014072882464256876 -0.014997260118246486
63 0.04128911224066118 0.007563008512117254 0.00564736516649354
64 0.04258983780056336 -0.0011271183809001494 -0.014949314967957216
65 0.03760371484616919 0.02321713170627326 0.062339227432086815
66 0.04301441396619409 9.786102968343559e-05 0.013860617687211415
67 0.03855765360648775 -0.01356835824062059 0.01732830293606984
68 0.03994711153634971 -0.0133476917353724 0.013628445451743071
69 0.037116953267126655 -0.00040155770371211005 -0.014171268444008404
70 0.03902622700442707 0.007118272546014172 -0.0007262744347258999
71 0.04385175407429379 -0.008281835160012171 0.008265537444476745
72 0.04040034256695191 0.008849099150012184 -0.01149667449156171
73 0.03855794889826002 0.008192270200412024 0.011586159050765665
74 0.040399451971814965 0.003598540897021196 0.029473679186448134
75 0.038083982945621125 0.02558804185760386 0.012630375017942638
76 0.037603388889866585 0.01670944598622533 -0.0007338195058949097
77 0.04343531114195394 0.010776411609324838 -0.030706951242763528
78 0.043014622682840696 0.010041372442018361 -0.004848970710162593
79 0.043014243670220415 -0.003840749809276334 0.017664005059756103
80 0.037603800028369445 -0.0016549473514251578 -0.018587903057631854
81 0.04084713667713029 -0.033946235952860775 -0.007446020103757955
82 0.032967460119256824 0.045516435523559357 0.022941692505789906
83 0.04172800150806104 -0.0021680201264895633 -0.01142014730859993
84 0.041289418668840706 -0.007364713813046571 -0.02940376266847485
85 0.039026870430088366 0.025166030662172444 0.0007950746168365225
86 0.041289310974190405 -0.00790602824482692 0.007078363232799116
87 0.03855773251752762 0.004386498019408528 0.05500409356008111
88 0.03760385374710684 -0.005836619824369377 -0.006672587301826916
89 0.04343527769164152 0.021720683849064632 0.015049436978323156
90 0.03711675956921372 -0.01715364267529338 0.01918549645309105
91 0.040847303374563174 -0.026074746585408346 -0.005441358735724899
92 0.04426390878368829 0.022616287077126658 0.020791983474025316
93 0.0421610938383389 -0.01319383180393393 0.018858307292942023
94 0.042161347355514106 -0.020733528060179824 -0.0075858213477465386
95 0.042589451559125135 -0.022587077485756002 -0.0042250180555304055
96 0.03760407648402286 -0.012570424115806092 0.004294357793851745
97 0.04128967018079011 0.026442730684636505 -0.018025536960569043
98 0.03808420124710829 0.00503984466538149 -0.00330318657258164
99 0.03994753159190283 -0.0067894303349189545 -0.017830116353119485
100 0.043850968088124845 -0.004209696796228492 -0.023062828110398545
101 0.043434931973934894 -0.013751045797856812 -0.015951588951593543
102 0.04084740327480421 0.011116994416838144 0.009022169024471078
103 0.03808412896605765 0.01109732908805828 -0.02581202834330768
104 0.03711714060142735 0.020144418647164757 0.008533152917316706
105 0.03855842489955733 -0.02106285573072541 0.005630976893747894
106 0.043014043410450196 -0.014226842182837728 0.021831648804961988
107 0.04128989029286932 -0.012394839542182493 -0.005631565263267188
108 0.042161395977731456 0.014963855886539916 0.023424229011164487
109 0.03855851954390377 0.017409643862808487 0.020655664229057107
110 0.04385121265996645 -0.02583687080558595 0.020734810905132895
111 0.04039953267656287 -0.008364641560977258 -0.010930852870813362
112 0.03994746910006475 0.013132080504322933 0.009538692133006366
113 0.03612431879187816 -0.02319637186802987 0.01834270385616155
114 0.04039928188178749 -0.02841676567333389 -0.012000325515211947
115 0.03948949287961603 0.0002493059121997471 0.004064085774107756
116 0.03902671439137523 0.015246240606776582 0.002031982688024973
117 0.046271763297000675 0.027900935804021965 -0.026401126868404706
118 0.043435018428017044 -0.008123314973485228 0.021682628254514873
119 0.04039986807685868 0.008583658280769702 -0.01585384423220938
120 0.04128972739654459 0.02241103166454428 0.01220433150817969
121 0.045077549860581934 0.00908613167580136 -0.017807702724933493
122 0.04216091967891586 0.04684742899566524 0.020341045297512624
123 0.038558173871344845 -0.025080905678704878 0.005648238443195031
124 0.043014545692237276 -0.005452277909753594 -0.0025636601618739233
125 0.03855844191132828 -0.006393683764138289 -0.00701261569928185
126 0.03561817309479217 0.024779829106921506 0.0033340221112211615
127 0.039026446685955146 -0.028567243674210464 -0.0011737387848507815
128 0.0434349608438378 0.0017039093371228019 -0.0050207335610595065
129 0.04084719197908835 -0.01047678293474963 0.004991030497842798
130 0.04084723572146589 -0.02656563414107163 0.01854724237780196
131 0.03994737655134218 0.028276643679406268 0.0009535951781900122
132 0.04343545652046958 -0.0007618108930227767 -0.003157201575970641
133 0.04129010927802784 -0.005885143052274868 0.0077828845519148674
134 0.043014353738702646 0.008565350546608782 -0.019994361998392364
135 0.03948936396469894 -0.007511128998501785 -0.030776703577212794
136 0.03855879554333203 0.041485176122189285 0.02116135252152391
137 0.04259000663471834 -0.0018563623611043043 -0.0013154712687147901
138 0.04128959185258753 0.0010185348010931673 -0.018334219077653282
139 0.0318465017451505 -0.02389186995628087 0.014029750674013974
140 0.0356180237439615 -0.010825347522356497 -0.032763318619528324
141 0.03902737038741041 0.022222708193535973 0.011282740779711241
142 0.03902684989508835 -0.014514846859627466 0.01878613965379593
143 0.04040006146156403 -0.04904360477623866 0.01641260426572983
144 0.04258966224911575 0.02705706585512344 -0.0022876354552849275
145 0.038084305319944306 0.011511119904370797 -0.0211722232463488
146 0.0403998379183693 0.008229848282413228 -0.023936118542545584
147 0.04040020307652461 -0.020484622778415524 0.03164038019786045
148 0.03948984368717721 0.003883311936180919 -0.031068390525106866
149 0.03948971298679204 0.018713168715986203 0.004206540992807196
150 0.03855775114104693 -0.025182861419019136 -0.009551172918972579
151 0.03902617075383007 0.005413468296715464 0.02608497225237589
152 0.03612445710498726 0.02731970788347925 -0.024481086242670327
153 0.043014433549086566 -0.032875739393899844 0.009291646020451821
154 0.03711740566816764 -0.00808348816324753 0.04448930908803462
155 0.04084701295903217 -0.004842021494411465 -0.001529848523149408
156 0.03711684301964373 0.00299059459399573 -0.0324704113742627
157 0.03711757218811538 -0.0056212756194159875 -0.00894195446710705
158 0.0351039288866409 -0.004243870371924933 0.01382788202579767
159 0.039026678175036654 -0.0013694168209640708 -0.047032208444625516
160 0.03902677563243033 -0.019630593796750393 -0.011509661261430475
161 0.04507769041923292 -0.015065206605118217 -0.0013416307363062195
162 0.04258957958687478 -0.002520948768945918 -0.0441352591511984
163 0.040399519589011 0.007983799676397098 0.009432128833877151
164 0.040399790209857366 0.018423880393300354 0.026111459627458852
165 0.04216152448893189 0.006348382476822793 0.029063722673043517
166 0.04301442404993551 0.01526202548577135 0.0057442632266446305
167 0.0430146527889992 -0.008776456910839604 0.004964700227348242
168 0.03994733214632957 0.029578584704963475 0.013519281048477185
169 0.04172738654975476 0.0027714075502664227 0.006545118220618514
170 0.034582342595494045 0.0015385845120162109 -0.00010031557087552138
171 0.038083457143303884 0.03668663468992378 -0.012440018072606475
172 0.04040042198233787 -0.006402807524039769 -0.011295730205856162
173 0.04128910160002829 0.013185243790349886 -0.0015797927239706042
174 0.04426403827999262 -0.005252496658013293 -0.0007634130270335743
175 0.039947685145779774 -0.01387792277821239 0.0065230883048612584
176 0.039490154514575694 0.022888518146366152 -0.006231485150686034
177 0.038557486602875474 0.0016926549178833006 -0.02173422145233804
178 0.035617735852103455 0.005198798550432306 -0.0036399145621633772
179 0.040400002765688885 0.0010388199637967844 -0.019489681138762427
180 0.04084712042978735 -0.015347599326766936 -0.03561832394619846
181 0.03948952441804479 -0.010691344071755747 -0.01378921620381939
182 0.03994732506885096 -0.0026151705316028065 0.014010171408625045
183 0.0434349464250854 0.01658058839680628 0.022805493157262078
184 0.038083813437008306 0.02316419411596297 -0.015313176110945749
185 0.03948977181763466 0.015111084133757478 0.030753218681862562
186 0.04507745827159772 0.008418018289092256 -0.024134612002861867
187 0.04343455654376954 0.014715768043286632 0.02842466816026876
188 0.037117628115404665 -0.0001780302578326648 -0.012545166265145853
189 0.042160438476675735 0.0082439407468889 -0.014142326450078556
190 0.03948940760558196 0.012619003539560938 0.015058624734584462
191 0.0412901742179294 -0.008196092405997892 -0.028084526575748888
192 0.04084659418916708 0.007400250975493016 -0.016262632683134357
193 0.042160971078320564 0.03820107882027132 0.006154148763639737
194 0.039489504168251935 -0.01739276193363745 0.024692136916119562
195 0.04129021916413021 -0.010893575165821038 -0.010373283181990026
196 0.03711719949488478 0.002691051671983112 0.0019411887326797452
197 0.04216094889193281 0.0009058068834028003 -0.007665212503014423
198 0.036125081412635186 0.028482342213936224 -0.0058116637166012
199 0.03902675937329084 0.02488288571762066 0.00785113652000764
0 0.04216081269421541 0.03641970918449885 -0.026268331614001154
1 0.0408468769526648 -0.007950376602262698 0.008671180169418227
2 0.042160583767262984 0.026190085435149085 0.041692001664418735
3 0.03949009124709065 0.016304800781326553 0.005015316323254237
4 0.0390267708112861 0.005066981299714453 0.0006379413874615533
5 0.04301471715938904 0.0016286106287091522 -0.013567497706038278
6 0.040399931629207 -0.041025471992576876 0.007835102317532228
7 0.04172764883667232 -0.009484131535228134 0.012665127193387459
8 0.047050464754583736 0.003863115999649983 -0.01800813232535833
9 0.039947219045719774 0.015538856989052757 0.020077579939922697
10 0.04129009483353682 0.01364123275069484 -0.003426871949732369
11 0.03902650376427807 -0.02990580195755841 -0.010637033157949269
12 0.039026567179430434 0.0013346410565837096 -0.012006265080557275
13 0.04547882679117905 0.019455505535138643 0.005984692472120254
14 0.04084740848507511 0.024691667462315027 -0.005135047641867123
15 0.0442639771688963 0.009036800774262723 -0.025453504645821325
16 0.04258997909657204 0.021774535684913943 -0.02811984698936537
17 0.04301424578330313 0.02455116193722417 -0.012900171607269216
18 0.03902668464251849 0.007809122789020995 -0.006343964623536152
19 0.038084086687872526 -0.013123144671645683 -0.010284247672324822
20 0.04172728101685866 -0.015377927643352132 -0.02517097990551392
21 0.040399468674788996 -0.017410807114782125 -0.011393684968577265
22 0.04258995781640055 0.009262111887070051 -0.014759006532789155
23 0.04172729169557547 0.006450309635035109 -0.013508515446582119
24 0.04216101826300381 0.0038898159073910304 0.04948245021538226
25 0.04507842406745355 0.016898276359937427 -0.01959488662911171
26 0.03948916515797861 0.024171187469050698 -0.010679467966521677
27 0.04128924918440722 -0.02372814288431123 -0.008790279580046769
28 0.0425898887768607 0.005651456779265544 0.02045867164408919
29 0.04467254915725689 -0.026663970009073907 0.0023896270417785104
30 0.04743540303594082 0.01852958943303367 -0.022384764897922304
31 0.046271526993313175 0.025893645762088156 0.0025074075706771775
32 0.04129019367439549 -0.026604392846705707 -0.0044616585074464445
33 0.04039936794079747 0.0017218323350032918 0.022299149012537108
34 0.03855831052402526 -0.034564900069958236 0.0168463026047682
35 0.04343525114987724 0.01766638382031396 -0.005317472927250752
36 0.04666230581776309 0.021704684155016484 0.017338213086412625
37 0.04258999058599081 0.02541244835104416 0.03205863242089421
38 0.036624520152039916 -0.016311807019548926 -0.005532492753657043
39 0.04216107376330753 -0.009170019208861305 -0.016727804299564775
40 0.04343506284135191 -0.015731853005859307 -0.024956828453652973
41 0.04385113530059513 -0.00152475820723869 0.0037425529641134958
42 0.03948969124528669 0.01411108542050433 -0.006124848142939276
43 0.03612409483950106 0.029725833854711056 -0.010061331662011182
44 0.0408470668894598 -0.0017005016842093438 0.01936583138901368
45 0.042589409183147096 0.013209864651734097 -0.01727737639337267
46 0.039027020385385164 0.02118440799239338 -0.01825713883192573
47 0.04587677290337365 0.007338512069644373 0.008014326959900191
48 0.03855824236661375 0.00522287434421542 -0.005820709426733654
49 0.04819541617201851 0.03280294473395158 0.021606230729847877
50 0.03458193563058198 -0.02478652484134309 0.01141394080049666
51 0.03855829538847385 0.010982924317288093 -0.013768071977814154
52 0.037117489937938994 -0.015332037720781948 0.0034284985588586554
53 0.04216119382497703 0.010553451249765663 0.014531598304934385
54 0.038557928695271276 -0.013338963015024418 -0.006295136023188105
55 0.04084709991642261 0.007360869109261905 -0.009513545690583741
56 0.04301490493618365 -0.005060278453318492 0.022131025858145435
57 0.0434353219063489 0.005986555629111955 -0.022456631373830988
58 0.04547895199446767 0.004579526037107632 0.010771969055262828
59 0.04301437907658634 -0.0027889219300049617 -0.01215887358098872
60 0.04587726105599951 -0.006371351069579286 0.018695079604934123
61 0.04301426688938725 0.006537419018975748 -0.00875261206447194
62 0.04343513574599913 0.032726565603026975 0.020990702981176373
63 0.04819513635777075 -0.015334407855338909 0.004483196591147501
64 0.03662380736267534 0.018513164580641332 -0.014758244670270778
65 0.0380836957702037 -0.0241429069935447 0.0037225832285656645
66 0.04084693773253361 -0.0005847481244575333 0.005382898249134044
67 0.03994758650486099 -0.025167314627902428 -0.003375361767415277
68 0.04467271785426536 -0.002324418002696477 -0.015886202724020724
69 0.04172790525025835 -0.037194793613123334 -0.018395127265502072
70 0.03808444994201972 -0.04068800038171611 -0.003645418255125195
71 0.04084744258630634 -0.012290731367080926 -0.007144527382426853
72 0.044672431620510676 -0.011420372866615493 -0.00955596856045112
73 0.04301390070285059 -0.00845608475743955 0.0020394125893642948
74 0.039489560121023594 -0.01781650450095031 0.0052741349000742874
75 0.04258982523239317 -0.024506112995773363 0.02153480627941317
76 0.042160240728793666 0.009335836848195063 0.00701629541652838
77 0.04507718773978661 -0.01468993400268053 -0.0005797597794621814
78 0.041727415403326175 -0.009560964999794799 0.014453645872862015
79 0.04301457524366485 -0.011885231830531008 -0.03143985144135272
80 0.04385175090819112 0.00024144847511617758 -0.015324962524606148
81 0.041289663266208 0.007252824379132485 0.026910206001905506
82 0.04743544504504023 0.0042186272963183604 0.005631381011891277
83 0.04587709870548862 0.029619716081899856 -0.0060312328989156365
84 0.04627150507140669 0.041826827681067845 0.010498217560369135
85 0.04426367119794217 -0.025256342095823746 0.035391399588412295
86 0.042590002404914486 0.023590752442125277 0.005248183184733907
87 0.042590105926615246 -0.032345493295419324 -0.012580815231566235
88 0.04301494141777776 -0.011763112868521866 0.010445138529064084
89 0.04128983375118578 -0.011523997143611405 0.004394905505979751
90 0.042590243537655 0.016890855823245825 -0.0192824487130661
91 0.040399622904120164 -0.030456346454937586 0.03698257178999851
92 0.04039926794639451 0.041569799894699035 -0.0010344696951383918
93 0.040400103578938286 0.012843794961632142 -0.012401256391159141
94 0.043851431049863034 -0.005246255380686779 0.02239904253946537
95 0.04385137695005835 -0.005260201004534538 -0.005621564847054776
96 0.04216134875083574 0.01486569485068478 -0.014384341187143967
97 0.0345819635319191 0.005197600586685704 -0.02338273566872455
98 0.03902627361602674 0.014368661773458634 0.011818299950501609
99 0.04172733202877989 0.0015215030640453623 -0.0037581985739386535
100 0.04216078065987675 -0.039583948657013895 -0.020572473903301493
101 0.03994776382518078 -1.4808253311265217e-06 0.031433094326835574
102 0.0399471734658762 0.017257816212546774 0.018426759802318164
103 0.04507785388000669 -0.018539348934490125 -0.006556067517581225
104 0.03760386472236174 -0.019399126255087648 -0.022852848010465682
105 0.04426343463872248 0.005098122389704468 0.006576007089202567
106 0.04587682550264653 -0.0023305158475195667 0.01027870215038569
107 0.0434349539779091 -0.0013451554131280153 -0.021637854961194004
108 0.04587652382462074 0.004849810402749699 0.0008405030635251268
109 0.03760396913107184 -0.0164713743295037 0.02099807053661414
110 0.040400195047734296 -0.016494732623997848 -0.010503466937037596
111 0.03902681091617311 0.0204337599864709 0.009552810423569202
112 0.0390266893713283 0.010416750578421325 -0.014708273317937627
113 0.0434351014723385 0.026361757212614755 -0.018743004791567625
114 0.04467226639190806 -0.010281523346461563 -0.022570691959727475
115 0.039026731029523094 0.02215560003954786 -0.011605341670269135
116 0.04084742898697431 0.003231006803132009 -0.009774040543135992
117 0.04258983017591117 0.012829151997834388 0.002580303706225511
118 0.042161369577753044 0.00044559687449812743 -0.004600791599905241
119 0.04385143593955702 -0.002993409676181407 -0.015263244946236161
120 0.03994717904259178 0.0008719519510950057 0.0016849506464731434
121 0.04084729537452001 -0.01884888493035814 0.005265025579930242
122 0.041727853997571736 -0.02449890497619104 0.010287943528280507
123 0.044263859176047075 -0.030226695621184206 -0.01133222735028179
124 0.043434765469624624 0.020336373045303776 0.013637399370817961
125 0.042160173003036115 -0.015471056294637813 0.007850823755469784
126 0.048571207431672314 0.004706936012309362 -0.004597758755629395
127 0.04128932372502801 -0.020984568643799117 0.042296266979095005
128 0.039026879368224555 0.023401754330186316 -0.02020071647737649
129 0.04258994148035322 -0.025843408144238324 0.00480656079326057
130 0.04666213601032962 0.0028940876392039273 -0.0016289411540919571
131 0.042160560036864164 0.028907451196960848 0.005749746823378252
132 0.044672557527943094 -0.023627993872954136 0.011718817455611062
133 0.04128951794902978 0.02318629226990849 0.014276543358328958
134 0.0421609729152638 -0.00024652710763119423 -0.008315435522094693
135 0.04385135460739005 9.308721330116198e-05 -0.024113620149269314
136 0.03855835212945673 -0.004925365825257761 0.0028681398228991408
137 0.039489940881604596 0.0023672484793965287 0.0012573287143320918
138 0.04627136647010661 0.017900597505002586 -0.04911976433965483
139 0.040399915937790326 0.0012454660157292542 0.03271345878057953
140 0.04039997111233846 0.011903982546598272 -0.022199684066172183
141 0.04343511532221908 -0.004847418517357189 -0.003757187846337415
142 0.043851507851169105 0.0073247651160546975 0.005239092651590547
143 0.04258965208164214 -0.014400481337149383 -0.027064409423392628
144 0.04084722226236956 -0.01713339511932064 -0.02944065931897142
145 0.03948973667787589 -0.013018456792689082 -0.027630839647148187
146 0.04627183733422619 0.018374076720360368 -0.019448490232249743
147 0.03994730253463053 0.017932211084085624 -0.007764240380275129
148 0.04129006392230759 0.020290515080290592 -0.03773840555928833
149 0.04084671834381497 -0.029296473267091484 0.007081041969102332
150 0.03994689419222945 -0.0007935310823706025 -0.033765299553525314
151 0.04172776945388175 -0.0037283894318578164 0.014055819766221623
152 0.04258960832191472 -0.039907936100760336 -0.0012104300429623288
153 0.03855822835056306 0.003083631968202509 -0.015500289899628037
154 0.043851368186288285 0.02085488011784968 0.02931017988197821
155 0.043434758357390316 0.02174019589738595 -0.024095486935397273
156 0.03994697719926502 -0.00648148440035722 -0.04030512691916655
157 0.03949012392325315 0.008657495839252197 -0.009501145739462351
158 0.041728033683193055 0.012599420898263016 -0.012142965318033489
159 0.04507784538786662 -0.01099285986476456 -0.002570759019704878
160 0.04968097807097052 -0.029511801826894786 0.027751075781372824
161 0.04216102283125916 0.028676359029051482 0.0142168733860302
162 0.04301469051823497 -0.03330341798616118 0.023529778329971635
163 0.04547912612987952 0.021937500332762067 -0.007665736126639685
164 0.039489399147098876 0.009157708325109848 -0.0042121722199389465
165 0.04301438328038127 0.005577628298477844 -0.013553094981781352
166 0.0450776005993554 0.004281542410622132 0.021138118348981175
167 0.04216116915702782 -0.012950339567070908 -0.004862641145925499
168 0.04172806353636403 -0.04453909360325044 -0.00426887732104356
169 0.039947617446280184 0.023306465779955755 -0.014017322957003586
170 0.044672736231816 0.010022237921672516 0.0078629373372031
171 0.043013968349279105 0.008333309818537943 0.029478177891908153
172 0.036624591199402 0.01549669048177255 0.01318551575892988
173 0.0399473363492242 -0.016225868567294868 0.007627590677075874
174 0.04547954711246193 -0.008695313694916338 -0.021155795871245525
175 0.039489756968660715 -0.01661801743320135 -0.028677823511771824
176 0.04507744120467097 -0.004819960588358848 0.00955426303159384
177 0.03994675130122579 0.03366047766319018 0.021591468926118393
178 0.03855837511204673 -0.011476238703460083 -0.009061920434277358
179 0.04084722367094917 -0.016291899720435613 -0.00014636143418399384
180 0.04129027765267291 0.01205146181294176 0.01793186142314957
181 0.041727621708262455 -0.02786115472000352 -0.025659400125292504
182 0.03760446405166665 0.02652858402654159 0.019834443356985903
183 0.042590190198583344 0.011740071352100999 -0.009829805440313808
184 0.043014738935647445 0.03959181566409413 0.00500936020406304
185 0.04128966680422085 0.004429419801932193 0.006256071924134453
186 0.03612454743299965 -0.0008209585346141357 -0.0203372835567595
187 0.04343434953167437 0.015157089484288346 0.006911746173003862
188 0.042161357177303474 0.014099771069105137 0.023438246786240367
189 0.04385109253763324 -0.0023811595293330486 0.022012425333719114
190 0.04743565236698922 0.01813137578972902 -0.022403261296398892
191 0.03994777418286402 -0.030793811176066783 -0.004825494108409132
192 0.036124403811299846 0.03316299220975211 0.022513446103375495
193 0.03808364589313681 0.027465621426187747 -0.021698067330784908
194 0.04216147316108704 -0.012473599869438745 0.010622921128023214
195 0.044673071832655196 -0.00880361887996547 0.014072088327349314
196 0.046662399340822815 -0.020323759891661502 0.013432194436693627
197 0.04467220499138933 -0.009548327305779465 -0.01257669570072008
198 0.03855844200971581 -0.0030260884304376214 -0.017206893872123086
199 0.03949012608478387 -0.0032637193086618565 -0.007189313184258491
0 0.038083909850556666 -0.0016182228979528112 -0.019142099681274186
1 0.03855799826386288 -0.006325436622127511 -0.003114223561205131
2 0.04385176982450962 0.024517029449635803 -0.0005005401580579383
3 0.039947195178122584 -0.004766468866407802 0.010214381771184817
4 0.037603425327654066 0.042630373404078416 0.007664552030137672
5 0.042160940259983966 0.017997816160476268 0.011293475448026476
6 0.039947797658526234 -0.012076525700896262 -0.01337726689380247
7 0.0458767943856933 -0.001839188263110423 -0.005110797454789046
8 0.03948941916426045 0.001076933613544674 0.016179975712620386
9 0.04258969526784018 0.02776813334048545 -0.0058206466831213785
10 0.040847014876135394 0.0024902490981328017 0.020461666598943776
11 0.043851526860720455 -0.021672590194510934 -0.01959525340022926
12 0.03855827318568084 -0.007517668956034314 -0.003734496470476954
13 0.040847099955084114 -0.029469631322811735 0.000542139069747079
14 0.040400183814321866 -0.0029533651685331634 -0.009373522777650991
15 0.03994765876481306 0.027193656211594506 0.01854969094083125
16 0.04040022557063411 0.018003565056578828 0.032541743596708236
17 0.03855801826603851 -0.006873698260610847 -0.001826026558964794
18 0.03902623404267058 0.018017438286038003 -0.03212994579168504
19 0.03510407294985996 0.009151252530362303 0.018269133867239284
20 0.04172730174123436 -0.009599858581588468 0.007595484165553243
21 0.04039986240409653 -0.01117762064785473 -0.0031910606687170573
22 0.03458150737118378 -0.015565253392572701 -0.006851221598657705
23 0.040847322299407005 -0.002125408893073565 0.008950821624956144
24 0.03994663970353405 0.03667511030267652 0.0032695201656408866
25 0.041727051075194276 0.03622902956285454 -0.016919387957398065
26 0.04343437227942396 -0.014169600723181753 0.001478759589776677
27 0.0371169288351748 -0.027086630068521748 -0.00786186400925472
28 0.04172732121735505 -0.024178412301829058 -0.005010966127621398
29 0.03855837758326325 0.007801914076508833 -0.03243707158078913
30 0.04039986307212169 -0.02074168824129432 -0.020760167973507257
31 0.039027206908050796 -0.009532402334318204 0.011130829146288539
32 0.038558574921881146 0.004223116897900994 0.013523516214670937
33 0.04258974460082614 0.032093537241921356 0.01983458737307106
34 0.04216145169718264 0.01895069889167672 0.03370927433740952
35 0.03855873105751966 -0.03675255147178114 0.02934968554239812
36 0.03994762862244364 -0.006390592196658741 0.01621911602480236
37 0.03458294177671496 0.01164649852041017 -0.031243085462233814
38 0.04172765803345365 -0.022260415735453117 -0.01765479979116921
39 0.0403999151558682 -0.017116317038959293 0.013952496233420458
40 0.04128959003535445 -0.008055112375951435 0.019291184982867908
41 0.03994736287030318 -0.008062427644823447 -0.02339660997269361
42 0.041727630632655555 0.004704987018057899 -0.002817521247722193
43 0.043014505450865805 -0.014599232850153358 0.013354239815501634
44 0.045077870106323914 0.01634130590931655 -0.01616595818615962
45 0.03902690205984418 -0.005082138482590639 0.018734333675154227
46 0.04039992856874157 -0.00921777137851412 -0.018741226878577568
47 0.0403985708326637 0.0004008035901770811 -0.03258843045290326
48 0.03902697218393638 0.019401779210213493 -0.007553519603365192
49 0.03949008274432435 0.00831106453416188 0.0025086323231562546
50 0.03855874037684383 -0.031239931768483085 0.020651910742272826
51 0.03711709518872403 0.018305192787872137 -0.004399379696407688
52 0.03760389767206493 0.018897389654355598 0.026718308321051546
53 0.040847417477599665 -0.019603490143272628 0.030983913517145453
54 0.04084681850954799 -0.022188113151012104 -0.006254426557389497
55 0.042589916470879 0.019551662948350465 0.003626023579982237
56 0.03808351948207726 -0.007327726014885619 0.015661404507287466
57 0.036624485362993925 0.02008834500498268 0.014670635967921359
58 0.040399733981294705 -0.005239478542791266 0.03720117319158081
59 0.035618338071271134 -0.00711564860463853 0.014267756996955809
60 0.04507729118850638 -0.00882452374621134 -0.0206494960540173
61 0.038083860360693354 0.04485995022142896 -0.022741974101015472
62 0.0371169194208675 0.0022409130624111723 0.035560412780405434
63 0.039947508851189875 -0.011561152223312492 0.03609050136827019
64 0.042161449698314465 0.01043181041328383 -0.008375743820080361
65 0.03612423501154856 0.04131118424250857 -0.007175534181110231
66 0.03760355710897465 0.020004811232936435 6.674309363909559e-05
67 0.0366239569554183 -0.028369458031413386 -0.016734117604343665
68 0.03662361613614129 -0.0050485997942253825 0.015049194393083673
69 0.04039966322677249 -0.0064117293450481104 0.021316520700611578
70 0.039489962064465554 0.018873365858963147 0.030855280357496878
71 0.04216105672527193 0.028078174971965904 0.028050329658860368
72 0.03760392974465933 0.011650727217202651 0.0067688519345711915
73 0.04343438463783164 0.00825241006972798 -0.0003555938495268745
74 0.04216096725332792 -0.015809751399247673 0.025554351634992558
75 0.044672291359037476 0.01587730568009676 0.015110660846654592
76 0.03948999213402068 -0.0012217432515211264 -0.002419849356296484
77 0.03760404231081231 -0.022092343448697576 0.002674269558981626
78 0.04426412250285598 -0.016426506319051095 0.005162966786079078
79 0.04743485310692779 0.012279745295330192 -0.031921643245845635
80 0.03855778359051859 0.0014768067196768246 -0.01081146466258834
81 0.03612447424734614 -0.026405100406349902 -0.015427944284357637
82 0.04084641235994332 0.013934803948955637 0.0010528817136267812
83 0.041727190466975594 -0.012229548242728714 0.004411439213011233
84 0.04216098949943969 -0.008381751611800856 -0.01996235377905841
85 0.039947722134108674 -0.007519695747177774 -0.01520081383029444
86 0.03561787884767672 -0.0027686712793043126 0.0029617670716058746
87 0.042161198208681985 -0.00417405061696929 -0.0011496605076716144
88 0.04172676590447463 -0.012572954309700743 0.0023331408403823467
89 0.04301449200642483 0.01021730280461012 -0.004463975551962999
90 0.03296824502239394 0.011751616449519461 0.023302961741783444
91 0.04343501612562167 -0.0037242713829113276 0.022279004987609062
92 0.043851213727512495 0.0001548890825261266 -0.019845650938980504
93 0.04343470115261559 -0.014201255877922954 -0.028527008646910306
94 0.04084772961836679 -0.003380474807466182 -0.0023053592709558696
95 0.04128955057336073 -0.0011355513104895037 0.008918851121083505
96 0.0417276305854373 -0.02009181982615061 0.025636954024502872
97 0.039026663097400216 0.012023160053191238 -0.005346429751742722
98 0.041289801585002624 -0.006184084622839642 -0.026003947983667963
99 0.03760366114824789 -0.053884289945035725 0.01577257104656928
100 0.036624617283165316 -0.018264744191623192 0.0011366019749708025
101 0.04343491825131363 -0.02016021804622462 0.004129634274591471
102 0.037116739703635396 0.019016973697122436 0.011645838510026834
103 0.039946817262135795 -0.039371501495894336 -0.02224044486865137
104 0.03612476323092122 -0.0141352569955785 -0.024282955624104808
105 0.04301478103816383 -0.012004202195990663 0.028715406877323296
106 0.03948994162242971 -0.017609192617297903 0.0043563584265237905
107 0.04301447781183551 0.02134443661360317 -0.025751608861384074
108 0.04216107158563475 0.0060057889660638355 0.015953239816120512
109 0.03902681813425003 -0.0261507683113935 0.014864676006561758
110 0.03458233185711848 -0.011621093804978265 -0.005879654466944635
111 0.039947561411456195 -0.0030834497514442135 0.005324393679135802
112 0.03855766661814673 0.036656402928179246 -0.04234323087575183
113 0.038084306539420874 0.018614639747154726 0.024406877008723613
114 0.042160544834870854 -0.01755973991633048 -0.03264755983682452
115 0.03994765969394684 0.011249996739468792 0.0063768604791372375
116 0.04084717190639932 -0.026481583124887752 -0.00855517886265968
117 0.03612453280801706 -0.0045831681458861255 0.014723415985283156
118 0.03948983244513747 -0.011541144130484885 -0.024049618481531393
119 0.039947630878426586 -0.007034443928446324 -0.013714445107106617
120 0.04301447113209566 0.012459515894199559 -0.016321151943121795
121 0.0430145279741876 -0.008924571105780422 -0.037948625550426246
122 0.03855845319656135 -0.04451109519831217 0.008341734011175316
123 0.04385156337404055 -0.04185079010335852 0.02149142233060753
124 0.03612483451086185 -0.004622216901164334 0.007543460152535638
125 0.039026871319696996 -0.012437392348148587 -0.0004947018322189651
126 0.03948929280234105 -0.023298456217260902 -0.019359429686350533
127 0.03561756558151258 -0.024636082048680417 0.030499119243678575
128 0.039947497801663255 -0.01007432348033856 0.005597864254390995
129 0.03760384475085711 -0.006702897111387001 0.009824623682825436
130 0.0385580384948196 0.006310073655854746 0.0005923920216183485
131 0.03760382986890654 0.009950828825621691 -0.016707746279037653
132 0.039489515335746905 -0.035140271158501775 0.0018346701863220917
133 0.04039946183850877 0.0038484737939704556 -0.022920417047326776
134 0.04259001166596285 0.0034611078169053174 0.0031956864948811978
135 0.04259010037389434 0.003318665348727437 0.027058071950601996
136 0.040399841881927634 0.004040730909389968 -0.003458484201163489
137 0.03662416813904064 0.028541413009188464 -0.00452777376565027
138 0.04039961625225854 -0.019331223231469897 -0.027871521354902822
139 0.04587787132493913 -0.014982918499143445 0.02037713035459468
140 0.03855833372674368 0.013267222846816593 0.0034251383493990118
141 0.041726830839991284 0.04570744405407981 -0.0015077936261970574
142 0.04426372319389623 0.0043841919748398885 -0.00879700670443546
143 0.04039995525258886 0.006905834836202594 0.011459012584364133
144 0.04216042754584679 0.01322321462161117 0.040755812756738855
145 0.03949032755510502 -0.012563656174432431 0.01361923400420854
146 0.04343459472246368 0.015183615305342102 0.016949776182922392
147 0.04627156916986059 -0.02921123353707344 0.015592166886923437
148 0.04216095800106494 0.007466885546830915 -0.022725187797159315
149 0.04301418855513148 0.028857240999841986 0.03403931773402989
150 0.03949014469495193 -0.016400720923211563 -0.011724277053314124
151 0.041726960696546134 -0.01528733330044264 0.021797907142233064
152 0.039489172401130986 -0.029016255595673845 -0.015588537170983255
153 0.03855808668688381 -0.02028455997477311 0.027720057231615844
154 0.03351479113544353 -0.0038025999959174633 -0.0283532105599467
155 0.03902712321159344 0.01122880576109804 -0.0014599925014438353
156 0.038557402372401205 -0.03726288914701449 0.02192846659220497
157 0.04172732847346885 -0.03789270761711445 0.014918474688935304
158 0.0351038358363228 0.005315999107851416 -0.022215638823261497
159 0.033514093013357844 0.01639699445842195 -0.012970734702227826
160 0.03949040987007553 0.004911713343294081 0.021131128745135275
161 0.03458238860710832 -0.036653380573825445 0.021401327559910196
162 0.0385583836303445 0.02891327600879812 0.026853762890811428
163 0.040400166994641745 -0.0015016074690195917 0.012979950842088375
164 0.0394903104342507 0.02203537590359959 -0.01589725018715946
165 0.040846896012712554 -0.01191333401991915 0.021993350471841477
166 0.0404002952076117 -0.022400404218590703 -0.009723216789264936
167 0.03561788214415396 -0.013602210850714759 0.015360009769068322
168 0.04040002070334438 0.0008287519392528205 0.024177683496777482
169 0.040846858957656655 0.007471563923680624 0.0025175054879373773
170 0.04128949425369228 0.0007592364912911467 -0.004305122090992632
171 0.035617731885475956 0.008048972979824251 -0.012012737355526578
172 0.03405248897903158 -0.009845343462091266 -0.003812716308651436
173 0.04040030392793377 -0.013989047115380616 0.007340864292070587
174 0.03948919896033881 0.01141911846077241 0.019489377559918784
175 0.042161007063875544 -0.0044100369146462684 -0.01190680475275181
176 0.03902658387414674 0.003991913968096424 0.007265811814976104
177 0.03808422031356754 -0.0033709355480928244 -0.0006226130601050693
178 0.04467272868041237 0.002976506056492781 0.0054663717670075
179 0.036124633224398926 -0.02905243963084501 0.00800162810863511
180 0.03948957206792758 0.020160367716587992 -0.0005915415401955187
181 0.042160487066494785 -0.023492389059416325 -0.028119119705765982
182 0.037117524883714975 0.003942426793738406 0.017153290091675204
183 0.039947154205302794 -0.006033675632364684 0.005491875049087092
184 0.04039970139972017 -0.00285524710090199 -0.029184209156486198
185 0.041289713432902816 0.011481514677211847 0.017612604787166808
186 0.04172712843386224 0.0064907958003641115 0.0034220431943160776
187 0.04587702555771622 -0.019954451351593714 -0.0007933923646701441
188 0.034582090734264215 -0.03245838433658852 -0.005803776539256109
189 0.04426412427958791 -0.002028543441548151 -0.002968832288229073
190 0.03662451276800526 0.004982772082309232 -0.0224824352764465
191 0.03711739285578424 -0.02919930346791428 -0.008154116003938472
192 0.04301438594761564 0.0010392052857275149 0.014364168765073855
193 0.043014215161427595 0.004844485163872817 0.03727393825316684
194 0.03760358062734422 0.01505411421920516 0.023608433033599618
195 0.0394898638727436 0.02833430526836895 0.0009662913069046457
196 0.039489647369020574 0.016689670281953627 0.0031788600056987634
197 0.04587684055408401 -0.016964003770592154 0.0022828968045968054
198 0.03902705045862834 0.0007243618746177744 -0.009384212563954088
199 0.0376035628937057 0.013726314224411432 -0.014454018896621144
