200 3
0 -0.007411091797271702 0.00391405220994719 -0.009713254684555
1 0.00035955264659929403 -0.009148457287434197 -0.011839198904865705
2 -0.007642441859892756 -0.0010704208050470627 -0.00883183974369818
3 0.018076292118798146 -0.0031530761575945185 0.013351735111808247
4 0.0019423537902720795 -0.008010917560589928 0.008308789777025288
5 -0.0002454297966454338 -0.009768339795411578 -0.0022505336773542065
6 -0.01631131564545682 -0.014622907803895682 -0.018062286354483828
7 -0.0019661809439490956 -0.004521273459266235 -0.006917542946498222
8 -0.01946960376147637 0.0011676731277208766 -0.0053984556580333465
9 -0.00835670240023006 0.018883655715582356 0.014436627717575479
10 0.011682561890124815 -0.0024982363905606264 -0.0071664568237779225
11 0.0009857956937929062 -0.004680681216741901 0.007498014334659919
12 0.017243219036943855 0.006993320073874652 0.000288476166946567
13 -0.006718987777828173 0.005189745483310693 0.023273326765279254
14 0.007171360443450278 -0.0030143871288907196 -0.006621724034493681
15 0.00290397214285679 0.011944185189734335 -0.01893934658014368
16 0.004812113313556417 0.00938412640073762 0.008830884288638416
17 -0.0032617760722369743 -0.021207391803666268 0.006181917130692202
18 -0.010980370846815503 0.007999481697298309 0.001807551711263622
19 -0.011428382635863859 -0.005435862771099337 -0.007517713807283055
20 -0.005362441934753839 0.017046042269464684 -0.013744428072597792
21 0.001810757032358324 -0.0014690838292451477 -0.016490804363564072
22 -0.007289583604991101 0.011802443680191552 -0.00932325882781547
23 -0.0070956181587122705 0.0015216154156034176 -0.006899130942736819
24 -0.003404640322867483 0.005296610728570593 0.0014593179284064159
25 -0.009424076629379446 0.026403005314880018 -0.0047035384970627
26 0.0013845052081526959 0.007259112916194507 -0.007148846032734094
27 0.009173867349870943 0.011068716400156726 -0.004125070390079914
28 0.0008108587952158292 0.011574697658103567 0.003225991760198995
29 0.002232014011615782 -0.0006184152632999901 0.02395195822916564
30 -0.005949291527947375 -0.0021775731547093863 -0.004721603667718226
31 -0.0009448213086125021 -0.006961480561972808 0.02976821029538415
32 -0.0016577147069101184 0.015160510038375763 0.017884132611384468
33 0.011369205481777424 0.019672058279567556 0.019078206534427128
34 0.00497818447992944 0.0006431899536252714 0.010241275364207651
35 -0.009492990184297091 0.01296825814201899 0.0003441971687158582
36 0.020419662682656922 0.006570697509080056 0.021548718351951934
37 0.010386158685581112 -0.0035372505341903465 -0.013503557574492744
38 -0.0002447948162582099 -0.017152732623872846 0.021878052527439816
39 -0.006201394105966257 -0.010295389435395291 -0.00972085494600225
40 0.0022193439270413035 -0.004926767884257423 -0.012754658066640716
41 -0.0029636531685835084 -0.007924149325036794 -0.01015136306208196
42 0.005146836703770648 0.017399477436151015 -0.021096113779916208
43 0.0005821660371722378 -0.0006463955573031265 -0.011275326935982419
44 -0.009132986770165325 0.0029190985706449707 -0.02035940409360465
45 0.009947504690157314 0.01797919371475823 -0.004309731245632414
46 -0.013891234194079768 0.004479039726531745 -0.01540688323853382
47 -0.007660893363609506 -0.010460114038420922 -0.0006100500915421758
48 0.010608559954416286 0.012725740401108094 -0.007628737518006095
49 -0.011110064958726504 0.03912726346114073 0.00784763327054663
50 0.004463447256867422 0.0007827903762532736 0.01347735015978034
51 -0.008683384414234392 -2.525942365894096e-05 0.0008163597565265072
52 0.019870142824862005 0.004201609645420962 0.015823918647680724
53 0.0019247446497638807 -0.008544163863602405 0.0034132847282953224
54 -0.0024809078751821187 -0.013125842250864134 0.006998320845464229
55 0.004993530007358769 0.002718018934064814 0.003937988990286512
56 0.015554079304683416 -0.015436784890598548 0.00284427944078363
57 -0.015102405402901635 0.009836052509674243 -0.004526455825217414
58 -0.0017220867990789812 -0.00962347435883352 -0.0029070232026799994
59 0.0036675927802342096 -0.014334040180384672 0.00044714364897539827
60 0.004454511251613266 -0.013054841644457069 -0.008259252303055062
61 -0.00622044561890734 0.009396194466576385 -0.009164141953266612
62 -0.003424773696585455 0.0036193825127390482 -0.004293401533697443
63 0.002752381203797411 0.009326776106072469 0.001187386402203637
64 0.004000042900874321 0.000361251208653008 0.011870251689603227
65 -0.012028121685743833 0.02060592318729576 -0.008223446624220324
66 -0.010756776108960524 -0.00018597314301352797 -0.00667933154973367
67 -0.0027562747103189525 -0.0018896530994572738 0.015250052821569333
68 -0.0027452037074381305 -0.007351078654967029 0.006673165604822365
69 0.007324691829525814 0.0026431088788677996 0.02223846127805619
70 -0.00031313849992237186 -0.0007203059787949662 0.004107191895709461
71 0.01262324114813014 0.0046492195821177945 -0.009653209569046015
72 0.015279582091366775 0.01823416666933563 -0.009419715773859125
73 -0.010967231333740238 0.0002346301337511139 -0.002664770805567547
74 0.006355416707047633 0.0007951978883233152 -0.01794845032884381
75 0.006483533175350664 0.011211885212146075 0.012382429236054001
76 -0.006402752939804891 -0.010260225430061179 -0.01107419014990137
77 -0.015900897048208674 0.0010265474283764342 0.0021204163321815912
78 0.0021096835692396357 0.011420397478007993 0.006341762172484644
79 -0.0013269232451396402 -0.004133572860105773 -0.012796277162707169
80 -0.01107437315281705 0.00010038593099492323 -0.007104440190575651
81 -0.007353024464812945 -0.009525982758901142 0.019543810275201384
82 -0.0007813155527810894 0.006355081009567845 -0.016484836980542948
83 0.018202182938202874 0.0026716338664720795 -0.00048237025624887214
84 -0.003352286819817158 0.017611833899822897 -0.010002601646631224
85 -0.016734387189167508 0.008954389397217231 0.014319460579669638
86 0.0028542344895078767 -0.006409902339415623 -0.0012655764673873346
87 0.02208513150537912 0.0037410706984289076 0.0159137612585067
88 -0.014208178950667994 -0.008967144629761066 0.013654505482115425
89 -0.00035210387521091707 -0.0020078304716897866 0.002404251755026631
90 0.005615325998273166 -0.0031534723058482686 -0.020541586311579665
91 0.004191227480910338 -0.024605812405960416 0.001142856177045487
92 0.001632338584157407 -0.005284404838020548 -0.004791731743096148
93 -0.011421636013617172 7.145870803031834e-05 0.010471073920592709
94 -0.019155687345822237 -0.005418750137951999 0.0015511176325431614
95 -0.02173706543474041 -0.014776573517378308 -0.004129070961674659
96 -0.016651620317627264 -0.01866433932470299 0.006978234617621296
97 0.006579981280597932 -0.009574929650039622 0.0015504250117182455
98 -0.014890079521594206 -0.02216336128791166 0.004445855531692534
99 -0.008685784232706405 0.007872437427781825 0.015638242637308952
100 -0.01157745096624363 -0.0013389750580721609 -0.009664206533900037
101 -0.0011851750010449646 -0.011118543601018674 0.015323551253901578
102 -0.013356824163936886 0.007164776193451308 0.013954566076806382
103 0.01590657950054835 -0.016094742092285272 -0.024946659136101973
104 -0.007136253536277476 -0.0030535477599342165 0.00768576102739413
105 0.010294777019189592 0.000496254233133965 -0.002382172966475961
106 0.009035853163279761 0.00018903276560432863 0.008268881384119728
107 0.015343691841642568 -0.006068264716689822 -0.004715834163456879
108 0.015023931414115878 0.0098057570837016 -0.0031588321731495436
109 0.00077479060367862 0.02107363240504391 0.012390882076027648
110 -0.008770903856676768 -0.002324380586195378 0.025913839509846215
111 -0.008553994213314167 -0.0002844245035891601 -0.010367170292744685
112 0.014982759512975702 0.013311201384292148 -0.003840165699090653
113 0.01062841466140816 -0.014575341352583855 0.007506936643087346
114 -0.019516350222409246 -0.01121334614083866 -0.005616454524919809
115 0.012015735903764813 -0.0030042663394531793 -0.012629202728241987
116 -0.009587260458208523 0.006682567110231366 -0.01641863451412736
117 -0.002883088063018203 0.0027289363852074887 -0.003313006502310735
118 0.014791221701476658 0.010077535032886033 0.020941607829114563
119 -0.003549754220561342 -0.014583534325488305 0.01279433055519399
120 -0.010670596563839594 -0.01250513090278077 -0.009913528806468164
121 0.016340899873945144 -0.008537410737967925 -0.020123538081809986
122 0.0058430673883378935 -0.01160757165986566 0.008415029509300249
123 0.005206417448290063 0.0038163030580369503 0.010358801729913398
124 0.002603272304756687 -0.0015242549430745861 -0.0027006847473852093
125 -0.003764665799032927 -0.02681279379852794 0.003666994723514297
126 0.015188007243600875 0.007665189683856686 0.007543166144605186
127 0.002245799227313331 -0.0032128085015521303 -0.007457214286557802
128 0.00411888462388009 -0.010288526785892302 0.010943599553167892
129 0.014622762635921778 -0.009345839702495577 -0.0013936343872575883
130 -0.011928530138368795 0.002023355080719942 0.006771762658700706
131 0.0011096577710516826 0.018499194358907844 0.018322038823981604
132 -0.014759446817069755 -0.001085207678683739 0.007880959869186258
133 -0.0005478790130653451 0.015946294304157338 0.004485318502455846
134 0.0016618221424675103 0.00932595862505554 -0.0032721297699547514
135 0.00345066029357044 0.005126818148835305 -0.000309987187414016
136 0.008562020254304928 -0.0012404140066760924 -0.004399262548661012
137 -0.0034766461153544204 0.021249471703382358 -0.01971408296933999
138 -0.0006838911655572127 -0.006410154307450441 -0.00015522195105329914
139 -0.0048431104538256275 -0.01548638493395374 0.013402964778656316
140 -0.0037330863789423914 -0.004802709144033648 -0.012173626955677256
141 -0.004832072516250193 0.013226528278139388 -0.0013901568687542769
142 -0.0011237796982088745 0.014288718254909988 -0.017973887429766612
143 0.011641201905347738 -0.018187938415964833 0.011524137648602537
144 0.031058809898783735 -0.0019059523295858298 -0.02045317890715001
145 0.01140097280863099 -0.0008078376750769514 0.003753848846382378
146 -0.006191863665284007 0.004815692437005647 -0.015882362050234047
147 0.0417898866830583 -0.004212364622913627 0.006220241915073102
148 -0.005041012596632616 -0.005329993558075695 0.004250864036990626
149 0.007226634999371782 -0.012041708420502093 -0.006864327710802784
150 -0.0018895927766192713 -0.016918877992073075 0.0012657917278054067
151 0.00883796474693159 -0.0051292967369196175 0.014397282188010445
152 -0.010915764980021558 0.015043382605757938 0.01625293904623614
153 0.003719650442473679 -0.00925756932863506 0.006380765979072698
154 0.004006674642939759 0.0075090508996703345 -0.0072535662501796135
155 -0.01783656322198194 0.001740559319332556 0.010174336719561007
156 -0.00554978450854646 -0.014530442239587653 -0.00029365553388842336
157 -0.006311778492903278 0.003772984493411846 0.015355251485190704
158 -0.013267939666629883 0.015132008627659524 -0.009345785746879526
159 -0.02170308116772797 -0.011952740174989894 -0.012422245970292067
160 0.004300772188758059 0.0033017458857699244 -0.017060836396497497
161 -0.015319277695419672 -0.013599014856994149 -0.0007954385299075162
162 -0.0015828942821783168 -0.008217944261741127 -2.443119834302787e-05
163 0.016972542925294574 0.002860231527928487 0.031219866145554803
164 0.012230145389932633 0.01817850798531906 -0.0030739025613614242
165 0.002653022465953503 0.001112386437529169 0.019897633903494055
166 -0.001563561043637942 0.016014038771196677 -0.010680973566243236
167 -0.007172075007013574 -0.01593888114553673 -0.0046928245396774815
168 0.008694943435251873 0.01704822194394303 -0.0032792204283265264
169 0.0005571482680298001 0.006081497124631824 0.010487349463868832
170 0.0035411698100797293 -0.0144662617216638 0.012567026492866937
171 -0.006062067104372071 0.025592682077721376 -0.0005061858935433454
172 0.002579233219249813 0.003969216194036097 -0.018370852677761923
173 -0.01099092307026707 0.00038913566692939244 -0.01011396165809506
174 -0.01162198733768767 -0.008377633661435192 -0.009155456418295009
175 0.015457376507904953 0.0013732701163939182 -0.006627062250150348
176 0.010066924295352705 0.01886179383057518 -0.023195951892053892
177 0.0032912283736827863 -0.019653870977240424 -0.0024489227629871397
178 0.0036936330208993257 -0.006004293669259869 -0.009128363139501095
179 0.007034036953615375 -0.0022986655304224543 -0.0006118029255904704
180 -0.006231834272191716 -0.01412098139837098 0.01868399837454833
181 0.0005026139113203792 -0.021804307215590485 0.015499686628018386
182 -0.0018565426484902503 0.0234718921196536 -0.02021019264535001
183 -0.000567648055844268 0.017284315766848878 -0.00789318990583264
184 -0.017514015830252472 -0.015683893981512532 -0.011817174585742203
185 0.007165760385936467 0.0011821167596603628 -0.006882159334970148
186 -0.017562420215481947 0.013149571387507927 -0.007581195015142095
187 -0.0024899145573253553 0.011766311813291786 0.005591776008177757
188 -0.0033355130784814106 -0.006542121928024398 -0.0035923380072166375
189 -0.00979080898862053 0.007925029510424522 -0.005779652400684964
190 0.0005970363596344407 -0.0053984876576431105 0.020985964904904106
191 -0.007718291471438296 -0.005432629602945077 -0.012401077358277661
192 -0.004471031517118362 -0.015718881201259874 0.01235079532406727
193 0.006450830250673677 0.008208956976196972 0.00536739712837648
194 0.029129049867167883 0.007669632012418669 -0.00504527749062544
195 -0.011159713317401364 -0.019255439304806485 0.006607493416143986
196 -0.010718246687565422 -0.017001201125399323 -0.0004009931736566469
197 0.0025388516174059197 -0.003935303698515538 0.001720191311371997
198 0.003828590481198336 -0.009567011634488282 -0.021221173840036134
199 -0.003164213454684709 0.01064730295190405 -0.00013782967576722593
0 -0.004473193731424033 0.0023131822306647933 0.0031963268178040252
1 -0.002984855401555008 0.007286158724003917 -0.01947749163648478
2 0.0031816438776040134 0.01401260866597876 -0.013614072196704907
3 0.022880298221024303 -0.003583228359027968 0.004971596118606115
4 0.010739501295955103 -5.359748315002721e-05 0.02834061933691996
5 0.0020750734664949817 -0.0040992249534909375 0.012241842854408054
6 -0.005349594127520334 0.009973798793079428 -0.0035716641229947
7 -0.0018151217566771752 -0.007312336555549914 -0.006534966890539808
8 -0.0066876970664731805 -0.002084955219176017 0.001999949827199348
9 -0.010274447477871564 0.013398554922645634 0.006462629095581748
10 0.01822232067425726 0.002314200774197424 -0.008511159637778275
11 0.0032100602217010332 -0.014777391321143075 -0.00437181388923865
12 0.01791943378479187 -0.005408445677526386 0.006261166410346391
13 -0.014715534968443349 0.019996279951765936 0.02130133893243409
14 0.015038295270099769 -0.00261897029115586 -0.010003316542556949
15 -0.00402780813178881 0.02019998889117377 -0.014939696061702937
16 -0.010854404055066273 -0.0013079646754992815 0.010258138051214276
17 -0.013420567523701417 -0.003613620242235674 -0.015805163374474213
18 0.015430799692529099 0.0033017056063973094 0.005553305141499109
19 -0.003847879510632464 -0.016239987558937692 -0.010735921954916364
20 -0.006259305369394626 0.01011793584043491 -0.017173014118829204
21 -0.014833836321729401 -0.030020450031217526 -0.005800767724312025
22 -0.019381487522116728 0.010380131250975005 -0.002267412613021356
23 0.0023110502489865764 0.0016896205687636032 -0.008741473479466499
24 -0.004625097835083117 0.007617456174195708 0.009379725949989374
25 -0.004141124086394214 0.020465685560865088 -0.00012721162250267995
26 -0.004183155960223521 0.00444316127558483 -0.012141754869768151
27 0.007808904291669173 -0.002212464074286334 -0.011586385380842931
28 -0.0017721010366626598 0.01915803327245269 -0.003990088342141169
29 -0.017612060804948693 0.003941710868647003 0.02083265361995719
30 -0.000979845211127585 0.01224812714623556 -0.012966548345386922
31 0.017832951658748153 -0.007941048958056682 0.015182226577395305
32 -0.009746251147646153 0.013025201816242546 0.004351175978605869
33 -0.006281399141273791 0.019229821609371867 0.010277263994299374
34 0.019860627345950913 0.00016216971812448716 0.010476303827582675
35 -0.01962023877033872 0.014183353347590258 0.0044522448545839775
36 0.009766438960351967 0.004825600495699425 0.018343234201523714
37 0.01531786750380433 0.0004699046214828625 -0.01618084432264935
38 -0.010633886001697478 -0.021657467326014757 0.0062920016524087435
39 -0.006355013150816661 0.005499209822684318 -0.008662071080678097
40 -0.006355824335212744 -0.010706386451040079 -0.009569260530243776
41 0.011004588687855034 0.002265706284447229 -0.002367573928462508
42 0.002260920817264145 0.0045732001366044495 -0.01057447935648663
43 -0.007448375302669841 0.010413906989219604 -0.0021636151242395534
44 0.004460626061248598 0.003313513529729809 -0.02228438733344401
45 -0.01605062884781419 0.022833994007311384 0.0022727592048787486
46 -0.012452868884699625 0.010039527852946838 0.009506108432939994
47 0.0008174831391827217 -0.0077867285204965865 -0.0010418260803008797
48 -0.002919803692943458 -0.0004172849561341757 -0.0048835789503778385
49 -0.0024913492752728916 0.034239296386559814 -0.001506572869722285
50 -0.0007872079125924927 -0.0060803854669625075 0.03765746663594667
51 -0.020256172846263527 0.004946397025643473 0.0037087938758950875
52 0.01091232691325826 0.0034947379252499855 -0.00485471272962177
53 0.0024260427016365854 0.00836524517181044 -0.005912024867787531
54 -0.009004521028026298 -0.011463665277539212 -0.005171279923868906
55 0.00568552626481604 -0.010235525747153973 -0.005193446349382926
56 0.017804175398945105 -0.014805040022613632 0.014075865472410494
57 -0.012703039841707356 -0.00426131512694114 -0.01226134067074863
58 -0.012669453968372126 0.004628700012569225 -0.009578643204532904
59 -0.006856381229839076 -0.005807186163330334 -0.009573587523478365
60 0.009550456352423603 -0.0006297028027231408 -0.015150051374577346
61 -0.003720602517990265 0.0003894108811169916 -0.012403208588145587
62 -0.006711707932347363 0.009940954178561015 -0.013231960002163062
63 -0.007503845750299611 -0.010674857749122215 -0.01760490888270348
64 -0.0001021939836783883 0.002173147269216984 0.011738994957350847
65 -0.0017026735340411742 0.007385067867720266 -0.007020362345318616
66 0.018557055511677044 -0.005886762042272474 0.005116692660172152
67 -0.00843616425337148 -0.010347491286284156 0.009404497149519735
68 -0.0019349270809149687 -0.008104260813932222 0.005506289745127646
69 0.010019813457150445 -0.0024459318755849363 0.0058405994502067765
70 0.007183593328552524 0.01000334472002739 0.010190971293315518
71 0.0060709690279960316 0.011169642124052762 -0.015497154572905437
72 0.013824875255429983 -0.008867099373000634 -0.009595355484533247
73 -0.003422888384872893 -0.019310637276086742 0.017712668264417
74 0.0037749471512172434 0.012842357474937161 -0.00855986290204877
75 0.0062610078516377315 -0.016021308196756043 0.002212950867887146
76 -0.006237264863682965 -0.013016286988565468 0.007817239476284855
77 -0.005103360891830548 0.017903031903464296 0.007031500095385206
78 -0.0015447562176446744 0.013627117615735082 -0.0008558233128718685
79 -0.00406902609617155 -0.0059441556542658355 -0.0008544730274040481
80 -0.006687175634812276 0.010928876850073686 -0.002074102331735801
81 0.010504530867300861 0.009013476443112092 0.021347399318536187
82 0.0031128622128222764 -0.0016981752051029699 -0.003180215442753327
83 0.01613934897121032 0.004891289480154588 -0.011367088585474241
84 0.0014247400738883961 0.002503647971146432 -0.0021885662656152237
85 0.008225956781573208 0.010668871804971815 0.01153458269630249
86 0.002196111839120516 0.013773804363328007 0.009817779341494956
87 0.0015786858251674585 -0.012696208288836495 0.013328005361668262
88 0.008551884562835604 -0.011988811434416671 -0.011029563111026458
89 0.0088519110786363 -0.013546230004581487 0.010370275984307764
90 -0.004838906226703476 -2.6108002624313474e-05 -0.023289011075321317
91 0.0034967786744928703 -0.010568423724494964 -0.011742254244711248
92 -0.00021331803880011296 0.011382254608700699 -0.009939273193178208
93 2.4060860266187506e-05 -0.004267911286382778 -0.010594150120457665
94 -0.0101006070001224 -0.003819628462689427 -0.009202526405349284
95 -0.015893977631338235 -0.010213069751325729 -0.003700524596372861
96 -0.016480041828352526 -0.009780305244362242 -0.005460981608194557
97 0.015111342412747732 -0.006798242236340568 -0.0022029451004848197
98 -0.0008722569834694327 -0.013553486510224047 -0.006917393210381904
99 -0.0031956315484945232 -0.0007161469466952057 0.009999018833929951
100 -0.02526724809002641 -0.007185857615048866 -0.015861149701356
101 0.004529359352587208 -0.017859764451327934 0.014008624501295773
102 -0.005853013173433164 0.0280683469256007 0.017389198288261215
103 -0.0015017238006718517 -0.020897237874151764 -0.008015529711008856
104 -0.010488209398187523 -0.019139726028301857 -0.004740898577367164
105 0.0071606743786874205 -0.013476373625282478 -0.001330610258454862
106 -0.0011320400395582533 0.011929713668085304 0.010194288842126684
107 0.002582551705983093 -0.01873038851284433 0.009318376561353283
108 0.007700317321100797 0.01589279792873631 0.0020626444262671108
109 -0.010058905966686932 -0.0032122891481228405 0.024341776904831025
110 -0.009810185176076104 -0.00837447463929103 0.023929475847428175
111 -0.00737690906568448 0.005092605831461584 -0.020273335090432276
112 0.018631365697914015 0.0020220557947378676 -0.007670299801892641
113 0.0033783859921425186 -0.00435938748966988 0.010990565269443718
114 -0.0050124635186614835 -0.0023619818168707576 -0.015326556182696446
115 0.011902847854443593 0.00824331411430201 -0.005934664828780245
116 0.006005793640172167 -0.0006560797963069409 0.002896324186546187
117 -0.010057152441655087 0.02063144913948694 -0.005842229434626485
118 -0.007557818816009962 0.0027626967280349884 0.0058189282238395035
119 -0.0057045446815749724 -0.009997492744332849 -0.0019432751196012052
120 0.009828367986824842 -0.004023278514110839 0.004906648247619131
121 0.0013074755025596699 -0.0031551904036334205 0.0030654589466790685
122 -0.013343759801388081 -0.005326264579912997 0.0034097159439984218
123 0.005850778296267789 0.004586718798150105 0.0011060361957060325
124 0.0021216256449644224 -0.008962968036398691 0.001394200953725916
125 0.0024537923019510265 -0.02556593302135997 0.01238399941357648
126 0.01031409163171515 -0.0016780454103789743 0.009596937273629681
127 0.00323810950551562 0.012635139009782491 0.0006773417355420021
128 0.0179699760952452 -0.003987567616171694 0.0001717615604830483
129 0.004986330102721849 -0.004098294117027772 0.007755586235482929
130 -0.008449578433042074 0.0014053979012676882 0.00996150117821297
131 -0.004547233267289047 0.025414214364472068 0.016956711111977274
132 -0.013711055081935458 -0.0024785913954796165 0.005073996910842177
133 1.0734607845046956e-05 0.0246858349888487 -0.002894649974056109
134 0.009621129718320465 -0.010781736882288624 -0.007009036858797668
135 -0.015243297938045082 -0.009188791393624818 0.0013853155714220796
136 -0.0002598363964983544 -0.010609933908574223 -0.0005318488276286181
137 -0.02215861758316902 0.00829713267129753 -0.006591872229915127
138 0.012278496048511056 -0.011593969359974456 0.00937201212756905
139 0.0004237919016095923 0.0008206630733603171 0.002039175649862897
140 -0.007154141346832673 -0.00244466780863227 -0.007880240046443889
141 0.005060189027421372 0.012121564058224274 -0.010035532195719583
142 -0.007243952244130065 0.015501353903297918 -0.0019178523812019566
143 0.005116500029729687 -0.018463558505524738 0.0028247116066801928
144 0.019838428458663154 -0.009464877966982406 -0.009736676141758244
145 0.015482790610866243 -0.0015998687068282374 0.01066298763524856
146 -0.008552285439307424 0.002377033936964 0.003060894001608059
147 0.034194361233797266 0.004584213550784517 -0.002684263609324585
148 -0.014350647084133139 -0.014697337973313913 -0.005615648223536227
149 0.0022118838571877353 -0.012866842004816713 -0.00195752774442837
150 2.4949317701101342e-05 -0.015474838056055651 -0.010148750005900677
151 0.01331074793342741 -0.0012529165968439802 0.0063936768204849465
152 0.007303523451817277 -0.008532772159020064 0.005891944954127627
153 -0.0025070573417176126 -0.001328546914168247 0.009831025111415578
154 0.004020321296832968 0.011782958427753898 0.0005853697104768255
155 -0.014304236100490107 0.0036764188661573306 0.010450173998403908
156 0.0012745359181746997 -0.002605155866486658 -0.008783237976131057
157 -0.004577763349657614 -0.010024490461381295 -0.0009055565045422258
158 -0.012562100494357215 0.012766260320777614 0.006964823601539446
159 -0.007252826019231731 -0.004062166618920858 -0.007855226920811954
160 0.020382312749962744 0.011711802704776314 -0.009369690319231162
161 -0.015097427187009169 -0.0005468423038500064 -0.006961254926633513
162 0.0033729291641550127 0.0012490668928286242 0.017489188028817118
163 0.0015215417718778988 -0.011205895722041843 0.013507220089780003
164 0.0060617850506986155 0.005059523694762841 -0.0015597221575097153
165 -0.020637476050123046 -0.0027655654711612274 0.008862866231648815
166 -0.004825274129589644 0.0036345303607507526 -0.0006929674284811144
167 -0.0018783403461552044 -0.0045774263272301 -0.018606183481069356
168 0.01494757736308766 -0.008728474036014552 -0.019700269548309057
169 0.013058853174904683 0.007174618405807201 0.0008303637749626953
170 0.010367258056844575 0.0028545242825119624 0.023877811174095903
171 -0.020857354057462085 0.01692403914955802 0.0028599174734368713
172 -0.0004902662487989151 0.008528290396951556 -0.01358185932266276
173 -0.006421312745117952 0.006428060776915472 0.011631092939074661
174 -0.013421784162945677 0.004674306925646594 -0.00018776174348320018
175 -0.0011846453281591993 -0.0018893764450959513 -0.0033443953777168023
176 -0.0014082412821977038 0.007748351625941008 -0.0010515741589550882
177 -0.006332590954157301 0.00036900503397295503 0.005135092747227128
178 -0.010953388098646929 -0.0015016507739874104 -0.010180911217438093
179 0.013052691700314187 -0.017178175320040297 0.012382727896566598
180 -0.0023929473523264166 0.0050124049031088636 0.01578731954670437
181 0.0010863483672087365 -0.012049410569412458 0.012373784441753528
182 0.0007978398149942681 0.026522048422658012 -0.013521312348208595
183 -0.0015353314340955193 -0.0002530148176810368 -0.009333540654645561
184 -0.006720152904431759 0.01323927827109317 0.002818563122113364
185 0.009821991270884385 -0.0025548230292941343 -0.004816070585368495
186 -0.010461052145955746 0.004064318952547212 -0.011560749751310564
187 -0.02050198703461127 -0.0016353716199583729 0.012164747150797073
188 -0.009723810604226765 0.012090752429686005 0.002319335682269932
189 -0.005011818877447269 0.014431664535459326 -0.00073935455833056
190 0.00040537062061436584 0.016448025056731624 0.024730879965733074
191 0.010696696913678964 -0.0002646214634865057 -0.0023058232928487993
192 0.00950537760047904 -0.001493269903968912 0.013770516543078093
193 0.007413820215744719 -0.00197687543242428 -0.008166044886089456
194 0.005634908378833542 -0.003922417402297186 0.009988481704776758
195 0.000532127023818843 -0.008782835389028541 0.012591246890834379
196 0.009189110270875172 -0.015180594354134644 0.014412857215373082
197 8.0020732481801e-05 -0.010917225396202178 0.0017047588790740503
198 -0.0070031226797820445 -0.017199788245285674 -0.019062804643364642
199 -0.00853099509876018 0.006434205458741089 -0.00031701102386719193
0 -0.0013363667917934557 -0.001159422897989336 -0.011201302217762353
1 -0.0037765768010767035 -0.010165432020510293 -0.013942560920492633
2 0.0021387580807384985 -0.0007089896034025121 -0.015592036307766143
3 0.008224094358882744 -0.01033349472644321 -0.014670902153282499
4 -0.010287353485966027 0.010143567589966044 0.02605090820496711
5 -0.003987783797895598 -0.006698882509279594 0.003491040307036848
6 -0.0029646344067574826 0.004121892621809328 -0.011827670771699647
7 0.008278258733614784 -0.012418542312580189 0.0015344609671497887
8 0.000628620503949559 -0.006986655126021549 -0.007423420814467861
9 0.011816589399987353 0.022886160952830373 0.015867311620748607
10 0.020609327929352272 -0.006594960453163922 0.007915200117658422
11 0.004803556769038276 -0.0020599436055246598 -0.009615938530290156
12 0.02109172275687926 -0.0010505278554569883 0.001543247304343947
13 -0.012552267611778481 0.012948704874521932 0.014848550550652262
14 0.004567044950640371 0.01087028591330187 -0.006088821825710897
15 0.00744590060529195 0.007871242240057474 -0.012306563501835968
16 0.016723726838671297 -0.0035963101663701365 0.015662993312497847
17 -0.004759798305737861 0.0018523478281478253 -0.013863136555098375
18 0.011075175294590376 0.004312495420757748 0.00517948037422368
19 0.013793231285458597 -0.014149100110818102 -0.02809641004685584
20 -0.006281470098397392 0.011780635721684099 -0.005484656781849381
21 0.0008954881750901818 0.0027689671822797857 -0.006221412337704728
22 -0.007137096366142709 0.020183621452860012 -0.0013512805338513553
23 0.009174289570391961 -0.005631539555260175 0.007714886339775764
24 1.738063697977882e-05 0.006302488173095512 0.0053668123401938855
25 0.0031643574776721688 0.005422972828631745 -0.004510390137788339
26 0.007430216732153091 -0.0037057067027607554 -0.0035207264844557135
27 -0.002513005953242234 -0.012075580384976789 -0.013392000754838443
28 -0.0010390052256674018 0.008713497337656834 -0.0049449132040298195
29 -0.0017522133783679367 0.01725732654835115 0.002845689513616023
30 0.0037665261669178416 -0.005842857332123988 0.0006108892824336909
31 0.009849820384024592 -0.007149206383088497 0.009083865258810123
32 -0.00428254008631393 0.02814220995429567 0.006664741109961063
33 0.005130842708651103 0.029198502910644908 0.009225166184979303
34 0.019347276849425 0.01467395864298093 -0.0011009798124450992
35 0.012104671627015597 -0.004022601791810999 0.006573601575375593
36 0.006594606356139787 0.008942769341900345 0.022776951267523673
37 0.00420320588636558 0.0021715788334394706 -0.020525216810086386
38 -0.001975091277100223 -0.013994470235341408 0.009797832675265059
39 0.0037508260859130775 -0.0025832654213611642 -0.012970642477957602
40 -0.0056629425472287664 -0.00558784219165348 -0.0095220052309513
41 -0.00445514764597134 -0.009797254716330795 0.004054286432600706
42 0.012007445162055944 0.016246174923471718 -0.007632488614810862
43 0.009665857705212602 -0.007837006702603398 0.006041235539758719
44 0.0051302781195572186 0.0023815983601363187 -0.004735786921388527
45 0.0013315663583566336 0.010215249306199728 0.0073270992824844405
46 -0.007119901580888335 -0.0029805447071493407 0.016710336965913227
47 -0.0021229321533551837 0.003483585129130464 -0.003702524574057435
48 0.012633736705444779 -0.0005098660290919835 0.0012200222420600745
49 -0.004570622434676042 0.015119691559229043 0.0113961675677812
50 0.00562315179178954 -0.006992491011784688 0.014349766863507071
51 0.0051603886630990775 -0.002200825536673912 0.0045870608097394894
52 0.023517225246895757 0.023265541399700822 -0.0016613266512131922
53 0.015011047736351375 0.002740746457197781 0.02288579645367456
54 -0.008176374060195613 -0.01206829697021869 -0.021004746168425494
55 0.015024359808202305 -0.0054524396308860135 -0.014052926000838791
56 0.00020636761805896409 -0.0003858025935147419 -0.006010295496563116
57 -0.0023162568643781967 -0.0012575766995935773 -0.0017582063701456416
58 -0.002716291964634812 0.006818939639021332 0.0027165676456288416
59 0.0007518818979173518 -0.0024033002969038667 0.0018544300653134047
60 0.005828743799525006 -0.01084944403997637 -0.0008204114762911316
61 -0.017928143588389067 0.01128045876339983 -0.0038437744760082757
62 -0.0025511040584004704 -0.007924950620741892 -0.0011464920114654387
63 -0.0029162198076814524 -0.006297463170989 -0.0023832519558827647
64 -0.0013915665332149972 0.002010751574939464 0.0033676974607261337
65 -0.019934357925961196 0.013969652972054089 -0.01649916083266536
66 0.005127981715852194 0.007390521458572406 -0.002323247782729451
67 -0.014161635210381843 -0.008260732558967962 0.006581045410390535
68 -0.007124033469963327 -0.013106379093451755 -0.009184534108113342
69 -0.009697726761776177 0.011586439844075359 0.011745413645938244
70 0.0010256916846404056 0.009208575473814401 0.020914294348805686
71 0.012641823073757726 0.025251021141948465 -0.011295346922223864
72 0.014149306728365396 -0.00817600838141558 -0.017362496659403537
73 -0.0014328003353855714 -0.005913097816865352 0.0012042706450120302
74 -0.004334936704444953 0.0054375226319125225 -0.001770428944554689
75 0.0014192845768266661 0.006706371615205239 -0.014456693720378382
76 -0.017429177829592683 -0.015707595999018956 0.0030072527416738484
77 0.002961894014017946 0.011059580833132063 0.002784572756904774
78 0.012088219269388707 0.01328750163330511 -0.004187434315165811
79 0.0011760535841606485 -0.015058849961025973 0.012131191148152094
80 -0.020071854890393828 -0.008067235094086135 0.010453799712427464
81 0.023431558841758182 -0.010011763850927724 0.028659932267136035
82 0.006030243239326657 -0.003698101221786255 -0.011370202913351578
83 0.020266728356891944 -0.0012297439048185206 0.0007266888498066414
84 0.013310469277919726 0.004286733807385125 0.0024546502228374005
85 -0.009926226435332683 0.004638880094407841 0.015069974289815005
86 -0.009942219975535647 0.007292657589525384 0.01267806059443067
87 0.01861592279278161 -0.0020075183498034985 0.005992897466141622
88 0.002532380860250663 -0.01189793840819544 -0.0078000192840495435
89 0.00609511403167317 -0.008835393654831977 -0.00030573948602538245
90 -0.01334684624228828 -0.0020539943304832206 -0.01358699690936839
91 0.021255571016793574 0.0032691116307323603 -0.0005805707992376473
92 -0.01799202344150686 -0.01014509439440411 -0.0037773318243192397
93 -0.003595411344214143 -0.011711775583972146 -0.006515352116179455
94 -0.013763877919926601 0.0010937964954893312 -0.010158448402164458
95 -0.028928142384926886 -0.0136750892699245 -0.0011423335950986775
96 -0.001637618789735465 -0.014473264441225167 -0.004888902179393792
97 0.009930354492721997 -0.007857052993829862 0.01981177159399301
98 -0.010025391825701599 -0.017028672149981147 -0.002053351733049465
99 0.005421659508022472 -0.00011110007844999936 0.019641868915541122
100 -0.02290168899217289 -1.2195613981004494e-05 -0.002510391790981545
101 -0.0013668750999404466 -0.008397470891982825 -0.0028489731889468836
102 0.008135825380981256 0.02305122529463137 0.015041825814485668
103 0.0006452887523948903 -0.012894496467835165 -0.016865742557675395
104 -0.029010309442226045 -0.017170107717246794 -0.002728533285675254
105 0.008304694395678311 -0.011785492018893125 0.007442214304428672
106 0.010487749000036715 0.010128348637203174 0.012138643281874056
107 -0.01597249809281165 -0.004920162782897128 0.008390755787103597
108 -0.005048137696323854 0.009278561101996208 -0.01236185474301751
109 0.009294302377986868 0.013458404333617863 0.0153508924555881
110 -0.010853802489968034 -0.016778741464507828 0.001401341729938485
111 -0.003983888671636036 -0.00574876910104973 -0.00842774229563388
112 0.01481630142862353 0.016711887826922997 -0.025653439593299195
113 -0.001089007192770372 0.0072042628039265255 0.01192678418207476
114 -0.007564523274548818 -0.009279318591761065 -0.020993866119621854
115 0.021182061152930656 -0.0006855621760155257 -0.019281364994356454
116 -0.0004233211907383183 0.0019244367715945537 -0.014403909598133945
117 0.012022630736516375 -0.02145193888821028 -0.0014875074901078214
118 -0.010590410524308473 0.004724681646542869 -0.005936514457842296
119 -0.001367078491701007 -0.006421785717380432 -0.0038758831045476103
120 -0.0021394712491430547 0.004981154412964938 -0.0010113535800003182
121 0.003232145342051386 -0.009361742861994489 -0.009405895495351604
122 -0.003182906608642344 -0.007999552976178097 0.00740142092089505
123 0.001060702032443888 0.008524890018086324 0.006284686336372088
124 -0.009468000298091937 0.01075228093684778 0.008005671289842385
125 -0.010891524473615927 -0.011020352191174781 -0.0019292910956155637
126 -0.006879121355518644 -0.007652811479408293 0.013863179982535292
127 0.0005119639041757836 -0.008802477439155004 0.005918338798762371
128 0.004229355826688305 -0.02358920052018841 0.001206333098538754
129 0.003433372682741763 -0.015913733791796766 0.00019748449220855294
130 -0.01834413912880596 0.015202105201739816 0.013538894586295758
131 0.00011538134596105788 0.0038446622485488052 0.006406459971098885
132 -0.018343724087106925 -0.01529217329898827 0.008360022474571079
133 -0.009757581308549819 0.0065123392857951296 -0.010680090940334924
134 0.0106934716733941 0.0157899213418249 0.0013968688461934685
135 -0.004991212333629834 -0.0017688129150139455 0.002963534758372509
136 0.009690630385200839 0.0025876532436354856 -0.0012746542508047538
137 -0.020280695348963387 0.023678214859248578 -0.015903559599792075
138 0.01460053332438721 -0.009322201975312826 -0.0017790136743490049
139 -0.01593119873964127 -0.007792789909851293 0.004513327911654069
140 0.002388101914741498 -0.01136003069173928 0.008200027551217012
141 0.004057472708650678 0.015522109721580649 -0.0002463675319158906
142 0.015376633592948417 0.009472206851868434 -0.01814749410253965
143 0.015075558517463533 -0.010575600254544251 0.003370868960179463
144 0.026009060254050503 0.007417930955427816 -0.01213372591191654
145 0.022098649616181534 -0.005027175296521809 0.0056810235280540244
146 -0.004224872380845436 -0.014045783200673253 0.00395867494504875
147 0.03757431249931337 0.0060268127932622505 -0.006853517524084069
148 -0.0069588871602846505 -0.00919063431032776 0.005240899624630792
149 0.022481559597651968 0.0060982219030349324 0.002552535365409718
150 0.009555127088818303 -0.006300712456562094 0.005387651846347808
151 0.00156880358296059 0.00011068279122444964 -0.013221537762689473
152 -0.006237765378855797 -0.0026205778947047016 0.0036587306475594494
153 0.0061731654277348055 0.007203766848984721 0.0003977299887907085
154 -0.019960099687302547 -0.001590814497664586 0.0027213312247729698
155 -0.0017229684954466473 0.008515984415320643 0.002090722601337122
156 -0.0017270793728592498 -0.013104394937721281 -0.010412584459616833
157 -0.007275100828965431 -0.009691714899660257 0.00038227808156885215
158 -0.01580237003681191 0.017279034817149333 -0.002099849688571749
159 -0.02863665678624451 -0.004781355262181708 -0.005648438860864427
160 0.015664689591089687 0.0054049389280761626 -0.005014444342760847
161 -0.005217516040433801 -0.002601413454751053 -0.010510893712498165
162 -0.010576673678042792 0.008782752043775419 0.014328532700808472
163 -0.020167820874852124 -1.2518717177219946e-05 0.040517081250255216
164 -0.0027037108764992185 0.011609412489741622 0.0027535544126127244
165 -0.00986169601422228 -0.003826112806596807 5.332082851438463e-05
166 -0.0026781500687834137 -0.016653473856021016 -0.011446568096356032
167 0.00812116343171538 -0.008071377704335962 -0.014052049420823026
168 0.015848275933536105 0.014854925989923391 -0.024627682852452773
169 0.0022056019413250263 0.008444502795322557 0.003223438456980393
170 0.007178985649565393 -0.014834429002978253 0.012823443170659657
171 -0.015367384863482478 0.015787087734650568 -0.004391241657276301
172 0.004183328951550063 0.010883434879468412 -0.00860806711245439
173 0.0013452850728230756 0.0016972796832466636 -0.01037032074645557
174 -0.02595900806189004 -0.007428665669775698 0.017994663880593138
175 0.007278510864780471 -0.017202929709265378 -0.019095841355864687
176 -0.0009315143481986587 0.009057186190825309 0.013259407637782408
177 -0.00033293924748721386 -0.011008439189712914 -0.01055020644618776
178 -0.010728229503808761 0.006216069003180089 0.003313610128672005
179 0.005460815426542677 -0.0022269448189409166 0.0025594557122888342
180 0.010861306260541048 -0.018744110600349286 0.002345585673335898
181 -0.015402101550891636 -0.00848808117314874 -0.005669964065879503
182 0.012095602621023953 0.0020701596685950285 -0.016125561796913462
183 0.0018259644599186366 0.0016293523109015273 0.0033240369473595717
184 -0.010012235719565762 0.007025402644497757 -0.0030158096921412934
185 -0.005752961206851686 -0.008299769897391293 -0.009923927337673437
186 -0.004257282290098072 0.0026032365648437222 -0.015951176810055943
187 0.0003810357396893671 0.00946358804734692 0.004970145475979189
188 0.0012347906364854333 -0.0024367714394560977 0.008739778639293129
189 -0.004151833713434576 0.012035594843300884 -0.006915151482132266
190 -0.008206819259616924 0.0028123379694822946 0.018318925124781657
191 -0.004345062092299908 -0.01887632495698343 -0.011459621558127277
192 -0.0014401812402914018 -0.007271111932222629 0.014279204514585933
193 -0.0006880821462665401 0.001818865432392177 0.007993201455748205
194 0.024293543507959994 0.011614182525978765 0.00512266410075644
195 0.0035684848174849203 0.0008782042836182891 0.021731642376039695
196 0.008113423218294075 -0.002402607443184726 0.010862017642409169
197 0.003277670745833511 -0.014266579429389172 -0.009913715490360757
198 -0.0026610295143686766 -0.020117692920341615 -0.014843606615297919
199 0.003646863395970583 -0.005397171378370834 0.010665965993737323
