200 3
0 -0.016426007633407846 0.006062411657025819 0.0187778812697304
1 -0.028309757243269257 0.007147233364948502 -0.015288965269332051
2 -0.0006843627245162387 0.006841030771263273 -0.02486716295031028
3 0.007001618275281653 -0.002649935913693155 -0.01365593178917926
4 -0.016428124702356522 0.010082629241367588 0.02328437952096124
5 0.0019161809140112681 0.008035328948131611 0.020743066740550938
6 -0.006846992546163444 -0.018834332428736777 0.01602129941326444
7 -0.000896121908620001 -0.004393404451097524 0.005907211260933763
8 0.02038660485118597 0.012970005623033076 -0.0023619057099782508
9 -0.008654848201078993 0.005660882006926472 -0.022586235372783516
10 -0.0029302138551118243 -0.0007488699073193023 0.01730610146224623
11 -0.02165974383207714 -0.010852287468851862 -0.005379450643105143
12 0.005802392971762483 0.01252160195691912 -0.024261066156145303
13 0.004222649395427595 -0.012171082953246301 0.02175528931353353
14 0.003870266501317842 0.009827789037187302 0.02069313892018778
15 -0.0006752973801605125 0.009039507089999248 0.002103830809533535
16 -0.0007650603619058713 0.0031721543604427485 0.02111943712992314
17 0.01113242807619439 -0.002762484658030539 -0.014523807701943305
18 -0.003957140128569243 -7.76167506339508e-05 0.0022841923559868693
19 -0.010453145337612064 -0.01345394340307507 0.017748046063299258
20 0.005510730154805674 0.00753182160948469 -0.0193410274086158
21 -0.00467868117616118 -0.00309364499396313 0.009538949543581934
22 0.004035742414810233 0.009015513835942887 0.007186621641653332
23 0.0014401613914866995 -0.0061027261289771685 0.023550455429423724
24 -0.0030317415682486713 -0.0010070529644265955 -0.02644300130049139
25 0.006272965984665238 -0.00020891058420110034 -0.031217748872116285
26 0.007951450671747993 -0.002397714941561019 0.020444555739363345
27 -0.0017994666611660017 -0.0021794730641560914 -0.008775120543498896
28 0.012879404060706822 -0.0024637145650512823 -0.01592388834618621
29 0.00030678891663726837 0.010484418233585452 0.014854199578060195
30 0.014599030803339338 0.0061852741484291485 -0.01976110657422784
31 0.010759512026909467 -0.012338932863152591 0.008880238338515568
32 -0.0036578947118049744 -0.009569416159738747 0.012755424221458103
33 -0.015472920574807592 -0.011329260699430896 0.0050211674152277515
34 0.003137235898454724 -0.0008211016241648473 -0.01318175011459545
35 0.00938097176681997 -0.0039517896492362314 -0.016097187724739122
36 -0.008594298707934878 0.018533630801649312 0.013417579388501008
37 0.0018205215793559854 0.003714770654810025 0.017855394377107883
38 -0.0036466841618423254 0.0029400772393340137 -0.019550566621193935
39 -0.009296060485079537 0.004392123367678143 -0.015307981846684873
40 0.005760931486108199 -0.004940224144651777 0.014493407171777835
41 0.011891390819136996 -0.008076747080428534 -0.01995388858868992
42 -0.002652548615979744 -0.008861738352255167 0.024381295333266967
43 -0.012834394638150996 0.005110848944063988 -0.007374757615453829
44 -0.011704027599238491 -0.018142644660044838 0.025828910199620636
45 0.018571158644698285 -0.00958524052446752 -0.018454547009075076
46 -0.0035137381522369823 -0.006321045202437354 0.025802568698424247
47 0.015538819080265928 0.006004630576168353 -0.01589205385358005
48 0.008869044098526853 -0.0013573735342599785 -0.013385675368340434
49 0.005821368314501578 -0.003006281157803589 0.019083103229169257
50 -0.004732907366786582 -0.0005867280080297486 -0.021547651430795636
51 0.005157225985374395 0.002052872118317353 -0.014769225553663657
52 -0.0036847758429250158 0.003500346865134188 -0.004804444207865771
53 0.01752637742719261 0.007215148962361039 -0.009106311028906786
54 0.002021407497410848 -0.002181994300927581 -0.010179941570239364
55 -0.009520580792074011 0.006663747794860461 -0.0006417402870219496
56 -0.014050498870172443 0.006555939603037485 0.011638861591849035
57 -0.0017044165927648791 -0.004107229609101724 0.012737503264481587
58 0.005716068997234272 -0.00935767368670434 0.009185984799375616
59 0.0006994356042960073 0.013809734410446153 0.015438969543955627
60 -0.014972092897997585 0.014656138818749595 0.017643327860595047
61 0.006015149968234412 -0.0015364719882301082 0.019480809059679957
62 0.00479966097625656 0.01035197225967302 -0.017000543163516485
63 0.002447654807205414 -0.00834957442008654 0.02848664337691687
64 -0.017711806096056562 0.014492534054589078 0.023916695166236054
65 0.002322791478404612 -0.018521120780072967 -0.028907827290190653
66 -0.01024979952167425 0.003743193021372118 0.004024980275207424
67 0.009633694349496392 -0.012017437942064349 -0.017327077480729793
68 -0.008616884658465732 -0.0035345753105594756 0.025241079773272126
69 -0.011613878047919593 -0.002760256970321659 -0.012095193799240414
70 -0.003058166191692413 0.019446137735938937 -0.006640928186678177
71 0.01655355517184158 -0.004749926816351127 0.025115260474948022
72 0.00017098636790342792 -0.0005498547431603135 0.02742346191091964
73 0.0023827200556461 0.005188009094677037 -0.009319439424251012
74 -0.0016754121152153627 -0.0021555076515799854 -0.016567008760634112
75 -0.005894177675112466 0.0033092715604116293 -0.019961936654868086
76 0.007489390955075358 0.01478873649314344 -0.014229116771835887
77 0.004759528123123531 -0.025615372283513793 0.016056462797998557
78 0.001253110481039637 0.007810507772030621 0.024138013957230454
79 -0.01576118269688641 -0.015295340035669003 0.015475892558605348
80 -0.002783329917020419 0.005601010271611806 -0.014015248632201771
81 -0.0023786886885266006 0.003953289883717903 -0.017266485431972504
82 -0.008600911086120867 -0.004916666364440875 0.016087731207914204
83 -0.003497435464990352 0.0134803140358098 0.017560771670299187
84 0.006384560824784995 0.00979978009984181 0.019267094771232313
85 -0.00445024887423577 0.004331298848413524 0.005146993934108134
86 0.009807629907565188 -0.0008599032118450957 -0.01643837764868424
87 -0.003066269387570042 0.006715958689812736 -0.01370081282411998
88 -0.0018664233636865799 -0.012576711586332757 -0.02832281183655809
89 0.009785582398129022 -0.009972351142142052 -0.010650730706358316
90 -0.003033301912619843 0.012815199272910027 0.029781927806426578
91 0.006826569103480423 0.005010137753342515 -0.00795782744805297
92 -0.0031796843154531015 -0.003902413148294698 -0.013824321540702695
93 0.0051086081027581776 0.0010721919297096288 -0.015581676370152692
94 0.002423044519890144 -0.008794186755772412 -0.019809348040457864
95 -0.0010645717732517546 0.005835811201369008 -0.014933336330140858
96 0.0023176322596751356 -0.007739893601753053 -0.013219105148477399
97 0.004428506541326406 -0.008243283802015097 -0.018236599535597593
98 -0.004319490252759586 0.012159521500211906 0.018183722446265337
99 -0.009144628399372488 -0.004202404041087862 0.0037911501081367843
100 0.0025450028295510504 0.008754939869908262 0.02017806867327676
101 0.0005400405586116694 0.00843352827633806 -0.009180319642350596
102 0.0055361710556900215 0.0021071867082723805 0.00835841058058006
103 0.0006080303076190785 -0.0035042595298357126 -0.009613726626717327
104 -0.005143045201083607 -0.00673494206717834 -0.004660642587556954
105 0.014412596303655656 -0.0005282734900422404 0.016020672124992634
106 -0.002525401819853791 0.010170448549264903 -0.02338783888783695
107 -0.0030535847824582595 -0.011954597395467038 -0.017878154036701357
108 0.0003045241196547241 0.010045195924297406 0.026652923868485542
109 -0.013154657086274293 0.007031638808651056 0.01632947874099385
110 -0.0009439303158984697 -0.005330557269054521 0.023856386618169197
111 0.007683394032397197 0.004946171774313241 0.01400074565985222
112 0.005265875511897571 0.015620764390325392 0.0160127283836923
113 0.009978576062599033 -0.005216840567877381 -0.013968167189012864
114 0.007949857687570817 0.003254473968450605 -0.021569885341676066
115 -0.008938590461732648 0.005730890468729155 -0.004893388770604107
116 0.004326258565845075 -0.011902340169093981 -0.020165348628806583
117 0.009474453341685387 -0.004063288895010064 0.023913818168391776
118 -0.0015249970859605826 0.002913866234146689 -0.020006101048042062
119 0.0028199990812698694 0.0028517271235873193 -0.014633310832210138
120 -0.00997439119180062 0.0120495908897102 -0.014173858223139643
121 -0.004750876821197542 -0.003968929424742808 -0.010752201724821601
122 -0.0017747281309725242 -0.0024617143159189996 0.015149289102690755
123 -0.010649226644101376 0.012511106843258027 0.01997280711004927
124 0.0007864051493852095 0.00497464956058404 0.005494598089405361
125 0.015210697093347054 0.0040546465871131605 -0.01374556748027797
126 -0.001223804845776463 -0.0010248794938717328 -0.012734024222306524
127 0.008224472118126807 -0.011175510268019294 -0.025252765773414204
128 -0.008078183822831885 -0.011482153809315193 0.016795289460630948
129 -0.0036676619869569866 -0.00935304407891821 -0.02804065681814845
130 0.00755376421676901 0.004660672954946363 -0.007837110824084101
131 -0.005848067820629431 -0.010698792232508268 0.007464714724570979
132 0.009074727244026543 -0.015367986171805993 0.018036212102697763
133 -0.003320455594893759 -0.008548928361891212 0.017813132957527206
134 -0.004682790431298879 0.0011674768313482409 0.008112220278417558
135 -0.0007166370538788528 -0.004638145069077705 0.0018232339228046283
136 0.01244051406042318 0.007831976317377372 -0.018969912862917326
137 0.013723974738793832 0.004897136558426758 -0.013110621700298905
138 -0.006297252556358666 0.0005258424195822703 0.01807532318203886
139 -0.010204869612536638 0.01234218587945755 -0.014702548218366425
140 0.0009445514550306018 0.0031763894884019074 -0.010894218526276464
141 0.0003032849538385741 0.008839615446374696 0.027203077983006127
142 0.009012438447220522 -0.002838042823202349 -0.017778744381718357
143 0.008079964617496648 -0.007675100225686918 0.015305198899248744
144 -0.008647750770166298 0.005866692741372357 0.023824748202493348
145 0.010939591692023902 -0.00019095524246830285 0.01891252257070676
146 0.0032552943638546813 0.01909251120603357 -0.012072226005732094
147 0.004799120524539038 -0.019747729582555426 -0.02156279757376225
148 -0.0011831181741826634 -0.019126348409571586 0.028109596778514573
149 -0.005637830005418957 -0.01608897645923469 0.029834153732774593
150 -0.010284782204825066 -0.0030363134230508085 -0.0012458683713374476
151 -0.0005156970056603358 -0.0036475576648489633 0.0195850856439118
152 -0.000518917945316041 -0.007766377206537098 0.023983138860792647
153 0.007146021902022084 -0.007464034440238909 -0.027085304305406073
154 0.006399470193635515 -0.0006366534906733223 -0.010366204626007514
155 -0.009055881303401354 0.0014096376652014252 0.0020336504852429722
156 -0.00011230701669347892 0.004134724332957709 -0.014368905953599312
157 0.016265825225400384 0.01673899300124563 -0.013659181729577563
158 -0.008430187653639398 0.01389228609268077 0.012892874787545576
159 0.003803304043039815 -0.009631260073430743 -0.022043172759587303
160 -0.0036487429837194427 -0.00671840922486136 0.018980712110076216
161 -0.001995722028330888 0.0071548547849729464 -0.015139667957683671
162 0.009560376471298055 -0.01387676825123664 -0.015405544745432216
163 0.009218880697871412 -0.009655017949032747 -0.0092503028958299
164 -0.005265397846658061 0.0032759057293123284 0.023822892514486056
165 -0.0007373830780241578 -0.0022464093894531308 -0.025325784148419822
166 -0.004986075455899831 0.002723090745532458 0.018078115000448904
167 -0.0002028002783015237 -0.0011711216169469282 0.01100877502167414
168 -0.0031787637566442067 0.015537818075463491 0.02452621885036687
169 0.023636812338088953 0.011055592995315472 -0.013490344884878935
170 -0.0022199373768419794 -0.013454365540664148 -0.006763669689250094
171 0.01075551143355135 0.012944473472044655 0.006629147849579846
172 0.010909461543227965 0.0018568175463918564 -0.023135676441610194
173 -0.0067168255686098875 0.011417176448040689 0.02179353986646635
174 -0.0024342789607365595 0.0018257166154706846 -0.01263310674780229
175 0.0004995465961549054 -0.009394456018917214 0.017926903070827144
176 -0.01339567454786112 -0.013978601001391977 -0.013326362764554015
177 -0.005992041341678904 -0.022515349358881512 0.025406496504643335
178 -0.01593777591936632 0.004400338937449094 -0.004931220045501745
179 -0.005368940205961896 -0.010823278098305444 0.023328552583556275
180 0.011993643670771562 -0.010562524616360772 0.014134780579065788
181 0.005820127855521873 0.020584182216761615 0.01281113305269739
182 -0.02699961185616606 -0.0070890504110037444 -0.004148520397697197
183 -0.0038344203621849676 -0.0019705018537611377 -0.011304104623982195
184 0.011642834546619664 -0.0052410567129014506 0.028673297032175304
185 0.003758793725646102 0.009319750137038514 -0.018690493191966473
186 0.009417489632475821 0.006254855839555592 -0.03282324236807346
187 0.004097714383027726 0.0036088175715546685 -0.022500329332561006
188 0.0027545564128922625 -0.0015170481952378615 -0.015260472811803233
189 0.0029306691940810536 -0.011947879803694245 0.02332704183921
190 0.004740371684130541 0.001725748508216593 0.012223257071096772
191 -0.010825706294952359 -0.006441513726477408 -0.014159720594247763
192 -0.023275751271045836 -0.004750266522720575 -0.003225481647707251
193 -0.0016420874851528003 0.0012851587705440997 -0.012117867421272346
194 -0.0002439852192113747 -0.0014905173523476756 0.014891376843190682
195 -0.0023456294006420075 -0.00616352763959023 0.018612786444747897
196 0.003297714063933796 -0.009689458987615168 -0.022882835139831855
197 0.0018851821770518862 0.00750395349205526 -0.013242669400389321
198 -0.0077929695020683 0.001157319224907678 -0.010012693232931342
199 0.006471163003090474 0.00683866518530557 -0.008836312843215014
0 -0.009155946547038496 0.0035242223029980854 0.007935524177846195
1 -0.016231720692703316 -0.0009855695167343987 -0.009095332084284757
2 0.006226200254974508 0.010469392691664428 0.002473094413978069
3 0.007705064115215855 0.00017000681693219583 -0.003205605609458602
4 -0.014814439943275706 0.0022551725036370485 -0.00804578232067182
5 0.004993363401572595 -0.007580624899460735 0.002436533177077274
6 -0.0027723320759293693 -0.023231786509014946 0.004975961809876736
7 0.008122869169236924 -0.003119604850745167 0.0008197688559513014
8 0.007582267687992306 0.005577160177203722 0.004008593285240902
9 -0.0015445467209678973 0.0021201439821060056 0.006494988017474189
10 0.002415971680131168 -0.0024836563380655416 0.013350402747718856
11 -0.017259351124124772 -0.0071060080334320735 0.0008723630191870071
12 0.0008212421365029754 0.007565331294544439 -0.004191917180363311
13 0.0034158050559751144 -0.012567621727642642 0.008822098162098238
14 0.0005172687481900303 0.0007452763654720307 0.0011228477848193308
15 0.01710533702147613 -0.00043785317503330576 0.004653580329501722
16 -0.007265546752366792 0.0043492453348093554 -0.004161684647805017
17 -0.0024262265240886025 -0.009161994336360068 0.004755248946109462
18 0.007313421421862452 -0.004900105633488439 -0.0010702372138218473
19 -0.0016308967974663306 0.0007298319058146596 3.2121879276661436e-05
20 0.00767631213748983 -0.0037158476612570573 0.0017000174485148171
21 0.010669161385889449 -0.00028254554564243264 0.005861122708371969
22 0.00499002858578242 0.0008205753240256575 0.0014205830581460466
23 0.008575250956874968 -0.005542493621230011 -0.005228722108126617
24 -0.005994782575144925 -0.005455771513172454 3.8645404359979874e-05
25 0.0009211365995832046 0.0026844399528821155 0.00018216362009254583
26 0.0008816913836429165 -0.017030398889369747 0.002100326226771511
27 0.0009667694836249172 -0.002626941538197085 -0.010367470098335434
28 0.005423361299042324 0.005764689175912517 0.0012105364709675825
29 0.003031598546011486 0.007146997775861683 0.0033445163191398106
30 0.01224937351232959 -0.00018126395263371592 -0.0023527029705389946
31 0.00876267415863391 -0.00020793136685987035 0.00027663034914150036
32 -0.00809743288000176 -0.0031367868339105542 0.001522558262579854
33 -0.02592258143591608 -0.010931669167733055 0.008120756855513006
34 -0.007059523299691122 0.000663522394781338 -0.011704486771720937
35 0.0011592265635451265 0.0004252123473759868 0.0018097181382365074
36 -0.023306520031136452 0.009217843193951497 0.002995321882804429
37 0.005908778103007974 -0.007500822165376203 0.0036848898159675125
38 -0.001434966403552717 -0.008623885718060267 0.004338969266163575
39 -0.005957414072135483 0.009722733833690753 0.00932804686489111
40 0.0039482829567944674 0.014643922709803893 -0.003494095206468678
41 0.004812965386329762 0.0038730029717337563 -0.004304798987383729
42 0.017887112684867132 -0.002549645237892216 0.007643499785521923
43 -0.003768387868569263 -0.0028986338196203953 -0.014833772152115135
44 -0.0003234459258580069 -0.015198625532509197 0.006169084464168667
45 0.007149822618396695 -0.01581702994097524 0.0059611901616982085
46 -0.011790640828671997 0.011522094550684732 0.010211597609508002
47 0.01518437941121209 0.00830395620618566 0.006266379828864632
48 0.002813116323144082 -0.006362443244832046 0.0034574033509409477
49 0.0035717424238746673 -0.004488142515092927 0.018139394826273067
50 -0.011604569789986259 -0.004764122887332592 -0.011391084726067133
51 0.007500323840932306 0.0035853075342318665 0.000962948958891513
52 -0.015118907543102723 -0.012741523935273197 -0.00475370151441952
53 0.006185738404547669 -0.0014628911383748515 0.013034045214132463
54 -0.007817198130664539 0.0057192454892451144 -0.0003169909226266032
55 -0.009071053337352905 0.0008258356226963567 -0.012307616845952461
56 -0.012551898132620906 0.003954480327104208 0.006107482823895741
57 0.01455018963555308 -0.00488857900592787 -0.0017024893280714118
58 0.00962301649424404 0.0033114209128012233 -0.007362713747283613
59 -0.0041771965081209995 0.01411584181463836 0.007060152047266663
60 -0.015161195610834621 0.003662160562187697 0.00795863741826576
61 0.0007584035417192592 0.0015337540625960655 0.0046685227107621935
62 -0.004999595666140529 0.004569112568187178 -0.004309961181673733
63 0.004718049850296689 -0.003714720501959423 -0.001263367386411987
64 -0.0015848343973925844 0.006876822659628974 0.004878591611710045
65 0.012708431638495027 -0.004873285419974227 -0.006517886654662158
66 -0.00451568139119532 -0.014319197340179585 -0.0035089899876029618
67 0.006992660168557967 -0.004529351579313147 -0.0039431005711542955
68 -0.011237146787783064 -0.008007496153199649 0.004395735201856765
69 -0.008354330594245531 -0.002253201620594121 -0.015090389398473736
70 0.0011166639020748458 0.017582025984377386 0.002967385593815198
71 0.01580697983789564 -0.009114919805859573 -0.005086384510614564
72 -0.00476717469832133 0.0029544654701887316 0.0011471158291590372
73 0.0002999020244662254 -0.003174880807592439 -0.008489734155576963
74 0.003193379333150389 -2.19942524726513e-05 -0.00478826998696627
75 -0.001429590630761389 0.0003312469598500678 0.006844778380632327
76 -0.0012149796756753678 0.013495628863157402 -0.0002553367860449046
77 0.0030434602120259432 -0.01580066541279146 0.010962949511636524
78 0.005529585570069877 0.00307328900910972 -0.019237441432894322
79 -0.008121951865403307 0.0044913880899147 0.008147866491457524
80 -0.013872093343257258 -0.009228076740543618 -0.007387219917709263
81 0.009610729434175576 0.013999974509651188 -0.005178572146197491
82 -0.004016396306363995 0.004505107055835532 -0.0028074264822316175
83 0.010673338704520372 0.01163181818489601 0.0019023544142455356
84 0.004921701624437884 0.007077559565711756 0.0010646512098787808
85 0.005189637423238661 0.014707687130875564 -0.0012355050262782274
86 0.010462089404091587 5.847285502236926e-05 0.004647444481182733
87 -0.014057191301627442 0.0010321769016333193 0.0014284957499590412
88 0.0035772233626451128 0.0010270969987206668 9.731036389691583e-05
89 0.0025766922923002346 0.0020551467530621863 0.005179757926500571
90 0.009879124573021442 0.012417437982267465 0.0016677410165484158
91 -0.00993443060288491 -0.0010485016654789344 -0.004916491006492982
92 0.004174675121549055 0.0006999611958258285 0.005771030000556315
93 0.0005352441245457147 0.017085859369251596 0.011202661954132397
94 -0.012386499557320026 -0.008276672031863982 0.011041569524336596
95 0.0072213669441672365 0.003954214446883035 -0.0025080506617545725
96 -0.006159479098622193 -0.004790721072949606 0.005788383627578379
97 0.016056236018390097 -0.010020498743919658 -0.0024665332012765717
98 -0.007840312833131989 0.011923457767675338 0.00989045831429504
99 0.00560892782923289 -0.012009284012369895 -0.01360511825380488
100 0.01194805975259523 0.004889416877738483 0.01387442691662634
101 0.009531629040971365 0.004814916386792087 -0.010206028644723614
102 0.0023726759883153023 0.000973477093539751 0.005401439316494186
103 -0.0038321587635882955 -0.00836630642664777 -0.002198104423978574
104 -0.01748480841998877 -0.011487489584915946 -0.005222151576230946
105 0.019124948591083157 0.006760059136928355 0.011945126395402711
106 0.00029779709905566193 -0.0003866492610443556 -0.009717999403949837
107 0.0017156778947531003 -0.005762229691468369 -0.00458836557494835
108 -0.0004055028958329628 -0.00043279506965471573 -0.0008516724663348157
109 -0.012084287392138515 0.0076222667719393344 0.0036103535095999284
110 0.012502199374543617 -0.012768240314428997 0.009064927021835562
111 -0.002295207751268247 -0.00012090461501038097 0.0025825314875632596
112 -0.0012291781512829792 0.014274138781141255 -0.0038691674070953134
113 -0.00869272169531582 -0.003826136358918611 0.003648754406745995
114 0.006247560604466344 -0.004762137619521718 -0.012133389706405873
115 -0.011202146988139594 0.007806533286377454 -0.007526049244214288
116 -0.004341677042507885 0.006044802449133262 0.0010411863343358224
117 0.0006450204553981632 0.0029671647390632563 -0.0027860899893037278
118 0.007788275198376927 0.005453601947134852 0.004636782220781392
119 0.011813069085230114 0.007980822372821439 0.0007333226213071184
120 -0.006059147060363208 -0.0013818805410193737 -0.004553599420596757
121 -0.007383807853132161 0.0013167104783557322 -0.00674113388794402
122 0.004003978925496907 -0.0016220768465460937 0.0028752060679090724
123 -0.002829502070600322 0.004320102322135144 -0.000740458143994635
124 0.00017715976536070155 0.009557978127620015 0.005197716792692302
125 0.0008319546945529527 0.0046240053093137765 0.008338181200508263
126 -0.0002833746414836018 0.004399542027017516 0.006299565366833244
127 0.0024725598171634645 0.0007698989137188139 -0.0020592568298219843
128 -0.009116142564737532 -0.0019520018814173853 -0.004356960574598771
129 0.006363860079594876 -0.00935317483026707 0.0005766224646360507
130 0.009092547025445603 0.01340251764075144 -0.004669555637331214
131 0.0031465205699791714 -0.013295180513929923 -0.008367094595600758
132 0.004793331496256013 -0.0042348735703975765 0.001532383315315175
133 -0.008881542964827162 0.0003489068787252648 0.01046787511225239
134 -0.00467582332062116 -0.0007886156199544483 0.0020068144257591007
135 -0.0034263010793626615 -0.004111947088806141 6.753727460340544e-05
136 0.0076276259224448 0.004367512840274097 0.0008822598662777542
137 0.014141061423970938 0.0039745156675078 -0.007825334580963766
138 0.006260804549914713 0.013183885907789739 0.002421339494055541
139 -0.014804741529789334 -0.00647330953216773 -0.015831919301695023
140 -0.004531792606671714 -0.005642527924024785 -0.01021339355935013
141 -0.0003882163304332366 0.009125357590154357 0.0014018094323690888
142 -0.0007281074403431079 0.007200630555221224 0.0006173903325363481
143 -0.004851171389362619 -0.012439115598632422 0.0026339588838040495
144 0.0011439873889244057 -0.0029553811381828965 0.002870838525179928
145 -0.003716259473124317 -0.0010955364529329483 0.005141484929224921
146 0.01042965644372263 0.008430588484288404 -0.004750093600583337
147 0.0010074091362674703 -0.023251641173729756 0.007908846819782267
148 -0.001710886520030192 -0.014902070865028219 -0.010213260865992356
149 0.006596607913451294 0.0005579844542499823 -0.00284593373460338
150 -0.012363524645486623 0.011140963917690205 0.006201047516972875
151 -0.005279518240745053 0.008637213760815481 0.0015138550810731774
152 0.007026386807851072 -0.0026099128292235985 -0.002010985498340445
153 0.009123888467167815 -0.005115789367753294 -0.001252272625755002
154 0.00023494510493092535 -0.010317234370106038 -0.012530284910003159
155 -0.0037793645058820727 0.0024903174164703553 0.004752748104627853
156 0.015718171424707196 0.010670141887906624 -0.005478958352473633
157 0.006925788571176303 0.00034781821813235914 0.007631882370862861
158 -0.009345667847874432 0.011971133882716825 0.006496123754015433
159 0.017191351815925904 -0.0014797233727592007 -0.004382562791504015
160 -0.005113374119173085 -0.010528397921343448 -0.00048213323716862766
161 -0.0006295804999694645 0.007323522486979782 -0.004588807379284486
162 -0.005558580696798408 -0.011404105365489262 -0.002229830807981427
163 0.00661034421952543 -0.0004997119421992248 0.00569032550413914
164 0.001708580832986504 0.002560733840018002 0.000596687930077236
165 -0.005044940343585935 0.007308007424188164 0.008629080729301228
166 0.016454198725369802 -0.00537863741050334 -0.005485993417689808
167 -0.001245493760807733 -0.001565919404419417 0.0039050931459422636
168 0.0023857812113031868 -0.00654401649320184 0.01433692494613252
169 0.008466774518268314 0.005322796237083205 0.002267044385515435
170 -0.003154844046337958 -0.009099589766134605 0.0011290593890729353
171 0.003999167630077155 0.00727392035098063 0.002198860345066979
172 0.008034365517783242 -0.0008267906227403254 0.002830724980131684
173 0.0011257416727546519 0.01662319603871386 -0.0008891941482125493
174 0.004064204573280835 0.0009939515878399762 0.0032785283907391313
175 -0.002465979038212526 0.0017807297468329791 0.004473184484134356
176 -0.0013842843893201173 -0.0010050938469836207 0.0009880178950494867
177 0.000916174476363673 0.006104932066251026 0.004597106926534117
178 -0.019230050993081366 0.00800284133246619 -0.005072250760520203
179 -0.006057515644509633 0.010468405140245607 0.005246534155131419
180 0.010458872718129668 -0.02525127744377028 -0.0024573104284656908
181 0.008256974928116213 0.0051741298531753355 0.012347080660642482
182 -0.021586665094996765 -0.02224603584293737 -0.010920485544004627
183 -0.008212300380208329 -0.003739933306834097 -0.008863775210605114
184 0.01784902808202564 0.0021045267784746725 0.0008527956397857278
185 0.006882577137531105 0.012458919504778641 -0.005734473868256963
186 -0.0011552108611993057 -0.0018248389755807955 -0.0004005889457712464
187 -0.007982899713979322 -0.0053295453720501665 -0.002957045575654585
188 -0.00026375781982740116 0.005643691593346888 -0.005607736736162147
189 0.014494505818556144 -0.014486516880567582 0.009335719868570097
190 0.0065951611561774134 0.006126387601541779 -0.0018708130144636306
191 -0.011324343772564444 -0.0037365019050298867 -0.011102101916616591
192 -0.032697791581374064 0.0022136758463165707 -0.004720070322813956
193 -0.004822553615537149 -0.006536394909465942 0.0056173109002354595
194 0.004806464191211515 0.0029841687723202136 -0.0007179866655114275
195 -0.0034025734712076275 -0.0024414317617660504 0.008474335866846455
196 0.008751371578667726 -0.00337441753785548 0.005925933705852468
197 0.01939082567952074 -0.0034210599589489174 -0.004738348722271305
198 -0.003778235310302365 -0.0016996419162831188 0.005995238636580427
199 0.009771507609940513 0.014237934411405584 0.0017455228019507343
0 -0.004172307041515583 0.012470198183782803 0.02634534101168036
1 -0.019866395894936162 -0.0006179121894411277 -0.0008161402478843172
2 -0.004304978667525961 0.010183118074673585 -0.014388576124214632
3 0.0004926697421610005 0.01399254390022334 -0.0220512387786101
4 -0.002703837835664094 0.00048529534635895905 0.0039063280731747516
5 -0.006825159997448379 -0.0036667145524596923 0.02639930171454663
6 -0.007453867518455101 -0.015495141704548104 0.03201745063837549
7 -0.004365215175214724 -0.02040329082613905 -0.022783526385194795
8 0.0026339683749747045 0.011727326489855819 -0.017153875554515325
9 -0.011155134046515094 0.010366558621012725 -0.008782836054872577
10 0.003388713078969427 -0.007666262232915642 0.013703889120309648
11 -0.002734951710075026 -0.0116688332946292 -0.00996622680184637
12 -0.014680380857432142 0.0024582702860946187 -0.02788675379538144
13 0.010953323109062676 -0.01819962677896521 0.01489176082775763
14 -0.00032458141237291967 -0.003492649582019298 0.01759725834945841
15 0.005456327573934189 -0.00010266428203340242 0.005708838706471181
16 -0.005219406511634609 0.0060536258506684835 0.029314859590604078
17 0.0032899157656858073 0.0036092447432483216 -0.01063303944698488
18 0.004774002570644479 0.006186683264397478 -0.013384943679778934
19 0.006035351939180459 -0.012713034461523949 0.017146609875268018
20 0.005332466882500164 -0.002346584780143041 0.0019618359368880137
21 0.00812114193190569 0.013232800600946679 0.009362438427559724
22 -0.0022419312476623064 0.0018806800069108946 0.00903159734742619
23 0.008918965399716858 0.0004107173260029899 0.01790852407534741
24 0.0026374579132615317 -0.0068493536030917734 -0.021998899815882864
25 -0.005059013703281917 -0.007050226539401855 -0.021401890174159305
26 6.950920497784951e-05 -0.012624753092352128 0.01328361991074898
27 0.004991248737465397 -0.010646721453822762 -0.02207563071277894
28 -0.007109783586856693 0.012474413669112838 -0.013769659061960843
29 0.0083937425417887 0.015789963058062836 0.020259120154769904
30 0.002789502812343969 0.007917428647963368 -0.020746678129054417
31 0.007247734433112107 -0.0027032722420937474 0.01257699320996344
32 0.008028393655042678 -0.0035164895543578906 0.02282261673710883
33 -0.016121817700601282 -0.01149537956100799 -0.013479067046532426
34 0.0005845273883710884 0.0014813147262474039 -0.013772233264925257
35 0.0007078872089378505 0.009824493898265237 -0.01568075292316476
36 -0.01696245644657686 0.005757840574140458 0.006687532747436782
37 0.01609371071649665 -0.016200945762958933 0.019554033221562565
38 0.003784482155064491 -0.0008530782476418274 -0.02147659310519341
39 0.007933596221588377 0.003888913472379997 0.0012110989392136139
40 0.0032697013477929193 0.007753730260137114 0.02210945418473345
41 0.008870744594071875 -0.0092425352365265 -0.011648878568243856
42 0.018192250780638186 -0.0022314024366178117 0.02985533184260547
43 -0.006151514595047279 0.004127297904040107 -0.007311227144260697
44 -0.0023725236150105578 -0.014876480039051884 0.010356111197275614
45 0.000866290249697102 -0.023775349719474287 -0.027000762037159245
46 -0.003072601194818843 -0.0012371704681634812 0.030870630922823175
47 0.010415201627067272 0.010712893718619498 -0.012916659904285206
48 -0.0018738886187290998 -0.002705021776917848 -0.01973968619599955
49 0.008036620236923427 -0.008610183047471034 0.020171931207461274
50 0.000715637558266799 -0.002256330808849955 -0.01062768803151383
51 0.011031646788990324 0.007108656579218664 -0.013874411282420857
52 -0.0002502582052593544 -0.021014787556264507 -0.01753462804814425
53 0.00020302760727707037 -0.006560633167264033 -0.007661838468972016
54 -0.0011404168215509783 0.01241738074441296 -0.004161379242480331
55 0.005780436672396659 -0.004559576259511474 -0.019287424382471156
56 -0.0038332409818389868 0.008423865384879735 0.01713153325976123
57 0.01453295976854714 0.0014077745221796022 0.01705270464070651
58 0.008470125766789988 0.0033085575479991245 0.014152608032840392
59 -0.003017823369509811 0.009635051211753662 0.011365299750577915
60 -0.011565954331103065 0.010584578410485115 0.014626830170306956
61 -0.0021038742093536615 0.0034855642821842335 0.01997144434910253
62 0.004370832753136326 0.001906396130257601 -0.008522099011568848
63 0.008066475684940885 -0.006230838686573842 0.013869279006592787
64 -0.014895220099318568 -9.904362707520431e-05 0.013021793209744725
65 0.008484805027215596 -0.007166381166391719 -0.009074652039674447
66 -0.015312112625389881 -0.001384084839214969 0.028357130212367073
67 -0.005853918796423031 -0.00033784898189283957 -0.010312459507997182
68 -0.01208746133727126 0.0033083903205484468 0.025540369448983788
69 0.008083028998534518 -0.002556051212512407 -0.0239988608951595
70 -0.007414301926124182 0.01601084816856667 -0.014011244837287622
71 0.0032018249796399584 -0.020491278752191797 0.003941908185633655
72 -0.002211705022556895 0.011104185821452891 0.015019368681287566
73 -0.009293013560495457 -0.014744553669114237 -0.003973650373789106
74 0.005494160595854775 -0.010856186219010015 -0.014543286633365543
75 -0.016137424702253704 0.014845813754705652 -0.014819471765664945
76 0.003909417975646114 0.00795904354035129 -0.027900964926238364
77 0.010444482039079418 -0.0161546454181343 0.017496452125716377
78 0.0012215871265301714 0.008223080700624483 0.01631258925470783
79 -0.017603412038021973 -0.00321854846620271 0.010078535384796826
80 -0.0032505439154624435 -0.0024831744881342703 -0.018196470102511762
81 0.01564802511988283 0.002746741359744821 -0.014292149721384914
82 0.002860361457897226 -0.006014011942360658 0.01017044114187942
83 8.767782471710492e-05 -0.006606669298332833 0.024974292616342236
84 0.0039732708614914 -0.0067309950366098055 0.010962180081266419
85 -0.0020673924100552236 -0.0026643869375450185 0.018735122917292478
86 0.008733017687850023 0.005362422017096964 -0.010057581044268318
87 -0.014525126565454932 0.009316607415170569 -0.010176033107679831
88 -0.007967756381805436 -0.008566552061357452 -0.018941520540625686
89 -0.004002446424140278 0.005406602109841707 -0.024605167174024174
90 0.004847432024844351 0.007242445015846324 0.020240420499335665
91 -0.014387637945009128 -0.009467563403201075 -0.012817144897394099
92 -0.005073120629546534 0.008624560370757327 -0.012474786499165978
93 0.0048605872491663885 0.013700500795409395 -0.007922332070006899
94 -0.015353760892166148 -0.005958981588666992 -0.024493749379921465
95 -0.0009687768817517907 0.009854964578627758 -0.01584756130443004
96 -0.007002515740173149 0.01213210777097399 -0.019224326758787064
97 0.0017748970590478613 -0.0020306676036762616 -0.027400482408040737
98 -0.004248977797948597 0.030381876564209084 0.013982539363860506
99 -0.003310059227614015 0.003554162988706047 0.010040571217384928
100 0.002061798196489849 -0.01403956450532769 0.015081275508920605
101 0.0025682643132349386 0.003920902922851001 -0.029928969386687237
102 0.008417487696724575 0.0003724816902530492 0.009330213198791987
103 0.009243324909835426 -0.015923799008581367 -0.011026746313341874
104 -0.018376071153055937 -0.009350371966271073 -0.020238950705086075
105 0.00707011456431976 -0.002062255559079013 0.01537597667535539
106 -0.0025086349672150017 0.007002781833448012 -0.024709757163769802
107 0.009739360580686585 0.0010474458736431796 -0.017714785174150878
108 0.0020522418953253406 -0.0018587116418895266 0.023780496505654697
109 -0.020818557932097942 0.00022329471603854678 0.01241748967999165
110 0.010033255918098241 0.00022158118433528162 0.017277088934389853
111 -0.008376262148857987 0.007840476130218026 0.005488985265247472
112 -0.0021730172374710022 0.011414613153143044 -0.011839678584803962
113 0.010258588307533567 0.0027545846316516485 -0.020285608353105822
114 0.005870268534854756 -0.012558189148865442 -0.013806063460116008
115 -0.017865900178972285 0.0003782204161817404 -0.019386443592756875
116 -0.007087886048100187 0.0011197022304777256 -0.016256716420971123
117 -0.0025898165712438283 -0.006389823185950183 0.016726627007275688
118 0.0018421861384554442 0.005465250902942753 -0.0022764435886877925
119 -0.004656039094098792 0.01936834205151127 -0.005700663211469916
120 0.0046256422851614284 -0.0035915704742157835 -0.02293053152434501
121 -0.0034696149426261744 0.0064173347833341035 -0.02329682233352954
122 -0.008244692456458392 -0.006088196220202215 0.014269373191121974
123 0.006462710846210258 0.012589007498160484 0.011609285262030332
124 0.005875562335759159 -0.008200193839912578 0.0066321741301187745
125 -0.004298636650054383 -0.007171821314959294 -0.01605681037362262
126 -0.0012356991078627047 0.0011400550462059168 -0.022023488175433783
127 0.0007480993138827864 -0.013835732986047879 -0.017504955965869942
128 0.002525994596499277 -0.003922984752745308 0.016466945446646786
129 -0.0008452952684419861 -0.020054365046857925 -0.025237600848046375
130 0.007916656065318411 0.011579431450110006 -0.003914469502846227
131 -0.005859142933186144 -0.004645443337505925 0.012783707436254527
132 -0.0012968008886518056 -0.007539035561608648 0.02127580249673426
133 -0.003160470856636302 0.008329116003447282 0.028180634723836112
134 0.005248469473171698 0.009521194585490996 -0.01764048829582593
135 0.001852825955322327 -0.005163067012751245 0.012583380963959976
136 0.013146063882520972 0.007639859484948296 -0.004993064402868924
137 0.012517199004018528 -0.0014878665939564162 -0.018786668989034805
138 -0.0040231048051866175 0.019722604782097614 0.029079807038968605
139 0.0031408901700506614 0.007036929565996997 -0.009939957570379368
140 0.0008620464940412471 0.008743172679391559 -0.020684991455566203
141 0.0027134941622029033 0.017775187770949594 0.018290064519561028
142 0.0010922071442011003 0.0012046211275791446 -0.020810086517589192
143 -0.007335267963381544 -0.007931839406815619 0.022564056504881913
144 -0.005655405481739838 -0.0006765316892902908 0.019842622629457178
145 0.005817413164875957 0.0026964718689819487 0.024704700008226665
146 0.007184847539151863 0.013708672222838114 -0.013451634009082558
147 0.001691813797034123 -0.0021195046996493327 -0.012588254545724275
148 0.0008095351123327769 -0.01743003435645589 0.02061273482895097
149 -0.0009349686408246544 -0.0032089475174072526 0.008641285413738813
150 -0.006629140141434453 0.013790517767148541 -0.01694736308633452
151 -0.009203369022581696 0.004819962559965002 0.016433716922819593
152 -0.007545034000539601 -0.019466270423765628 0.011374489239713237
153 0.014005472526730803 0.007042585492157388 -0.014122708113995033
154 0.006866016924862734 -0.010389539394677579 -0.020888622632455778
155 -0.005344199329227417 -0.007198040067393424 0.008367658779225413
156 0.0006937884370560379 0.00659297523203687 -0.011419080067378719
157 0.0031208685769020805 -0.005088575613579845 -0.00812463750657132
158 -0.00718121393658222 0.0193121216277332 0.016767152432546555
159 0.0035232694813933166 -0.01361314237198754 -0.012115785802255218
160 0.00011637885137108159 -0.00681801432079307 0.02051344833401074
161 -0.0024482880328547778 -0.00258597363872113 -0.008393170173098166
162 -0.012756592882781699 -0.0162639871777195 -0.021930273055365032
163 0.011080867234216932 -4.176611903193572e-05 -0.009856617389655325
164 0.006826317888486077 0.009788184627392327 0.0111764769716277
165 -0.012975243858700754 0.0019057676037666227 -0.027244970515769025
166 0.0010632705217904909 -0.0016252769307742564 0.014549706070627205
167 -0.009446941869163637 -0.006335166782645115 0.019187229516344856
168 0.015696817082458587 0.011837935746117467 0.005545705709245591
169 0.009374866475588176 0.00028501069332348417 -0.005736838625911761
170 -0.008127534086892124 -0.01327136907758543 -0.02539097463355189
171 0.007970950153212746 -0.005551326135984774 0.01610821772122947
172 -0.00410893164154795 -0.003943957710892582 -0.009349083118631092
173 0.0031304122015693783 0.008493150505902464 0.026595115307366482
174 0.002172738626853533 0.0009107367977269597 -0.014358287325177868
175 0.0036767357069188954 -0.0038476070109957315 0.012042021315566497
176 -0.011035631702752173 -0.006877230994787792 -0.013218519348346908
177 -0.003160404421126233 -0.009233193456708644 0.02134317845166156
178 -0.003673873898097854 0.005191687345119232 -0.008335653668712875
179 -0.008962724597112635 -0.008286015538977329 0.024879182187735757
180 0.000737500039291239 0.0056225073314179475 0.02202911219659045
181 -0.004802962124007219 0.009467473773818 0.02197622179119061
182 0.0009883647605189172 -0.004774930556787099 -0.028568703915495076
183 -0.012236199645999382 -0.00454548452582049 -0.020744242825060218
184 -0.001957784418308281 0.010228579888351476 0.00975142892875245
185 0.008883101560060738 0.004406036425953427 -0.012027684258186837
186 -0.005903592091003507 0.0045730288761747055 -0.019456107466838457
187 -0.0029102353582097906 -0.00827435211039194 -0.01963324915055436
188 -0.0011835890714387964 -0.0031275016771467037 -0.026291324557686353
189 0.009771716764614927 -0.007067833410919835 0.027020363083516616
190 0.001386458767274952 0.01552822187514006 0.013924098634516574
191 -0.017452849012812355 0.007608060570524752 -0.024433184320936017
192 -0.01709341479731949 -0.006955059181507347 -0.014514869300250366
193 -0.006185806572318587 0.005725695359096002 -0.002110575446902567
194 -0.002867612634413384 0.008130287589931732 0.02542484499129572
195 -0.007458068947029689 -0.003668200128301477 0.0161255495528363
196 0.003080950129202835 -0.002683773239288624 -0.009379038966028007
197 0.0059572873041853075 0.0022963808903033386 -0.0014251174481250094
198 -0.011652908893833698 0.005509504179687483 -0.010658114210161513
199 0.0004866662430161872 0.011495113162634879 -0.014621889990613417
