200 3
0 0.04173379701450727 -0.028072164054274783 0.004019717687749653
1 0.03613223949717777 0.01171176778241964 0.001328810765243454
2 0.0373203427124257 0.03026742767091848 0.02698856025224827
3 0.04067542893017941 -0.005641049448621854 0.04298274081390992
4 0.038846713873076866 -0.04241764590471536 0.004574597987840462
5 0.041733949160858756 -0.02577370811426169 0.009074305071705691
6 0.04377371108343545 -0.016497703054976477 0.021160477291484153
7 0.03770738095317792 0.021742197702690005 0.004389028842359922
8 0.039588028569733265 0.02107502543627275 -0.011464584640822282
9 0.04067543672856586 0.026071648744293387 0.010665547089821361
10 0.04138289404634017 -0.019277089159351994 -0.025076995006823543
11 0.0340603146667748 0.008959833600239685 -0.032124155981979235
12 0.039588633757611034 0.003089788587560133 -0.007623732105814229
13 0.04173349119269007 -0.021317489825649957 0.000495363868796788
14 0.03613192303035881 -0.009673793682962152 -0.00902688725508503
15 0.03770746815936857 -0.008922613167874988 0.012517209640778855
16 0.04443303147526952 -0.007611955814239504 -0.007558052568866242
17 0.04208007402495544 0.009522674626110934 -0.012849072436889484
18 0.038090807849533254 0.025513155433071658 -0.02767203437675652
19 0.033631702838564856 -0.03294084802772533 0.0055246971292456
20 0.04067478295792951 0.016596291201228554 0.0005427065444447234
21 0.03847099576188807 -0.01948170313348339 0.03392877688805206
22 0.04067477853167036 -0.015084733118377856 -0.005502973342003927
23 0.03809111000570718 -0.03918857868508081 0.0004839095933650877
24 0.037707686650881825 0.03078671235261377 -0.020134662332602995
25 0.0384708385183382 0.011811955049661066 -0.004312485766540956
26 0.04067524606776721 -0.01849688125223071 -0.001397596273610217
27 0.03884683476250041 0.008475240127261797 0.008278380377370097
28 0.03847121557247245 0.03737600960686471 0.01242404878713344
29 0.03995377809129472 -0.006163238297810694 -0.005304726420215617
30 0.038847023927110154 0.026978188858168155 0.0265539372822943
31 0.03770749683823697 -0.028238083586419393 0.008750215592364835
32 0.04031663650338419 -0.03877859186789405 0.031789240219671104
33 0.02744176216125032 0.012195089085370826 0.01830170333777164
34 0.035726880620900715 0.012314037586497495 -0.023763711928204673
35 0.03809143739937761 0.021059863893642186 0.011745369158711995
36 0.03531794961321595 -0.01932774687349877 0.009823546623516668
37 0.04138404840661735 -0.023980628787434004 0.0024116515127890702
38 0.041031305545775484 0.022055455811488767 0.020224395967420948
39 0.040675325033348565 0.022765673192096283 0.015975024186987263
40 0.03770744108779835 -0.03269600117762645 0.004670447085575952
41 0.03921978361913823 0.013973358370689136 0.02126298157825422
42 0.034904502650600015 -0.02317499286622933 0.01036724026658985
43 0.03531741958190093 -0.010435537908065217 -0.0373333099458968
44 0.04138390597082784 -0.03224361357892931 0.0016006248102822733
45 0.033631702503588594 0.026632354706477273 0.0223461818795853
46 0.038847004083442896 -0.02793692758658526 -0.012346555001497662
47 0.04103113220526461 0.013195823458814605 0.0246019859275094
48 0.038090770576878444 0.02238520129729129 0.01330734630652482
49 0.04276619657112558 -0.034920871898376275 0.014102203229345188
50 0.03613204542270464 0.02405348052441291 0.012426531821414236
51 0.04276592337644697 0.03034568957979002 -0.002009965989662857
52 0.03572735074404767 0.00829264528083074 -0.0008905410410029371
53 0.037706815519741935 0.018585018811148865 -0.027343323614389528
54 0.03732027004346338 0.016721142122126 0.01594795766642018
55 0.036131886139860375 0.018489611575422095 -0.000248949945795943
56 0.039588050446566804 -0.025563876704250234 -0.013425363784506624
57 0.04067498540714903 -0.02639095602841221 -0.002067148144937774
58 0.04173309988485139 -0.023343761726200084 -0.01977143248149029
59 0.03884645503238935 -0.019831664094262045 -0.007317854995615021
60 0.043104674171021845 -0.013350435728279013 0.007320598073941471
61 0.0373190941726318 -0.03224652676437667 0.00700631924793464
62 0.045723398225944435 0.03175708109804582 0.013494504615273614
63 0.03958864959294687 -0.03485841915353607 -0.010402694466010734
64 0.04031607902749137 -0.02111204924579307 -0.010081611698144225
65 0.04377357914174508 0.01548631677839312 -0.017322123551124106
66 0.0361319707254117 -0.017682010932555052 -0.025291119829562943
67 0.04276626153869516 0.01777213143499041 0.02148869786399807
68 0.04310444122586092 -0.02602851847143361 -0.010464461386499655
69 0.03613143923974302 0.009670658766614427 -0.03488563642786981
70 0.041030779838073406 0.015984196856773825 -0.01064867783378799
71 0.043104153701439496 -0.02676825300170508 -0.023595019854776078
72 0.038470707686575636 -0.02370675500406638 -0.005035479097486873
73 0.039588490047500646 0.04011866894587143 -0.008460671022270569
74 0.04173354341696444 0.03967790852990324 0.00265142526920892
75 0.04242455674081469 0.012447363040156062 0.010955899603098784
76 0.041030934229612646 0.02118484966456009 -0.009003955530109468
77 0.040315354523088424 -0.03003496226685106 -0.024909680689529305
78 0.04031555654879234 -0.027539934306649853 -0.02816307257146255
79 0.035318500012582195 -0.019974120991173048 0.021968524417077424
80 0.03958834240139641 0.023471841726882537 0.01225665382776967
81 0.03884669813204157 0.02802273941243879 -0.020503929278525405
82 0.03884684133244552 -0.033577875954635926 -0.012896438848579982
83 0.03846991793415976 -0.03221621581374774 -0.03892230060721165
84 0.0399540850449079 -0.02041467753045231 0.007023485224218839
85 0.038091143323857574 -0.005709640755060603 -0.015173998258497808
86 0.038846637393177445 0.023227255681322466 -0.016546683725281227
87 0.04067514988577444 0.014494515660952209 0.015275608494030842
88 0.041384164472409904 0.025624175434688624 0.02145638115812961
89 0.039953600606618976 0.030944942987075615 -0.01645586622465347
90 0.036532110726796116 -0.01618654577537723 -0.019566025596465364
91 0.0399537760092899 0.024618154282190306 0.002286251599748672
92 0.03770771809654859 0.0035221060508595194 0.01517321873756739
93 0.04242464900830891 0.013484804191381265 -0.01776942050906554
94 0.04138392921121568 0.028221832477667973 0.01585988500775312
95 0.04031560016725586 0.04161114681724411 -0.021842809230542697
96 0.03847080775282075 0.03736546994623262 0.0016753087524175056
97 0.04031617283082513 0.017300473838262005 0.018834428507445086
98 0.039953727720418705 0.007379836394862645 0.00032134356873386163
99 0.03884719448992091 -0.014067867841177275 0.002577821767096046
100 0.0413834709219272 -0.01832001891420607 -0.005677182117220545
101 0.038846706428005084 0.006444372146188209 0.013860181198882866
102 0.03731993461945132 -0.03767522941175949 0.02028728470723401
103 0.038846983661708356 0.013177847854189904 0.018035819031291155
104 0.03406068673307167 -0.003980042145495834 -0.024500646025094275
105 0.037707379084997515 -0.024732723800074647 0.010030660698101539
106 0.04031601002207362 0.03139977515295825 0.0008769772353648778
107 0.03770763904527432 0.017014412897230116 0.010191905003454842
108 0.03958855365578863 -0.034532597295656255 0.012777206511789067
109 0.042765991361446924 -0.0258250841250738 0.018582121691224283
110 0.03921947236057786 -0.017540385526800747 0.02278223688843556
111 0.039954205014616564 -0.023383267814832447 0.0006788702498356351
112 0.03731941984103365 0.0008092774487233145 -0.005755717959336991
113 0.03884684683330195 0.018064871630985878 0.006008666557779973
114 0.03531777815170379 0.021421140380315243 0.0025073232084083363
115 0.04067534151195035 0.01599616318604957 0.014169385290341592
116 0.038470723754873114 0.022793569588311142 -0.01126097285534654
117 0.04410485281663645 -0.019071500891629824 0.0045562861310318135
118 0.039587815171770416 0.017644890672834607 -0.01822577916496138
119 0.04242491038065008 0.042724432397664235 0.011787422652156055
120 0.04067522709999613 0.01062381906393873 -0.015746150417891087
121 0.04173374845816204 0.019503688122919968 0.03738218812928377
122 0.042424345500210014 -0.009856731136446738 -0.0014262955428554585
123 0.041383988338657966 -0.008306157091906685 0.01591543876238408
124 0.03995382504961956 -0.03824066620988418 -0.0007519116561405209
125 0.038846900306393685 0.023725550926335298 0.00956527442482295
126 0.04242502860407457 0.013340266540485523 0.008227092000633818
127 0.03731990463887306 0.002967104839945329 0.004278295037117829
128 0.0392193520706968 -0.013481922287370825 0.0024968996384315436
129 0.03732046587331702 -0.006237543971327626 0.021376270029795696
130 0.04344058673543815 0.014877410598909598 0.024074990768128388
131 0.03653226504114778 -0.029217324019333437 -0.00321508580158958
132 0.03732001420329369 -0.02595485888679507 -0.00187508364498991
133 0.0410305092965199 -0.03033253815652802 -0.005189619595624061
134 0.03884636364377727 -0.012512482742409183 -0.003865527668545557
135 0.038846392927400275 -0.012561331352104242 -0.00787036781788839
136 0.03809108746719843 0.03444165826867036 0.017039984983853385
137 0.0388469860463786 0.0195655210989439 0.0166604447108384
138 0.03884733357103749 -0.01665141220251171 0.014931533781930083
139 0.03995347618247288 0.02014482653483959 -0.007628901325383834
140 0.037319275560288565 0.0057385339261289145 -0.028925657824500493
141 0.03995453798158866 -0.03712055623425474 0.02033504325602359
142 0.04508325387527621 0.023917811861112952 0.010338678143886768
143 0.03692760468561675 -0.01903222360663336 -0.015469267461208287
144 0.03692831151595094 -0.030305350888981127 0.0020378849467284394
145 0.04067464793407214 -0.015149633819644938 -0.03267251577739093
146 0.03958850209070397 0.028913247766583713 0.014317008935133671
147 0.04031620170168686 0.011836301656071607 0.022256162396442198
148 0.04173320954212025 -0.028829942120504652 -0.018849762396625485
149 0.04067506416205786 -0.014183116350300284 -0.028000758765277366
150 0.03692777869413977 -0.0012676021207430174 -0.020548968205826794
151 0.03884639060358838 -0.025811040497675384 -0.008396054677846404
152 0.03692824982897186 -0.029754045419111013 0.011540386254591714
153 0.040316169083114424 0.034336312266260834 0.0421918677202692
154 0.0399539208327908 -0.005753640478416525 0.013586788040134468
155 0.037707326372750385 -0.03762608927792346 -0.0032833350531093915
156 0.03847116960907833 0.02019899190945784 0.0034874902327941917
157 0.04242431205561596 0.014342815813132369 -0.006671534894850058
158 0.040316112807171414 -0.02892640554901005 -0.03085269577793944
159 0.041031081349388564 0.027175085620222028 0.0064540960627597595
160 0.04138388342572154 -0.01963071082298636 -0.001065857150313806
161 0.04173358166932729 0.032800681221820824 0.025369894680259224
162 0.03847065575382024 0.019896555018869125 -0.0143577663653507
163 0.04173369097041615 0.02410110973449595 -0.012696029937279486
164 0.035318222230282505 -0.010807634233350825 0.005309092798917043
165 0.039954041096831074 0.014470351967982957 0.019909462037111376
166 0.041030754060469424 -0.0028635096002831545 0.0057750433251285245
167 0.04031555547120883 -0.03065551422600283 0.0032509571563595877
168 0.04138308709006727 -0.03820142612285877 -0.028842361763773007
169 0.03958806075610597 0.030189138771337328 -0.012133429541671794
170 0.0344857542645614 0.020431514773322147 0.015606916070269953
171 0.03770744353283176 -0.02143384257211239 -0.00829043247144687
172 0.039954168538933466 0.0258416547175013 0.0016793743192411914
173 0.04103124299044331 -0.01719844201445315 -0.009681847114660528
174 0.041383783252037114 0.0016098362574656579 -0.003972305958420718
175 0.041383544107930305 -0.009411846948533215 -0.003059671976900445
176 0.037320314501099745 0.01779140429479064 0.01592837872584361
177 0.03995379031005063 -0.01806791129025466 0.009881423868823937
178 0.03572683294895534 0.00456198535788342 -0.008763222536906385
179 0.03809085391613867 -0.014521042062425611 0.0242872773111453
180 0.04138375424423703 -0.029984366518610937 0.0017065040843638496
181 0.03921908788064302 -0.028833214467301516 -0.014709573216431423
182 0.036532438482307 0.01669590008781324 0.009589197542697828
183 0.03406118980998003 0.032391223535473294 0.0021204335358780474
184 0.03884720408035461 0.011329806910685082 0.02859775804354534
185 0.04173364578064857 0.02672317476684107 -0.0028117365263016624
186 0.041031092080212196 0.022047678241179685 0.009357563379827029
187 0.04031609112942926 0.010014848103365361 0.028349496403371026
188 0.04377396113469948 0.026259721558264063 0.010640542506654853
189 0.03692785934371491 -0.04752639185680719 -0.019693695288979608
190 0.0437738839572542 -0.019138978225338846 0.0123521133841034
191 0.03884654930839298 0.032020418266935496 0.01931817230959245
192 0.034484584846933466 0.030956322103679417 -0.020307065311177028
193 0.03809078586044551 -0.0006202184052760282 -0.02130922126891224
194 0.038091389271701824 -0.025775305270493962 0.011322778359141495
195 0.03731974477774229 -0.01839696614331606 -0.0216768244191524
196 0.03995375538706261 0.015036117251848212 -0.004971501015585755
197 0.038470588449039625 0.04187941851634988 -0.03197234446428493
198 0.04173418434912948 0.005361217691744705 0.019629456488807054
199 0.04242488687636156 0.011960230686309727 0.014905506148344645
0 0.04138438807331755 -0.01493032027634388 0.03410414578639478
1 0.034903829431740696 0.0012167910400159932 -0.011492658402856298
2 0.04443355859149384 -0.00030502918384861207 0.02780610720374453
3 0.04310448937382425 -0.00486754520844086 0.0010488686238117365
4 0.04276620666201627 -0.0022374394116044497 0.027008864924384854
5 0.04208102011863387 -0.007482291330584715 0.01504706540678748
6 0.04344111553214484 -0.018233791578886053 0.04524809193673749
7 0.04103132281235264 -0.02144842605849662 0.030734868708607685
8 0.040316624997221565 0.00491054497572718 -0.0054026396670014305
9 0.04377404443215731 0.019459416086716287 -0.0022585191751113513
10 0.04138338235997587 -0.0018327425732948294 -0.003627224934568899
11 0.03572700393907353 0.014540508784146264 -0.022738945984437618
12 0.04443334039518827 -0.0005381910310765407 -0.0009064164385776771
13 0.04572355441266961 0.0033709765939892397 0.011083172819549418
14 0.045082127596774636 -0.0036453164023595337 7.67727483935651e-05
15 0.04666726129672149 0.008529716212964281 0.018736420027843783
16 0.04208101909832492 -0.02727185009605524 0.00456124735889887
17 0.04604002571989343 0.0042653656913623226 0.007492283167961988
18 0.039953955629252705 0.010373819914149783 -0.019795720510221958
19 0.04508305172799393 -0.009017608667119509 -0.00661685509654759
20 0.04377370947771225 -0.00033662239491697414 0.018900365272403137
21 0.04475904263960533 0.005529178436390637 -0.0015041657981458415
22 0.04310437820271798 -0.01762645867877679 0.007209563772610279
23 0.040316475284656046 -0.023794758614039214 0.03369499179532191
24 0.044105005632305135 -0.002794177881161735 -0.0017354175037880319
25 0.04540420216070991 -0.0013489208336649582 0.011917585922477339
26 0.041733533607193826 0.004327089489799976 0.010087185331501271
27 0.04603996642808423 0.0010121788413789406 0.003976292285294802
28 0.0420811229432723 -0.011401875836302982 0.021634984831854727
29 0.043440258385131394 0.010417217467115568 -0.010908570105540378
30 0.044433289000546494 -0.003745617916016133 0.019278523138786478
31 0.04377411288105533 -0.01469083049764975 0.008673863916101343
32 0.04173351427652448 -0.01350902821130555 -0.0015422369234599398
33 0.035726841208040275 -0.0014206974112467156 -0.014127914895029514
34 0.03406012013946308 0.0066070344341649205 -0.052188974166032596
35 0.04443337999397137 -6.301681732617883e-05 -0.01422766300533937
36 0.04508324439109567 -0.010906755829431267 0.004899514476197459
37 0.04697774277012547 0.00296967684696141 -0.0017687145074129563
38 0.04344050916626159 -0.0095649287686502 -0.005148570962786292
39 0.046040381810527733 -0.012297236312086816 0.0011790791870943545
40 0.04344075780263718 -0.01168740955338959 -0.00955534390322093
41 0.04377404361240354 0.010909015157930992 0.027194005159342147
42 0.040316110736491335 -0.012756315028977783 -0.002276679886565205
43 0.034485404383022916 0.012105558174066165 -0.010789154033995545
44 0.04208087082326934 -0.0013315581247963645 0.012579438907680872
45 0.039953844836229636 0.0011101367848902455 -0.006497514183779794
46 0.04443306744660457 -0.011041403729380011 -0.00802098608013615
47 0.04443310780337862 0.013201520033235535 -0.0173734037545705
48 0.04410506626888388 -0.02349339894019967 0.03395614531230997
49 0.042080711762763075 -0.004446276604156636 0.010995158028317941
50 0.032307972452106586 -0.004922606053970094 -0.040967997364368
51 0.043440710327105225 -0.014010644416877159 0.010120624206704839
52 0.03572688703207683 0.006708131240613647 -0.02478721080313799
53 0.04173380313128721 -0.004147208307872742 -0.00046809058846791925
54 0.04103071912291893 0.0032483125822210753 0.006785089960180994
55 0.03770634245761292 -0.0005503531672332286 -0.0166806481971163
56 0.040675257757355 0.001892875178502225 0.016160730685218175
57 0.03809130856156246 0.0007304337456085122 0.011326843581594253
58 0.044433280146536 0.004469624559043966 0.019106120440463427
59 0.04276570495665399 -0.005277156884972192 0.009687840962776572
60 0.041733733328989 -0.023497931710541167 0.005458085672622995
61 0.04310482465195494 0.0015341498480906817 0.016289311344363414
62 0.04410471595889892 -0.004087880663974645 -0.022805445684736615
63 0.042766017581132076 0.006146350346970499 0.012379197099499141
64 0.04697801264955184 -0.010785113608157698 0.0038065811637826674
65 0.039954090871319625 -0.013277001346358298 0.017750282472602238
66 0.04410491476671402 0.008158949390943134 0.005727487650490948
67 0.04344063734883628 -0.016167714578341277 -0.0022342638397300305
68 0.044104851947646385 0.005404981919514426 0.00806897455098258
69 0.03275505882824914 -0.009934990444893413 0.012454351584955168
70 0.04759257022932749 -0.0028002825594686197 0.012511301437572063
71 0.04067563698160748 0.007738241780603508 0.011704926010835939
72 0.04443281171071837 0.00028824846527535065 -0.002401806895288127
73 0.042080555470877794 -0.0004337610896089171 -0.011973048974697966
74 0.04310456268808171 -0.0027213195253412417 0.0031731604514605672
75 0.04475912718669997 -0.007237547602251173 -0.0011931298533644384
76 0.04138376776520065 -0.014952536929048686 0.01058564725879292
77 0.04666753812704866 0.0014883459678351535 0.030561658670746162
78 0.04443322659955234 -0.0049732838661649 0.010062752211419841
79 0.04377393960416747 -0.002802047721440479 -0.012059987070331091
80 0.04242488527074821 0.01478438321270473 0.01111530540593742
81 0.045723138768681434 -0.009392036676988517 -0.022351599673347603
82 0.043773356011458896 0.0015840758276672766 -0.015381709620585524
83 0.04697801731656202 -0.006759553076877233 0.012155302037346685
84 0.0469776981259346 0.001844348023090651 0.01639073108745341
85 0.04310467132779947 -0.004045999521439863 -0.00620821065295046
86 0.044433205153964976 -0.006772886396498539 0.030905016574154398
87 0.04508292272956354 -0.01946753356584778 0.011321597135273937
88 0.04697809284185006 -0.016132046754178102 0.002583888054593772
89 0.04508308626207129 -0.00666224558792242 0.0035036503015173663
90 0.046354804868378764 0.004675838289230641 0.009052011803760102
91 0.04508261542851834 -0.005950871330231558 -0.007408963681106294
92 0.04508259813881551 -0.027110101159557944 -0.014525180704020374
93 0.04208051514730589 0.009393967648788207 -0.007251901220876643
94 0.04410499031659413 -0.024117898885638315 0.023867968283445135
95 0.046354919524903206 -0.010538934668215417 0.01917969384054952
96 0.04377386227290844 -0.00047043525344642634 0.00013174670636067063
97 0.04410489217742283 -0.003036896713642953 -0.006723358949341154
98 0.041733363867436604 0.013425312475864436 -0.004684226848489367
99 0.04242423821174073 0.0053091452874156776 -0.021367614095734493
100 0.04344085486399935 0.0019291830701800732 0.007913961265769695
101 0.043104379273694766 0.0005114505692595166 -0.009176690277783922
102 0.04377347613921912 0.008793694564129567 0.007362014742938787
103 0.041733192469028936 -0.0030323685128362705 -0.002785694347958221
104 0.035317766163519025 0.015355802366078855 0.0027319395139620783
105 0.04344087700293165 -0.0030738218817199315 0.032259888072644426
106 0.044433263882910405 0.008113626300286059 0.0005023773775067663
107 0.04879915860254217 -0.00013167819888131667 0.019117680742779634
108 0.04103125485271838 -0.004345547014744191 0.01963493772865032
109 0.045723542792145605 -0.00926851769066123 -0.0015742033325716349
110 0.042766282397500875 -0.012212268460073497 -0.0030542799363910767
111 0.04173356795818329 -0.004950984677498716 -0.019710124141504543
112 0.034060648706579384 0.021755704796964967 -0.036613740248164134
113 0.04173410194524966 -0.011664628645973018 0.026466716682857855
114 0.04508326190995341 -0.020491556225659548 0.007160824787015558
115 0.046355043570272814 0.0023646100343800353 -0.0036006347861008647
116 0.04697819854405798 -0.0016705200550130275 -0.011471982090059476
117 0.0444331899662537 -0.007550848654502873 -1.7671676589618086e-05
118 0.04819969361881186 0.0006313035098272381 0.012114398775929609
119 0.042080474463938436 0.011416982902430602 0.012401585872991977
120 0.04572345363406246 0.0015823832919710016 0.01603244359716449
121 0.04310458294416383 0.0003080476822411913 -0.0018991521284164488
122 0.04508314279485512 -0.00022096548446289457 0.02363462260751304
123 0.04443343994267989 -0.011968677329659162 0.014441699710150592
124 0.04508259893804025 -0.004583611117713664 0.022441120526777596
125 0.04443337657302456 -0.005653647219674427 0.008153628558749671
126 0.04276606455948091 -0.01167745210769223 0.008905522936288513
127 0.04067496915562271 -0.028101767138824396 -0.007128203254341306
128 0.041383387773257826 0.010995203200098919 -0.010200131372607897
129 0.04344039585442125 -0.007480299254811744 -0.0020659737368282573
130 0.04344100559545137 -0.01824330522624493 0.01761563876496118
131 0.047897346092839244 -0.0014239444420236337 0.01341376581624021
132 0.04242480042941397 0.000887345830238611 0.005463914282665191
133 0.044433207339924216 -0.0018873113900412007 -0.00887073304936914
134 0.03490378949344755 0.011328053852367447 -0.018675616248154482
135 0.043104480872700766 -7.716647462221135e-05 0.024959471222668568
136 0.04067497092221546 -0.007631308171463698 0.008432273506674708
137 0.04377431678865058 -0.002766894149302085 0.013142987029197653
138 0.04443347026103491 0.013276394591906304 0.03721161604927939
139 0.03531784512483035 -0.005081144098626765 -0.010421944241247975
140 0.033195303291137186 0.01908408047795408 -0.05379066052507665
141 0.04377402241750316 -0.0005553266949111425 0.016893207847650128
142 0.04475937712099895 -0.003441212932508511 0.012477917893060003
143 0.046667491630695834 0.01351902805768274 -0.0008150811222291295
144 0.04310492533755942 0.0016838981099982022 0.020200144548205984
145 0.04789731722429449 -0.001991224358013521 0.0024005446821746108
146 0.04208092345711297 0.007835123771037086 0.026516209184438835
147 0.0417340445968605 -0.010077909990007848 -0.0008370308469005783
148 0.04443340738372698 0.00010436617993749745 0.01455927002782197
149 0.041734204380478576 -0.005186747955125116 0.038597977538102374
150 0.03275521384950225 -0.005577575460136449 -0.004420503826966392
151 0.04138393546163515 -0.00913933994705561 -0.004010749598401244
152 0.04443291736109524 0.013944674713228878 -0.006702434189040501
153 0.04410473519993217 -0.012970989006129691 0.013113643295238276
154 0.03770650278022629 -0.0038421688524718184 -0.028647910308605334
155 0.0427661203178079 0.005370472626352598 0.012899444746956461
156 0.04173403776156961 -0.009070725376039085 0.009183727443512507
157 0.04103138214531049 -0.013979548262795197 0.02535802451477877
158 0.04759324680050642 -0.0020429406153250848 0.007275863196388375
159 0.04310468889628943 -0.014896768918750783 0.02372480290571178
160 0.043774234033630254 0.0016077977768700978 0.011108623251831509
161 0.038846360612433246 -0.0021111799327321167 -0.02639070767564554
162 0.04103058608745794 -0.007419893499535705 -0.006500446242275253
163 0.0424247112056799 -0.0038317815674928954 0.01731070465240137
164 0.04344040835578427 -0.0030765351812085577 -0.01786386986448833
165 0.04508237377980377 0.008550773890328559 -0.006326503300705983
166 0.04475935295413227 0.0034080446828605574 0.0076790595770867736
167 0.043441011927338034 0.006141263510925937 0.031114394948845728
168 0.044104857432242385 -0.005316562426619838 -0.009499407484964324
169 0.04604011671687901 -0.0011389693538590745 0.00525778477841447
170 0.042765893201491184 0.004766076761232242 0.019000883419710998
171 0.04410460770026133 -0.0030451582687588672 -0.0025831821149152312
172 0.04276578049957877 -0.012294804643324192 -0.009331224350034322
173 0.04344035804943456 -0.003753938899035823 -0.006594530913271374
174 0.04031662601617114 -0.0002511983552384429 0.006179506411098109
175 0.0427660166619472 -0.01155921621788933 -0.0012592225995401473
176 0.04377397558628858 -0.007191436288241761 0.005048243775119999
177 0.04540449511601384 -0.015313645060194184 0.014357579298378106
178 0.03692779409476507 -0.0045853275869649854 -0.0012356923188299358
179 0.03809082921158066 0.0042462182156284035 -0.00018801166340108756
180 0.04443370227854271 -0.017848601635205595 0.02379325392290655
181 0.04635499922618161 -0.011288173075194342 -0.007998675525384724
182 0.04103012753699755 0.017579251442725995 -0.019831856805590065
183 0.043774056951011886 -0.0031234728985313296 0.004954526034220192
184 0.03958906312329227 -0.0026882011971369915 0.0016820004237048404
185 0.03958819338531088 -0.008836270236106362 -0.000892064735037964
186 0.04377440438853345 -0.0024439385274090523 0.01966606239225409
187 0.04173392368267085 0.012508305890897704 5.772161069389369e-05
188 0.04310469462899371 -0.014686427306226699 0.006064694317025917
189 0.04666735734293321 0.010908961768014529 -0.0033213820911914575
190 0.04377381785153301 -0.019446015615986304 0.0038107569697685695
191 0.04344062994478188 0.0045415735263576494 -0.014313144211973479
192 0.034484197853310326 0.027110422113572286 -0.05248620921353957
193 0.04604041255790619 0.010292610393427177 0.03917388183096465
194 0.046040404142305896 -0.0011901815713361217 0.023567164718079372
195 0.04759283422753441 0.010664050961675716 -0.0009380421145539069
196 0.04310462674070157 -0.017021612285220325 0.0001529556089854914
197 0.0427661305557317 0.007653541977692039 -0.0035175027999509324
198 0.04475922175907821 -0.0023243302820479005 -0.00222469945246676
199 0.043104699170415504 -0.0007071269817443139 0.026641865384776916
0 0.037319759235463316 -0.03564595897990923 -0.013422568893062833
1 0.04344011945893297 0.022138630569902853 -0.01252526602831666
2 0.03921877257830427 0.021604997029684127 -0.011818195768875014
3 0.039953541746119446 0.03236510990710368 -0.004273838574883807
4 0.04067570482314819 -0.015819257991845432 0.03863059691873644
5 0.03884653115511435 -0.02974980977661303 -0.022141677215816568
6 0.04138387215487447 -0.03995166314763791 0.008974241849920942
7 0.04508254022654859 0.014976551125967595 -0.026158188729832003
8 0.041733558248633666 0.01967654627246537 0.00813837141525353
9 0.0417336929312596 0.028923922260784968 0.003391856310644619
10 0.035727292649724386 -0.021562833448393194 -0.0334658815919394
11 0.04102988908122554 0.020426802487966335 -0.02625038869515178
12 0.042080369807779724 0.020868126317361544 -0.011104058810909503
13 0.03958828385171001 -0.015373594435063476 -0.03475819659105668
14 0.03995348058887477 -0.0254894044140989 -0.0016470637508398172
15 0.038846622515296685 -0.03563151886016852 -0.012893195348862341
16 0.03809111550944564 -0.024506300361862424 0.01346026582081985
17 0.039587860564961955 0.02225534325433021 -0.01973557711608864
18 0.0373203113355961 0.02418952180110705 0.03268493336727598
19 0.03653233373664283 -0.007693957890063403 -0.0163352461707099
20 0.04031563290062805 0.006890128256916737 0.015049792346113502
21 0.042424677423234934 -0.010151257556646524 -0.015429125221663379
22 0.04031614639674093 -0.02562302888797686 0.005504387321066747
23 0.03692826568724681 -0.03576849910285538 -0.02031055229027276
24 0.04276561306532637 0.02708224138937254 -0.009698693839849408
25 0.040315482924305944 0.007506427014644444 -0.023215969494594837
26 0.034061101795075016 -0.012198249816136028 0.013714234713589839
27 0.03995336844236706 0.012973603969115538 -0.017280576633224316
28 0.0417336349013743 0.003972983004241885 0.010575297574330003
29 0.046667482134295064 -0.01264269821039248 -0.006442922590148675
30 0.04103087646317506 0.029405119765721723 0.005822929202287348
31 0.03995365342578708 -0.016899472320651462 -0.017753315957569942
32 0.040675374549446294 -0.037690817420991916 -0.0013556971232850188
33 0.035317592584719996 0.011337227723846955 -0.028268858935990075
34 0.043773761402982066 0.012140999198866872 0.010827096465232467
35 0.042080227757783424 0.0249542286796862 -0.011533406508610719
36 0.04208043578022238 -0.03163394668206411 -0.01171818874575342
37 0.03921919849733244 -0.014144539143162764 -0.009483797942647771
38 0.04138336983821413 0.02202728516371878 -0.018509221523471436
39 0.038091223179656124 0.009598380912995369 0.02036197295476711
40 0.03613211123192847 -0.02807256883000216 -0.024079294848617965
41 0.039587764001952616 0.016072386319041204 -0.01838230571598414
42 0.03884671921601094 -0.013963085033947845 -0.016547799467424386
43 0.04138370461520448 0.016621886062958946 0.018742030853662238
44 0.039219135798328995 -0.0090810262090416 -0.020809718414570567
45 0.04173317423729622 0.020253755997532197 -0.02104849277208585
46 0.03770716195769769 -0.017729442374213988 -0.026531960133659417
47 0.0437737753907888 0.025434705125075913 0.01420482989608638
48 0.03531821746236899 0.01151001803321806 -0.003990939507532434
49 0.04103067611638963 -0.005507426686882229 -0.00020288086158923782
50 0.038846655340199356 0.04086429288543791 -0.014936695654088103
51 0.03847128613246727 0.020575231674804614 0.01587090041868382
52 0.0403151887953031 0.03992554005372724 -0.055041396345566776
53 0.043104144880660146 0.01000549003162617 -0.022310546485667472
54 0.03921926122445446 0.020515815235553018 0.011379351980137734
55 0.038090485487163324 0.019345476548280578 -0.025315969460698032
56 0.038470618580995965 -0.022012496864786485 -0.019699609077464278
57 0.039588331348933296 -0.03231463540983925 0.016083527614098557
58 0.03770713650984823 -0.019448364652792576 0.01256248551460819
59 0.04377366452667575 -0.011206472460250777 -0.022530421520925617
60 0.035318562951052325 -0.013600863953950468 -0.0050861844566923746
61 0.03653252467336463 -0.027095310115672747 0.001554307347245474
62 0.036927445279909744 0.014729664059644 -0.015394420431976304
63 0.04103062229900991 -0.02024386554027172 -0.027200919397030617
64 0.036132465698268064 -0.01361537748629341 -0.01496780478194607
65 0.03884638058611901 0.03358756972822839 -0.03299788158625618
66 0.038470683038263724 -0.030881499805567907 0.0016470610747784493
67 0.04603984617201615 0.02031629028486008 0.012184568747025826
68 0.042424613107987744 -0.009514002833973393 0.012627270312184559
69 0.038847085394592334 0.03266527560908513 0.02701982388136526
70 0.04242417716558747 0.02471722195071247 -0.011176032614665201
71 0.036532379656252875 -0.02644533832704102 -0.0009101089738744228
72 0.04138422394884703 -0.021669460161686634 0.0053394119765587614
73 0.04103044696703762 0.028742654570892364 -0.015315936816395148
74 0.03995330794586759 0.019053318527199166 -0.02126081620820623
75 0.04475861894326331 0.027929250625885037 0.005512597458765208
76 0.04067483803014231 0.026386709133333124 0.002773885500935868
77 0.036928232897553065 -0.016076646683193724 0.00692365739565433
78 0.03847076489779202 -0.01963639609680337 -0.019980181232366414
79 0.04067499419684849 -0.014436222835914659 -0.01162696325835579
80 0.03921923649295435 0.010762605299008986 0.00902007997669498
81 0.043104507554409276 0.024029814530426373 0.004679424420381748
82 0.040674523784643375 -0.03807881975970983 -0.001309879838028802
83 0.0399535597700905 -0.039549479081894316 -0.014754943823128626
84 0.03448531975288329 -0.010378973223037062 -0.012460690197779466
85 0.03921920511796476 -0.01167745213914608 -0.006626080645152223
86 0.04031588549765196 0.03466359015134622 -0.021770012918980237
87 0.03770751016284961 0.02022355873720247 0.006183243997327207
88 0.03884663455323909 0.01930840219278524 0.008174463476408681
89 0.03809090136316412 0.017670429887551315 0.0019380731312985393
90 0.0406752026850001 -0.019792639004802794 0.0001776158212554172
91 0.041733559115828364 0.014160540950639936 -0.021635601654443268
92 0.038090813244489104 0.013295992613182428 -0.021619173220487117
93 0.040316036379549565 0.0137517815798627 -0.026440141511726533
94 0.04310410255949713 0.013370284272517673 -0.025495340400258356
95 0.036928356705469824 0.03949881537717164 -0.00667989060244958
96 0.0420802289083435 0.025080766064339302 0.0012172065642582614
97 0.0395881637621747 0.014933317732488642 0.003276637077740466
98 0.03732000469570614 -0.025958263560926845 -0.005342871397690833
99 0.04067472652136039 -0.02789953920786687 0.009699969025613927
100 0.035318259221803566 -0.03314464244477042 -0.0060707003390561105
101 0.03958819621639602 0.020616232967086125 0.0027308041540813725
102 0.039588241621802564 -0.01359202406582931 0.016487200455813568
103 0.03921894427449924 0.031433252588027746 0.0008046479690993799
104 0.03809077007628907 0.03572774521972758 -0.01331440675993158
105 0.03809065339744943 -0.023076109307720388 -0.011983325001531162
106 0.03770685128465138 0.022794246949081692 -0.009759665915350114
107 0.03531773752154248 0.014631225370759612 -0.05895207247160036
108 0.03531822839607481 -0.028661838764656007 -0.012163740072638438
109 0.042424472159159815 -0.016516593132426514 -0.011553157464836561
110 0.036928453546316894 -0.0207320857938337 -0.011841706583542864
111 0.04067498040391677 -0.03607067051254745 -0.006742235058464752
112 0.04242378539527025 0.03803799469539127 0.0011420362088130534
113 0.04173310395714865 0.02678363685754772 0.006298465639751455
114 0.041384224648935514 0.0030158755977509897 0.021546303251421667
115 0.03653139625021109 0.019619168319271005 -0.0303355369374424
116 0.03921885140823305 0.034237100045951686 -0.0010161938310529486
117 0.040315623438808214 -0.018819134034565498 -0.028194065284059242
118 0.036131377288069005 0.042723127484211046 -0.008015552131417799
119 0.04067503593588012 0.009600060558820865 0.0010856211010871087
120 0.041383156263789675 0.01693039747834197 -0.032643507789345584
121 0.03613230469492641 0.014499072040691657 -0.011184699765394728
122 0.03809127888148755 -0.01618967008063027 0.015303139859480955
123 0.04208019283130154 -0.02196348572759075 0.013508936644718486
124 0.043104594647313484 -0.02148226380315991 -0.01487352617778759
125 0.03847103110636069 0.02598670890374966 0.012768191017844165
126 0.039219426468360075 0.01196736195768469 0.032869545563680005
127 0.03884664239753886 0.04179883692607878 -0.012016788661198626
128 0.04208068006673808 -0.02840371419318073 0.018151226911683877
129 0.043773326069084635 0.04100234788282753 -0.009384727931009598
130 0.04138389784320411 0.043683832310485976 0.027201507347374462
131 0.042424619254030745 -0.01986500871687092 -0.018387386419766897
132 0.03995399572355686 -0.025560608265894517 -0.006710887336157401
133 0.04276598326096116 -0.015348052575385839 -0.001485420580732588
134 0.039954068216208054 0.016191210618537864 0.0067003999090914056
135 0.03770739825457438 -0.00514853571796307 -0.018776977952824063
136 0.04031520760124476 0.032521498848022634 -0.022353169740258978
137 0.03731961873875245 0.04084501184222896 -0.00028824325603704143
138 0.04276592834095792 -0.03182356326497985 -0.0014106653909519407
139 0.04103058920196137 0.028844475708464514 -0.01771777105552111
140 0.0424245374012828 0.0009352395491222548 0.01608935304971066
141 0.037319754111365976 -0.03015933632866858 -0.015971932736555085
142 0.039588513313161156 0.029161081156812915 0.018016048277289618
143 0.038469888660772854 -0.022627888395187944 -0.015893743246692717
144 0.04242389185706825 -0.014946084295755136 -0.00966465325859237
145 0.0377072089302956 -0.005760870186583385 -0.040257876039779705
146 0.04242437908288858 0.0008540803732261363 -0.009162210085750334
147 0.03958827232754217 0.03737879745128029 0.029364692829243495
148 0.038470523063280346 -0.021166721236682156 -0.014651389021535007
149 0.037319864413815344 -0.02040580974918063 -0.016920965520829567
150 0.041030798212740374 0.03130443139692303 0.025057008198741966
151 0.0403164395776952 -0.014330152338412238 0.0006601578362812788
152 0.03995352212457403 -0.01841538500713443 -0.019731168937792615
153 0.04208010109832761 0.030028849100666093 -0.01915892660697273
154 0.04031538627382718 0.019033497024525833 -0.0389354930826899
155 0.03531829297960043 -0.019321984089626525 -0.00556439863723935
156 0.04067472577830866 0.025967011114469887 -0.013774315063701055
157 0.039587786510803684 0.01639411423867637 0.004320576417347182
158 0.038846483441694814 -0.005825001952597432 -0.01620330033738176
159 0.04475913786417719 0.01591415383261711 -0.008759164605232302
160 0.03809120769059601 -0.02796451209605645 0.007460799105536324
161 0.04508274032329819 0.011626012424621114 0.0204874680892109
162 0.03958780098848575 0.0403708589174467 -0.019931231516977645
163 0.03921911664872856 0.03500368741645505 -0.003399082532439025
164 0.041383071976438965 -0.004424575392803082 -0.003175663789859599
165 0.042080532772740466 0.023322146163071288 0.024599269615076847
166 0.03448483201951301 -0.01595039927789813 -0.01584537468826047
167 0.040675110252259616 -0.023024301742948367 0.018710702131551286
168 0.04103064312744035 -0.035710789914827776 -0.010299943127914133
169 0.03653225297343369 0.00766246359933096 0.002339380798434765
170 0.03770758240164654 0.01745913596378964 -0.001236210754028517
171 0.03958845643108517 -0.019529972402816405 -0.0171064830025731
172 0.040316035966181135 0.02855984786749837 -0.0028177869153073317
173 0.04138373947301839 -0.023192563526389497 0.005339273843737028
174 0.038846249764593346 0.02746503020968959 -0.0009698377623176067
175 0.03995382513310998 -0.03502995524315527 -0.01700692704131077
176 0.039219650770717984 0.020786317148916593 0.006711322090684806
177 0.039219691810617754 -0.022416615883412885 0.013593526314128742
178 0.04377344895089712 0.024530797771075155 -0.01729446567891734
179 0.038846775994946 -0.029126046945964126 0.0017575929545078114
180 0.03692811967254023 -0.030167342719848684 -0.015396211401397405
181 0.03847071508105932 -0.02211747822621185 -0.02319313031805135
182 0.03884683826947129 0.013908773724622688 -0.0057942427942572925
183 0.04635500457940931 0.012367439404267747 -0.0031970433998942667
184 0.04344049414021321 -0.026288408345071134 0.018562564706660498
185 0.041383280616282395 0.014729247628656284 -0.029036301975478025
186 0.03995369962921311 0.012738959475578933 0.025727381970679284
187 0.04443254994555959 0.010922130588049955 -0.02131877366995908
188 0.03884607087845299 0.036720591494306475 -0.03384805434019942
189 0.0392190046194729 -0.017349765696097728 0.0023528418297942624
190 0.03613269538080301 -0.02180763473451139 0.00836393921351642
191 0.04103106149085279 0.029656025206687975 0.012520801277155144
192 0.0420803048299055 0.01800016081266454 -0.00880924817716896
193 0.038470674272351846 0.024903086568822126 -0.016650242408493117
194 0.04173321744107627 -0.026970086120241404 -0.030253152969735988
195 0.038090560049327496 -0.015342765726517778 -0.010002504327113379
196 0.04031575638419498 0.019376786799211294 0.014760662139114518
197 0.03921918739929712 0.028245885147484287 -0.012956606282360087
198 0.04173303058959877 0.025308601433035552 -0.02304687883468141
199 0.0384706041437769 0.03739045461744669 0.00974589929693419
