200 3
0 0.0018561965763166585 0.00790900700003533 -0.04590334274458523
1 0.0129780797305184 0.05224446364099607 0.02558448260909902
2 0.0016797837925935834 -0.026035015698670644 0.041249706814615185
3 0.005481206728974605 -0.022876062121271728 0.03786966783942331
4 -0.003551002439199605 0.006598980200501734 -0.04386066993387383
5 0.0008372338007119201 0.008240283553886053 -0.05081815933917408
6 -0.003528565922254978 0.013509253202002691 -0.04971136916652928
7 -0.0011551097482121846 -0.023069866896103235 0.04018528846622964
8 -0.0009436123134529996 -0.015474475608403822 0.038158441438444386
9 -0.0016824258011041288 -0.02643852022777124 0.03992758006437008
10 0.002464186357414201 0.006505948812746352 -0.049485363569204924
11 -0.003015328607930183 0.05388551263253666 0.020277084122469625
12 -0.0013827552143856458 -0.02514396750133092 0.0387074825746732
13 -0.00325499756759038 0.011361745199996418 -0.04686367460689867
14 0.003897508876647776 0.01334137106674841 -0.04373793833976947
15 0.0014586855759150669 0.009180967493272888 -0.04888189095508409
16 0.001997169779378985 0.012313947103302181 -0.03888638043315888
17 0.0005511495618549158 -0.016774142417716475 0.04504887820833006
18 -0.0007029356707070854 -0.02318973984146566 0.04307849875468263
19 -0.0038179362864004113 0.008729415940065545 -0.042015331740828325
20 -0.0035114791760392713 -0.02230422251678235 0.03535949183373037
21 0.002370207707411344 0.008794609492066464 -0.04709885799727477
22 -0.0038100117455158317 0.0033494956122685922 -0.04712804345294695
23 0.004776731160640167 0.012803155672386086 -0.0405702454466611
24 0.0039056050364485867 -0.015161578531772534 0.04230675249417576
25 -0.0003868839552339867 -0.02382409635420226 0.038076103385489196
26 -0.0014417720644566128 0.009653122679552243 -0.04339984617732809
27 0.0041686286865468755 -0.011813757599348374 0.04290772554469388
28 0.0020856900727200395 -0.023256875534619113 0.03687334552999916
29 -0.0027854630234983475 0.012947588543326637 -0.04490761588153932
30 0.00168249136711765 -0.01960144313338476 0.04369041614698996
31 -0.0003592521744353594 0.008666802003209805 -0.048092327721434194
32 0.005778831345286242 0.007449567362732059 -0.04439653701583777
33 -0.010132121514663112 0.05921842518048101 0.023891700052519817
34 0.014754566485587817 0.05709142959752099 0.025484696719264906
35 0.003396787096520984 -0.02436515488477313 0.04032428553864597
36 0.0018906284787834973 0.0035629820968993784 -0.048340700440378866
37 -0.0016494348374619626 0.005177658081462295 -0.05140607501398212
38 0.0006886275159230723 -0.023932889236186663 0.03237224043951706
39 -0.0010987719984839328 -0.013662579389560146 0.04487106318623127
40 -0.00011985228184396499 0.009971036357609476 -0.04441138394047277
41 0.00042452777930233887 -0.022034618155117536 0.04722034272872955
42 0.005054226548754717 0.016482754522753995 -0.04198399947936023
43 -0.010464817824133693 0.057931758329024016 0.028078866654269202
44 0.002422436282554532 0.009066788518400157 -0.048810489131253354
45 -0.002462153347935689 -0.025007368958995177 0.04430551360652012
46 -0.0002078840788044406 0.005823464798656935 -0.053789090677043884
47 -0.0004941611293972194 -0.017980829951849325 0.03878613166540358
48 0.0030000661655140218 -0.020723427349927926 0.04188697639957768
49 0.0015905114855205103 0.007091302892949777 -0.050213975180471666
50 -0.007097956242784004 0.05702771079416952 0.02766758300759669
51 -0.002138612602943908 -0.01568122214684043 0.050646563643355916
52 -0.005284720707201061 0.052644125306841025 0.021576218279121956
53 -0.002805662691687083 -0.02593626138075887 0.03936421882413631
54 -0.00525203874861585 -0.022720729898858497 0.04163728748435487
55 -0.0042820966919114856 0.05043338534272172 0.03288814482826068
56 -0.004667504268452718 0.009147578362724566 -0.048124787124330555
57 -0.0001874510240515298 0.010926538583650216 -0.046078783662281936
58 -0.004487955714916333 0.012571536388865602 -0.049139622327619294
59 0.004638879365572085 0.012133057901397631 -0.0436882569345443
60 0.0020885299998716494 0.016993198554226905 -0.04138381764520521
61 -0.00464718835647665 0.009095669393340968 -0.04226531470691666
62 -0.0022042112427809726 -0.023984404574758603 0.04392726985747067
63 0.0011157803525149584 0.003384002642639266 -0.038383773298045924
64 -0.0021567139333964966 0.008218470955423881 -0.04638005448424634
65 0.007108896426294989 -0.024535437143360272 0.043568683882514794
66 -0.0031682878943151693 0.008218228113177654 -0.04558542262963631
67 -0.000851030750205671 -0.023236458891751036 0.042864270251585096
68 0.0020586568029791336 0.011028686540795564 -0.04624496941676367
69 0.00021324943233038546 0.05997644015088492 0.02527800690541336
70 0.0050070038497779315 -0.019888484766448146 0.04037817453955587
71 -0.005176672507900014 0.016116313472591695 -0.04895205531111933
72 -0.0007910889627250756 0.011424629370637504 -0.04215269231284353
73 -0.001458685186015096 -0.025700479059827846 0.04222393735733113
74 -0.0001215347334681139 -0.024925628068306494 0.03391968586857792
75 -0.002431824194931656 -0.020655307543826253 0.03889057364288489
76 0.0028282986994416864 -0.019276660093494 0.04236844924968738
77 0.0036721549754545543 0.011324012469982138 -0.0535841319748359
78 0.007807999764544632 0.008691595085909193 -0.04824912450551393
79 0.0033607182542149845 0.00821042249405269 -0.046423974157530995
80 -7.586275753489712e-05 -0.025653077937060925 0.04039761350118615
81 -0.0008254726646481286 -0.017955397455932914 0.04038185299623591
82 0.001625455465650228 0.010425728683083679 -0.0440001870723284
83 -0.0003069081888085988 0.00867260742191445 -0.0421469994022422
84 -0.0030582863754238937 0.003255071677242964 -0.041945553027946614
85 0.00085249464565431 0.001705332398823734 -0.04588614102511847
86 -0.0026595054115980815 -0.02506195542082294 0.03687370390009492
87 0.003338614029188232 -0.029055560744380916 0.04270662890805149
88 -0.0018962141647400794 -0.02294659649006641 0.03846894539052032
89 -0.001562653386599562 -0.023398754483995667 0.03880085768320932
90 0.007600596140718986 0.011979297844301287 -0.04325546062430742
91 0.0021158521227052224 -0.020563990308673005 0.037247104473420334
92 7.88232085668861e-05 -0.024351883450125573 0.04448865724393186
93 -0.004837959494838624 -0.022574736117578053 0.03569135528986138
94 0.0023949255519235303 -0.023432799639764697 0.04154073165195589
95 -0.006101164897681387 -0.019784786965075286 0.03338842265209843
96 0.006201660117444961 -0.025408271146797917 0.03862880457092521
97 -0.00025480397922068854 -0.025941440585350955 0.03803744733480807
98 -0.004465717796226211 0.01666501678953914 -0.04193670915340245
99 5.47551926962514e-06 0.007753927272747504 -0.04633146173508562
100 -0.004015947717183351 0.006906707737102185 -0.048860814364922164
101 0.006332847962171789 -0.02855045251429288 0.042037821373815926
102 0.007702602109003351 0.009605577644932315 -0.04995733785129363
103 -0.004618772511787703 -0.02054184413465692 0.03686247620027705
104 -0.008627731089745336 0.059081238764655264 0.02724197949952993
105 0.00708862787582545 0.01133266675184911 -0.04118337525493438
106 0.0038668562711490495 -0.01699726304716527 0.04033213081720541
107 0.00013504220915876424 -0.021111608395499498 0.04191284728861807
108 -0.0020720813950574762 0.011809769787366732 -0.042025519169959544
109 -0.0047835697914020495 0.006447035410136451 -0.04335514437235706
110 0.00019739893129594368 0.007137160398477274 -0.04440753659879765
111 -0.0009112261517330127 0.014328812979207094 -0.0402279289723054
112 0.0023978097991089187 0.053590016818247946 0.022815012772918294
113 0.0043476537527280396 -0.025078858967187725 0.036758929295683807
114 0.0008769553811347336 -0.025463654279178825 0.037678479075145994
115 0.006261630939311889 -0.021546868637342738 0.04175984802312634
116 0.009815658222234722 -0.01883823999814639 0.0416794267819332
117 -0.004460171842758827 0.016502694632190465 -0.04511491350658017
118 0.0008728034481437904 -0.02220986219098445 0.04451380806911487
119 0.0004415791924589872 -0.02769276914920734 0.038510845160089305
120 -0.003374021695198716 -0.020397561708106558 0.03887308776424893
121 0.004921009676401144 -0.023087252347265108 0.0402758856344023
122 -0.002234824151532767 0.007132607849542907 -0.04441447604490509
123 0.0009572733770048907 0.0029038379493044374 -0.04773908067119298
124 -0.0029810651335302283 0.014549755248187158 -0.04126385203390284
125 0.00454423519119405 -0.01579682123346838 0.0379294382621594
126 0.0014615750949960957 -0.022344556303741755 0.045348006211683944
127 0.002184233504365399 -0.022115770180399175 0.03542487227198937
128 -0.0008099442510528729 0.00869806776071225 -0.04640337085423109
129 0.0003814083753107735 -0.028149888169566043 0.03785387044120617
130 -0.002370470668814205 -0.017732943441142117 0.04520768536766718
131 -0.004806465744269767 0.015725322276840585 -0.04856735803712555
132 0.0071804451321440255 0.009454912582607566 -0.0439128908599966
133 0.006945017333195677 0.00716244215344761 -0.04540624817585642
134 -0.005876999773556615 0.05684089031017675 0.03163727068373448
135 0.003429267882071041 0.010251236706824946 -0.04965868294529112
136 -0.0021798085310781763 -0.01932645140442594 0.04523412155390883
137 -0.0074337576373255665 -0.022257228323165304 0.043382253348768496
138 -0.002703299216803026 0.00598261070155574 -0.047347387091631166
139 -0.00029259087266041324 0.0578725677348564 0.027773876539893563
140 -0.003647055981994822 0.05009606469744879 0.024786654270628712
141 -0.002433487112994721 0.00750355686069208 -0.04630448978943845
142 0.0018448310390550109 -0.019711826502511045 0.044843533571131584
143 -0.00392838720267091 0.012582503078876425 -0.04359091244989201
144 0.004550163246910412 0.013800896759187792 -0.04747336992342785
145 0.00022739477526044147 0.008018956147336795 -0.05018676520445135
146 -0.003120509375288419 -0.02128898098154631 0.0435537033821019
147 -0.0028230995786291888 -0.028106335192669748 0.037536934339393827
148 -0.00709893065369413 0.009303548779930476 -0.03678943245804869
149 0.00372081853128671 0.0035150363448283994 -0.04654051824474925
150 0.005570748066837855 0.05497579340242867 0.01905788157408124
151 0.0054165526445700656 0.008143872407063588 -0.045122448333396015
152 0.0041158468298340065 0.01058051073771577 -0.04587864779099392
153 -0.002499068003233372 -0.01975286814241302 0.04578252860017483
154 0.008864241230225112 0.05316974330275075 0.029377310039287147
155 0.00023797699683194423 0.009204404530126099 -0.053508360923992984
156 -0.007671294038875648 -0.02069959421465911 0.04062033781992426
157 -0.0004454671271990063 -0.015203117741924656 0.037087450208111605
158 -0.0028454480400015025 0.006905381152520366 -0.044019592350868886
159 9.130869058467106e-05 -0.021493984758908236 0.04125125040855209
160 0.00574232113808168 0.00881637909222388 -0.042030808820516526
161 -0.0012426053534063189 -0.014283868447462152 0.04336282155900448
162 -0.0025674720164071737 -0.02029701403399236 0.03952205891325651
163 0.002307490550362258 -0.023099831139114062 0.03778549498471799
164 -0.00041227556360081546 0.007523535114568632 -0.046650942180278904
165 -0.0011048503135114808 -0.022665765290308306 0.03592442609704162
166 -0.006035745867539397 0.008728987022045043 -0.04251228786973271
167 0.0006143837952358906 0.006486875513986181 -0.04477956031120602
168 -0.0013789257624394098 0.013670872345355876 -0.04450851295659856
169 -0.0026559900627502048 -0.018128873512988312 0.04188793350013288
170 0.0017254657772384548 -0.023940149418992203 0.03456820144564389
171 -0.00432577062000785 0.014892584835626188 -0.049166619560375074
172 0.001997123690134467 -0.02363309280248263 0.04099098180074051
173 -0.004393122632419547 0.013675718186308533 -0.04547698098065112
174 -0.002876930316468504 -0.023186605690547993 0.038680619982937245
175 -0.005630325523519664 0.011481509773111308 -0.04668567415050595
176 0.0015871062571061328 -0.02414591236212905 0.04016865173725144
177 0.0018746689643269476 0.013095653485943586 -0.044672804231978454
178 0.009518501089385747 0.04954176672449209 0.024384666363101506
179 0.003510321887386793 0.00586946874651735 -0.04296897493451533
180 0.0004289549650067538 0.008580727200024117 -0.04285892808823363
181 0.0011005868721217548 0.004217310546872568 -0.043372866562833706
182 -0.009926540231405268 0.061899891252703884 0.029171335860292344
183 -0.0009656075512818815 -0.021012203048605016 0.03922178444865805
184 -0.0012879336424911347 0.010829651862689355 -0.041491149565305814
185 0.0007769987984379122 -0.02190988103567664 0.04311408169473698
186 0.001035285833142557 -0.01693459797560266 0.040510767448299
187 0.0016341978900836773 -0.02436072235399396 0.043571319080368064
188 0.004535102059782872 -0.020975222571691092 0.042042432889588185
189 -0.001093021932351219 0.004835646160468868 -0.04499932463216193
190 4.078131157515125e-05 0.012860155497380728 -0.039991606883741745
191 0.005484611122806349 -0.021411622745183857 0.03859221166682418
192 0.003490968978932918 0.05968607456546207 0.031497121857680256
193 -0.004941122343258605 -0.01826656092290651 0.04148700561051007
194 -0.0041198182075858625 0.014329475804148284 -0.0416574873487254
195 -0.004572723293138854 0.003825545137140121 -0.04933419791253822
196 0.002849634411809793 -0.022894795182741783 0.03954027784929093
197 -0.005070651072632326 -0.02089810028572106 0.03950757600305524
198 0.0018179166274674158 -0.01919060874186615 0.043486268814897554
199 0.0015806937869507973 -0.024491609195984337 0.044180543226741045
0 0.005031466603696119 -0.005872902548498437 -0.0021409108163927826
1 0.007109257005919856 0.05870468920937097 0.030495804359994598
2 0.0004991631064007393 -0.0073965242659928335 -0.002781504029485654
3 0.0035626137678274328 -0.009617132104618571 -0.003505274402910312
4 -0.00021033769563975208 -0.006094030902371553 -0.002487264341585471
5 8.215718926002369e-05 -0.009209758098767553 -0.003639583823229875
6 -0.003060308896074976 -0.01078971021533579 -0.004388704547725816
7 -0.0014844815256961595 -0.009798782998364362 -0.0036287281650280376
8 -0.001740325858009169 -0.007988459325662101 -0.0031592133620024707
9 0.0006732746129529277 -0.008013427722159079 -0.0028812755736589354
10 -0.001416048293482403 -0.012626159336632648 -0.0053520811130168405
11 -0.00023737813400969213 0.05085855141896037 0.018220010553369248
12 0.0014509966342632682 -0.006042342521318092 -0.001999569571001003
13 -0.00012802196044164882 -0.009258986867119325 -0.0036177870027347403
14 0.005093875682326859 -0.007589311823294399 -0.0029452471757831084
15 -0.0003313593611392676 0.0011909684507331077 0.0011311955251396971
16 -0.0009441104253870118 -0.006181939621444043 -0.0022061093744720067
17 -0.0017593235902796439 -0.0010247359895344983 0.0004017707343605126
18 -0.0019272261612002482 -0.0078081879641502885 -0.002769795712829634
19 -0.005189001193547843 -0.007603926465571406 -0.00288594757332504
20 -0.000646736562494088 -0.011357466623270585 -0.004463387238254554
21 -7.352024214855521e-05 -0.007313452016419621 -0.0028369946824645387
22 -0.0036151780808411638 -0.002536471926277538 -0.0004569487187652266
23 -0.0034463314713549555 -0.009344648786779746 -0.003510460198756171
24 0.00027182468271727545 -0.012924761101401585 -0.00542877908977981
25 0.0006868664719289416 -0.005624565330965503 -0.0021634052514539967
26 -0.0011939438376499846 -0.01262242829541353 -0.005175842993639004
27 -9.931513539993692e-05 -0.014629358369789267 -0.006145282648111879
28 0.0038408285636020167 -0.007979928251311164 -0.0026870662972958564
29 -0.002352967552441163 -0.000667991845443916 0.0002976863557983406
30 0.0015079746149421897 -0.002722808809079158 -0.000374081381834937
31 -0.0018278132681040574 -0.00782144782664706 -0.0031478225230075346
32 0.0024352435929431426 -0.005783072045275813 -0.0021213319723454582
33 -0.0049679317592288275 0.06295665172877163 0.029157664609305495
34 0.006611781779532505 0.05932786573041354 0.01912848989057394
35 0.002266187363560754 -0.004266973216680278 -0.0009268460269140008
36 0.0010385915768994503 -0.010914212051975784 -0.004540160071917154
37 -0.0018328208833690955 -0.011263026045786207 -0.0044656039504778755
38 0.00035963716941724705 -0.011207846791069877 -0.00440827918966339
39 -0.001987625281445686 -0.006375460811264593 -0.0021927218079093175
40 0.0007538891216013529 -0.009357524904663284 -0.0038509715196414357
41 -0.0023558382752283044 -0.005867104110537601 -0.001893763953450145
42 0.003339377112183739 -0.007605505728354684 -0.0029711568440257963
43 -0.007652264169621087 0.05159812638300834 0.027253432932242652
44 -0.0012838707402796276 -0.011201397445004781 -0.0045842413169143725
45 0.0033910943951958802 -0.011006598064859423 -0.0045378307259074865
46 0.0005589630034051607 -0.008135605856187108 -0.0029854363538237283
47 0.0006210939359319271 -0.011424902790137133 -0.004419641257615306
48 0.0018199254637759274 -0.008202676710686599 -0.0029419273520711192
49 -0.00261391959889987 -0.007923227648900046 -0.003129256161227542
50 -0.0029476103895738903 0.06161146464133696 0.029977613786058233
51 -9.93151353999161e-05 -0.014629358369789302 -0.006145282648111941
52 -0.00041174399648485904 0.05412361741465847 0.028681812940775916
53 -0.0009649480476218997 -0.011144506157913202 -0.004588702429005276
54 0.0004390648579338727 -0.00603022818501614 -0.0020296728307379053
55 -0.0009529645339397888 0.052265611200559906 0.02746435353247105
56 0.0016121206938584237 -0.005680672862094333 -0.0019474884410184412
57 0.002782958286451767 -0.0013285178495488943 8.92977280880225e-05
58 0.0004559356838187631 -0.007456795684504389 -0.0028932406595056637
59 0.004461375119409777 -0.0039287307561130455 -0.001435842467781584
60 0.00031541544750356143 -0.00763173553679063 -0.0028763435937820825
61 -0.0009290127754318089 -0.006270116992955125 -0.0021701769496436513
62 0.00010500789604543127 -0.011452847834231401 -0.004459578649837571
63 0.004149613802911463 -0.005570059334598284 -0.0021391276258731495
64 -0.0027385714843086092 -0.005709986501865145 -0.0021067542372089354
65 0.0009438253288125559 -0.011292049670823999 -0.0044374272618791025
66 0.0007006089046492359 -0.009812031551169888 -0.003816358964778291
67 -0.002855577743141907 -0.007298217564379789 -0.0027980374539508246
68 0.0005282269590735564 -0.01091516284857496 -0.00441278469278672
69 0.005509837581845284 0.05359054249582457 0.01933734280713558
70 -8.878733639341996e-05 -0.008005098166694584 -0.002736135105286343
71 -0.001509484439599064 -0.012511945031582641 -0.005232706161731257
72 -0.0018648182995056536 -0.008715244799618323 -0.0035567887996940384
73 0.0006348914431098078 -0.009013703921280876 -0.0036936560246012898
74 -0.0007574404871541662 -0.012953736174052696 -0.005341101349235669
75 -0.00033020658935485614 -0.0060707780117105585 -0.002062050624857238
76 -0.002973725020217722 -0.009613639358844135 -0.0036661041990056
77 0.0005344589659197208 -0.010659376991037047 -0.004495629312224844
78 -0.00027613092672017225 -0.009671270491359667 -0.003755452118227573
79 0.00011915213611284406 -0.011427997176911137 -0.0048310918370158135
80 -0.0013183065778343862 -0.004541582130143947 -0.0011104212545356082
81 -0.0007357487592338171 -0.009563463377911141 -0.0034621592324781125
82 0.0012653621743018845 -0.012868301475132007 -0.00524712836784666
83 -0.00038872430576186723 -0.003772665719990907 -0.0012485502809652382
84 0.0004395460988348976 -0.007633459931656591 -0.0030200456063186193
85 -0.0010117057680763333 -0.0074326888713798275 -0.003023974691644865
86 -0.003158423894311063 -0.0024415686352225116 -0.0004686441803889718
87 -0.0011777376223621131 -0.011425900869907885 -0.004467754951965969
88 0.0005993344809370471 -0.0025489917798906525 -0.0004738642599073084
89 -0.001592647779679943 -0.010711984939378354 -0.004325258381624515
90 -0.000964948047621865 -0.011144506157913138 -0.004588702429005484
91 0.0013549838407635184 -0.012860118180331101 -0.005275023291051409
92 -0.0009697990403254705 -0.009770913953986833 -0.0035888993870732966
93 -0.0033899457681458717 -0.009745877837277386 -0.003867591008611296
94 0.0011120215128281631 -0.0031359572098405147 -0.000616366914103314
95 -0.00028661016549770546 -0.007369831059941247 -0.002653114801494341
96 -0.0007574404871541138 -0.012953736174052669 -0.0053411013492356135
97 0.0011993494095936426 -0.011363531021063744 -0.00467775648150992
98 0.0009817115085292184 -0.0055776873716220365 -0.0020741846362057614
99 -0.0007570455425315072 -0.008004515292481711 -0.0029207447114037166
100 0.0025239970082312213 -0.006339961651409803 -0.00224010112742018
101 0.0021750972745755853 -0.006344744451577011 -0.0021828354980681156
102 0.0007536310896979481 -0.0062439345431863046 -0.0023016803886928283
103 -0.005196383454075332 -0.005294236225533572 -0.0018731604485260414
104 -0.0054503382857409854 0.06184556747014969 0.018750079559118983
105 -0.0006865306547080515 -0.007975725907540294 -0.003154308496563493
106 -0.0001161186804202255 -0.007539968497460848 -0.0027848479323595576
107 0.0005510993392457472 -0.008019125379348766 -0.0027194344014384725
108 -0.001844238129590385 -0.01146047620337162 -0.004707830892226386
109 -0.0012838707402796287 -0.011201397445004731 -0.004584241316914414
110 -0.000875012279883099 -0.003133467803304084 -0.0006085808280968524
111 0.00017212225820557522 -0.005322077680050767 -0.0019077580065272326
112 0.0031938654660315924 0.059507269662938914 0.019940602390580722
113 0.0011099728124079403 -0.011371691938752093 -0.004649937836608317
114 -0.00027391039894036906 -0.0071700749321530755 -0.002802660716302488
115 -0.0006742852974165464 -0.008094113326934587 -0.0032034426176024006
116 0.002838409259926733 -0.009047681219520046 -0.0036748325477587926
117 -0.001696949169361181 -0.01295732918486073 -0.0053051801653464375
118 0.0007636942472125322 -0.013119649792793217 -0.0052590914434762145
119 -0.0028156324746399994 -0.007430544759281961 -0.0028504161316533425
120 -0.00024225899206226087 -0.011197609093339587 -0.004439643974102507
121 -0.0023131185808657403 -0.0025797701403745092 -0.0004621160535591001
122 0.001520143566345663 -0.0023478683841624166 -0.0004983112678244167
123 0.000737490596701685 -0.009140789307522955 -0.003740550700989137
124 0.0009655029361310772 -0.007096471388656657 -0.0029143623475598873
125 -0.0007723964038947508 -0.012994336397375753 -0.00530543413920502
126 -0.0007574404871542109 -0.012953736174052786 -0.005341101349235766
127 -0.0005062506862155234 -0.002898164445003095 -0.00037550368081908786
128 -0.002330483656270546 -0.005646602360667955 -0.002022003894286209
129 -0.0038932420577911368 -0.009576833712166298 -0.003665851608457081
130 -0.002138248435692436 -0.006310443159285622 -0.0021724586932822115
131 0.00013056938233410587 -0.01123054701932576 -0.004588864895267261
132 0.004681539423405032 -0.007957466099160041 -0.0030536599671317083
133 0.004863067884210648 -0.0052279386124079764 -0.0020047102535670214
134 -0.001991726374338962 0.05205067706773668 0.02562479544462693
135 0.0014658764284534165 -0.0008192483348786507 0.00029480773316384323
136 -0.0007723964038946693 -0.012994336397375829 -0.00530543413920502
137 0.0012073180723906896 -0.004253411853113839 -0.0012480750138012947
138 -0.0015307452605487493 -0.005642573149282539 -0.002004511665255476
139 -0.00010877377504896896 0.05415091626304111 0.02303485471955803
140 -0.0015350713031173566 0.06269420643878823 0.024666329468263158
141 -5.688271937245165e-05 -0.004394742234179146 -0.0013756945535071258
142 -0.0011822253003384142 -0.009142505332205012 -0.0036832108317132045
143 -0.0008958812753782179 -0.011259442860019255 -0.00450142690835903
144 -0.0006319160412409687 -0.009251677977382463 -0.003655745788438927
145 0.0023286271446620703 -0.011086227592001905 -0.0045451262728474495
146 0.0008491367262155498 -0.010769558139826614 -0.004438921635722577
147 -5.978343910550618e-05 -0.009544612120363297 -0.003734549362024789
148 -9.931513539988834e-05 -0.014629358369789198 -0.006145282648111913
149 -0.0010990887560544046 -0.007853010763912508 -0.0027423796732373995
150 0.007978887670410911 0.05520690265012533 0.03259897281548013
151 -0.0033504204319251447 -0.005831048336411814 -0.0018593952184367685
152 0.00027182468271733096 -0.012924761101401554 -0.005428779089779914
153 -0.0034314570144617154 -0.009304269699215266 -0.0035459331414921663
154 0.007143414596183978 0.056283483408895774 0.02918403912185448
155 -0.0012838707402797016 -0.01120139744500481 -0.00458424131691447
156 0.0005718418640120321 -0.007943695047497455 -0.002855992411796411
157 0.0040358029022640116 -0.00922736766692362 -0.0036520422536007874
158 0.0004724510897572863 -0.007649465820895448 -0.0029281764193566234
159 -9.931513539986753e-05 -0.014629358369789291 -0.006145282648111879
160 -0.002504083904938975 -0.01063030489970161 -0.004387507581559327
161 0.00435656240884446 -0.009242668269137416 -0.0038119628533729508
162 0.0008951249510006937 -0.006771361713322349 -0.0027703348017665066
163 0.0031796933377552725 -0.006135450129372361 -0.002385037977616522
164 -0.0033899457681459966 -0.009745877837277369 -0.0038675910086114346
165 0.0013141660650430784 -0.009439542733139461 -0.003700017759095099
166 -0.0028015903427437983 -0.007865545267101797 -0.0028135475531840815
167 0.0004991631064007566 -0.007396524265992754 -0.00278150402948589
168 -0.0009587412891449848 -0.007848356027688352 -0.0030425273571800526
169 0.00038109964876793453 -0.00765895268076882 -0.0028881352016559628
170 -0.0027417170523739856 -0.009030355528703495 -0.003675593279548653
171 -0.0035478384093039564 -0.005544333138141597 -0.002136521301771138
172 0.0026083403989279053 -0.006572809761717806 -0.0022538061560452363
173 0.002046376130376698 -0.009099937800058442 -0.003719809969203
174 0.0007834289647543277 -0.006119978575543035 -0.0019379827220597223
175 -0.0002196110284010261 -0.007343708997554831 -0.0029297550111956894
176 0.0028277273902913673 -0.007772489753473506 -0.0028739365450479934
177 -0.0013205810434721455 -0.00959528809204175 -0.0038611234356473872
178 0.0015691117356372158 0.049345994359055734 0.0347807429778239
179 -0.002718545987094912 -0.006961338004892365 -0.002672679943103995
180 0.0018108794237799118 -0.005964021552976153 -0.0020597725581102955
181 -0.002166889516609316 -0.006939190594045325 -0.0028336713998494134
182 -0.008042656137752263 0.05222495910702839 0.02734049913157497
183 -0.0028960136573859957 -0.00809559215104106 -0.002806445086585105
184 -9.931513539991263e-05 -0.01462935836978918 -0.006145282648111872
185 -0.0006916906634510615 -0.0075866752322535196 -0.0028784579765654544
186 -0.0007518255304135094 -0.0055047726649224485 -0.0017401081461482226
187 -0.0019530584444174236 -0.009030032066157746 -0.003567568863631597
188 0.007650838670030108 -0.0025540077259540196 -0.0007968610816813382
189 0.002328831148013001 -0.006500700169022305 -0.0024011140767198486
190 -8.060095876660789e-05 -0.004464797034590268 -0.001522147031218779
191 0.004164976597740844 -0.00902195184484271 -0.003508449179228844
192 0.003286710732112702 0.06165748272581764 0.02542158136064903
193 -0.0011009069271882173 -0.0053730201852041325 -0.001688918352694073
194 -0.0014160482934826996 -0.012626159336632579 -0.005352081113016813
195 0.0023401559952546114 -0.006304847961831395 -0.002160847460766252
196 -0.0017013652881886169 -0.007235679696297785 -0.0027364419810357657
197 -0.0006359639297940645 -0.007422526724050527 -0.002609028444736934
198 -0.002219424237475896 -0.006081896770500913 -0.001984728264158686
199 -0.0029226728827462974 -0.0028123962276301734 -0.0006937578414283607
0 -0.0007367323071027915 0.0017935703744979496 -0.046491344147576635
1 0.004797331679283895 0.00027144684377025663 0.0408377076527719
2 -4.3657237992635045e-05 -0.00026890654307209355 0.04222975179528732
3 0.0013117366267144243 0.0004284805123567492 0.041803353533345106
4 -0.0011611973601671557 0.007693717408508664 -0.04302329162440059
5 0.0040927085082496165 0.011434574909428442 -0.04413302477553458
6 0.00030020186806613974 0.00626637794653502 -0.04823031193375678
7 -0.0007683132650987516 -0.000600148085717761 0.04529316888176396
8 0.0015039644968577945 0.00048003981261313805 0.040702761530748685
9 -0.00036156171065925523 1.7401679320669383e-05 0.040739866388990575
10 0.0007657830823177836 0.003269385551945279 -0.046403700462443694
11 0.001008029263558887 0.00035674415757883104 0.03946378341005281
12 -0.0014209645963187065 -0.0007078369937507517 0.04299992823185958
13 -0.0037511909408368058 0.007226376043879913 -0.047065513749640395
14 0.0034993100615200723 0.008220272788557095 -0.04773754009277881
15 -0.005017785227804605 0.006172911210721117 -0.04329535967785143
16 0.0006809714910985462 0.009211705103329923 -0.050368827212872155
17 0.0019052706399720239 0.00021895583926330106 0.03930952165751939
18 -0.0005202215502237498 4.004947502660172e-05 0.040060937676143896
19 -0.002243413771049474 0.0021260890391950294 -0.04699529358732511
20 -0.0040353948097448245 -0.0001371621961859526 0.03864389410634093
21 0.0007821209348960884 0.004414290601374916 -0.044718283666688646
22 -0.0025147608716109965 0.003612554073831 -0.03839492815797016
23 0.0021173175438911236 0.011440789857237106 -0.04749353813218361
24 0.0036624084748425947 0.0002740902886352384 0.04008096351734229
25 -0.0034031276098448818 0.00026786010581678066 0.04104626819874434
26 0.002315117057564526 0.012766399948950404 -0.04596908165028897
27 -0.0016066370884911078 -0.0002801842384124731 0.04307494963303321
28 0.0008342679862896538 -0.0010077620933809442 0.043745388103220845
29 0.0011930920342256915 0.009558807580537652 -0.05088749014975702
30 -0.00036349250922458956 5.042914370655821e-05 0.04025008696543339
31 -0.00430395627969031 0.005051479523032265 -0.04147678635145491
32 0.0030882361912408923 0.0060339210697128096 -0.04803613477497917
33 -0.0012734663273820945 0.00032269769272394444 0.04264538912381683
34 0.004570690405573674 0.0003601771605620252 0.04298536071021861
35 0.0003187540698253166 0.0001949453573523649 0.03831035782085199
36 0.0025675882882425713 0.004358404648728963 -0.04003419873935541
37 6.206122716291562e-05 0.004380095361001429 -0.05150944432684449
38 0.000554141603217255 0.0002687875264479611 0.04009749871227537
39 -0.0004602405884732569 -0.0005370880065898517 0.046234047820041
40 -0.0020728695028953935 0.0046696164472926705 -0.04109250213028671
41 -0.002938267232970304 -0.0004075200993719774 0.04640050577067324
42 0.0003978037723358918 0.007454370512758428 -0.04957181122827108
43 -0.0031926513801542322 0.0002171832819053976 0.045688773593446134
44 -0.0010388426698757225 0.00855808199604696 -0.04862095790067279
45 0.0036322902384703787 -2.904051956031245e-05 0.04252585908035576
46 0.0024640829441106606 0.0033219677828143267 -0.049067722492097975
47 -0.0007616239958933499 -0.0006803829158462393 0.04615008630881434
48 0.0009226909010371584 -0.0005056235247275359 0.045493884168637554
49 -0.0005936137604986569 0.0026046299920855897 -0.04760101886892433
50 -0.0029317593673950093 -0.0005169964396945781 0.04718893779444326
51 0.0007070341576877835 -0.000622421860069132 0.04776249167378772
52 -0.0027935184041691513 -0.0003578421325732273 0.042415206126131755
53 -0.0021064655484213796 -0.0005473027388016999 0.043960711684365834
54 -0.0028420611197156956 -0.0006482399049324364 0.04474339097147272
55 -0.00022628512810923818 0.0004873786431511262 0.04161227242825147
56 -0.00023587680674935774 0.007536068131711885 -0.046511482694887155
57 0.00390803070771456 0.006627200411464185 -0.044373750948341034
58 6.010861565311498e-05 0.0035062935101616392 -0.042605621209105216
59 0.002168960956672586 0.01074895334345571 -0.04908877799808982
60 0.0007838155239493078 0.011800065066408995 -0.04818995170626608
61 -0.00396983087493985 0.007732682934482134 -0.050128395588099645
62 0.0026103068319926386 -0.0005540680321581212 0.04315240354838688
63 -6.805535917954464e-06 0.005796609218163836 -0.046981108132772495
64 -0.0016212534865132563 0.007476614925015785 -0.045766300084569084
65 0.0007305516950402435 -0.00027922823816632636 0.03907006679741338
66 -0.0038326730473864368 0.012037197513132408 -0.04291961234780488
67 -0.0009766475380847753 -0.0005644297756957142 0.04554974005949705
68 0.003526852057003267 0.005586285716484006 -0.04410587956971804
69 -0.0008355717020016445 -2.1867349201037944e-05 0.04471680224459999
70 -0.0006686069893406948 -0.0008803679918113344 0.04620049685763933
71 0.0008349796092548128 0.006690937001483194 -0.04517663577714054
72 -0.002895656741190418 0.011637613611236447 -0.042885268453636174
73 -0.00019020783344514403 -0.0004099844324168475 0.04372140675597678
74 0.00040706136748342456 -0.0008766659319907333 0.046288246446257314
75 0.0014574541884910149 -0.0005147185830970402 0.04537202497561315
76 0.0005475079271846821 -0.0002530190259115994 0.03868191165700946
77 0.0036994270604807367 0.006765780085733912 -0.04879631757025305
78 0.0015312850337302758 0.0025567763472002917 -0.04501971121484325
79 -0.0006286402740351901 0.002214474192954674 -0.05137598787387556
80 -0.00025428579884404813 -0.0005314188459991029 0.045419862350825305
81 0.0014271892042241091 -0.0005927141746592743 0.043689395835735244
82 -0.00019405080487092455 0.005006921400856456 -0.04214760643814838
83 0.002763947490342405 0.004934559205115623 -0.044525274312581326
84 -0.003198494615800254 0.008711414698576298 -0.044185885485823806
85 -0.002941363022790539 0.00420348592086728 -0.04117983400015389
86 -0.004956543263480731 -0.00012923485885240477 0.038653683107691655
87 -0.0002591634946869214 -0.00040544154734231674 0.04172698006384778
88 -0.0015981808025794832 -0.0012957491939682986 0.048896935556367496
89 0.0017356907779513871 8.748315247805033e-05 0.04148575968407375
90 -0.0011663694602387226 0.0040419205439100915 -0.046776411651850994
91 0.0018151438758681956 -0.0001603870779852551 0.04326115983489284
92 0.0008581782266892644 -0.0005103786788154541 0.04566304492716896
93 0.0002213767766852115 -0.0004197252621822717 0.04162440435164966
94 -0.0004992577539568409 1.6677843383015867e-05 0.04230324391400564
95 0.0013202611829998406 -0.00043062285300730224 0.04558593769274432
96 0.0017257388116294695 -0.00041146172019582844 0.043702665031029514
97 0.0012102675197070388 -0.00030809930143940734 0.04322397795438057
98 -0.00011509533284696435 0.007749025250327956 -0.05007035472847825
99 -0.0010673018188306089 0.008109697959094041 -0.04754641813120697
100 0.0003352269005578775 0.007921871042782701 -0.04734677155550827
101 -0.001343338461435889 -0.00012080755887280276 0.042947137438274705
102 0.0022399227516918807 0.006964250350986167 -0.04505914521241507
103 -0.0010713305114908866 -0.0003317456410402847 0.044089305527048483
104 -0.0019908595022749276 0.0001787980809055123 0.044685438947470006
105 -0.006620147234016171 0.00703302613615115 -0.04475926480484505
106 0.0022955396873815745 -1.6920924295445866e-05 0.04458351197384344
107 -0.0014406078076238788 -0.0006657366355007494 0.03952060996378698
108 -0.0017193375994694615 0.007118388300520401 -0.04468920682762232
109 0.0016442596875155119 0.007670646627565526 -0.04621673382927501
110 0.0015466563614936575 0.007989841430721815 -0.04413277452508113
111 0.003606226950644019 0.006397340705780682 -0.051759912401201036
112 0.003450901070117432 -2.4286093513653517e-05 0.04147805021191217
113 -0.0015525651920439178 -0.00028826922449167597 0.0455694806898075
114 0.0039218472125798695 -0.0005111786733935988 0.045352100378135446
115 -0.0021572044934257614 -0.00019478764881519783 0.043281255101744284
116 -0.0006102379985187256 -0.0003664850550154572 0.04219194030085469
117 0.0009940994333451497 0.008268778329084535 -0.04799074510320725
118 -0.0007182357945522784 0.00017195440955473928 0.0400170725956602
119 -0.0011476212558286653 -0.0005637530164091936 0.04258083489432938
120 -0.001586465876167717 -9.196923254317646e-05 0.040740309363962716
121 0.0007704772518659711 -0.0007300532393518799 0.04794108708040995
122 0.0023533586000717387 0.007673607337191971 -0.051073297382703775
123 0.001953559726077147 0.008280003421568417 -0.048676931132698206
124 0.00013036565149964277 -0.00038786660744745145 -0.042326796207206696
125 -0.002279347173135958 -0.0005972898688910225 0.04388702492686196
126 -0.0019405208261806008 0.0001175894228971075 0.040817967870000624
127 -0.0002893599710522797 -0.00027195369584857507 0.041674034827406586
128 0.0001538136920510233 0.003582737848307312 -0.04927186664164821
129 0.0038803258338340014 -0.000494132525530197 0.04612802003499231
130 -6.266728514738723e-05 -0.0003053237049106018 0.046485593376335996
131 -0.0028447515362288733 0.0075548680303925905 -0.046455083352392734
132 0.004204616801280217 0.009219079415558308 -0.04553283225372702
133 0.002524292382694679 0.010823615755481627 -0.046192111072677004
134 -0.0013868331097820902 1.5976209938040054e-05 0.046296781042741035
135 0.003190233293819039 0.010002185637992034 -0.05074730166232601
136 -0.0010294007083554609 -0.0006691765659881388 0.04234894602254466
137 -0.0029282210864305103 -0.0001577812249184199 0.0437326843839452
138 -0.006793692870248211 0.010801965060678993 -0.04585024548039426
139 -0.0015989340006683558 -0.0011607951712089282 0.05194065503458177
140 0.00024905449966682036 -9.267238411933554e-05 0.044675844815689605
141 0.0002718888238945026 0.0011447981990405551 -0.04784374104810539
142 -0.0010023265359803916 -0.00048652289303982577 0.04467961255229755
143 0.001213977247938338 0.005466152712582024 -0.0432412807818542
144 -0.0012672362932819523 0.009273310064282074 -0.050023207145804785
145 0.0006248046540956315 0.00460838112454107 -0.04828362345913553
146 -0.00026497446068303107 -0.00022354602284577196 0.04400635743325287
147 0.0003525659864534632 -0.0008929086287775972 0.04524873216301633
148 -0.0024208209318618973 0.005479208240412841 -0.0461229142121648
149 0.0011112803034272999 0.003180186584735666 -0.04985467201448171
150 0.004516163884502156 -0.0001549029534570201 0.04518413796129211
151 0.0017996387894944274 0.004403344804008004 -0.04830176444194573
152 0.0013975960392739462 0.010369157525900305 -0.04761563688345031
153 -0.00031040019312921635 6.401193500329971e-06 0.04397745735585222
154 0.0011066496119520874 9.615200736343144e-05 0.04410911919142161
155 0.0037348404143607294 0.004774206084026516 -0.048166998494324605
156 -0.0008677674713625169 -7.063684946209681e-05 0.04097781802196831
157 0.0014267538311357741 -0.0008445280926481849 0.0436162245023547
158 0.00321704942445741 0.007882430007200385 -0.05092769830676947
159 0.0011500806159462527 -9.497346881055801e-06 0.03862189047130047
160 0.0021248110709081655 0.011351608947605115 -0.04234189176503897
161 -0.0009404608535491313 -0.00045953060918568073 0.043834340984670525
162 0.00026810723383305195 -0.00042746944230959844 0.04212235904436537
163 -3.645511736031365e-05 -0.0002419386549378233 0.03890708854419511
164 -0.0014667224665390471 0.006281443240211175 -0.047337283654270416
165 5.400051883556198e-05 -0.0004452362250202055 0.04306414944088191
166 -0.002994591295231816 0.0033355790524658615 -0.046123031936190884
167 0.0013157241425158749 0.006109019023302452 -0.0503145877020683
168 -0.00043345756623711443 0.01008624640634443 -0.04438439173035978
169 -0.0007671376112441779 -0.0001962709039039362 0.04324888129128873
170 6.421787999495547e-05 9.877943861630323e-05 0.040601704684789866
171 -2.8666753381735577e-05 0.007844446933933394 -0.04742626567518066
172 -0.0003295546987866077 -0.0005467216507841141 0.04323754411328002
173 -0.00788802800680602 0.009321367106486109 -0.04530572822271727
174 -0.0024044702994882455 -0.0006491306490991333 0.0422047774144715
175 -0.00349453238308442 0.004915512318596511 -0.04603157575777002
176 -0.00034518967177891297 -0.0006080430502379622 0.04004454465913961
177 -0.0018218095917363012 0.0030213899695371283 -0.04914982544548051
178 0.0002090558324316094 0.0003781765654826408 0.04555465645892725
179 0.002752652264795801 0.007085325155148583 -0.04690087965513774
180 0.001306342114184296 0.006270278595307041 -0.05173899621391935
181 0.0005136079379322008 0.006134140530866774 -0.04747299846171334
182 -0.002795799462182058 3.327759151072751e-06 0.04554023670317938
183 0.0012057599773964423 -0.0009190433907230802 0.046185769003721774
184 0.0039380526555803895 0.007563306110640311 -0.042965332308071424
185 0.001101560642826559 0.00010250748717355318 0.0370931987602493
186 0.0014175087575679854 -0.00012356132542890377 0.04370370438555972
187 -0.0020097418233281615 3.973956150107871e-05 0.04081339922022882
188 4.252409010710445e-06 -8.607857733174129e-05 0.046402493023107796
189 -0.001057734936653935 0.007595545821794612 -0.05099989184112724
190 0.004131277566859007 0.006229173478901588 -0.04742659998433596
191 0.00161417888556728 0.0001439330193395913 0.04015678510302982
192 0.0024050234758023203 -0.00015309788613693254 0.042225711016135536
193 0.0027913528893480713 0.00012957667651926005 0.04106950217800549
194 -0.0026450279997316875 0.007829055023386239 -0.04358276156382496
195 -0.0010082765840502168 0.0031270008031911156 -0.04820448838576945
196 -0.0027527611298698955 -0.000870720857070878 0.04378714034560542
197 -0.005576665564863026 -0.0004691446587435297 0.041687641286153515
198 0.0017886290649837648 -0.0007624365163249949 0.04452833974068598
199 -0.0010270683737075986 -0.000997341253078203 0.04599612639952669
