200 3
0 -0.39817184707668085 -0.02264746005882347 -0.31646804916670707
1 -0.36220328989328676 0.3378335026249227 0.32398592147589744
2 -0.4056282784400571 0.2278167563788677 0.31211386309095546
3 -0.4069490350567368 0.07301830378609578 -0.29687089235262326
4 -0.37859550383942164 -0.41759220361897653 0.22645682987546722
5 -0.40458290618882004 -0.2965614215629927 0.2697046296908623
6 -0.3605223338220711 -0.20636460381863833 0.2656483549262979
7 -0.37775198031841367 0.21315022022199337 0.13494273061336412
8 -0.4264620035876833 0.008775321739971361 -0.20362840808850047
9 -0.3505126944510882 0.24986944549108367 0.20597227649820313
10 -0.40133152199115113 -0.295154083109863 0.2832330175362323
11 -0.28335235367305583 0.14932768409605818 0.2572591626014037
12 -0.4373438455194205 0.2597575178528101 0.31791126464493497
13 -0.27464891818501574 -0.27715892385374125 0.2998304723942699
14 -0.3068236664461842 -0.23630750616680693 0.1276419061342416
15 -0.3849576322459783 -0.3166129799423943 0.2088829164459845
16 -0.35409145214530136 0.11221191225054769 -0.3211689693610222
17 -0.4078905737218879 0.03126988268381595 -0.27374250928124616
18 -0.38403376500517517 -0.031213401163338872 -0.3230426976827045
19 -0.3788595545719445 -0.3565390455045751 0.2786949352056715
20 -0.4279339965393454 0.053507454830756696 -0.27445634536683317
21 -0.43450843775831827 -0.24462441342941896 0.2760613998906727
22 -0.3776687687195855 -0.1828303168887521 0.15762454241475632
23 -0.44914431623025725 0.1530992985485643 -0.1432318371979016
24 -0.34885158106615527 0.07012254874423979 -0.20177683908204816
25 -0.38104715298237174 0.39660057021994527 0.42204323829166696
26 -0.35608421304914345 -0.31540403493049585 0.10263655514621646
27 -0.4144265636533995 0.04151470342454962 -0.23911295066788865
28 -0.44708352479903135 0.01763743617190003 -0.22657921209204507
29 -0.3338157324595028 -0.29697160425154023 0.2747160258179977
30 -0.3858915431860863 0.091832668032428 -0.40708273623975844
31 -0.39591701728426104 -0.394115995890371 0.26660614207829814
32 -0.3585113806986762 -0.2583339937048679 0.1847155412656898
33 -0.4265100825420359 0.3391766646479262 0.2831572402973592
34 -0.4095195932963771 0.19794250864402427 0.4651146767032412
35 -0.35776127870928476 0.219366430905416 0.4206962601366255
36 -0.3917089352716235 -0.08615067301839238 -0.3645952645734772
37 -0.36265047109873594 -0.25596150287075664 0.2914256829118679
38 -0.4273441457255363 0.026389517097494996 -0.3482854776609325
39 -0.4295730317022281 0.07618933395849298 -0.31691028621070505
40 -0.4120173180491276 -0.2974603758459598 0.1782895323637628
41 -0.36004370383963297 -0.018667865084759084 -0.3750539125380676
42 -0.40489131091654224 -0.27286566064110873 0.18284006520331567
43 -0.38751480173728087 0.2512944650673384 0.3245725375404551
44 -0.35644125437918206 -0.24125653492719712 0.2604766099912774
45 -0.4293007834088066 0.07747347780893021 -0.2124798673767683
46 -0.46582059512658863 0.06974439664029329 -0.3894625839562416
47 -0.41634055379156165 0.06118747450109603 -0.1318307674738001
48 -0.4021766969199926 0.03182054170208435 -0.2947058098509127
49 -0.3912638568240844 -0.23963526096942664 0.24911102076082225
50 -0.31821164931033985 0.26067551974829406 0.30547932891175544
51 -0.2966102570712912 0.186563107293706 0.23523179934083638
52 -0.34471413890379055 0.2381106341611473 0.24059665062805538
53 -0.33275514221189567 0.2355849766835362 0.24862543294955758
54 -0.33698475035482633 0.10103242197580826 -0.16381405551075476
55 -0.322726627552461 0.24305302027173253 0.16571842264841863
56 -0.3509575557279629 -0.2226328715270524 0.3017255896205997
57 -0.4123990001139649 -0.16271223623330835 -0.027879861885244345
58 -0.3593567601389129 -0.2444355713362717 0.19960567665917534
59 -0.4520647448602282 0.056727547399172594 -0.37104166429791896
60 -0.40034436421302827 -0.04221506037628258 -0.2682726856748711
61 -0.35939118337603926 -0.3248442812811743 0.14556691808542271
62 -0.362662499965244 0.34251392108785034 0.21715422696310455
63 -0.41051791420064304 0.06653366992118509 -0.37424422869660845
64 -0.3342917518946204 -0.2776057256109823 0.22674013641373553
65 -0.3812364229904928 0.04310246824518432 -0.37121322466239737
66 -0.3539226181804957 -0.3402144128707519 0.2173160478929218
67 -0.403277897223584 0.3466709153509245 0.24044591005079607
68 -0.34065280908970674 -0.2967861668197064 0.2322241591514659
69 -0.33857618468042505 0.23124702944933737 0.21798206734051076
70 -0.3491304859447864 0.23868499766306883 0.17875114346046517
71 -0.3433295580558651 -0.2802678950743554 0.1802478275431789
72 -0.3235668241693799 -0.39256400029502675 0.25109237552716496
73 -0.3534301584569322 0.34438925352280914 0.2111856376631505
74 -0.3392943651608488 0.26108287447501594 0.2938885419329763
75 -0.34610571581695987 0.26721588991789147 0.2655508008019711
76 -0.38059376383218313 0.25058603707830973 0.33561957207877824
77 -0.37684526650243466 -0.26653431537278544 0.18865327818996983
78 -0.3955063090742358 -0.010036919735365033 -0.29522635877665704
79 -0.31925034364659816 -0.2846912649623605 0.14821097399208408
80 -0.38784158715667993 0.13891175613595572 0.2948325317347053
81 -0.4877204360892513 -0.008188270643680098 -0.314875224810263
82 -0.4071638298805072 0.07221793542762978 -0.15830154965350773
83 -0.38312926871574265 -0.030586512304640344 0.2505836243195794
84 -0.38323393542898937 -0.008216251072107657 -0.3183212628135366
85 -0.4616589763385539 0.2507704090276471 -0.2785002628971092
86 -0.37574293796595387 0.2489560650994631 0.3452312031547794
87 -0.40540110131628543 0.19781489320383966 -0.3285322393197823
88 -0.35947975446147223 0.31043656366299804 0.13361609752726958
89 -0.42185980753300834 0.10885969810641188 -0.30032490123864586
90 -0.4612931927370137 -0.30305726078495504 0.21618796002423213
91 -0.3265734265114242 0.296287672870313 0.2426443555634762
92 -0.3515594016150916 0.19805443169509687 0.22280583332638418
93 -0.4279970225189646 -0.009460072528107537 -0.18340159059666894
94 -0.3679060211505307 0.3035021069357829 0.24020840335115623
95 -0.4111092043688935 0.0891688725224139 -0.3839567418086648
96 -0.41400429136824557 -0.018200282995995628 -0.37689365527058477
97 -0.45152600195520703 0.05819885311345854 -0.3988151620161953
98 -0.4166549043825442 -0.34949869574299053 0.3815010768586839
99 -0.44628490597888804 -0.5387113023832991 0.21191690447565895
100 -0.3893415420808121 -0.33654665565067654 0.3219013788169232
101 -0.3396984772375888 0.06674240903447716 -0.11409746100757288
102 -0.3899441279821192 0.025915070799983043 -0.36072859075545644
103 -0.39968585270883894 0.01945962588564343 -0.19044453241464548
104 -0.3565089905245665 0.19524302521868522 0.17216962174294936
105 -0.41510740613737823 -0.281315802566375 0.22068342129492508
106 -0.4175861571950669 0.09754962245620637 -0.31780737263834713
107 -0.3086146048818036 0.45477982184549975 0.3394746405434689
108 -0.4127877747672805 -0.34212090796432326 0.18822333984265222
109 -0.3268561037244202 -0.38937011757339884 0.23467681317903114
110 -0.39877434424439734 -0.2804456030549571 0.2226290484568048
111 -0.4442285758001523 -0.3042389192303853 0.19361444171032552
112 -0.2923738495650758 0.2751588025353041 0.267987025700689
113 -0.3242382599373047 0.30815190777965046 0.2728471556346415
114 -0.5147875230469652 -0.09830677436550006 -0.4309038572034239
115 -0.3721569303094253 0.1083559870558502 0.26653534228393144
116 -0.31033449779873246 0.2697971433961494 0.2788198400365029
117 -0.3573893221346409 -0.18257847225757026 0.12173245614871475
118 -0.42902805759952645 0.18720431362965062 0.21288115498275134
119 -0.4104737303799716 0.047165256016816134 -0.3346184855988402
120 -0.3409341719967703 0.18651591987623764 0.2998692729605648
121 -0.36528107171983437 0.2745851972483583 0.3340478873719076
122 -0.4750332290906326 -0.01927808769379263 -0.27009334149730563
123 -0.29586099550594325 -0.1644750494283727 0.22182060163291922
124 -0.33986247715392076 -0.2327377478780396 0.03678102341588935
125 -0.4303799259203937 0.01817743702873566 -0.3290148796684336
126 -0.34212363461600664 0.19810921640427212 0.25292598538829186
127 -0.36554141961164877 0.2998106836761752 0.20616264341438362
128 -0.40470151710676033 -0.13718067545953208 0.178191544342746
129 -0.4298314120982415 0.08424700403403974 -0.2843359163357676
130 -0.45695705473518267 0.06288346533148002 -0.2341161395113042
131 -0.35948285322797036 -0.2344586809825765 0.36532080568554004
132 -0.33770474548152907 -0.3196719232761551 0.12967941348004086
133 -0.3938996736784752 0.051881653001679656 -0.333149817832507
134 -0.36662904463781465 0.11883128031795603 0.18804373034822777
135 -0.38018470440455177 0.09209866192165585 -0.4071951509441732
136 -0.41872317073789583 -0.01212632407618836 -0.2458036587029743
137 -0.3720780860534898 0.302869832605504 0.17802103555969115
138 -0.4452295423131437 0.12284956665902744 -0.301269214691944
139 -0.4279344033207204 0.30250740521399916 0.2079517041496885
140 -0.34079859125184814 0.18010808344892712 0.24825125709803597
141 -0.3714180318068548 -0.1517752198319135 0.1987902404775342
142 -0.40265400410566415 0.19609508244767263 -0.3126020226880065
143 -0.34586553693493216 -0.007842228852436713 -0.20421152454633093
144 -0.3887577204246192 -0.37339141206812004 0.2897510091823421
145 -0.37119569788534523 -0.2834702612576973 0.0911648662810166
146 -0.4126447506646203 0.08677680354398289 -0.32534004795195964
147 -0.41211086642380296 0.06515390733542009 -0.3941298560817882
148 -0.2997880096814988 -0.3268760655150018 0.17869986604198235
149 -0.4178127656906669 -0.33918036323716966 0.42101151442586443
150 -0.35558523168320577 0.20201932042051218 0.35062161492288385
151 -0.3100821879576287 -0.3387618821209723 0.30012941547219024
152 -0.40181405638769063 -0.2725066636264146 0.315156476580508
153 -0.42695168888742113 0.08712990706341237 -0.2274377684702761
154 -0.3584746670624052 0.30823744604930176 0.2231230806468683
155 -0.3657793892297681 -0.16744539480076664 0.3451712636612434
156 -0.3578791404539026 0.014382241281803017 -0.32118998525566267
157 -0.37042401088586685 0.3296432577888025 0.33166276990046345
158 -0.326212869975058 -0.26690678641406024 0.22974780528533342
159 -0.3735143319514491 0.3640244915186825 0.3488349614634879
160 -0.3992014452351306 -0.06974582593570004 -0.2831814672000092
161 -0.3849720810443871 0.023810102672757197 -0.13201864990934295
162 -0.46237438001239634 -0.0112648800792101 -0.3444525641625725
163 -0.36335940748482504 0.07635153338522724 -0.3282489091979965
164 -0.3420795781750611 -0.31489413324448956 0.2456502910952608
165 -0.28065257197839283 0.31190579207165203 0.21333554932352217
166 -0.4504944180847739 0.0619645182902027 -0.35174240307472016
167 -0.465001306988913 -0.2521885982469618 0.30807551008265605
168 -0.4010510054721525 -0.27564383669400966 0.11503416060740076
169 -0.4427339786102733 0.15086739791603118 -0.36405228236992715
170 -0.41939691181308547 0.05904777455254687 -0.3551453379389483
171 -0.2951972630154564 -0.22443178883223808 0.20344952722963466
172 -0.2835021912394083 -0.0021953280009698872 -0.19222002134498092
173 -0.2944260950668831 -0.22874083865419576 0.11486259746840805
174 -0.40714665450335924 0.03822866841487461 -0.3233289284398012
175 -0.37623562372561226 -0.2510613197900193 0.2435782245363516
176 -0.3169029373859639 0.033908421722303815 -0.2432691494946266
177 -0.47626505578110195 -0.00676091993668396 -0.3879762941545722
178 -0.3979218398458604 0.28901531509445644 0.35972071293532604
179 -0.3574960986368079 -0.12658740787058137 0.2287742596363271
180 -0.3705174634064837 0.09125876301548314 -0.2667917500254597
181 -0.41870595691869156 -0.3732251043707152 0.15535833749919725
182 -0.4202237011576317 0.26074147039087037 0.2787695525167354
183 -0.3915356766091382 0.24201425927574483 0.2847899138295567
184 -0.4034640635911378 -0.33621083778260147 0.19967844240369298
185 -0.39148860981720623 0.08086676853095136 -0.29926701124537614
186 -0.4001582135909382 0.14224465809156853 0.28534231153179357
187 -0.4150144208272875 0.031411778551257916 -0.23030735844283862
188 -0.43652143068883614 0.029635047087825824 -0.31907614888911234
189 -0.391084404688457 -0.39589694660315233 0.2565639942289194
190 -0.3936170325185276 -0.43048298270911006 0.18592947943303018
191 -0.33722886311908723 0.2439456908162177 0.23862774254995603
192 -0.2953272809320094 0.19436408653319454 0.3014844093079874
193 -0.39796508048396995 -0.028523751196050457 -0.2412560625195731
194 -0.40438515372881495 -0.02174592529742564 -0.2889848837663159
195 -0.35912325569764364 0.10668531175205982 -0.21056841398832202
196 -0.3289943746870753 0.24979046272263772 0.2512572941007234
197 -0.42750000404985566 0.2738619724917288 0.37083152661981644
198 -0.3235048665815719 0.09687670597207447 0.18124779209393294
199 -0.29280014618547273 0.29816350750759885 0.19819129320284842
0 -0.5394807624848508 -0.19717895818577605 -0.06582845936133332
1 -0.3523129390394342 0.34094641586561564 0.2787017258236376
2 -0.36583038198744766 0.13159874070728825 0.35760431484819755
3 -0.5318851087918575 -0.23627244348887413 -0.056776754068435756
4 -0.5090830329205681 -0.24963898023798478 -0.12750480459777833
5 -0.5416237969536486 -0.21204540012974296 -0.2416166271481352
6 -0.6255256905626692 -0.3596444828951608 0.014550289331299702
7 -0.4078569249551899 0.33729000009386134 0.3111046090123158
8 -0.5032050843571606 -0.12557472059640232 -0.09788320572584107
9 -0.36085487903472674 0.35077134898027695 0.32620108103117984
10 -0.5443215987305599 -0.29874661488327564 -0.10810203587808716
11 -0.32553104753944045 0.27921433625399067 0.16696885606658193
12 -0.26901084214317655 0.29170006735015697 0.13518498926437256
13 -0.5265847515751785 -0.3650567267318872 -0.021272357256877542
14 -0.4503386834660609 -0.1945078451930951 -0.36874898487873153
15 -0.48230119109677894 -0.18604018434323502 -0.13010835800724369
16 -0.5295386180911249 -0.2903524852220812 -0.0897883884076155
17 -0.5199870817768701 -0.23445176668603307 -0.11335521816969775
18 -0.5724329011562427 -0.1549655359240646 -0.15556163196540473
19 -0.4835320759376174 -0.29887874029371364 -0.026822653636725518
20 -0.5464842224452028 -0.15748910866591592 -0.18766265277624303
21 -0.5221015356105422 -0.3296104246641109 -0.10692411744368116
22 -0.5444848230375116 -0.17030333474941758 -0.2927038202592144
23 -0.4858783118848996 -0.23240387298311907 -0.1960158203322468
24 -0.5798791686957762 -0.2304117001940229 -0.1870963698411944
25 -0.40179300836846576 0.3303087182678544 0.39367231479604253
26 -0.5206004421440545 -0.31597228781735953 -0.12522698328799142
27 -0.5348829483531966 -0.26639384478894723 -0.11875974459436747
28 -0.5670122252423409 -0.22800514866718818 -0.2718861781040309
29 -0.5147559780441732 -0.055136288146350125 -0.2133451777191048
30 -0.5438445211164382 -0.22065533935925882 -0.32183070438213807
31 -0.5307133757724902 -0.2114010589343623 -0.03518917844695632
32 -0.5866331705470937 -0.2680952406929244 -0.2002050811460747
33 -0.35621372063969997 0.3404080442461385 0.4407294345059561
34 -0.38103608826041535 0.17697971836959395 0.24955574819782594
35 -0.4114545222473847 0.23647568554249968 0.3205357354219036
36 -0.5360889010811721 -0.2639003949719766 -0.20914818181325123
37 -0.49453915455767 -0.24098523492312163 -0.0534999739181541
38 -0.5531664171830086 -0.3230609672950569 -0.052187672035624216
39 -0.535232109991024 -0.24569560098401966 -0.045854690634047346
40 -0.5822596380407848 -0.29925644722340206 -0.08637398336526476
41 -0.4904743067189233 -0.2153447616803126 0.010131087151898168
42 -0.5068128499233517 -0.2618378806395753 -0.04708691430100288
43 -0.35249171182034517 0.2841740412231937 0.27383270807990684
44 -0.5784560896177359 -0.16377204367201073 -0.13651476425856707
45 -0.5185517479546995 -0.34906176912721903 -0.061953758000188236
46 -0.5254947686745958 -0.17741797021844008 -0.164838661437019
47 -0.4427254284726358 -0.328724258895958 -0.09174670704557256
48 -0.4605850122865265 -0.2663797487876628 -0.12234577855342277
49 -0.5600617637481432 -0.276398264174745 -0.13076093570790623
50 -0.38619435121520546 0.13380781015991444 0.08609864822891791
51 -0.27883817416684126 0.15997055897943657 0.2729046190877682
52 -0.3852046550118513 0.24625224172122037 0.2390469212839764
53 -0.37065498533085145 0.3059136517620387 0.19975540871910616
54 -0.49774638708058955 -0.2397022558499787 0.05021710111490518
55 -0.396966855730674 0.18825558599864511 0.29213078113913094
56 -0.49457890172984803 -0.18974271838419035 -0.09793318700125839
57 -0.52190755076448 -0.34941487601203725 0.009231092865410963
58 -0.5519355916172066 -0.15289428265183777 -0.32757355025770835
59 -0.607525010537291 -0.30438162007377806 -0.07773299860266003
60 -0.5237436035117138 -0.2127071982522852 -0.07629928750615395
61 -0.5533979123775749 -0.29065873973425427 -0.10472524915621274
62 -0.3673740838282381 0.3728322483636595 0.3894056401138176
63 -0.5850580363618976 -0.19289857010491393 -0.1923317347083326
64 -0.5163970343452351 -0.16872520484794123 -0.06612569458817738
65 -0.4818288850366345 -0.2088305670935987 0.09336138373904691
66 -0.5513649068784529 -0.17217473624600066 -0.15265192980396497
67 -0.3685490657678483 0.12285224080211815 0.2988270316422506
68 -0.5206081094075172 -0.21829820937281785 -0.15279321939967797
69 -0.36528745809700935 0.23858206518281252 0.33252915569151736
70 -0.2803503380367168 0.15476933403853035 0.37329343316876934
71 -0.4337357346714868 -0.18542589761972245 -0.10833495283277027
72 -0.5074631193632891 -0.14705642576755895 -0.26784754368979274
73 -0.36002513710559897 0.29982811448631796 0.3316257133763668
74 -0.2959491590827699 0.2474638099303464 0.26077898699316604
75 -0.36259358877309067 0.10926362651904066 0.34794076288795434
76 -0.39655435869600586 0.23454904709971056 0.29416922871776663
77 -0.5341590702964506 -0.21937163287946043 -0.11507086337145604
78 -0.48063162165325585 -0.1919167944839408 -0.13062143232339554
79 -0.5242538342358843 -0.2718846299551484 -0.011152415854916949
80 -0.3388139279866985 0.2031661538385186 0.3187701203054407
81 -0.48769184470439303 -0.21779536027116272 -0.24350772428685746
82 -0.5296794571500348 -0.18043078684432212 -0.23876181602879348
83 -0.5735475262341679 -0.1891097657128884 -0.21438612554413206
84 -0.5132544209948351 -0.3143698168198922 -0.15374415335040903
85 -0.5617969896802275 -0.22210238825237358 -0.22595198347073223
86 -0.41828521548681197 0.3250890106056802 0.42752147973566906
87 -0.509390172315486 -0.1333822604455246 -0.13528719726143285
88 -0.3518527060281664 0.3021183974343045 0.30463718296738285
89 -0.5113635653850326 -0.09832842415270937 -0.010493999579100152
90 -0.48308484178043215 -0.26192652625456025 -0.2406509979958062
91 -0.45005490044804825 0.3046251939168659 0.3699680428503158
92 -0.3672466573295454 0.2785190885299979 0.262927484699481
93 -0.5378655759977538 -0.2584915230978005 -0.09838237859221463
94 -0.3775852882975484 0.2532206735863427 0.2786363143970233
95 -0.6292061972951093 -0.3307287086035964 -0.0570886734269462
96 -0.507184921250187 -0.3214719869860003 -0.1252746686188498
97 -0.49645117543827477 -0.44364963506493893 0.0014995097621536286
98 -0.4872304450131944 -0.1861030162437267 -0.23938943439670954
99 -0.5601083360943799 -0.12685177714931323 -0.05559969706811309
100 -0.5835830568481593 -0.23034671988069072 -0.03963519825826347
101 -0.5142110210833984 -0.32096759242027045 -0.08365638587315426
102 -0.4765689175306004 -0.24835300801190419 -0.14816362027101332
103 -0.5171174700644331 -0.24140416113806223 -0.1644448281206312
104 -0.3774315149281195 0.25351010104661514 0.3013799618470259
105 -0.5414828617206775 -0.20664934026715076 -0.1293308547216937
106 -0.49381320348069474 -0.33376063531190664 -0.1534717634435802
107 -0.31875064828582694 0.29071845512100847 0.3146939490527932
108 -0.48549738642974954 -0.12215414522613487 -0.03198284118704631
109 -0.5326131731167646 -0.3064355818494882 0.035403004300010914
110 -0.5294163362759887 -0.1633751029522296 0.07838740899267012
111 -0.45201711167085207 -0.297272376239487 -0.07013671310155697
112 -0.4168622041789207 0.13457934340601554 0.22970851244735493
113 -0.3987948292914342 0.1635213355360207 0.19966719128658553
114 -0.5499472505968785 -0.21126204725545752 -0.1170752239339725
115 -0.3294625465468129 0.2656654377813634 0.3013393436773705
116 -0.3271463084382832 0.1836585100150315 0.14250900695111202
117 -0.5888931392925115 -0.19064647570144208 -0.18398696283674404
118 -0.35266815425807546 0.3390554676636913 0.32707261262228915
119 -0.515717100850591 -0.24994578900671993 -0.30396622750050056
120 -0.41579936334770684 0.14540213888048728 0.44061826565283996
121 -0.3782753399224421 0.33910490150382744 0.2923138188137796
122 -0.5239418433567657 -0.29733104788448617 -0.11680170798542734
123 -0.6309515679739923 -0.2168134662280012 -0.08354708816350162
124 -0.5710300054488743 -0.34234515554510686 -0.10240355761073017
125 -0.5188099854852636 -0.21571988785898208 -0.11052942579781849
126 -0.3972346265046934 0.26465673633371034 0.32857970674237624
127 -0.33737114763473314 0.31704225869262265 0.29440188946532286
128 -0.47748420351404236 -0.3041354233831066 -0.06639170578747602
129 -0.43973764638697116 -0.2579480742059784 -0.15532701755960637
130 -0.5661371851210651 -0.26274563064329204 -0.35497288728698
131 -0.4750229993994328 -0.28962262664565 -0.12345402570078347
132 -0.4889509101124224 -0.2565565324174406 -0.22798155102568152
133 -0.5959462746469362 -0.23997995387783197 -0.18669663786507665
134 -0.42693453453583513 0.27431158530585553 0.20356161255065006
135 -0.5477143452430728 -0.16673137253384168 -0.16251641995847163
136 -0.5473980230059785 -0.30175006504310037 -0.12368671570135159
137 -0.3592951152669855 0.225306187296462 0.3577129335468824
138 -0.5818099309879498 -0.18695464312906754 -0.08108797446992667
139 -0.38870436638972883 0.3472260777893021 0.30340241568171783
140 -0.32001235493024005 0.06087782879949636 0.21547441948556742
141 -0.5376648996775443 -0.0947959427008502 -0.1584942952486198
142 -0.5531561277847434 -0.12433223255689303 -0.20254547471778092
143 -0.5599961290475662 -0.2861552534648599 -0.19563586397603286
144 -0.5935729781624657 -0.31537304433379215 -0.12904536285430707
145 -0.5717760373849763 -0.1656153825299921 -0.15550863673787552
146 -0.5288233481811231 -0.20631869335254854 -0.1402249689702236
147 -0.5644210342072814 -0.28456806894030984 -0.21082951814370854
148 -0.5267528109074306 -0.3363618765951359 -0.23883502361247022
149 -0.5201878418879649 -0.23436580098816248 -0.12781142872884102
150 -0.39156865466563606 0.1881099053946993 0.23703218893964326
151 -0.5478845425106662 -0.19414390007669272 -0.26996775955046376
152 -0.5447340008379116 -0.2533272860989579 0.08889252158710521
153 -0.5774901720664686 -0.25019378666649694 -0.12706503799008223
154 -0.3352905178125403 0.3919060933385656 0.2622669238584463
155 -0.5004200374257689 -0.2228564652716053 -0.1600285606616046
156 -0.5254598651931193 -0.20723173299901745 -0.2675653469460226
157 -0.3668644336931773 0.15112627160331715 0.1897269821480231
158 -0.44091122250908005 -0.23191483625211573 -0.16714360158145902
159 -0.38100026047342067 0.2992961001617819 0.3010709360114807
160 -0.57017082504706 -0.2119257812073426 -0.08899828845086091
161 -0.573796241262333 -0.3082192527265034 -0.018168843412212345
162 -0.4911846771317884 -0.27816505028485367 0.002813814689838461
163 -0.5462099821662731 -0.32202314389822523 -0.12510412016531552
164 -0.560579619483871 -0.4273306242751559 -0.1254051517029258
165 -0.34024916340070804 0.27065713248208734 0.3119221804824972
166 -0.5655723411122068 -0.24181406893679738 -0.016232495742183026
167 -0.5534271139812792 -0.17226152746406484 -0.09481627521485354
168 -0.6066906845397664 -0.17101612810616482 -0.13696946535153648
169 -0.6150355271775273 -0.2510304364468148 0.013959748309563544
170 -0.513290320634977 -0.16400622088673197 -0.16270726539564132
171 -0.5370680306969624 -0.30220605916791726 -0.07567456828836404
172 -0.48950811151585166 -0.3135133875115566 -0.002917638510497881
173 -0.6413546678538039 -0.2743853995753654 -0.05063226910277005
174 -0.5028593773287777 -0.13102049548147884 -0.13376403968821152
175 -0.4992753874407464 -0.2570890687993412 -0.2515882041685406
176 -0.43507277904410446 -0.27800596370391406 -0.20892651186294559
177 -0.44673087368258213 -0.21060081689474686 -0.031006616304472316
178 -0.35456854091067924 0.19946772841330146 0.29514902798536874
179 -0.5257397431074059 -0.23010841927623113 -0.22710412063451457
180 -0.5315476825010632 -0.1480022370359525 -0.13377610534951842
181 -0.5137391633919972 -0.16097623576868608 -0.10139144050067875
182 -0.28131227689544774 0.35512152292432975 0.3387557395204035
183 -0.34939583225826765 0.38655365359702504 0.3079903042727007
184 -0.5436304610493139 -0.3164248750823783 -0.2077076568048024
185 -0.48466476397727837 -0.26069997488299207 -0.0531694297672014
186 -0.39113598515415077 0.2541498857534162 0.5357401442287241
187 -0.5619904584581557 -0.2803122750310861 -0.15348423262711905
188 -0.583111914398266 -0.30160914568794034 -0.06616640857381215
189 -0.49116850402520595 -0.18150621259604333 -0.05993498590164128
190 -0.4925388952555352 -0.1774149680655456 -0.1672941182227837
191 -0.3494303279809666 0.20552190291803304 0.2423605933348422
192 -0.307193626318695 0.24578700409259305 0.2042256930649259
193 -0.548638243504073 -0.36348266935850454 0.03033560836906197
194 -0.5009144085358412 -0.17707850691220695 -0.2616084575106244
195 -0.5883857279464353 -0.24200695849392642 -0.20951938674007153
196 -0.4081731509626968 0.31802260432916857 0.3855066093864877
197 -0.3005226569871459 0.22270149168636516 0.27097168350322476
198 -0.37594346745152346 0.1651769830502722 0.27974290629046933
199 -0.36620937019368 0.34761629199116206 0.11739393086032988
0 -0.4331751302135741 0.3850732888212745 0.03883192233860184
1 -0.4784624618362917 0.26380143649614 0.022962832378414406
2 -0.5132197307458838 0.27185496225469363 -0.11439753943933649
3 -0.5257251215278008 0.3764668820235549 -0.08407853834435382
4 -0.3554285091565655 -0.3855454460631469 0.30201457055858183
5 -0.3432203301884619 -0.27591382304114825 0.1895956166028236
6 -0.4154715206303916 -0.3068159406676009 0.40143521839153123
7 -0.4971983767472517 0.3016801753162539 -0.07231867481642337
8 -0.5231967518223766 0.26912317296487237 -0.12687020878454566
9 -0.5362792669542206 0.2934962420100428 0.022926393342626698
10 -0.37598519601388325 -0.33205592841252224 0.25937236720677903
11 -0.4943802908656127 0.1716128846917243 0.0831723296116387
12 -0.4511589258559941 0.33306176029785345 -0.04164478797243197
13 -0.33029411245642104 -0.34689275793702684 0.21792343676301257
14 -0.3928903086333478 -0.3031852345484637 0.16955727591931738
15 -0.38347525871679244 -0.24225214309686438 0.1914896921606286
16 -0.46599657308775944 0.311339310555966 0.08497027492157544
17 -0.5070747729021066 0.23159763592819274 0.08049115220372309
18 -0.5290594021326441 0.30296111118934355 -0.07521749080688343
19 -0.39674579816095046 -0.3680596857882667 0.17404081764237858
20 -0.5393834492655963 0.27181444205780575 -0.10744696492712404
21 -0.44274293210030174 -0.2556487166117998 0.2218191961082876
22 -0.38818187331014514 -0.2695679225044721 0.029519679224183804
23 -0.518017755349497 0.21262378127326462 -0.07897217650384175
24 -0.5953836271257981 0.39098711883959003 0.09380290286986902
25 -0.5169339270205474 0.39303498876709037 -0.02384972711639479
26 -0.38764652536362665 -0.20827041095246662 0.10120564707839062
27 -0.5588027366637681 0.2485221604326071 -0.12305372896362214
28 -0.494532156671778 0.36327424072676856 -0.03994384092715761
29 -0.34125648008084747 -0.3844112579207405 0.24041679368138383
30 -0.5500174063116703 0.35521320046484034 -0.0849522908807185
31 -0.34811921981351046 -0.2619942967286133 0.19879895479844487
32 -0.45748376775611027 -0.42384425461099595 0.19077946422530953
33 -0.4846800156087184 0.10902670582580869 -0.14085182016218645
34 -0.495427649371853 0.23650323383062435 -0.06080144042540763
35 -0.5256122451632022 0.2611089422204212 -0.2811346689951712
36 -0.5227876762844509 0.3168854087394616 0.02446345692085578
37 -0.35064142177645113 -0.1905874484774546 0.2926282881738266
38 -0.4785685466902076 0.21385977078929097 -0.10369447746013856
39 -0.5603832522872836 0.2759494525395394 0.0036107194307971762
40 -0.41697687174938364 -0.21405241998079466 0.23624040619420028
41 -0.4368037403860186 0.29454480063034155 -0.043896523905650325
42 -0.35124503333173257 -0.3086637352051974 0.286137586707982
43 -0.5236632853263489 0.3615742834554556 -0.03999921379175159
44 -0.3710646191510325 -0.30800244273406063 0.38198856362264383
45 -0.5333880668253843 0.2412406679805361 -0.3311335795815236
46 -0.5314363025426645 0.27829515398849836 -0.09920416745457418
47 -0.4737481099299351 0.32463519137275054 -0.11767759785554407
48 -0.5217832680110601 0.3926596151270181 -0.12728722249657054
49 -0.37395397424604665 -0.2486850617387505 0.1620590755195995
50 -0.48420039090767153 0.31615093263693905 -0.27726356410993097
51 -0.48215577878746424 0.2838772643719921 -0.03876190020687694
52 -0.4929025317821436 0.1873791752362859 0.008796096335731493
53 -0.5299216093696687 0.2139746909146269 0.023182546078879575
54 -0.5237061040182291 0.2848941371154597 -0.14655260192357814
55 -0.4710065923616274 0.3099493315364415 -0.09979662283044916
56 -0.3874528852978595 -0.2996411378293623 0.32294442871010226
57 -0.34298222972545284 -0.16019908018786091 0.22685037494635193
58 -0.38936418011061186 -0.307213863633301 0.19873822859612228
59 -0.5751879306205809 0.2873308251575321 -0.20276705967958306
60 -0.5087537155256847 0.2787037417871665 -0.07791836822597159
61 -0.36868355791843654 -0.39216956079392473 0.07236030320344795
62 -0.48204556934100645 0.25345654635349857 -0.17786508441065002
63 -0.5072823793690603 0.30293697738044206 -0.1377750024290874
64 -0.40967219280737543 -0.28569745276633257 0.18257614669044364
65 -0.5204874579758729 0.17231352159951505 -0.01855127766680206
66 -0.4192972670534386 -0.28623613079804006 0.2223296446796249
67 -0.5044616924616849 0.29751094511486814 0.002001757491874906
68 -0.33990445364241056 -0.2711685585064145 0.23624706770523973
69 -0.5371565624886101 0.37365690695099224 -0.13426716525790314
70 -0.5215542240139602 0.28526616694059626 -0.2610775558681695
71 -0.3326107855189497 -0.19882814934596976 0.2664029848486669
72 -0.4209240925735359 -0.41782231623890703 0.20943551920015097
73 -0.4299312127436567 0.18623525513095132 -0.08280970116427498
74 -0.527065182922118 0.3397002277761664 -0.08762322841790385
75 -0.4510085457763702 0.30572560546007227 -0.19706998335900128
76 -0.4652002144940042 0.20584430319238906 -0.12390266642553462
77 -0.3301516327573625 -0.2894664012350956 0.3717081039338026
78 -0.5313150887420757 0.34820259634402406 0.009303950435731786
79 -0.3361478283109584 -0.37905580910739345 0.255198079166232
80 -0.45355932057712756 0.4191568548039743 0.09438628974067612
81 -0.5585950550157749 0.3447842682714686 -0.07358039031347538
82 -0.5299487148764742 0.34763115001377165 -0.15373794893667583
83 -0.37966009093674963 -0.2185294963169315 0.1984469340003693
84 -0.5500645470113079 0.2754592602466264 -0.0977512679488627
85 -0.4667782262009785 0.2863816534273444 -0.010393655719581308
86 -0.5257732718888033 0.28725676013095525 -0.07253138312205165
87 -0.5717854280916285 0.4664893916809063 -0.08030651459386244
88 -0.6055640611175003 0.4099658099655442 0.10487812697805278
89 -0.5006699486960646 0.2472214585576317 -0.12235257539635619
90 -0.3664973663067908 -0.3332809404199943 0.18014160227608178
91 -0.49198675779843937 0.2371438034813572 0.08271939802257378
92 -0.5256431893533855 0.35996210689057245 -0.1799129127594484
93 -0.5980840278098954 0.35431765862139125 -0.15629816358586418
94 -0.5714582313392041 0.2273465041372454 -0.13533039746380052
95 -0.49394799194236255 0.3460106877303341 -0.18462604555830286
96 -0.5190471462355631 0.1022251343891619 -0.137412772113048
97 -0.46251399358838247 0.2698206480172646 -0.11100763646472424
98 -0.379990574664545 -0.26862875132779057 0.30659781398154534
99 -0.44056073789947253 -0.26726752678793825 0.4630998818570831
100 -0.38771190786237014 -0.3551780156973286 0.22796638783524012
101 -0.5110309926002907 0.26327072540152824 -0.07436927442829848
102 -0.4657152225796149 0.3897257916723731 0.06119559351645779
103 -0.45346058083205926 0.29893481663410115 -0.0010172609123184051
104 -0.5255599370014193 0.33801077834131565 0.061727673144177625
105 -0.274445108932167 -0.24224067374643277 0.19998182857051333
106 -0.4818763421408143 0.20235667005095645 0.11756455889028566
107 -0.5844006533273449 0.27103239547190355 -0.09811789963565097
108 -0.3362889027195714 -0.33123539051485373 0.19214611309700516
109 -0.4156912695411766 -0.21132066907414448 0.2765435268263254
110 -0.443601039910095 -0.2788063359067951 0.40319363083051707
111 -0.29759669907992947 -0.2836787658569368 0.19934002018014663
112 -0.5368031642690027 0.26427088783948066 0.04097578760328326
113 -0.4610437764377569 0.14632541909967586 -0.026604563266815692
114 -0.5609870864687803 0.3354014842637095 -0.17108629926902896
115 -0.5542960856142344 0.3838506141684701 -0.077458187838436
116 -0.5179983448319313 0.18064308843582774 -0.14031613294860476
117 -0.44108001695286964 -0.3177150866356666 0.28872746133932714
118 -0.519626902162675 0.2707378201654245 -0.18136916064795897
119 -0.5332555479816704 0.3119325908342674 -0.15459607756079033
120 -0.516353568315061 0.30899857590776014 -0.07415798963627428
121 -0.47859262481774856 0.25503539857972746 -0.13328634487052718
122 -0.5408208246190046 0.30654019326170484 -0.11228230582037212
123 -0.34476361770854075 -0.3991735177273168 0.26499620163305365
124 -0.2889774464735667 -0.24541046195595287 0.1292895371287383
125 -0.5059359815269253 0.33258763255005513 0.1107230840194289
126 -0.5394875617922338 0.28652271354004843 -0.030770612883363906
127 -0.5454302289803657 0.3264147056456898 -0.15113829425482345
128 -0.327473787442425 -0.1913090320602887 0.22876432104286676
129 -0.4984605132705176 0.22385384152821403 0.09302128667794765
130 -0.48476609971017065 0.2602148943228354 -0.21237249461743293
131 -0.3503623435091317 -0.3220689899893124 0.15856946417104897
132 -0.42964810069238646 -0.2917131762039229 0.24594267240210568
133 -0.5286994981656455 0.2503229298070275 -0.04439722908208283
134 -0.5069872666203745 0.27015816471943244 -0.17105067660671314
135 -0.5234256457116016 0.22760667891960495 0.012475987926771452
136 -0.44907319124828327 0.1114005859452571 -0.1789685820943538
137 -0.4987421774618143 0.3541224615192299 -0.06751740121076345
138 -0.5578637098172724 0.2990364711964128 -0.2430094024280981
139 -0.48935200920024935 0.30274842287785775 0.11059799465963818
140 -0.5465717299349151 0.28402513049264827 -0.07298157897094641
141 -0.4255902649979664 -0.2934178826412484 0.12111389888073498
142 -0.5024019110025817 0.24079917335610518 -0.060699071626067976
143 -0.540567319597768 0.2880196042995577 -0.045864882336636575
144 -0.42869466251386307 -0.35092772856020804 0.2348533436186266
145 -0.3565419344619788 -0.2570321010609661 0.26082327172297365
146 -0.5415732793707334 0.3018197319657413 0.058055267964293694
147 -0.5013644046829121 0.30478033113090325 -0.15618097120044247
148 -0.4142181292219286 -0.11234966577980088 0.20032076248855812
149 -0.40806136987590946 -0.29161168696986767 0.30563744665990444
150 -0.47200404438971705 0.22454455967837472 -0.10565631020476826
151 -0.34113306645787556 -0.18601688874889552 0.11991553243301194
152 -0.35431874779091016 -0.2830571485857126 0.3264524831128379
153 -0.49893925341657197 0.2736086732278089 -0.01750114217127865
154 -0.4708355798084506 0.4343926600992165 -0.037587895618818555
155 -0.3334983083757838 -0.3039242744225542 0.4187568412720216
156 -0.46411875916521456 0.31435362707814585 -0.17252566357738966
157 -0.6152227546189922 0.40117721439993437 -0.07228794226466702
158 -0.42257446279497346 -0.4758018992785308 0.29909467015458513
159 -0.43807937421490206 0.18467272075344443 -0.07204151115527145
160 -0.5586753104730604 0.21312627694675143 -0.011662532677707128
161 -0.49484103968981635 0.2491782956341278 -0.13413411719265628
162 -0.5204091573443159 0.3590919734647562 -0.1569735340965092
163 -0.4670616169242372 0.3357762856196806 -0.025307218008165308
164 -0.3405204605117003 -0.2593725055757708 0.24658381862026824
165 -0.5435538689963885 0.27309671346540293 0.05000447204754368
166 -0.5514809400243732 0.2973909028534534 -0.15360348491558684
167 -0.3497712938063655 -0.167722560666242 0.15372808643548966
168 -0.4116152189280982 -0.40530704460942024 0.17388701929002154
169 -0.5728319039083521 0.36449582754199467 -0.15046285201647788
170 -0.4901082636391111 0.29646047054707947 0.008580475910348651
171 -0.40831075502288033 -0.2540010939422079 0.3924303096162054
172 -0.5127381417045499 0.2873119559185457 0.013524267242488322
173 -0.4268495745083583 -0.19836184724343903 0.3044535056939114
174 -0.4850493799013825 0.31630748358398614 -0.1755881917887451
175 -0.3504358479770479 -0.2203718618760003 0.3702430888263423
176 -0.4696664938677893 0.2016065659486593 -0.244977385604728
177 -0.5572197110699729 0.20150819144887416 -0.12919475596246546
178 -0.5177284545306818 0.3339651136763238 -0.06130026403288673
179 -0.3348457023984547 -0.3256210811044505 0.27613171305123635
180 -0.6733404539563626 0.21043159889186436 -0.1888936833082582
181 -0.4102860517400789 -0.35707983206181365 0.25079111839953255
182 -0.5341351209295431 0.2674962050867741 -0.06452178103074754
183 -0.5389580430879186 0.2787227455322925 0.03420663658799581
184 -0.47213069438088207 -0.3475658476494639 0.12644870123198276
185 -0.4944694001833561 0.3418815561976266 -0.1811209602737249
186 -0.5236783383351532 0.2798601132012675 -0.21466822754717677
187 -0.49329573490844564 0.1913069695707369 -0.09117608174575363
188 -0.4715585623822922 0.2714338424942641 -0.06432990004432534
189 -0.4047637538291346 -0.3609125678246438 0.18849109387861857
190 -0.3800800252633867 -0.2545003627996725 0.26516339352793666
191 -0.447261074041409 0.19813178238433454 -0.0482072326331162
192 -0.5468314364698189 0.21789925426309503 -0.06462694196685162
193 -0.5302919959227215 0.28925126616626534 -0.18116354895705952
194 -0.4765889563660385 0.26355089348590566 -0.06763988008956957
195 -0.5762703898241501 0.22485272609245066 -0.03158461837204116
196 -0.5489190084970864 0.3192920371220829 -0.04391217408061814
197 -0.5426190850112608 0.2267150928013673 -0.1368574057762494
198 -0.48872978353763924 0.17074186603612015 -0.1694841268112688
199 -0.5539924325732969 0.36137979218954014 -0.06307424150058877
