200 3
0 0.038671699236501704 -0.015059150429189682 0.019367434685854713
1 0.03909977696144923 -0.02580710121779431 -0.002002235866651212
2 0.03505696335777813 -0.00045219766834688515 -0.02299984418766835
3 0.04157687774768808 -0.010430347539564434 -0.004876266125648403
4 0.0403568814531504 -0.02077140835136148 0.02842587114597278
5 0.043532817172418824 0.025697438192884614 -0.039353541987983756
6 0.03552888843783619 0.020271336931979116 -0.005562201847648475
7 0.03599456218729709 -0.006143560524003209 -0.004430094067381615
8 0.04117453202685888 -0.009680066996536814 0.029456468610666496
9 0.04035656285050795 0.004747789384842336 0.0027494944330502583
10 0.039942145894011 0.003839231789977614 -0.009100574373428157
11 0.034094194293400805 -0.01913236803557511 0.016407038119904325
12 0.039522424968763355 -0.03487227789969505 0.006549290641412087
13 0.03780029314832101 0.012138463580871131 -0.003252101006258459
14 0.03909883121630667 0.023122155385014546 -0.018816075757937617
15 0.04197531928722876 0.024806440338077593 -0.019758814092318163
16 0.03690884078870054 -0.003474552622974034 -0.008366228590214657
17 0.04197531307770585 0.014397894091210091 0.013777152401647702
18 0.0350572871077004 0.009584834137778393 0.0173761583261023
19 0.04157628163038005 0.016579855016666003 0.006537837860510935
20 0.04540606020191432 -0.028172280787521934 0.03341019511435588
21 0.04237032835992994 0.022879285616400305 0.008822467200671836
22 0.03867126817914161 -0.005581491610073574 -0.006380875176606825
23 0.042369874910662964 0.006903597658982236 -0.010013146963062373
24 0.036454675978532344 -0.014477780374021854 0.0103378938978596
25 0.03645426192329494 0.001329972988319989 0.0024513794660635745
26 0.04236957327325452 0.022542765347759796 0.00832283924703233
27 0.03780035198217564 0.00034868935770497595 0.016181088954462783
28 0.04429200198484629 -0.005289653347523078 -0.0029151255064018577
29 0.036908783593195466 -0.0019464861008291674 -0.012770781668878656
30 0.038238772885438505 -0.0015223821332461134 0.03933006725217529
31 0.04157659156765136 0.030116548814333687 -0.008039999337810464
32 0.04353300336941117 0.02113244348158987 -0.006301872399698463
33 0.03909937550059996 -0.029971616665546923 -0.00822042027586978
34 0.036454632128367075 -0.0013894571961128516 0.0070386788407415775
35 0.04236974691042379 -0.029518429971512935 -0.03265659979810795
36 0.041174188521119634 -0.020811176971673045 0.011381689587110921
37 0.03909975332552937 0.010563135421983318 -0.02199529731766178
38 0.04035802995681256 -0.0018787868857889217 0.014114862456559345
39 0.04276188231177113 0.0015652350549115992 0.008130051834788403
40 0.03867116322517977 0.0186997848262629 -0.030382485701901538
41 0.04117490051887943 0.007918403693423962 0.021924633458850675
42 0.04314867910817359 0.018086746931800356 -0.006358871131500256
43 0.04035710311950282 0.00864182596795538 -0.039745725210715926
44 0.04035720291094355 -0.004322595159312302 0.017602512323408565
45 0.03735720938316742 0.002557021272108005 0.026889088428882428
46 0.04117434029993353 -0.0028239762115680155 0.007781717843415853
47 0.04076770638695201 -0.01103756528874393 0.013484981052815294
48 0.03867184640179955 0.006404820314305922 0.03144755560664133
49 0.04276113905520238 0.029956365722650764 0.0024631062333545285
50 0.040357026714602756 -0.005930572627721426 -0.022529488712246044
51 0.04035663137786745 -0.009203346293650534 -0.019437650983152515
52 0.03690825071329004 -0.03342740323715492 -0.016403315000963488
53 0.03457837322839265 0.00486453362164813 -0.0043091320249712935
54 0.034578748116293724 -0.01535514752199737 -0.0009619048911041151
55 0.03552903252204271 -0.012444399651339715 -0.010349129239765574
56 0.0378000605944556 0.035030137848887366 -0.009287540742726898
57 0.04076759636252796 0.03226490182436691 -0.04748422489689118
58 0.03599468485366727 -0.015016127134332256 -0.010862733429715641
59 0.03994302215456492 -0.029734448980397128 0.010542807040092963
60 0.039523682663883564 -0.015583455275845296 0.016539438813272023
61 0.042369935810348903 -0.0238773253379948 -0.013062877984307686
62 0.03735658521804392 -0.0028078078501322765 -0.04161013315384465
63 0.037800450591509285 -0.01192634904757914 0.02560417704333918
64 0.03505701599253811 0.02329289045148889 -0.03812929893901055
65 0.040767907287947165 0.011801504394084748 0.015811834510586487
66 0.04197543654754205 0.017779721104464824 -0.02229397495472431
67 0.03909950384451122 -0.016983201812379806 -0.0049385541055243926
68 0.035057603733488214 0.025725457545191587 -0.0031983894542686546
69 0.041576169534889365 -0.014236909678509648 -0.02701745532814249
70 0.039941902837214334 -0.03065301501961581 -0.021336350176285834
71 0.03994237530583605 0.001687498891838849 -0.014260242726742995
72 0.036908743836539075 0.015229023527466749 -0.03321741188142246
73 0.0340941946154349 0.004975435570435042 0.0041354120331324445
74 0.03952295619931032 -0.020344552329500037 -0.04243086246676303
75 0.0403575345794739 -0.02491808087406441 -0.01153076369532156
76 0.03867142037156088 -0.01853607419060629 -0.015164274267935653
77 0.04035702440971068 0.008627627061793352 0.015962224940104332
78 0.04197582856420347 -0.01494864399964058 0.047256669977348884
79 0.0373566053971713 0.0011804638961390036 -0.022237132178505245
80 0.03735693026712906 -0.021234778667179856 -0.004213810638095031
81 0.042370821644057435 -0.011123591247871673 0.03884867650224222
82 0.035529705676853394 -0.014120283159682171 0.018245251236175805
83 0.0415767413229227 0.03457094267176736 -0.020747288065555553
84 0.042761261754763184 0.0039290701359938705 0.011826318273561233
85 0.03909981208551909 -0.0027995418431836197 0.029428560766090992
86 0.038238167279348846 -0.002433245061844522 -0.005415085439235275
87 0.03552901675405068 4.709474475162138e-05 -0.003313498267225781
88 0.037356648695528634 -5.7855965778472576e-05 -0.02737065536879146
89 0.039523793009181116 0.006474017905602981 0.0428059371157684
90 0.04197530850065227 0.0098659913896727 -0.004748054980881599
91 0.036454173604434995 -0.02139715442387506 -0.0003895084049203416
92 0.0427614824881365 0.0059975167260747034 -0.005742839329276655
93 0.040357342464014685 0.005730529228420789 -0.009499124634667643
94 0.0403568733039458 -0.02224877118831866 -0.015912582252957795
95 0.039942808161601534 -0.004764322148115388 0.030948487953504526
96 0.04117429285234961 -0.005612827312989517 0.011185649872263625
97 0.03952392377738678 0.006749071321244403 0.026175772067988812
98 0.04117364838144565 0.018871165348781128 0.009799335211767976
99 0.04076782482674959 0.021639835048830172 0.004405574999559944
100 0.03994298656803126 0.030564687087285214 -0.005971752296092841
101 0.0378000039436156 -0.007955586465196876 0.027599038133204
102 0.03552949429475988 -0.0019448934175509826 0.009959317750891579
103 0.03909963543495181 -0.010015517244587498 0.009200323708168548
104 0.04035697505912288 -0.019933854929982727 -0.0005068600201903647
105 0.037799402444406764 0.009559554715188512 -0.003427045181838998
106 0.04197490836493935 -0.0006545622258498407 0.0051558696039987984
107 0.042761175011941786 -0.018992725716592163 -0.024621911336490877
108 0.040767559431575416 -0.007557144807567963 0.0039357284610767596
109 0.04076730741003416 -0.006697515964291304 -0.020847263204908182
110 0.0355293084680639 0.025624514455890902 -0.005254755013408853
111 0.04157731066525116 0.02477028618433775 -0.008545674669748907
112 0.041975404713421816 -0.006415894601596177 -0.016611584145832987
113 0.04117401684986864 -0.019172052881003793 -0.012122152289347994
114 0.03735729628185603 0.0026520365244102084 -0.0058503407545734566
115 0.03409395307058575 -0.012084552507056371 -0.03306670443387077
116 0.04157629905355828 -0.010538962412275532 -0.025139989803635455
117 0.03867117001084051 -0.011721677739394412 -0.04305828667235819
118 0.035056538263958645 -0.012951415622305493 -0.0030805133268923955
119 0.0439148897856279 0.020624796329968546 0.004394006419801412
120 0.03952377136800287 -0.020683376571590608 -0.0013228775527524407
121 0.03909916199697298 -0.044921953632677765 -0.023627223471838956
122 0.04157695950478429 -0.0015980027190713225 -0.025569938298844668
123 0.04503713038046079 0.014108249623191293 -0.023469717607245776
124 0.03552886018487262 0.03449945562743618 -0.045733294138186775
125 0.03909972273762876 0.005401428022049505 0.04653763073078615
126 0.03909921915677579 -0.0008742317723223605 0.0030188126086377345
127 0.043532650322793666 -0.014061942577926758 -0.0181399963734557
128 0.039942489278222956 0.0077925148294656155 -0.0336766976750513
129 0.04035755338283707 0.02126486801313361 -0.009271323009726676
130 0.03994250518629476 0.005657179768789083 0.025732369416128303
131 0.03552898436616701 0.021525816613861812 0.011503431352724214
132 0.03952336595815272 0.02305358399731532 -0.01104948325065484
133 0.040767585900680546 -0.0271824344996085 0.004756656771792751
134 0.035058001969553276 -0.01676602863013639 -0.012856885795251042
135 0.039942500905231396 -0.009182938523144607 0.01810325456785801
136 0.04391430644138818 0.0003962358012702581 0.0044404819710679435
137 0.03645484094759535 -0.03616410594164622 -0.02417192441000524
138 0.04157684452771234 -0.00736234501512786 0.011016595685680874
139 0.04197510288705985 0.016167710874855554 0.0115946219706849
140 0.040356881062549414 -0.02272983775260127 -0.0010162223518252174
141 0.04117391796248834 0.009309900196594003 0.0025747875863345276
142 0.04076743522480025 -0.00871972235546738 -0.0028060410243249652
143 0.037356936454899015 0.011686152680946572 0.01422857004931144
144 0.03910005858732236 0.01881389770252721 -0.0004324884044488205
145 0.04076753951135828 0.03137800360631389 0.006909732486439001
146 0.03780012556307303 0.011347172234376757 0.03087146766703679
147 0.0411745679345199 -0.019180697073828877 0.05689885374860742
148 0.04276158095280067 0.02102806284853166 0.0004906430932403689
149 0.040767641701722195 0.02672221073416066 0.00649658425780576
150 0.03779950126119728 -0.019694676929730072 -0.024551820493888037
151 0.03457953568722931 0.006343364906439509 0.03374436650936047
152 0.042761150325286344 -0.00034599997701096285 -0.04160065193757304
153 0.0382387925584652 0.012997473868527593 0.019899303713205186
154 0.035995414007333054 -0.006345079074568558 0.004867167309975187
155 0.03867105646353026 -3.853528231052876e-05 -0.009284247383372433
156 0.03645479019653837 -0.008216016380050624 0.02808226228116262
157 0.039522334936538346 -0.010353641578929706 -0.04653200451683939
158 0.03910008780028138 0.03222145091115386 -0.013434508360529564
159 0.03780047242313103 -0.012429148611770005 -0.02062604918553277
160 0.04276214656683841 -0.010639919121003448 0.0226193299051505
161 0.041174589509198084 0.003998527625523765 0.02557346076592575
162 0.042370477241466274 0.006421380932184538 0.006351572842625201
163 0.0382383694604167 0.0091768450063571 0.031881610679665384
164 0.037800103491359725 0.03346339421592956 -0.00822455914316023
165 0.04035673055536721 -0.04502314315884313 0.0013747936514350901
166 0.04076758200351776 -0.010685408306076087 0.030977064699588473
167 0.03867072627813915 0.01729458518719321 -0.0025070180308650485
168 0.03952282190268271 0.020726157592430978 -0.022062318505315613
169 0.03780004390302914 -0.017163935449848344 0.015318766198779192
170 0.03599511048234011 -0.01391126556997919 0.019902925747339217
171 0.045405884309877485 0.025183338958950387 0.0012812252252248873
172 0.039524300357325605 -0.0060259507371684395 0.0465719204134743
173 0.04035700318390342 0.017236116741097193 -0.008670553757362306
174 0.0369090459879013 0.009994528844958859 -0.006382829864928009
175 0.040767619108968346 0.02988552369780091 -0.012459085927203427
176 0.03867130209630185 -0.006847150063123563 0.013248864925719804
177 0.039942735035093865 0.007462989817589614 0.03018917549038468
178 0.04466600023351611 -0.013744409608773522 -0.002042835762710742
179 0.039099247716064725 -0.00119732639883443 -0.021888276341480894
180 0.04076793278526605 0.015460770765314397 0.0008054187369390362
181 0.03952301685317235 0.007945940535495627 -0.020152761846123426
182 0.03599484896683771 -0.010850088966133417 -0.027311228690928592
183 0.03867131108401665 -0.01005157165276005 -0.01202446318733258
184 0.03409359358527657 0.030751294389316737 -0.02308817881574637
185 0.04076780736172374 -0.0062609959229830425 0.015079663305106192
186 0.036454518321681534 -0.01893047237222961 -0.012592362271660017
187 0.0399423337893504 0.002222945180084613 0.024594404265728592
188 0.042762336517326985 0.026677789463943988 0.014241017269020695
189 0.03909920016956034 0.024616597145615978 -0.021134516311507145
190 0.03909935863511926 0.022149094518178297 -0.00581123294928737
191 0.0446661402143077 -0.007274718453378503 -0.00013678628913552687
192 0.03867127619291246 -0.02145731749184486 0.004096946367101371
193 0.03457840250786535 -0.003042713283419103 0.004824662684664543
194 0.0415769390531182 0.0006445261781996767 0.009867433184646968
195 0.037357588661950755 0.025050242618976634 0.0353807606361771
196 0.03867137528237983 -0.0058722783961742 -0.013335004856344113
197 0.036907527895969724 -0.014444319471283797 -0.01073092206671468
198 0.03823867556320698 -0.00920836530244097 0.016863931092723404
199 0.044291796306529095 -0.0033442395018304697 0.01552954641770134
0 0.04314939771148275 -0.005963617401670939 -0.01072622022139965
1 0.03505697367080895 -0.026557453744776485 0.01780530761385582
2 0.03552879527423915 -0.018192602999078714 -0.003163977336934977
3 0.04117433187383178 0.0028586773355716456 0.03723602253010346
4 0.041576686012727855 0.002913052567335559 0.0066164146511754045
5 0.03735698580617243 0.00029781802943630364 -0.006305507826756295
6 0.042761219551638925 -0.00027087250837589495 -0.017694750093417578
7 0.037356750518495484 -0.02796074706625721 -0.033737084604928844
8 0.04466688508289212 0.022712479098395483 -0.00467153875186288
9 0.03952300776176195 -0.0004125496901910339 -0.03484470700026744
10 0.0411751291026477 0.004187395153792266 -0.004743008067833865
11 0.03780040018893908 -0.0036791316452053587 0.018419803360994958
12 0.040767536081862246 -0.00013953874724726356 -0.04578103761379689
13 0.043533640395633746 0.027751069263842954 -0.034766582456187994
14 0.041975422377874 0.002360478727808497 0.021145185277032217
15 0.04859482124929004 0.031763219289291926 0.01610138006179966
16 0.04540588178938554 -0.0016592658587370128 0.01042997800713608
17 0.0407681412931901 -0.017841881112482624 0.01748062219053751
18 0.042761556818058585 0.0071150957507381965 0.0019223075019840369
19 0.04503762592614851 -0.0033130662649896903 0.004835682355548222
20 0.0419756954809943 0.019857707286790358 -0.008290407644307194
21 0.04276212489819363 0.00956869592750718 0.010413473270626347
22 0.044291877095495175 0.013331956986702118 -0.006888410014570449
23 0.042761605409312106 0.025737764177464907 0.0006756195801477159
24 0.039100304336040975 0.010624262802703146 0.0030938853079059197
25 0.039941912280401386 -0.01584333926479159 -0.0030428918109412584
26 0.041576831722580206 -0.019276671739134714 0.0025150006537116663
27 0.039942510808735544 0.009137300443333569 0.010438196856853916
28 0.038671798303298414 0.012131461734575067 0.00217829092405843
29 0.04755560604330295 0.03147798813313635 -0.00022768423096652883
30 0.03994284321014689 0.0013254517056841952 0.0015535323961120774
31 0.041577050990334576 0.02367841760352533 0.02653650792629341
32 0.042369687948499934 0.01757924207286541 -0.01581450646930174
33 0.041173474870455466 -0.03404120128300694 -0.04858721458151193
34 0.03457904043143242 -0.01971915853912181 -0.03133207881817649
35 0.03645436174662756 -0.02294207664891363 -0.008416551354033986
36 0.044292236160912664 0.027333871546645412 0.023089116731288238
37 0.040767724554793036 0.02219810707199453 0.011553543965827851
38 0.03952350687731665 0.022905172340712 -0.003597249896815165
39 0.04276135795466727 -0.014714159495999536 -0.0015104764142865974
40 0.04577149307362538 0.00882628643531781 0.03621071520845652
41 0.040767704569358576 0.015454681077764178 -0.0032019087907301843
42 0.0407678218423174 0.023057019988197938 -0.000967950101512253
43 0.04035708621020953 -0.006746201148740457 -0.012869722695645236
44 0.03735669424647104 -0.0021474366272998713 -0.0006416286833328718
45 0.03599487646230379 0.03023382826559611 0.0003499971769449067
46 0.04035722475468312 0.0066310811616290995 0.015619984321396392
47 0.046493227382662795 0.016913827431267743 -0.012477314388233244
48 0.04276104925169468 7.397557483670959e-05 -0.020993723366956502
49 0.04117479639260063 0.022850946791515597 0.028120776753202757
50 0.04117449589512377 -0.0034036074392131354 -0.016867635488338053
51 0.04353258579836094 -0.0170424028072515 -0.03807511321438131
52 0.041173855704744175 -0.004272340564844244 0.002432512582895103
53 0.03457911380840347 -0.019769835494611237 -0.004933135298388447
54 0.04157677609573566 0.02115098463642007 0.012278139986773755
55 0.04157643682532743 -0.024009040234498027 -0.01639793021151002
56 0.04197529996323992 0.015542915834417822 0.01873627215987716
57 0.04197539687668397 0.012403516814575941 -0.021191988123319624
58 0.03735689528694757 0.015613547466845259 0.03999578197537902
59 0.04429172083090419 0.007379507322376847 0.01946633888734262
60 0.03994249371697337 -0.0005077387545752938 0.003787466334716685
61 0.04353367461677382 -0.004084126520240685 0.016271129537770317
62 0.039942196788908715 -0.00015393656848602683 -0.0031552823466254837
63 0.03994244400214724 0.006027327741274274 0.0007363715471744727
64 0.03994202384769544 0.0334473348479953 -0.011186119534928117
65 0.044292380672613256 0.029820072786486566 0.01845698377420595
66 0.04466681161946677 0.017141467943648958 0.02213836176522389
67 0.03310230197193435 -0.004274651113774793 -0.03877947961816835
68 0.0411741512266199 -0.0006720075154367999 -0.011912625818544837
69 0.04197579101973431 -0.012972702672619095 0.00030480805496839046
70 0.03599469457950815 -0.014153723547252818 -0.006646870259977698
71 0.04076745652323438 0.00629825568937532 0.007895771306378346
72 0.04276158594391483 0.020690828871907256 0.028299039338233703
73 0.03552951021673717 -0.012698296455526987 -0.005049379293621177
74 0.04197522481665879 -0.02186003413291262 0.001800049974436766
75 0.03867093895208514 -0.03854447761413252 -0.006683984400561678
76 0.03552852156299183 -0.022681438056703952 -0.010845128491792864
77 0.0407678164221621 0.012878504812386735 0.011988491443223304
78 0.03823911179348862 0.016160805762651772 0.02103365394736448
79 0.03994270249410234 0.01986464287397104 0.007598721108975194
80 0.03952341162792336 -0.007745884319673903 -0.015186951115179438
81 0.04276157887351376 0.011352301078179484 0.004814849800787596
82 0.04466616436876806 0.013018970593551706 0.007227538426231947
83 0.04391465642597363 0.0263566740792709 -0.009279435379139849
84 0.03952312187707375 0.0100607651686221 -0.009593191541592962
85 0.04197618057288093 0.0027075513952172416 -0.0028328023705353456
86 0.041576319982706576 -0.031365666709865694 -0.031278692307193816
87 0.042761405567944444 0.03041648547831704 -0.009410182568346822
88 0.035529768195654066 0.024988910977591407 0.011343401825849567
89 0.0464928741210021 0.014057674456504002 -0.026402756833686668
90 0.04197601998512288 0.0009280427123903534 0.011353469419082158
91 0.041576851960884426 0.012995229734724693 0.008876644768288068
92 0.035995071217411585 -0.011138561683133668 0.00039679159946067713
93 0.04276169591658592 0.007277316516037913 0.0039319234680105595
94 0.03552895314682079 -0.008256011235718477 0.004319423704051465
95 0.039523252853260284 0.012768865475552674 -0.00245120190305263
96 0.040767844796826144 0.007720658209990976 0.028465427961386423
97 0.04197604460020042 0.031683033281809776 -0.004803870828934396
98 0.03867147644253134 0.03105066833155222 -0.0054043060973914744
99 0.040768194388091795 0.031046654653180458 0.015774532383771554
100 0.04649374404375387 0.02528054111202916 0.023925373211377426
101 0.038671083558207475 0.005477644555230365 0.012542372161248826
102 0.043914383025509485 -0.00043160221202074455 -0.020110813543165598
103 0.040767859754271225 -0.008860112593485287 0.014285452984669477
104 0.038671328473531726 -0.017491184975404403 -0.026382846234678844
105 0.0431491565506558 -0.00291987189850487 -0.01714836942800577
106 0.04540592731827363 0.0037230411140323286 -0.019837082803648227
107 0.03599460283590993 -0.0050367463516038284 -0.0023842758922798593
108 0.04237029170824635 0.013901713553388735 0.01809672705964169
109 0.043914306062200814 -0.019568982863294282 0.0006937502301546226
110 0.043533885481326175 0.039957587500433475 0.013074586399743564
111 0.042761389438443174 0.01576987291839259 0.004611158027038802
112 0.03505700565867004 -0.014448956767464955 -0.030337159442962287
113 0.03823746395051079 -0.025744516993132585 -0.026959883906611234
114 0.04353393741648713 0.03159434980237548 -0.008208065659892981
115 0.03599421821838512 -0.023950727299571033 0.0015003871798737625
116 0.04237023874120295 0.03266285477730206 -0.016262815461752025
117 0.041975241322958136 -0.007283501889301639 -0.007834259252409203
118 0.04117387830805648 -0.013290542590596024 -0.019037045211132832
119 0.0415765919344764 0.01262042052739312 -5.3368287417652864e-05
120 0.03690811910979885 -0.01635958459655744 -0.027225978728416807
121 0.04076744441474007 -0.002438606841024331 0.00473254634682444
122 0.043914151019030026 0.006543713161843867 0.00549933674124459
123 0.04466665899889885 0.009689549204739058 -0.002389466100847448
124 0.04649375444825341 0.025826246147706833 0.013798652565305452
125 0.041174493372177906 -0.0026867835559461536 0.015717110463353366
126 0.03735661748356624 -0.028905271286507588 -0.02034812272884829
127 0.037799963433314654 -0.024518476738247585 -0.0051456201003687065
128 0.04466594785511725 0.01909059195673162 -0.0008336233604896926
129 0.04466661134386099 0.0394119116371348 -0.019578817129897137
130 0.039941871098999236 0.014900527197797856 0.01720983844768075
131 0.0399430737120584 0.003917234979245969 -0.0185274612397797
132 0.04237023219909211 0.0008017677378199429 0.020056816536602733
133 0.043914454058626526 0.02372997504886046 -0.008618162450303068
134 0.04276142719842254 -0.009854196189656387 0.01305654301852472
135 0.04613335088901877 0.022182729457022418 0.0187896407479211
136 0.0373572534658052 0.024279574814927086 -0.0032258319298077774
137 0.035528990069659455 -0.02857415938794832 -0.0028340968372013845
138 0.03952346015028953 -0.006888178609264097 -0.005041783370518559
139 0.03823798248973496 -0.01677306073295759 0.014067245616631925
140 0.039942268939623445 -0.005701692307610516 -0.020238334289609573
141 0.041975513209974606 0.02855277596076442 0.02178358707059593
142 0.041576853297716126 0.0064120468767238665 -0.02953810652151934
143 0.04276183400686332 0.0022762734287435217 0.026763964063512776
144 0.04391436643454993 0.002380455956050586 -0.0010954146997105613
145 0.042370726641380585 0.013671097185842264 -0.004930231884375532
146 0.0427616389577036 0.025441864094867803 -0.008504127348295165
147 0.04197535412276154 0.01760595200404522 0.019892992561977244
148 0.04276218109403262 0.012124701949970954 0.01833541800870662
149 0.04157693923091826 0.020577804803985234 -0.01246333080238426
150 0.041576560385761775 0.018653806009056494 0.005585155520177378
151 0.03909986448195591 0.03576846328802432 -0.002016479084655348
152 0.04197543514070486 -0.00634381752523415 0.02307055495925435
153 0.04236921402003573 0.015341297986731823 -0.0025466421214448104
154 0.03952293911187096 -0.02943922818700426 -0.017795680621219535
155 0.04237066570835149 0.025578419013320374 -0.01669660993555793
156 0.04197543850258702 0.010988353424324646 0.003914559790587329
157 0.043913552647311255 -0.031961931958212085 -0.01918217231740955
158 0.038671484168961 -0.0008052111947459621 0.0011999599148950898
159 0.0395226528805205 -0.043601949071727944 -0.032936100140978794
160 0.045771295984994236 0.008992416747067645 0.03012409645530825
161 0.04197556309523693 0.0023207476091328732 0.030708559808637483
162 0.041974645495306204 -0.004887739708433371 0.006457551376192351
163 0.04197529051269549 -0.010284854978640026 0.03390293140845031
164 0.039942608016745124 -0.010839570919463973 -0.0018113114499761528
165 0.03909935645018853 -0.02743061882880232 -0.017267632519316
166 0.04466611861707957 0.03142159508942708 0.0075996794360746935
167 0.04237071508970563 0.0004884892749788339 0.007938256924329798
168 0.0407683635144022 0.0020330482942427937 0.0009759632377430855
169 0.041577120414322974 0.010254661835890105 0.015627126464770952
170 0.042761376830337004 0.00973130163629221 0.006649191692152758
171 0.04076728180328021 0.0024572815565600363 0.032643584936588824
172 0.039099651265668355 0.021623864232989207 -0.02049555982300073
173 0.041174769046189344 0.010727419648560863 0.0032395738560036655
174 0.04577130428816011 0.024022079108796977 0.00046364590153043277
175 0.04157737375535424 0.013783890681964645 -0.015594458991900317
176 0.0446667761074549 0.000876299338288846 0.027028023872333145
177 0.041975111981925245 0.03503123360695081 -0.018804101819148808
178 0.038670754917836406 0.006890469014362531 0.0039471090187772105
179 0.04540581145963855 0.03069043539375079 0.022199828306424352
180 0.04429233276508455 0.014229012157874765 0.004803465460055933
181 0.04236991180573712 0.0074660338627941785 0.007024298117310724
182 0.03909929730570981 -0.013255252340362152 -0.025068263964453993
183 0.03645458062473965 -0.027900964863805635 -0.004417447594480991
184 0.043533100960378275 -2.964331665021396e-05 0.0374690123983771
185 0.042370145585977986 0.002657334860191662 -0.008022316636493582
186 0.03823827807842554 -0.02368411259926424 -0.010500016798062867
187 0.046492842597195154 0.01256760849883606 -0.004591499809657894
188 0.04503725172365652 0.012561927680612442 0.01088392545054694
189 0.040767640873471296 0.017852882709796944 -0.005369670926197702
190 0.04540596937425273 0.02781115554109828 0.020259838332435345
191 0.03505739375090914 0.0223320832102192 0.006951317382867016
192 0.04157655770062974 -0.015802219824843408 -0.010804527956003966
193 0.041577269436258245 0.007981915484628918 0.005380473360813033
194 0.0411749400934832 0.004488848757597866 0.004909541448636439
195 0.04391433730235529 0.03305506997196211 0.004246457981164447
196 0.038238321086005174 -0.033675694062482844 -0.013981857056451965
197 0.03599477336489823 -0.01524311714793169 -0.04663159739870086
198 0.03599442645431623 -0.0029797706513925593 -0.005946690119574769
199 0.03735700097271936 -0.026447458911001306 0.0010111880424395004
0 0.04276172700425333 -0.01768985404760383 0.004961519786287184
1 0.041577039438343656 -0.02428387701590074 -0.010925811653929484
2 0.04157682463851764 -0.012542727066980853 0.0029065002196269384
3 0.03690873004194222 -0.03007778519604157 0.012440579571739368
4 0.03952288678391397 0.008846020372652393 -0.025707564247972277
5 0.041576737058590586 0.027908385160557332 0.004990328183679519
6 0.038671220092770624 -0.0037041790155642306 -0.006334952462493268
7 0.04755565007118261 -0.009996837409000888 0.0035025651892887813
8 0.04117426397566195 -0.011492665492446335 0.008060978685223786
9 0.038238645664061016 -0.02371517609506919 0.012585155543559297
10 0.03909882824743291 0.009759210073495764 -0.059439882331462385
11 0.043149014562756834 -0.011633577342411664 0.011009927742904404
12 0.04353368875441223 -0.02201508538627991 0.015074995514188842
13 0.04035754428959784 0.038443847226291294 0.020691523026364612
14 0.041174893992641286 -0.009240546400332993 -0.00697696519004765
15 0.0419748312134701 0.01573609312215043 -0.022761814924938326
16 0.04391409519264348 0.001280191737592192 0.0029560114026675167
17 0.03823828328230189 -0.003981882363657295 0.0052608907255312755
18 0.045037913919534885 -0.0167677507364424 -0.004878186423714468
19 0.039099269558908877 -0.0008123647769425132 -0.01356719368770741
20 0.03994257095832657 -0.010517178174326243 0.022374361506318607
21 0.03994281743241431 0.02745636171258053 -0.007974187601812132
22 0.043149303074591326 0.03547801471882721 -0.005255500265257561
23 0.0442922394813584 -0.014902119937306247 0.008322800704902862
24 0.04429168999727519 -0.020178761359529066 -0.013368046318148261
25 0.0423700198649853 -0.0044928801715671245 0.009345423663919097
26 0.03780074242516519 0.0007954370029483387 -0.010631994513283626
27 0.04237008096996837 -0.024892571274115354 0.018254222724897767
28 0.037356795227815744 -0.012654730209262293 -0.009667555278659241
29 0.03909892262484416 0.01415620552765802 -0.015872209536000027
30 0.04720419919459079 -0.025185038655465296 0.01719199270213172
31 0.036454321708739135 0.017566616711866823 0.009717503103427639
32 0.03994242056778689 0.012955757183629128 0.013726350915725912
33 0.036454682103543204 -0.01920910420379307 -0.0033145430503612574
34 0.04429181970352474 -0.005954787105371791 -0.028902752498216066
35 0.04684994110721274 -0.005012416217712671 0.006635762933648444
36 0.04276185178415132 -0.020410747985463256 0.024522195668250337
37 0.040357041333245115 0.02413643733074221 -0.007100581548794018
38 0.04613370248026376 0.010503734136281338 -0.02502526617552554
39 0.03994291306653356 -0.009515655539745226 0.02198715025466481
40 0.038671242650989646 0.03121372139941105 -0.006470716929622257
41 0.040356449707177736 -0.03138051661836631 -0.002132877764415549
42 0.04314854467024596 0.018997528794213094 -0.03379219128241859
43 0.04076791404645254 -0.03659881176444389 0.018743842128898156
44 0.041174029446696056 -0.0025117833541263455 0.009610380695216653
45 0.0382389384901033 -0.010955570530798871 0.03242440386543253
46 0.042370237159510736 -0.004246531057773071 0.01331415950858142
47 0.04117443326878963 -0.004809950653283921 0.03384942668821809
48 0.03994237749771429 -0.012999243297210665 0.00622801820350891
49 0.0403568630412313 0.024496547071132743 -0.0378306292945961
50 0.03779993493847417 -0.028595332707568075 0.015927754689048595
51 0.045405382688238564 -0.006631106712713926 0.002121832736635283
52 0.03867124027676552 -0.013653049394345803 -0.026144414147379374
53 0.043533135591638676 -0.0054882506931414445 -0.0019737236619570427
54 0.04503753579010307 0.021289555089751652 -0.0013844472763864704
55 0.04540613152227022 -0.030807486483615518 -0.016031501244442723
56 0.03823899256866742 0.030185968133949036 0.0301053492789541
57 0.03690861232574362 0.012756905712211532 0.01643372615607295
58 0.039942366325087846 0.022260948357155093 -0.013287576766502315
59 0.04157667301958196 -0.027088734446268012 0.010736389226343828
60 0.040767818914413154 0.003833376204851598 0.010806702610085988
61 0.038671607750288696 0.0013879214363610086 -0.027271773006347536
62 0.04649332434660899 -0.007004117023374501 -0.010295263242084896
63 0.04353372397242733 -0.0007947123430162457 0.018388334400038894
64 0.0315573278072551 0.02249170084433273 -0.015935774473758615
65 0.043148866422082266 -0.03537893041024215 0.002377118566667182
66 0.03690885867237291 0.050155684475379034 -0.02370060752673399
67 0.04157665247857305 -0.011368867057155617 0.014015179466311013
68 0.03599448938608371 -0.002235988089754875 -0.020586287382681843
69 0.0439136317993289 -0.009869382657004083 -0.009414811607232426
70 0.041577355684708106 -0.004342666796348796 0.01647164709692464
71 0.04076742702281607 -0.0003987842190646786 -0.037360632347526006
72 0.039522480096490155 0.01739928850581621 0.0022116171136325738
73 0.03690891929758028 -0.012615432376082637 0.043783976855148836
74 0.043533802880100295 -0.012915684641641924 -0.00018309269210592562
75 0.04197519266445998 -0.03071322288352071 -0.029214000204458263
76 0.043533313697829645 0.006927546005105476 0.01141093933161986
77 0.03735708678741844 0.01894185575992226 -0.02477902660523502
78 0.041576634212606364 -0.026891956242143862 -0.007535118350043893
79 0.03457871851456297 0.0050819558128893634 0.010792727701659273
80 0.04314934339900864 -0.010820366928805648 -0.005807487085398188
81 0.04429140085438374 -0.02446761482121937 0.013283724887080182
82 0.045771704251993874 -0.012471837016782112 0.015917376342254447
83 0.04035725378151922 0.025673974588163798 0.005453817576503332
84 0.0442917822896484 -0.04314395528581486 0.013382898731127118
85 0.04391447035111714 -0.007088072637299443 0.009266205795281944
86 0.04117473040444868 -0.026280983456486384 -0.001145653574104287
87 0.041975511052468606 -0.007130238376180171 0.03780521580032335
88 0.04157659864749626 0.009147320681352347 -0.011721440959450964
89 0.042761827490199515 -0.01384904332386063 0.001901779852024089
90 0.03409411442458519 0.003373542565035529 0.0014852248255141317
91 0.04237041924555116 -0.0034103235450302226 0.02533988600344864
92 0.04117407480010604 -0.012716990440678104 -0.02371195783959333
93 0.04353402785941068 -0.005158629895357278 0.00952500766875994
94 0.04197587754454621 -0.027955105875173646 0.0015359193203794363
95 0.04237000667094744 -0.028056273330057124 0.007142577530587679
96 0.04540643559753515 -0.009748770369057023 -0.013426708188203103
97 0.045037838476361385 -0.027383424149329108 0.006101518582499717
98 0.03645460676558784 -0.003190725126504706 -0.0046543891864116475
99 0.03645446622413167 0.00841822408501686 -0.033183584944033936
100 0.04076812094450399 0.0414997034328418 0.01198816530456164
101 0.04613322761260622 -0.014984615340033708 -0.03539016346924309
102 0.04276135582670049 -0.02407394721847925 0.010761881872733923
103 0.04314921920899886 -0.04030070074723949 -0.023038554061496394
104 0.041974860491784095 -0.030087539956912292 0.009051924748965682
105 0.03867063328970218 0.020814459749092157 -0.021643929971113186
106 0.04353363478747767 -0.02182971288629027 -0.006720093498850111
107 0.04157629688463069 -0.017396634274077005 -0.04371117573187721
108 0.039099529946812976 -0.008496356054303912 0.016504989086935692
109 0.039942024854980336 0.030729813300193583 -0.012156023328189613
110 0.04157661900350408 0.013848116660321992 0.0005965693606381721
111 0.04076724483909821 0.03193667933871133 0.00903721375831115
112 0.04117392860954979 -0.020837313233960323 -0.00046996282462312265
113 0.04314914187856706 -0.011017388449911354 0.027941064834546298
114 0.036908615910280065 -0.004761292331140112 -0.008587291913036041
115 0.04429210419721235 -0.024441938592194467 0.00948354150185381
116 0.04790458140760077 -0.026576079183302112 0.013216639167702462
117 0.038237996395366645 0.026181706108954688 -0.013571903531165136
118 0.044292151375878185 -0.019485747124562938 0.017303808688131025
119 0.049275580602163596 -0.03393428562134895 0.005115363811150195
120 0.0378001367178469 -0.025004014276122956 0.03293020227368846
121 0.04466648817254749 -0.017000134054799467 0.019931665958125674
122 0.04613397361738679 0.006235897837645153 0.012226052809404567
123 0.03952343745771729 0.022486979781534924 0.01990427270030322
124 0.040357408158853754 0.030669359281182515 -0.006231700831027113
125 0.043533946156127955 -0.00591838132526821 -0.003220069215661633
126 0.04790442983553547 -0.003917117490669734 0.012923047763971764
127 0.04577128470328095 -0.033160116749142925 0.005412954247715497
128 0.040767794358790466 0.029721989373464527 -0.005243833714275915
129 0.0395231476860213 -0.01831959323094165 0.004296915145060917
130 0.04577135113175175 -0.0066118211726830705 -0.009546564956428357
131 0.036908566449002644 0.008551566464962183 -0.012112348683485392
132 0.039523299760568315 0.005289057573377915 -0.0008907452551259119
133 0.042370874899115264 -0.026001559916035553 -0.004881379624615504
134 0.04197542928824836 -0.0243561895192088 -0.00036776932565285873
135 0.04613345951421376 0.0013507696284049998 -0.00879657408680524
136 0.04197539627647272 -0.004831991252784721 0.013336904270225032
137 0.040767581432529065 -0.030373639142991297 -0.011836696711878288
138 0.04237077808732318 -0.012808569483366046 0.004573861513514637
139 0.043914202507758786 -0.016085640425145136 0.0027093617790613735
140 0.0489365946991726 -0.03036781001761161 0.023318778060522502
141 0.036454454689113874 0.041977104586040245 -0.0340322446459812
142 0.04117345426828269 -0.014682028791058276 -0.029333797607299046
143 0.041173937748615656 -0.042159266000212865 0.013658227419748429
144 0.03735719318728202 -0.011324338186701493 -0.007677896461424971
145 0.037357237873829274 0.017567879956474866 0.017438358181418104
146 0.04237072616416923 -0.02818534979081716 -0.00861342295803592
147 0.039100022501346345 0.018105390454239322 0.01545926597419932
148 0.040767749629041374 0.009879928326699825 0.00944394842953652
149 0.03780023858971211 0.0006550315754004076 -0.00227013892874688
150 0.042370398278548035 -0.006906309359210588 -0.0005892834840685007
151 0.03735673453602879 0.030550418858870772 -0.02578411649721291
152 0.04076774215684322 -0.026463909703207365 -0.027040331877998255
153 0.045406006852366204 -0.03275342143955142 0.012153319612083659
154 0.03867193652511877 -0.010568738821111472 0.0021721397578800777
155 0.04276090027552439 -0.012042453379341038 -0.011383684002204927
156 0.041577198926051225 0.007581178692752085 -0.0011602784881418425
157 0.042761385787182686 -0.030367598739130995 0.04164849675224599
158 0.045770852462947216 0.050538388723221486 -0.015336833492531229
159 0.039523374984437844 -0.00544399496135186 0.01486454640459232
160 0.043149469242168434 -0.017483745970913987 0.018778430859172926
161 0.042370154704954685 -0.013446491963558994 -0.0054356651985269745
162 0.042370195393051806 -0.016901803171541694 0.010659912245971832
163 0.04035740555464936 -0.011228185944307814 0.0011513799383977591
164 0.03735727124265689 0.018776436404019776 -0.0015010800450678949
165 0.04429159128140863 -0.05196980777619814 -0.008435362944402057
166 0.043533637909342955 -0.015572007570764679 0.018116991567101847
167 0.03690810755670169 0.020037212482094495 -0.016617207688638433
168 0.0382382988205998 0.029301727574367692 -0.014986248481868147
169 0.0446658594269567 -0.0031735209230665633 -0.002882765157614962
170 0.04353357082907682 -0.019630188319647683 0.009945189537278935
171 0.03645465537028315 0.005844354587529319 -0.004400739574999534
172 0.043149126211270546 0.004420277397202236 -0.011937571105704665
173 0.03690859980034601 0.011278667681847085 0.005797455639306619
174 0.04391419806543916 0.012780673101499038 0.0019931430582101747
175 0.03552909121897042 0.005143624033119825 0.0010608076840800233
176 0.04503781657359119 -0.006948636828170041 -0.0010544350597699254
177 0.04540587141215298 -0.027144995596636776 -0.010929116628016548
178 0.04197565120574492 0.010065124011118474 0.007054201515159741
179 0.04076753117885193 0.027200575483255513 -0.01818131236296057
180 0.0464935360279202 -0.013883466907395847 -0.003459706073902157
181 0.043148867121880714 0.024216326021032183 -0.010887348326648161
182 0.045037636173501656 -0.00827887295676717 0.01053136575944861
183 0.03867137524170381 -0.007586830118303956 0.012160210277262037
184 0.04314893436642936 0.0020357674639856845 0.0002837231216264684
185 0.04076716754252655 -0.0010871374973473538 0.0016851256112998573
186 0.04117442672814227 -0.03929109863156956 -0.014210866429892874
187 0.04117413578523653 -0.047242635958957044 0.006888719704861105
188 0.04314877158145041 -0.03293586099134066 -0.0028167828666157946
189 0.03994226316350674 0.030690876720551253 0.017762940739432607
190 0.042369710948867344 0.004525009686689988 -0.019356680256883113
191 0.044666896038526784 0.009861640514935465 -0.0018830957640753475
192 0.04035685249743671 -0.020283035889321725 0.006506081836826268
193 0.04429185529592382 -0.009178461018122263 -0.004949122108172209
194 0.04503766522411193 0.026363756279038586 0.012707210347551585
195 0.03994238138690294 0.010549990353609368 0.02206342110700134
196 0.037356985956231305 0.00292654368296715 0.00729250093839214
197 0.041174510689403865 0.0005821254235877532 0.01179265369229704
198 0.04276146260904822 -0.039088111015184945 0.006010127350386192
199 0.038671734934625494 -0.020895905718439804 0.014178849248266649
