200 3
0 -0.5044486179123183 0.4577717666681431 0.19879077881338658
1 -0.263097995447542 -0.03734812044306942 0.3704365427387696
2 -0.46189764310148845 -0.4201780978341241 0.15182522064787854
3 -0.48157840103234156 -0.4000656368235076 -0.2177733393180477
4 -0.42312670573119365 0.386650042969259 0.12876599092978647
5 -0.4818881083581258 0.45853764142932457 0.12058741609457613
6 -0.4547787470969051 0.5054380888838591 0.3317214360049565
7 -0.4468996402941392 -0.41071699269900414 -0.16613158093100203
8 -0.4788268840291016 -0.40568561958030486 -0.05170480396523725
9 -0.4401336684744672 -0.3449812277171006 -0.13601062879409048
10 -0.43865356063422756 0.4335847162360829 0.02091234540052791
11 -0.24153784016969945 -0.06339814466443197 0.5941969988645125
12 -0.5327698801690619 -0.3461841226437021 -0.08890104758451103
13 -0.4494835180147657 0.373392076592522 0.0047196554905298265
14 -0.49847530769881015 0.4271085288925534 0.11993302773197102
15 -0.44849469100432043 0.44718852989020824 0.034799157974798337
16 -0.4467140443290259 0.48609129346519836 0.10036012352968836
17 -0.46794014423986713 -0.3904057047082067 -0.21285546939521957
18 -0.4865273219504032 -0.2945642640211779 -0.2011119842381125
19 -0.4933695016253928 0.5595035591906793 -0.009630293804027974
20 -0.4540389996263669 -0.35015830979783613 -0.27611023903666254
21 -0.43269244711297317 0.3611702640330689 0.1235609922576761
22 -0.4860217277192057 0.48153941505906955 0.12427370450396269
23 -0.4684081285852783 0.4010223247268395 0.11255267508484752
24 -0.43433130684476123 -0.41418802691627526 -0.12409579203128819
25 -0.5053851631260875 -0.37796698925850675 -0.17323960059439464
26 -0.465352169891088 0.4593046888888032 0.005970736604266555
27 -0.43768937350910125 -0.3372515705638184 -0.2318213633582264
28 -0.5044861510113303 -0.3966376847918627 -0.04364607790900865
29 -0.4130283376549369 0.38047052481667826 0.08874695392692601
30 -0.45226237090414967 -0.31036651354423306 -0.11823719598788462
31 -0.42431964615269985 0.3576329250484113 0.24588315821033188
32 -0.4421043749377358 0.36823347472290063 0.1568494223303518
33 -0.22420264445803914 -0.0016605969826327394 0.5096734684478172
34 -0.3059333347980579 -0.1034125812916717 0.515821144295848
35 -0.48797197762824407 -0.361156477534719 -0.14108478103985503
36 -0.433313565722095 0.41480439045869716 0.12033180509774703
37 -0.4233557527329509 0.4611791231196176 0.06844535409043687
38 -0.512677699818123 -0.28776328247353433 -0.22860530977824042
39 -0.4937854381769023 -0.36142270060669285 -0.1825925661334635
40 -0.4975899767889363 0.37700373127234 0.12142843625016073
41 -0.5429845367075964 -0.3903970453905928 -0.3551413306290139
42 -0.4386101182537235 0.444649345396387 0.14288486294443933
43 -0.24261697001769045 -0.027882169126666946 0.6117551465028663
44 -0.42971077984962797 0.4380529919975508 0.1086259148329822
45 -0.4483458207800995 -0.3812879932815323 -0.160094770622661
46 -0.45736386721036526 0.41797401455296956 0.1782534663709365
47 -0.4443179713314135 -0.3847357546783166 -0.16439308974963437
48 -0.5012651705786675 -0.3890544998504679 -0.03788059655938716
49 -0.45995921906442666 0.44312125198748453 0.03282046114541717
50 -0.3046480808329796 0.003987013107254152 0.5824515048296787
51 -0.4113624757727541 -0.2686689183190457 -0.3113685079684503
52 -0.28166619328498743 -0.15437937394552115 0.645662705154824
53 -0.45223982824497055 -0.38053478734964946 -0.1609778787264586
54 -0.4508198117642847 -0.47201045401452474 -0.18689014558274405
55 -0.236134566255942 -0.04880868182696319 0.5378255717186422
56 -0.49435823890480396 0.3703008666433791 0.054371874729342365
57 -0.45457621630581013 0.4460997608025914 0.11836955332638902
58 -0.4770204717282933 0.4097489371530678 0.001819803086101208
59 -0.47534984750809406 0.39129006387803406 0.04701143000146011
60 -0.40629573490390364 0.39040421129158664 0.0021534525337491613
61 -0.5143421671578672 0.5052128347279128 0.19677406760546096
62 -0.47126969292027737 -0.24177829702826906 -0.11970806560831407
63 -0.43418917727762846 0.3604231831185247 0.07925843979515836
64 -0.46905597792366355 0.36444463961264667 0.1015767400299592
65 -0.48124563053034525 -0.4457685045799933 -0.18600965053430138
66 -0.4346390207108945 0.4275695098682998 0.134966949885291
67 -0.5146173665414582 -0.33831147627105884 -0.21930000296771476
68 -0.4969289912923131 0.39664119813700177 0.11028492005635854
69 -0.19054955871225457 -0.04415808781391687 0.6178717792969527
70 -0.4357842531860742 -0.3596812405620493 -0.11657157515432148
71 -0.5084279943734623 0.4417104593819185 0.13762200325959514
72 -0.42066130605102764 0.4616001548999725 0.15406919215423462
73 -0.4663336631946345 -0.3119795317123188 -0.20160243531225044
74 -0.4971784050357968 -0.4103266955737141 -0.106911972426928
75 -0.40259400311673493 -0.3884591942770636 -0.019016641377844302
76 -0.3843990044775336 -0.299171784068653 -0.12578461518682435
77 -0.4348578610650939 0.46564268216881854 0.0182536278882968
78 -0.40427171981261867 0.4926388223229384 0.06323951278965653
79 -0.44547460147877704 0.48408633688925434 0.2584397268632904
80 -0.4958178691935962 -0.449032573068023 -0.16432504969941028
81 -0.46796310281531056 -0.3896764138691352 -0.11517775325686178
82 -0.3939284988769278 0.43816969372514114 0.03367500151584871
83 -0.4239029855178712 0.3505527246801367 0.024656111305853767
84 -0.4955589948875736 0.4377834655923286 0.005623154473835497
85 -0.46924571973763507 0.4302381012132512 0.18254622221818925
86 -0.4614337432334346 -0.3478805015715583 -0.22237535677701784
87 -0.4653062957851469 -0.38749686529585575 -0.24192844308637076
88 -0.4711554646953747 -0.34911346115391184 -0.20872594277251544
89 -0.47155643696402133 -0.3645752296957447 -0.23508857691272378
90 -0.5189237716683992 0.3963776189050084 0.07665773675076654
91 -0.4892205227451672 -0.40744320792167643 -0.25293969144215006
92 -0.48567028521399913 -0.4077818330409023 -0.2861907309673293
93 -0.4951291179202463 -0.343855877411976 -0.30047329696501074
94 -0.4054651647644537 -0.39948261935523477 -0.20084287945028276
95 -0.3951375445871252 -0.3571773578058641 -0.28329190491963196
96 -0.46011013383485205 -0.4237947745397608 -0.1705327025314602
97 -0.47330056423713485 -0.3110953167211711 -0.16040555081747443
98 -0.47650363414456487 0.5020848357463694 0.07125959707260696
99 -0.4324174212231466 0.4839830621321437 0.12945049655684143
100 -0.4555262671319653 0.3992364132822964 0.10316495268366244
101 -0.4751288415444598 -0.29922929966194534 -0.2770436973375847
102 -0.5042393138240373 0.43297046436725417 -0.000775999276006835
103 -0.5096926004362171 -0.42317395662801244 -0.2577543791375949
104 -0.23828007967228132 -0.11956579330188964 0.4697689818345058
105 -0.5079609828562984 0.4062566358941835 0.12917092595616791
106 -0.4522452712920253 -0.4076144629251982 -0.20149704702163498
107 -0.5171600556703525 -0.33284622674251374 -0.2688310031924524
108 -0.42176956934221294 0.47079775101553073 0.04722388538415984
109 -0.48966436153707965 0.36334621628602193 0.1659560259344225
110 -0.4830576708108454 0.48046162851260443 0.19709543870945073
111 -0.428094061866076 0.40397426230397815 0.031452695443759685
112 -0.23864753841495667 -0.1737583820844386 0.41743326043638707
113 -0.4739925461833329 -0.3686027831822583 -0.16806112691337002
114 -0.4521213845963633 -0.3767766783388725 -0.15000837301170558
115 -0.47930184667202025 -0.32437401219940015 -0.324287982113257
116 -0.4832943904501108 -0.3026828892062661 -0.207666247264155
117 -0.4836550597133474 0.40955305533352876 0.09551518664711463
118 -0.49263051319633433 -0.43134163901779154 -0.14003858139930925
119 -0.5314307316342856 -0.4004284834786436 -0.24109908964454826
120 -0.5039492787290527 -0.29602164172940726 -0.14721914632284847
121 -0.5403713347563727 -0.351495940952367 -0.38749503152993825
122 -0.4456147877756641 0.46598913575096385 0.05810158887341327
123 -0.4494641320735823 0.43917295905647086 0.14445966491223372
124 -0.5015326907803257 0.4058285978354156 0.1542128261847666
125 -0.48445246589617275 -0.27751960406777026 -0.24190536411745187
126 -0.4368297129405593 -0.4190292717665557 -0.1694870231943556
127 -0.49003206242405334 -0.4569063749578043 -0.15937179436524176
128 -0.41295289225623766 0.3985453154490989 0.07498869672721291
129 -0.4889900541811165 -0.3928644348261996 -0.12981861348949772
130 -0.46483702172236174 -0.39631453499353675 -0.1504608837613958
131 -0.5274053759144368 0.3516259214498529 0.0644353807315313
132 -0.4451278025037196 0.4700809728985304 0.08078073483717572
133 -0.48580340703368996 0.4778943419546756 0.028726162047216248
134 -0.1939405903512778 -0.06976209132437 0.5650198443677686
135 -0.40483680589527193 0.45056732682268585 0.14072322881738764
136 -0.41438388399841203 -0.4292717771245788 -0.14717838707594819
137 -0.49067480537672514 -0.43662153907773105 -0.16426855469509072
138 -0.44690086001203727 0.3759548709691887 0.10234458633250937
139 -0.20439468200198374 -0.06116637276825393 0.359668358173654
140 -0.2626757624086449 0.03959066114124749 0.4588443666029448
141 -0.4465430392203269 0.3986272979310601 0.12538370245287722
142 -0.49209567504313667 -0.39168953372295184 -0.19281995555789025
143 -0.43299869970810917 0.4491409899552566 0.12788517660915594
144 -0.4288760001462753 0.37012219579679806 0.12015885001757655
145 -0.4243651672368776 0.3741694279844985 0.17184985408867676
146 -0.43468399078917186 -0.35580636919422576 -0.23384088979942488
147 -0.4483305456935497 -0.31495050350396614 -0.20781930705686888
148 -0.4433444295346127 0.4409105243432154 0.10140364961025404
149 -0.4582038745719138 0.45495142370637104 0.2044396877896077
150 -0.26881945226295895 -0.08630649444935014 0.5091061327029386
151 -0.49751779048593897 0.5073182984041462 0.10647973600141769
152 -0.4419283928856654 0.43937400321536907 0.13890555059751147
153 -0.4922927420440373 -0.2822547618279961 -0.3048527030030268
154 -0.2791353994800103 0.05435967551165165 0.5069661179305812
155 -0.4737339383576126 0.4101236243013804 0.21123511928169503
156 -0.47598544713423235 -0.4099913624364601 -0.10673453768689539
157 -0.46654846779454034 -0.35078602680073134 -0.19285354086273337
158 -0.4131749446179679 0.4196159350063052 0.33353502350374514
159 -0.4732877426679722 -0.36861221174148556 -0.21130133604410187
160 -0.45535033649325957 0.46842859924594066 0.10983549717237984
161 -0.548092655857324 -0.3482327383431618 -0.19354799900250325
162 -0.4914095439795699 -0.4180662063640891 -0.1800768583194287
163 -0.48012189572251457 -0.303536158839714 -0.17637203519926736
164 -0.5055637726388117 0.48696079132653725 0.10979279113734644
165 -0.48819885024958654 -0.372996517349797 -0.08421772461593914
166 -0.414218435514 0.4250933956063575 0.10079028758253236
167 -0.4675174014366037 0.5266908585138546 0.22984928052088563
168 -0.4457558540829446 0.3867569363998905 0.2953067053421284
169 -0.39966068784246167 -0.37398808384107973 -0.18950554477272283
170 -0.43474349872354423 -0.4132234218197066 -0.05085298124438407
171 -0.43136057803025496 0.3752930455725273 -0.04241606407497324
172 -0.5068275390872486 -0.43315390054934544 -0.0489226267547517
173 -0.500937902890488 0.4575731718001033 0.20860131230895806
174 -0.47826903008565524 -0.38307430245847857 -0.25364303173167957
175 -0.4461802105910313 0.3548650820863158 -0.007101191141281963
176 -0.42716681561480535 -0.36734163431665406 -0.20693397152714932
177 -0.5095892442630731 0.39191048689012753 0.10347478194997362
178 -0.23036801978066865 -0.031239216126619763 0.4428733044768677
179 -0.41368644826398493 0.3607644381634237 0.09778168084049772
180 -0.44610793000037346 0.5332444593323676 0.1080136254168935
181 -0.4752560733329318 0.4842675313938572 0.06924543869584099
182 -0.2245556095669513 -0.07191021437580761 0.42246354561144706
183 -0.46325262019050856 -0.31083619232815074 -0.22953360240994214
184 -0.4103507688767375 0.376296628759931 0.13926254749833808
185 -0.4036227616257656 -0.37686384180733395 -0.20064113710918682
186 -0.45500224105670917 -0.42039664490574746 0.07096166643432579
187 -0.5037435710293015 -0.3250196718246262 -0.294119079554569
188 -0.4539974669773804 -0.38303897038242185 -0.1752988614833268
189 -0.41764854617013775 0.378630521056098 0.09655896183600582
190 -0.4560530829716725 0.3901854782985363 -0.00867110789678841
191 -0.4330029199198134 -0.36091903076435505 -0.2137368898377419
192 -0.1927099894800999 -0.0425717735769252 0.44205695620991775
193 -0.4210061903131822 -0.3035247757460581 -0.2822532315202261
194 -0.4881911259730294 0.384285243170459 0.11406956096094416
195 -0.43901345005104886 0.3747631326341131 0.006495662613455208
196 -0.4772629167072948 -0.3884306206572655 -0.2412488533326033
197 -0.48487371046299094 -0.344391242430591 -0.24254353248671337
198 -0.43878128840383823 -0.3434167669969566 -0.1048843110555919
199 -0.44135347127828706 -0.4454500832049987 -0.10334323534714308
0 -0.7296875258352432 0.012596558508363442 -0.2262189919874824
1 -0.2520171856049962 -0.019939740968756066 0.4973380183073669
2 -0.7112468995214856 0.06586913652599466 -0.2654520753021599
3 -0.6628949570121209 -0.01783862567301484 -0.14877416723776135
4 -0.6379151627673109 0.06611805749602574 -0.20493205104131493
5 -0.709703072176172 0.1447925331640023 -0.05315885386205619
6 -0.6925869964266489 -0.04525350703592047 -0.16412474944409725
7 -0.807647493279758 -0.06707868117401967 -0.15249413573287593
8 -0.7282239040396781 -0.05213836288603085 -0.2674407219979918
9 -0.7207845330802967 0.07919939121076382 -0.02832122660650436
10 -0.7279655844756592 0.059116323387915545 -0.17078369326155063
11 -0.22937471362445766 -0.0054487924755908974 0.4674425283461717
12 -0.7228263573255957 0.062368473967451425 -0.09790946213282024
13 -0.6286799710392059 0.07695277442199047 -0.08914980673715704
14 -0.7199470490133472 0.07931881775252306 -0.1637729020219493
15 -0.7370214860696852 0.09608463592342222 -0.1465449460294318
16 -0.6719648921030853 0.04283367927239194 -0.12589806322136166
17 -0.7263780665703351 -0.035790658441997115 -0.13497293566645296
18 -0.6855523180973573 0.05651037829980527 -0.22805055006479724
19 -0.7196975651274115 0.013418603891700617 -0.24883526778832754
20 -0.7464480741382308 0.15396393107943263 -0.04098152346694854
21 -0.7164976816184783 0.10010519228065591 -0.17912313495488025
22 -0.7100821996299069 0.11950173225989405 0.02959789839780278
23 -0.6629447794282256 -0.0020380788839525618 -0.16256751428188865
24 -0.7163397760764568 0.06559099872670748 -0.10206578937286988
25 -0.7342083551709265 -0.013781041088953547 -0.1405659333426431
26 -0.7168514297642368 -0.007178486653952314 -0.25228616811301763
27 -0.6961516985876386 0.0460648851577 -0.1108725516702444
28 -0.7003949693399159 -0.007640735056895695 -0.22631680585012745
29 -0.7253049295935127 0.06347677659566361 -0.1564050265564727
30 -0.7327078069212979 -0.001075720747515149 -0.2976209361655049
31 -0.7363908986641732 0.04819456064466216 -0.1315555359551527
32 -0.643851768091143 -0.019218770485815686 0.02966064306332984
33 -0.26291582952883097 -0.095518451246111 0.4741981250171056
34 -0.20276182531794718 -0.13913466133171123 0.32946887070293257
35 -0.7146591703456621 -0.05881571290145466 -0.22332691049006825
36 -0.6746282152580366 0.13558683245284045 -0.08662271119944802
37 -0.7468800675694419 0.08570310184799869 -0.2396064464573252
38 -0.7267597476640298 0.01596420014393114 -0.06811400933779604
39 -0.7240335166187166 0.028023444621834898 0.04179539640285286
40 -0.6771120079110653 -0.002874962663910099 -0.13246546888582242
41 -0.6656257842278805 -0.08662739087776329 -0.15196302998452338
42 -0.7015176026362947 0.16630848053623326 -0.12791801471356906
43 -0.2805221220425023 -0.08690620740519825 0.5431580387139083
44 -0.7949069992725397 0.08056244286185442 -0.11517250010251613
45 -0.6710613117376476 0.044910037664022726 -0.24925298342678687
46 -0.6901248126077043 -0.07779996061267269 -0.16653651012763762
47 -0.6986391878134102 0.17447469715157593 -0.1409144672524961
48 -0.7179230796786377 0.11278696385602066 -0.2958848343831886
49 -0.7258013500932059 0.06043510318090278 -0.09861921716674865
50 -0.2783116326688061 0.020145451279229072 0.30951035171239777
51 -0.673526079678384 0.051094425709927546 -0.27160256239183267
52 -0.32197568597399245 0.013686075029623641 0.5232560302255623
53 -0.742802877273478 0.06498755065198575 -0.028445534028873593
54 -0.6919746314145484 0.015365095361252197 -0.02596581603245821
55 -0.24392224757441766 -0.0895895785661625 0.5671516764029539
56 -0.68276267949543 0.06319001003394666 -0.038739497486399585
57 -0.6919924724125505 0.027387496191930736 -0.10639292751404633
58 -0.6895998909912281 0.10975414572337543 -0.18348013634268687
59 -0.686783909461932 0.09690263576101564 -0.1399028726805966
60 -0.6640167744188106 0.04453285054989231 -0.16101218680641705
61 -0.6714249020595364 0.06148825132533428 -0.07532785707108575
62 -0.7256842037273123 0.03566798138217314 -0.20495076987077468
63 -0.6668280619344659 0.06725740195431605 -0.17819284420518688
64 -0.690298446920316 -0.003896137659853344 0.008180488971106618
65 -0.6806481432839981 0.08211786439186534 -0.11173794980910776
66 -0.7113197258216277 0.09642609712229128 -0.14020048585488457
67 -0.6899476251069235 -0.03639965498650258 -0.10606132578794403
68 -0.6298646673797561 0.08882933773677092 0.0330719861354459
69 -0.24943516599023133 -0.13656217451110206 0.5443807287498539
70 -0.7518375066198658 0.007733324319256085 -0.18694607934929539
71 -0.7058250285992623 -0.08785741125645138 -0.17018741594908982
72 -0.6868088411652113 0.07207452438942859 -0.1336374645101844
73 -0.7246948808641718 0.1009487724296767 -0.11105944563384512
74 -0.6525539311330817 0.09347739558140732 -0.07816871497818188
75 -0.7119476580916727 -0.038997430317842176 -0.06990870504329268
76 -0.7382462440647005 0.07642062059025616 -0.06281161170397796
77 -0.6370459454556432 0.03202836652805202 -0.18814104136720883
78 -0.8097281355830385 0.0002466525680839146 -0.12108323351832097
79 -0.7512528781646397 0.004947578704526255 -0.10951556475266987
80 -0.6819074629389409 0.0919803666894355 -0.23508527212998706
81 -0.6656551608204226 0.20445193636118383 -0.227473426254806
82 -0.7037157860437055 0.029722834486551934 -0.12100036629907879
83 -0.7537002665631758 0.03269419902194822 -0.14697861791190223
84 -0.6777052424183769 0.0647003576938262 -0.22211094956225333
85 -0.7539177196844141 -0.037839581604172993 -0.16831737154556592
86 -0.7119842628946157 -0.04311545509867677 -0.24767152427663197
87 -0.7380473310732129 0.06262038168178474 -0.15276742171867624
88 -0.7421425090234999 -0.06099364628446659 -0.02467644393855183
89 -0.7062297949774952 0.07095674823803755 -0.17369608999726524
90 -0.6991048987378551 0.005595016529780052 -0.06433583610013673
91 -0.7148893891395699 0.017615568161293834 -0.2831351011375574
92 -0.7048750361241051 0.131091289075637 -0.07548509397406347
93 -0.6346049249511329 -0.009163976519987908 -0.2344068373170427
94 -0.7719257127438099 0.17940597207701353 0.011372879001346632
95 -0.7200281672685344 0.049835089922141126 0.03334690625922378
96 -0.6984911960294748 -0.00658367297266265 -0.039412864869698756
97 -0.6828648315196949 0.08889985870257731 -0.1472010659989499
98 -0.750300406511926 0.10354472861275536 0.01859860532892822
99 -0.6744246404183544 0.14543274640789264 -0.09679224501641297
100 -0.7127199021397077 -0.028394881949333352 -0.10614700524497953
101 -0.7186954824321713 0.057947673196825825 -0.10650157364365344
102 -0.6984408013301102 0.11837745689770703 -0.17755022025073175
103 -0.6991290859923316 0.031057916121461505 -0.11900185788315046
104 -0.3185888020484374 -0.047540184776300856 0.4912986875438316
105 -0.7355206518359435 0.10168920196135904 -0.2270209286002876
106 -0.6960667060775053 0.1683984695040277 -0.1087151414789134
107 -0.6604538684269408 0.07070318266700447 -0.051301664639272236
108 -0.7173501108668737 0.05834382815308744 -0.005334837394373801
109 -0.724669924977839 0.0018693531722310034 -0.20361919337113157
110 -0.7072441507925822 0.12150594317643545 -0.12265771283638892
111 -0.7584448173549444 0.06982938512113374 -0.2633058531243959
112 -0.2374161266053733 0.012610490724040926 0.306325523316346
113 -0.6517065576921247 0.03830061335921225 -0.17388673724211284
114 -0.7029916978091504 0.04961969491576033 -0.22195341702956625
115 -0.6965727107332224 0.0880888006398289 -0.0006113029149604154
116 -0.7128524445862665 0.08831239480382604 -0.11691289983321836
117 -0.6772970103476447 0.06737700011491062 -0.09003254318650211
118 -0.7268034351673031 0.1440953850961069 -0.18477163510688846
119 -0.6814761979563593 0.09500549823383972 -0.19043643240866337
120 -0.7353996482927735 0.05962273623615764 0.015932709498407572
121 -0.6908336454204682 -0.09807515581729137 -0.25217270242147066
122 -0.7357929753868742 0.09964798128851604 -0.13122004210343863
123 -0.657712916285355 -0.05548672658898203 -0.18093381778248202
124 -0.763318606991496 0.02369680923522137 -0.09692569732059102
125 -0.7497858963512347 -0.0572980002150556 -0.3103868335088682
126 -0.7577662552140669 0.056944339977463 -0.14649082457523746
127 -0.7966574072673483 0.06989206935993185 -0.017240422058856564
128 -0.7180539925081627 0.1296763250109406 -0.139200730626004
129 -0.7093547737556498 0.04677686247385289 -0.2083432323048303
130 -0.7272778019177958 0.036516649421473556 -0.00886615368955814
131 -0.7296649068874786 -0.05019856333455283 -0.2025387144292235
132 -0.7127641117035742 0.06145491410704795 -0.0030323922996809195
133 -0.6939901390265082 -0.028495967006727563 0.02532122358772615
134 -0.2956968994726185 -0.005850836747379247 0.5957274902135766
135 -0.7337804103682053 0.05098787635234549 -0.2145057043170088
136 -0.7296431556545201 0.11656391809230734 -0.020823230860528726
137 -0.7035980338897057 0.07533447517433527 -0.10993563706339124
138 -0.7217415896280004 0.07129410805601118 -0.16053435062892948
139 -0.2411573320873452 -0.0888193910467797 0.4317508796847053
140 -0.23157335691191333 -0.04030133125287321 0.4783025693467494
141 -0.6797299005179255 0.034592128240710736 -0.06889956043452505
142 -0.7019938875263063 0.07303164107107178 -0.1960488549113288
143 -0.7123555761677488 0.02336406354506625 -0.10894008739541744
144 -0.6675711684064318 0.10646767185992241 -0.14610935156570354
145 -0.6937510830110407 0.07207337325650985 -0.2813300743810242
146 -0.7176036138361827 0.09759253796299897 -0.25523588462345803
147 -0.651861029347344 0.03038534220945725 -0.08238381649489748
148 -0.767891638566177 0.09626132625948125 -0.11055165600627319
149 -0.6600263091738816 0.10203759539971538 -0.06046551608614895
150 -0.23719063278639518 -0.035540557930965874 0.5279892223949573
151 -0.710978236326165 0.024168814140755862 -0.13548563512258668
152 -0.670791198726796 0.0048206163430477384 -0.14607731175786096
153 -0.6535115649370371 0.10830580404879032 -0.0554126872527651
154 -0.25385129505262505 -0.04230538590458416 0.5386199174633011
155 -0.7309492159226431 -0.05532516199674004 -0.2189354366061828
156 -0.7348987327677718 -0.10021056472441253 0.02867885846192411
157 -0.7253081600847242 0.041344084799259474 -0.21775322591858606
158 -0.688623056791523 0.11228487091672242 -0.09866123841600483
159 -0.6888586767503229 0.03342960236973238 -0.11793467591876049
160 -0.755958995558068 -0.049456378737730816 -0.21876976525895894
161 -0.7094411287379877 0.016290500279567143 -0.141022740644337
162 -0.7146184229662453 0.08650259769882233 -0.10251743065238499
163 -0.7550411752189051 0.08280616380341399 -0.0994029948965847
164 -0.7050342590271892 0.11700843130331151 0.09509838113006083
165 -0.7157561220340387 0.01403025985742918 -0.1761004936355176
166 -0.6224957967623915 -0.016716213153105435 -0.09430437719714128
167 -0.7674512653424533 0.05375826007858955 -0.10280326447289079
168 -0.765248161414455 0.053772658470148234 -0.16554044862329942
169 -0.6981220598374153 0.044264545296364574 -0.1368563769271728
170 -0.7382105483885473 0.09308466468957725 -0.10819237700322329
171 -0.6505594372975504 0.18603251079328897 -0.14580831296181154
172 -0.7302597633375988 0.025399227874905797 -0.23884123187966955
173 -0.7048729373578695 -0.013244471738809651 -0.3088148767075147
174 -0.7196527499106504 0.01569498318862576 -0.14536079047068962
175 -0.7283307518059033 0.08304536804373705 -0.20655151417610676
176 -0.7253902623529852 -0.054902016212561966 -0.08114838784719748
177 -0.6764597129187597 -0.013925823449474314 -0.15331169152873472
178 -0.19638630231519544 -0.02613462380194441 0.6460531921731026
179 -0.7173370811065217 0.06841829393467207 -0.1870505582468497
180 -0.7484331968756609 -0.009672075545840717 -0.10225069256605589
181 -0.7116432710102769 0.16489955456157349 -0.15675962913116778
182 -0.28228586103714487 -0.11749924220870238 0.40409373875671895
183 -0.6833036892950366 0.12764653817135138 0.007423586471228284
184 -0.6681153325192214 0.07151758040919232 -0.13977628846296483
185 -0.679672418645208 0.07299855121501182 -0.25808473758100475
186 -0.7350495871259487 -0.00579096648612311 -0.21882394103213984
187 -0.6976380304268885 0.007650121380049332 -0.15327108620558785
188 -0.7253591629440342 0.043047884131069594 -0.26343838397542174
189 -0.7131230365297445 -0.04334222535266632 -0.12962993627192534
190 -0.6949164676408446 0.025447670445382774 -0.07708250714406828
191 -0.7348555958129315 -0.00931821333567662 -0.22581573094047494
192 -0.17101719081170885 -0.049838748713152005 0.30672639320392736
193 -0.7074821090991333 0.014529345507739209 -0.1828058839989877
194 -0.71461860514875 0.1366450473558974 -0.13163062836981126
195 -0.721224768834176 0.1270933760332194 -0.17942056796073935
196 -0.7045878868511654 -0.00625490354510503 -0.07977013726995573
197 -0.7224361567877338 0.0945537620098955 -0.20012980629870689
198 -0.7151713973422142 0.00482531983606738 -0.16931361323138566
199 -0.6440199703128253 0.0020815043925571804 -0.2021868444461183
0 -0.44175231227644013 0.3989999477889676 0.04431402436549885
1 -0.5118988910941432 -0.4124893283734715 0.006021620718838895
2 -0.44766951602119504 -0.433411088252736 0.2240729795961507
3 -0.5164746203597445 -0.4911506078357794 0.2451212088516785
4 -0.4901598129925888 0.35327140081736114 0.12430097560044619
5 -0.4636964461092302 0.4484729575779116 -0.008845549138187254
6 -0.4569480039826591 0.3570797976276814 0.16678367189877033
7 -0.5147222498764079 -0.4977639110276089 0.2966757997596608
8 -0.4784956570310064 -0.40226360352303625 0.31307898182085775
9 -0.46879393091720034 -0.432688456381748 0.4086893507271168
10 -0.43597330928623773 0.44728126668254486 0.14243164818097448
11 -0.5475942658897207 -0.44941631871160886 0.2603947034770799
12 -0.5098926592615725 -0.38377861776362593 0.2674899960808176
13 -0.468481580765988 0.41470509709792497 0.12453382588418188
14 -0.4559512279554959 0.4090710529811992 0.0728319058820451
15 -0.4639361591643171 0.48673950514197817 0.25682784073355003
16 -0.47475124170021715 0.44826699162854733 -0.04618544214040905
17 -0.49653000330817515 -0.38780329674845593 0.16991511146209895
18 -0.5395777600830947 -0.40240477119056794 0.22251055317774976
19 -0.4456414063215777 0.38158332236122744 0.22964527538690951
20 -0.5149163020620574 -0.43707103848491935 0.22410327165911928
21 -0.4519055576600942 0.4903859390600508 0.07661922973108172
22 -0.41857464210949424 0.327433396659885 -0.06390160530043443
23 -0.4304951553665511 0.4539538678689663 -0.05978731012146931
24 -0.472603772988366 -0.49123404990197933 0.3430292567954192
25 -0.5581276513547728 -0.4804716548148465 0.18008880010988113
26 -0.49102259798799225 0.42184024682534027 0.03821632680003789
27 -0.4892740257969003 -0.44253816359640785 0.24611542769201966
28 -0.5296726999996766 -0.45184746459507985 0.2031291796532706
29 -0.4605528366092794 0.44499931314912433 0.11301933182611444
30 -0.5138800149211713 -0.4504687665347563 0.19359937141580272
31 -0.4710206652707807 0.4016460657458881 0.02944802531700842
32 -0.4409334075961193 0.42264488675618955 0.03774025307877633
33 -0.46578612342134845 -0.4857762075755983 0.12222462711167023
34 -0.4860349071395347 -0.5488833546688987 0.2861823433232821
35 -0.5134264187257455 -0.41457633481908174 0.37179124451352236
36 -0.43141814946334234 0.36959510801697243 0.13450203220091636
37 -0.4722407160078216 0.3492980137471673 0.3653507282135129
38 -0.5003666187030247 -0.3993407836755684 0.0969867644310385
39 -0.4421680872635127 -0.4076231338758872 0.2221593714922099
40 -0.447196144955002 0.40856037497160547 0.08380511278441116
41 -0.46261374655788307 -0.32516085490309726 0.14318840827144905
42 -0.4489371556297963 0.3650852090690381 -0.0650646058446806
43 -0.4880385662382233 -0.5013877489038711 0.2488177862174391
44 -0.4499795421075291 0.37087357708067326 0.21605622105590708
45 -0.45479200618553123 -0.45995437316269633 0.32730674863814624
46 -0.47158846250130243 0.3896291332187329 0.00635096199505832
47 -0.4488735365622319 -0.4808850268481225 0.24088991852003946
48 -0.49684039017838544 -0.33822632979995415 0.14577224627370913
49 -0.4177049195017004 0.47328216411765567 0.12447586546858466
50 -0.48534874565168495 -0.5316734707160752 0.23292485955438602
51 -0.5426549397150897 -0.5221112960242194 0.3473708313744954
52 -0.46936116992317756 -0.5348771941831049 0.3233019322690457
53 -0.44282571609069865 -0.38131204861146595 0.2220725068555435
54 -0.48522443543902094 -0.3933480666131989 0.21510323286007227
55 -0.5481851906440759 -0.3768227493508856 0.29122061987032155
56 -0.4345008304346015 0.42884919777732144 0.06657667502765584
57 -0.43119162787960275 0.4232081146322139 -0.02667387694506573
58 -0.46957372363805117 0.4519277446968674 -0.009931302705965704
59 -0.48436852059178703 0.525306184901117 -0.023890948442099394
60 -0.43125307093176063 0.4128275254984394 0.05137254475900041
61 -0.4029273455935013 0.4116312215389961 0.11933366081156681
62 -0.4875397153474347 -0.4946650382028478 0.3996442741367694
63 -0.44265794405966435 0.508273800613703 0.05992872905583262
64 -0.4056673571443587 0.38736848065126167 0.11446425957464676
65 -0.5039317200169867 -0.48182492827462325 0.29641130120116504
66 -0.46481343228740224 0.3665226034150102 0.009468547205769399
67 -0.4767462308114588 -0.43996469342700256 0.27321640558295
68 -0.44478955581865126 0.41284874077000044 0.10189206173434473
69 -0.4735506594429988 -0.4339090878520608 0.05917045363521384
70 -0.5334361336763764 -0.4498716321757115 0.21656464119037047
71 -0.43993667878028686 0.41066402405267405 0.02676901529992455
72 -0.4351356553215732 0.349241785732422 0.11233303369566831
73 -0.5004477375923307 -0.37738058300209965 0.28168586080393787
74 -0.51102724114429 -0.4829467191500069 0.17111726366686483
75 -0.5170593866543427 -0.5842704931943494 0.24816317335157692
76 -0.45096444336971864 -0.3793112645042499 0.2594415666445076
77 -0.4188267781386157 0.46391681817850533 0.02108056710100354
78 -0.4166626283329977 0.40564022457422505 0.04282450106979328
79 -0.4026564180027294 0.41299033549137965 0.1926834401784845
80 -0.5190031697151847 -0.44030672282316713 0.13128640631207514
81 -0.5498028978008676 -0.47918546311739496 0.21842909706031613
82 -0.4665979671607844 0.4481342953856603 0.12077414132340869
83 -0.4504081540764337 0.2760821973168943 0.22553596833313005
84 -0.4597131019663581 0.45665701594675906 0.18754707144111474
85 -0.4425123043360003 0.4636515144101433 0.06281605245460453
86 -0.5154617244771729 -0.39098716711087284 0.256658656007426
87 -0.5017257254541656 -0.4337929046817756 0.21269641428913502
88 -0.482555832222699 -0.5467920258097995 0.2851206492143491
89 -0.4872991995442227 -0.4159224163980987 0.14792230867137626
90 -0.4592476883907267 0.39337144231637367 0.11899029179768959
91 -0.4823266451417477 -0.4050113110086206 0.2438813173730671
92 -0.4868447983766856 -0.36627938319461295 0.4245348827163365
93 -0.48665869475204504 -0.43409404978900284 0.46843047571918633
94 -0.4928205742444743 -0.42906776797092727 0.18072754861169862
95 -0.5119158900179646 -0.40427381712369614 0.2583849538219573
96 -0.5278255495063207 -0.4671714594137418 0.11005234686895148
97 -0.5307904388313135 -0.44047256130440904 0.19251796325227258
98 -0.4531876070241835 0.337587464137698 0.11322823184937367
99 -0.4424969173955139 0.45217659936500393 0.0411502946180144
100 -0.38903378653513865 0.3622239500053721 0.018253237952131733
101 -0.5706652413682594 -0.34677050958990413 0.25412276853646815
102 -0.43211302706798815 0.45405156395501134 0.14552416314646394
103 -0.48107034623978756 -0.4192999729379023 0.21187258874850193
104 -0.489002638240402 -0.4987019150478156 0.1318746473379087
105 -0.44360701180898965 0.48779457747346217 0.12716139195553433
106 -0.5511299735654248 -0.4262955514932166 0.2050297376221149
107 -0.4977813619172672 -0.4837377009633322 0.3004713905866403
108 -0.4176361961328728 0.5333310242828218 0.10593988915276413
109 -0.41990839924226164 0.39168449517661297 0.0790053053897722
110 -0.47443635013861607 0.3883868211586966 0.12349238818314874
111 -0.4227883249621571 0.37507773029122465 0.14584408223226963
112 -0.4883296090950959 -0.42625689547112205 0.26126743441210665
113 -0.4993265060034306 -0.3849255847065986 0.1918145953534504
114 -0.4758716295559177 -0.4625951310591375 0.2180737600818214
115 -0.4917693903190885 -0.43259166284271844 0.4109829413341054
116 -0.4879112614428958 -0.4165665703569195 0.2016168505282597
117 -0.42701845008023054 0.3690590056708118 0.17837628681899553
118 -0.4706715390956722 -0.3451684261597441 0.20713554995659653
119 -0.5022510462890027 -0.3547139416103746 0.2673183193594395
120 -0.4835256889539646 -0.4267079059462066 0.28821987879163585
121 -0.5044336711954694 -0.40248254923768784 0.16548796424994286
122 -0.3755595580619405 0.37599056356084976 0.059650805813774174
123 -0.4129898893624255 0.4091892665205448 0.20025777147901394
124 -0.44251987979232255 0.45242945997723166 0.025107265165652128
125 -0.5213243701199699 -0.35978723455974077 0.2708195718592755
126 -0.5344265713998461 -0.47698006296322265 0.1975761745618998
127 -0.5065890434273267 -0.5121037158034623 0.3320459614138791
128 -0.4500516515666646 0.4269582209701297 0.0011700599933083982
129 -0.5043021263289666 -0.46394896330294494 0.15624308463653933
130 -0.4796933416486094 -0.5109065229868105 0.18076560549758702
131 -0.4566994540802944 0.5187457088720783 0.0851074620526296
132 -0.45064397329334294 0.33425243882830086 0.08510418117717854
133 -0.46557429789527977 0.4863833314443657 0.1150426606777088
134 -0.519465133693512 -0.4788070323235329 0.0016296247101950073
135 -0.4439057702860042 0.45739184232711316 0.03381544187842142
136 -0.5349621192021033 -0.44770252240854486 0.11878871318508041
137 -0.5025682090822317 -0.4116810847907273 -0.11184330970570953
138 -0.48488483109482405 0.3521098298467028 0.16205189892399255
139 -0.4808347696703529 -0.4753687729700055 0.290941753271265
140 -0.4902696236625963 -0.38816170577387116 0.23351754821303797
141 -0.4594856695100517 0.42989275248050984 0.15428814703154448
142 -0.537312472113638 -0.40154590397511003 0.15717355782635817
143 -0.4394234146865684 0.4455003424812646 0.004204219994050097
144 -0.3577772543875573 0.4384408755645138 0.12183563519791578
145 -0.42079702844100003 0.3827523391456449 0.0022444655869139126
146 -0.46476910779966873 -0.4772124960818149 0.4057708568991639
147 -0.492928723165804 -0.4529868590204065 0.2973978073150617
148 -0.44179432304175426 0.42607443229143943 0.15215369266258286
149 -0.41429153766142274 0.3496210197960963 -0.02146584067863557
150 -0.5140124662816995 -0.49383860099166976 0.19141385102663422
151 -0.4639586257845933 0.4473252535959915 0.17081427677811176
152 -0.47328746336341787 0.42241299274718375 -0.057898982972961435
153 -0.4571715902822956 -0.39439090099718255 0.40548356439296773
154 -0.4956110051641591 -0.4606602111837187 0.28530292293539805
155 -0.4026632982641799 0.3701573325393697 0.1108487993726341
156 -0.47020635879854733 -0.4395643718854335 0.21143998113660814
157 -0.454206375483364 -0.46900600240539575 0.2813326000859484
158 -0.4932553810014092 0.401803809489338 -0.023484924176191174
159 -0.47857709123155484 -0.4158218699779153 0.2722316427492173
160 -0.4765182573629043 0.4288411985837958 0.18762602486455332
161 -0.5111852772634302 -0.4697120507346718 0.2716151401732072
162 -0.5020811528491776 -0.4936009093136064 0.1443165130147932
163 -0.5542115786129721 -0.4584832501748335 0.28507207253608047
164 -0.44880345463684174 0.5120935500211206 0.2476944030344333
165 -0.47956916953590045 -0.414129006036137 0.3078202818217815
166 -0.4477909037119667 0.48651225742209575 -0.06666001280581327
167 -0.4501123566435313 0.46601641484380446 0.05727869625660036
168 -0.3939827662308402 0.34104981664388595 0.034490450976940035
169 -0.5109549601360435 -0.5186247643510161 0.3113401609163073
170 -0.4762154540727033 -0.4524569714094484 0.1986774666668889
171 -0.4529638287716938 0.3518653614854947 0.1496458757883844
172 -0.4838611268391726 -0.4217365917482065 0.25798375220477265
173 -0.452243156343449 0.44181816456382267 0.07432930371165675
174 -0.50641411071704 -0.4224051137225981 0.23690516215022006
175 -0.4096253542149418 0.5137786884575757 0.1423708377132121
176 -0.5043373559615709 -0.47394154013354883 0.2775238492371157
177 -0.4124476720701175 0.5122074122189487 0.2410341051268698
178 -0.48352405059312903 -0.39815716491851993 0.23630718254318542
179 -0.40696884884758794 0.25527891553316384 0.072682090087605
180 -0.45021919898030843 0.457237068935553 0.028572537707851342
181 -0.460180213978554 0.41571986241699266 0.07208456056488745
182 -0.5079431839407127 -0.34466970996785984 0.2653205097313094
183 -0.47879891783718337 -0.4028460444785489 0.35469180422207447
184 -0.4431297213378767 0.44535195553395496 0.13520042302462407
185 -0.5234610190533923 -0.5153085954881782 0.11919194339077854
186 -0.4843780931405161 -0.4608962637913604 0.23992876315470857
187 -0.5510377345217615 -0.43060232945929405 0.17283858690907677
188 -0.4999835389076434 -0.4515241070071482 0.1372732617504131
189 -0.5027009312366162 0.42914365834382867 -0.03186814892753648
190 -0.4989509684186924 0.4360740950216847 0.07809437545931033
191 -0.46788669009604156 -0.36470777030375306 0.246297590064648
192 -0.49048925710791835 -0.3782713356453377 0.07399457118195826
193 -0.49338222829600376 -0.3090042809844416 0.1997865087044135
194 -0.4085062084750192 0.4853762787563299 0.0640545441918459
195 -0.4601680405382897 0.4784679251596307 0.09746907354020036
196 -0.494671962321579 -0.34365818400195364 0.3459350277987939
197 -0.518591212225742 -0.39082480832047173 0.29041269580026896
198 -0.5089551278436297 -0.5695538356562306 0.2939238303686638
199 -0.48401332353792464 -0.43069278501485087 0.1709177542718196
