200 3
0 -0.5292575103933091 0.05768776391623504 0.4610371449243255
1 -0.3972805582652786 0.3410587805537611 -0.4702083275412993
2 -0.41024511023240756 0.36548010376386864 -0.427278619228862
3 -0.5189352169864895 -0.015352433490597553 0.43368338413808294
4 -0.4096059133370729 -0.40753469626527583 -0.34276020014264214
5 -0.39542860605944274 -0.4496771561457305 -0.3296502760816894
6 -0.3864168087928562 -0.4712113530230129 -0.3734528809144164
7 -0.35900753140476843 0.3495574985951124 -0.4950530533922788
8 -0.5167774548718155 0.03025449502139844 0.4895074837903625
9 -0.4379205526506903 0.3370132492462872 -0.40033423386604433
10 -0.47470014256638304 -0.43698622951570903 -0.2943175406617449
11 -0.36898248275292167 0.3827599569873446 -0.5044068023461944
12 -0.3527487130350873 0.43214246769984904 -0.49672774456358765
13 -0.43621209806593564 -0.4462450320802411 -0.3190861369834348
14 -0.43398816787790057 -0.4423970368657288 -0.35980173393830767
15 -0.43808154747537736 -0.4128323229418218 -0.3055624816517476
16 -0.541519397969501 0.12304540731537078 0.49308984931347183
17 -0.4673390708033531 0.0731842596577352 0.5094011667966066
18 -0.4829375146088403 0.09487496344660692 0.46062959872798975
19 -0.40935481360325826 -0.4269128818567591 -0.3452689149981185
20 -0.5022359970055527 0.06503538507125273 0.49861228444799205
21 -0.4034298196911348 -0.531664995295776 -0.3517911867513251
22 -0.40810305043713313 -0.4313597088703946 -0.39972855657056855
23 -0.49779412274582413 -0.005519084964440812 0.4504829350578415
24 -0.48306055103850726 0.08524166691005355 0.520098841295864
25 -0.3585126587163921 0.36992039340837 -0.5029689997737772
26 -0.4289889818289422 -0.42389406069240926 -0.41724994534091653
27 -0.5230602342163537 -0.03361902083761001 0.5466851394195683
28 -0.5294209515114187 0.03003994455822021 0.5098279567013577
29 -0.45166211233128 -0.47567495505016 -0.26563876546648807
30 -0.533533373298644 -0.012511764198021132 0.42453260399155907
31 -0.4666804528812924 -0.4141310010625439 -0.31127334416874775
32 -0.400195063248489 -0.4264825325077486 -0.318890658988433
33 -0.36905673785045984 0.3519406458970324 -0.3687166760203212
34 -0.3473600172619318 0.35450935938097294 -0.49930045825960445
35 -0.4121349927668288 0.39625905684528084 -0.41007513408619806
36 -0.4910165099590713 0.01679267555905489 0.49457843064612156
37 -0.41690297824629435 -0.43109663364404477 -0.31322565910069605
38 -0.5049542803876849 0.05040000968024125 0.4630318101843764
39 -0.5298787363194766 0.09138245041764001 0.39770498116324543
40 -0.3960131508856332 -0.4195108208162604 -0.37704795487922627
41 -0.49025405442965314 0.0664063480692957 0.46903115442224963
42 -0.41097162988589636 -0.3085186656791292 -0.423060026069804
43 -0.32051247096743507 0.4164859144925231 -0.4665125252214188
44 -0.3830646090528884 -0.4417036118981681 -0.2893547425909152
45 -0.48950602101908935 0.02319348999663795 0.47660040406035514
46 -0.4848827165504765 0.03181492983912313 0.4517929387527494
47 -0.4682445343451244 0.03936243081448807 0.4678979760500102
48 -0.5319540311466752 0.026030230868389508 0.4191143610283395
49 -0.45681568102006914 -0.438457436061841 -0.3169999789267595
50 -0.39278580008264763 0.4127682738809338 -0.44505329554600653
51 -0.3455829198557916 0.3693767318341928 -0.5222634911681463
52 -0.33624850383675575 0.31592208173770175 -0.4767000623983837
53 -0.3235164983473753 0.4181778554396089 -0.4232677132208042
54 -0.44592638651272914 0.0709493009124125 0.5091957917166844
55 -0.3313138680554838 0.45573156119307556 -0.444647414535653
56 -0.3750226096187074 -0.4216512887230702 -0.3903344695898566
57 -0.40145859430811476 -0.3776044555847429 -0.37448621976656865
58 -0.42238753993918127 -0.47877794015031444 -0.37513970125679
59 -0.5116785411385958 0.07460723229054739 0.4931219024965447
60 -0.5001158998544949 0.05675746480891048 0.5308390593916363
61 -0.42522247370592203 -0.3722237403659751 -0.37005280478340746
62 -0.39843146662673773 0.4201249591875506 -0.4381446310668858
63 -0.4965417417063739 0.0462518800968093 0.48324747270796836
64 -0.4556978363058609 -0.35049746883191735 -0.4006568609466786
65 -0.5452974077000288 -0.021555317138976033 0.4074767625493856
66 -0.422894994651411 -0.41066918500403016 -0.41274421131878114
67 -0.3665477081322012 0.38943420214659785 -0.34611350409808533
68 -0.40931962375966024 -0.3983729943330171 -0.4698066662611632
69 -0.391107604538906 0.42648305594368674 -0.4674083157364715
70 -0.41135870002127256 0.3598135455839664 -0.47174726700016684
71 -0.39920755386403456 -0.361433355925181 -0.373826986593901
72 -0.42815734550102086 -0.46149891031760837 -0.2988754737984849
73 -0.39070218158847214 0.3789132954303496 -0.4118442920867626
74 -0.38497702147593404 0.3912889254620392 -0.38416299193399167
75 -0.32008439941820027 0.3976225838891441 -0.4590336716997355
76 -0.3520773690778617 0.41234024722725976 -0.45424919867717944
77 -0.4160893850041417 -0.4460671275687405 -0.31915191706216917
78 -0.5219026535583688 0.10602323071000527 0.5566342773512041
79 -0.4316549886585749 -0.44930189813961074 -0.31607437116524456
80 -0.37995545513744644 0.3911937544256601 -0.5020893749431511
81 -0.4991347698491694 0.0815249722570745 0.4559905086972937
82 -0.5423780131701649 0.06255464443454808 0.43893033337832493
83 -0.42589458975378774 -0.43677528769075646 -0.38621616648750506
84 -0.5052023084562677 0.020552736620340583 0.41484651493413266
85 -0.48462704174738697 0.03538073837525055 0.5425010593808673
86 -0.36961702398392715 0.41083136411972854 -0.48584031339363387
87 -0.5254112455005668 0.021363482331240313 0.4208989597226468
88 -0.3709089798664259 0.37361604359460726 -0.42477358798759496
89 -0.48750670555811065 0.026494766563062766 0.5047469083139104
90 -0.45636081628244973 -0.3190915492400244 -0.4845377704988536
91 -0.350628405769319 0.38594006078044857 -0.40001972466463853
92 -0.3515127854612004 0.38931660768138676 -0.4513480261160134
93 -0.5012264363963879 0.028154942370728103 0.4972026215556751
94 -0.3625087840488731 0.43860362119362734 -0.4578940114878803
95 -0.4853201615599321 0.0982700521701548 0.4236948357664331
96 -0.4990061604726836 0.06504842993778097 0.5192601801551375
97 -0.494745087907638 0.030375430190343743 0.404920506199814
98 -0.40282971757159347 -0.3779496110797744 -0.33994566584920305
99 -0.37800718936662175 -0.4440641800812608 -0.4096230525765587
100 -0.45377857246872616 -0.44472303121507456 -0.351734219697152
101 -0.5162931061639493 0.08226702613289666 0.4841353028383217
102 -0.5225376334685503 0.08099501490093335 0.4340649918803939
103 -0.5068060194870946 0.09938422135927855 0.4968748965409174
104 -0.4127779077153242 0.40255910286895613 -0.41134475310693686
105 -0.42524625346510325 -0.4373756515124786 -0.38544415921206326
106 -0.5252300314553197 0.038873726945525294 0.410965434938919
107 -0.42413150237762576 0.3963482188352413 -0.41230013181357206
108 -0.36939061869293555 -0.4589407893812372 -0.32708284372728197
109 -0.4574611712306506 -0.5207434844431749 -0.2612556301642998
110 -0.4193282692886654 -0.4306447329476692 -0.41475193695713386
111 -0.40660495371581173 -0.36535023883946793 -0.42788145535504657
112 -0.36861407987465866 0.4008814397290894 -0.5054981144285815
113 -0.386306833671818 0.4153982783594485 -0.3514405281146261
114 -0.557056265607632 -0.024436069556341457 0.40542371160000634
115 -0.38514629120928434 0.29695518565575946 -0.4769354398477483
116 -0.35188038721064363 0.42164908716317956 -0.5195649352243249
117 -0.3659800315246152 -0.39516957835448135 -0.4190236654308253
118 -0.3528518055060126 0.40951514698374575 -0.44699071358383763
119 -0.5017157205055128 0.08137607816443641 0.48904648418072233
120 -0.3613424495395749 0.41753700329987353 -0.5149775600326167
121 -0.3848981514527742 0.3966998488128207 -0.4346659170077814
122 -0.4952767572337524 0.10037725100144021 0.47848442349272163
123 -0.41776612517982853 -0.4079062164405127 -0.3610658349712907
124 -0.41323187636260084 -0.4564482172970613 -0.4100285356081672
125 -0.5210893985644872 -0.011739344431493444 0.46832916992911344
126 -0.3920516062415876 0.439505152020522 -0.4648535088537311
127 -0.35686438572951473 0.42644031425614215 -0.5092927125493122
128 -0.3946535520908779 -0.4332918053333339 -0.3967340172092051
129 -0.5011380107180053 0.12960952073845175 0.43943444340268933
130 -0.49439705761031083 0.029520061945442908 0.5115810967460446
131 -0.44858713974415565 -0.43315791551828253 -0.34893368775289985
132 -0.41853380933717654 -0.4049641128062444 -0.40466062198752845
133 -0.5074447561739248 0.1288125544569671 0.45119838813313523
134 -0.4040194941709028 0.44697779805370375 -0.383866828233866
135 -0.5199773605603987 0.029632411890970142 0.523291192795663
136 -0.526730278172207 0.047878842352966 0.4727626568624728
137 -0.3724319037004774 0.34664049935990415 -0.4545578868175817
138 -0.5150479052352707 0.030365866435700124 0.4709044208389475
139 -0.35563235684610156 0.4065552478401604 -0.4800750805712743
140 -0.40386819085833947 0.3908228919809957 -0.4380671376613242
141 -0.4671261621960735 -0.3950520237759829 -0.3827148955796751
142 -0.49399797333651835 0.026161712581235307 0.5081362798428651
143 -0.4757876950742857 0.0598569904082405 0.47394245221684805
144 -0.4299271117373657 -0.42225775563474305 -0.37895458609179067
145 -0.4677769535085943 -0.407336172045737 -0.3650420031601652
146 -0.5184503128274365 -0.029221285959000767 0.5004704980049418
147 -0.5115495731156657 0.027320872153371537 0.4801410538117851
148 -0.36937040669626026 -0.4666439362086193 -0.3375445618519081
149 -0.39640287251649503 -0.4348449683300189 -0.31353595323685146
150 -0.38167778124797747 0.37770733051718275 -0.47755689125545475
151 -0.40673921733265717 -0.38212942471766365 -0.36230049426544253
152 -0.37343568237073616 -0.4334758877480365 -0.4025010064622311
153 -0.5008536431649414 0.06379756980439923 0.49014093243080303
154 -0.350166307223016 0.3955509556476156 -0.5330252377308512
155 -0.3749311510040467 -0.48051118973984736 -0.3743942917211902
156 -0.5088545947389315 0.04312600087555342 0.5018226864899199
157 -0.39443784556592215 0.3772681348421113 -0.43816027038120503
158 -0.38122677530404153 -0.45806507776491634 -0.3042003890973366
159 -0.4229219993061555 0.4567215263207556 -0.40145117259631086
160 -0.5039976424067334 0.03326434724125564 0.45285346090798606
161 -0.5022404902788404 0.04788788908828011 0.3864835537930005
162 -0.5138020141399999 -0.012003222935845966 0.45267014408663087
163 -0.5332041299354566 0.09520876668190327 0.3870720883682088
164 -0.44058924123593696 -0.4030575890801783 -0.38816198342738845
165 -0.38649393878368205 0.43807096828918607 -0.47907241825192687
166 -0.5589979782745825 -0.0066206965888694755 0.5035191797873088
167 -0.36100185814907515 -0.4389596620332849 -0.3140246194005194
168 -0.41794641654658177 -0.34602508124786513 -0.4161689798232132
169 -0.4881270640138542 0.11102331310187954 0.5129257447924436
170 -0.4844364486094064 0.059863045898565954 0.5424479037397855
171 -0.3837261569242997 -0.44168730085251506 -0.29094087220623327
172 -0.5229790145900657 0.032400858687656964 0.39120051602411654
173 -0.4232701859277303 -0.45130377461610827 -0.3004254269058596
174 -0.5158885568021352 0.047977122346335985 0.48657034953003125
175 -0.38790598921754477 -0.4756642301404687 -0.4203152631889031
176 -0.5601316956604993 0.07178142551650923 0.3869290292034826
177 -0.5022801672466033 0.03334053444725329 0.45631828048670425
178 -0.37108833015208065 0.37551973962080304 -0.41913157889087266
179 -0.40513793790709934 -0.4526624849738944 -0.43519220728955127
180 -0.5254396681265108 0.06368073181849403 0.47133049524729037
181 -0.45190452468436804 -0.4297797858374242 -0.37706489423298695
182 -0.40516924645051833 0.39905811795970175 -0.4225875653563423
183 -0.39387199544261325 0.4337711237854062 -0.4496740251620466
184 -0.3950355439258528 -0.49017235314258306 -0.2827792122907647
185 -0.48374098565256496 0.04463627850603877 0.45967535232852824
186 -0.3824929300312509 0.41517743836374954 -0.4004396891896899
187 -0.47816822500055095 0.0639796486951493 0.5136429703914069
188 -0.5414312366471538 0.07373195689370073 0.4817141800863424
189 -0.4114392662141473 -0.38954983462928294 -0.310884225052556
190 -0.4165305846072953 -0.4355783568905353 -0.3129569587076983
191 -0.3738315891941595 0.3561555180280656 -0.4485961270513546
192 -0.35829694010941243 0.3889039281312733 -0.49957124991276214
193 -0.5247620333120566 0.053436952428191284 0.45033014358667545
194 -0.5000773860153847 0.07160325298509881 0.47215496741848884
195 -0.5196134894422694 0.07630168741746203 0.4709997524698147
196 -0.4079717992905537 0.42667882502297505 -0.4079984942840017
197 -0.3896776271141039 0.32037054792391484 -0.5021435106957778
198 -0.3443707453698006 0.41795609509320014 -0.48602983582770387
199 -0.37654560438757995 0.42281647173973497 -0.39996390946579224
0 -0.7419918940969434 -0.3710500158607611 0.2050002926937751
1 -0.3962497471021188 0.4051690763078355 -0.34419832610163487
2 -0.43451913514598134 0.35097223982256665 -0.4542476498891249
3 -0.7304008467690956 -0.3911456055138292 0.0772904488270935
4 -0.7181091245784617 -0.3343169291038612 0.11993698557341417
5 -0.7226949568198886 -0.19918889709905166 0.17185095547086532
6 -0.6993668480023123 -0.30472303191698624 0.08108697143007887
7 -0.37254255136531755 0.40654396578812946 -0.5062388947672631
8 -0.6888418701824123 -0.40073596654498883 0.18439942047251884
9 -0.33586319256301866 0.36462470983416007 -0.3978590011700628
10 -0.6937191535392854 -0.4096025414966078 0.10964756037385122
11 -0.35965951886131725 0.39119033056815383 -0.46469409965692615
12 -0.38411102939213554 0.3853655276690426 -0.44043944359676696
13 -0.7110888444323326 -0.4076476104433332 0.1397223603548688
14 -0.7340946537108793 -0.3836177712691606 0.18073958358155096
15 -0.7432501664302709 -0.4449265016384909 0.10842934801445157
16 -0.7607149927076948 -0.30280982234530784 0.13992543225262122
17 -0.7416590284196347 -0.35067971779310264 0.27106694541020304
18 -0.71989111261727 -0.3460468039123518 0.07556802838454363
19 -0.7665927317509678 -0.3673171416721821 0.1400861237888636
20 -0.7457389522716371 -0.36817781537865457 0.13963569967352782
21 -0.7215928717401767 -0.35135866177520364 0.09101509785163103
22 -0.7249125374042734 -0.4006010705338452 0.1820443632684976
23 -0.7224964006663783 -0.3902882299421889 0.09410144472111459
24 -0.7312207906973438 -0.38751267173113657 0.14694805321903368
25 -0.37311021080361495 0.4201619908636617 -0.498063365542588
26 -0.7477931994671664 -0.35651985396360597 0.15432272061680938
27 -0.671944323625147 -0.3949401752088953 0.17155767031413288
28 -0.7184528062438906 -0.39615585108114676 0.1670446501807549
29 -0.7445937412859595 -0.39320025155726107 0.1830954649205353
30 -0.7346180032663322 -0.3403951396635068 0.13399147768937678
31 -0.7283855189791485 -0.3856029997261333 0.16754650771271273
32 -0.7654342116635314 -0.3318863536031671 0.07094500414324192
33 -0.4327614861263909 0.3611429055781793 -0.47086073549896623
34 -0.3453979636579613 0.38586423416167603 -0.4201851302504181
35 -0.40406001523272933 0.34704474370512084 -0.4934172333011038
36 -0.683753494008734 -0.35431661771088774 0.1183406228822715
37 -0.7221590228472685 -0.3871240696585308 0.1620548729063383
38 -0.7218505942045806 -0.28669292623290893 0.21068281061436248
39 -0.7747667489666357 -0.31355114536571077 0.0561729430479827
40 -0.72792451754646 -0.38659804222750455 0.16877842828259904
41 -0.692707233395158 -0.3635759917364156 0.23696072712536762
42 -0.7309343730983183 -0.3874308191583933 0.13988520511145194
43 -0.39078369348332215 0.37422320510502693 -0.47501487232905343
44 -0.702599582341082 -0.40628035098377424 0.1564261534843786
45 -0.7246293216454938 -0.40104148995785577 0.20079909457020234
46 -0.742759645135317 -0.3056117248051332 0.05153009031121405
47 -0.6826384248803801 -0.3843511562220221 0.1671042580704289
48 -0.7456849261670571 -0.4067521563901629 0.13639974653944806
49 -0.7393785490228351 -0.3773600394751209 0.061481998643757654
50 -0.36602561578809256 0.41001463381329156 -0.4593868612011372
51 -0.30771719820350396 0.4032564684679529 -0.5006096526289727
52 -0.39803800310794046 0.3582214905818347 -0.38506902417275385
53 -0.34701468854394724 0.38385022212769726 -0.5196275819726603
54 -0.7108701007576912 -0.3449458351830563 0.1524239665949342
55 -0.3907112139514244 0.3327205224108128 -0.4257848985544963
56 -0.7169657796677337 -0.39035664380679225 0.15090434326007468
57 -0.7346468805505787 -0.38438901805606 0.17906118940219806
58 -0.7377133433027772 -0.2920713539589761 0.11390643595621075
59 -0.6911705471020057 -0.4455595372075297 0.14086759309803693
60 -0.7539674368302365 -0.3317639516604521 0.12048598871309253
61 -0.7041086590588956 -0.3347804021814995 0.11983151890885552
62 -0.3561801618955233 0.3989208988790603 -0.4558319273281007
63 -0.7285459430787667 -0.38601705814538123 0.1683881103164627
64 -0.7371353739884445 -0.38021350508338764 0.2151212935423882
65 -0.7013147700743362 -0.4341613526207558 0.20648555073213334
66 -0.6951584645119255 -0.3782197652761132 0.18884994170423078
67 -0.3693371721068806 0.3952361224173437 -0.4213159622115794
68 -0.7027779571720743 -0.40399510735591165 0.05155607096388678
69 -0.40195142918163557 0.3525084212577166 -0.4018612722284261
70 -0.36982801584902114 0.3905949188985374 -0.4829197357950861
71 -0.7084065580248676 -0.4288532455547998 0.1093646701947505
72 -0.7128951199148476 -0.3658076392374185 0.17093059328922128
73 -0.35868438389948154 0.43297562170554227 -0.4848018480050237
74 -0.3569223759637647 0.4048760052773533 -0.39975135332794826
75 -0.395815142400926 0.4159724001017491 -0.4748479779319522
76 -0.43445079741934367 0.3696686983101591 -0.44950791328172507
77 -0.7360997540129728 -0.3747257871369548 0.1351081234310537
78 -0.7334597611779929 -0.34801790547503536 0.17414694404520784
79 -0.7234084017467621 -0.3266350013602976 0.109301867487465
80 -0.36648708949148484 0.3911753182793955 -0.46032862277417264
81 -0.7368419178328358 -0.3689933191682443 0.15673936385996776
82 -0.7434970745818199 -0.3430763897629807 0.11193459576284884
83 -0.7219737508205717 -0.37378221077968576 0.2673137108746746
84 -0.7087036139775899 -0.3596502652463648 0.24627656001571663
85 -0.761070563378413 -0.3238374103225404 0.08694542404898345
86 -0.4286728085256587 0.3402762045870254 -0.3983039039077625
87 -0.709643530799764 -0.3470187887005603 0.11671041771122503
88 -0.37846463306523453 0.342159321145481 -0.4499501060466804
89 -0.7110266026821489 -0.35538563824150254 0.1371956113240381
90 -0.6988833878568398 -0.3667910049728444 0.18023306781132686
91 -0.36391178627899334 0.3273909411820746 -0.4382708367353108
92 -0.3806677599231788 0.36794360226936595 -0.41280168267893963
93 -0.7447374279845509 -0.394916251487148 0.11606044673555675
94 -0.3655731922449274 0.4252368076543005 -0.42333937630947843
95 -0.6969709221563218 -0.39614814525202 0.168284769827538
96 -0.7153603940256318 -0.372290567252661 0.25332975822626363
97 -0.7095100393512734 -0.33818586336481016 0.13664066281900455
98 -0.6984340859423507 -0.40540897230214945 0.1907400381587041
99 -0.7392385462342332 -0.3932787920823271 0.17398886059156748
100 -0.7197749625421274 -0.36110313954119466 0.14051427211500675
101 -0.7287657123794498 -0.3865606344354584 0.1764895297003928
102 -0.7582207473129969 -0.36677876078272775 0.09477831107018796
103 -0.7601827665977292 -0.36707457254435255 0.13494023745067785
104 -0.3597475428431966 0.3337811904384879 -0.4976012993088404
105 -0.7336694339808613 -0.3523105661998947 0.11513446458338976
106 -0.6693268500458164 -0.4594353065464075 0.12280894334516577
107 -0.3793206715048171 0.3506931032588009 -0.3903819878917607
108 -0.7265479529105651 -0.4035830696782225 0.1956530473669999
109 -0.704848929195346 -0.32636025801414753 0.13874718621382387
110 -0.7237183619239621 -0.35548019071064313 0.17447123881383686
111 -0.7214616784951219 -0.3537409945300333 0.08878507993436091
112 -0.3853734733648333 0.3893409838150869 -0.41090730897526623
113 -0.3966325984066951 0.3966296269503847 -0.47851605998106683
114 -0.7433759724034338 -0.3828186404036352 0.1663400828123198
115 -0.3070379715184698 0.38956661667454323 -0.4351956151507985
116 -0.3682680698922558 0.4086266693923704 -0.3746417778750946
117 -0.7108580813934037 -0.34595861937015787 0.09449567648304243
118 -0.3727282289746627 0.3647246788127023 -0.3929244449641025
119 -0.7345432117813826 -0.4107879358897104 0.11799931452238353
120 -0.29669517769831333 0.3974964003617606 -0.44283325891346287
121 -0.4025780987318932 0.4057998243857236 -0.4396827110540599
122 -0.7121872322723143 -0.3199841946626177 0.21689068385892604
123 -0.7023586428609432 -0.3338548334054127 0.04291650049880484
124 -0.6997116456210722 -0.36319840985051194 0.24629259794860006
125 -0.74006915648736 -0.40511694903356077 0.1308533787614092
126 -0.47189094500596307 0.3796305125924452 -0.43489918938000405
127 -0.3642443040499227 0.33904500893670153 -0.48995591354623436
128 -0.7459061596826858 -0.4261229371602523 0.18884679860325976
129 -0.7001006061478644 -0.36790113426562315 0.07251840408298163
130 -0.6876193455380148 -0.30721484542002503 0.172342070665679
131 -0.7508184352745447 -0.3126261505677591 0.13905378622638173
132 -0.7583135515171909 -0.35794026487805897 0.1117445050698117
133 -0.7235592484553692 -0.3800662091785865 0.11741286326106945
134 -0.40961355976772196 0.4116994252576001 -0.303403644473925
135 -0.703506547508604 -0.36942802671834923 0.05613405782807458
136 -0.7416510168430703 -0.37314918559921967 0.14551636164915613
137 -0.38516597380458123 0.4626489347012075 -0.4186720562917234
138 -0.7117648032812568 -0.3471949798575401 0.19990704058117112
139 -0.35328327555759115 0.42114098064326133 -0.4339492894035839
140 -0.4175853071222941 0.3482300879390129 -0.4820347356786558
141 -0.7072301314583426 -0.39414798394523787 0.21425868781294008
142 -0.6842562969086508 -0.37003630803250964 0.18217319882919802
143 -0.7173234554342041 -0.38190883641450013 0.10100503046342516
144 -0.7309251653570488 -0.30465292811879524 0.1489187348012272
145 -0.7333003821720222 -0.32792546477935786 0.1777834183296833
146 -0.7056924969746377 -0.3658656461173996 0.08660890098036032
147 -0.7347505922436988 -0.3774220344642587 0.1985517188399379
148 -0.7010361221555451 -0.36340171072794086 0.14190794007950255
149 -0.6890456775377742 -0.3938610372713889 0.18083001966958212
150 -0.39622393281106755 0.292587961599811 -0.47664950830042596
151 -0.6887121285345241 -0.36913881802971604 0.1967484029555638
152 -0.7169123294791151 -0.3346301317344401 0.1434010113910336
153 -0.7197488285463898 -0.40213836993356933 0.19074689157388386
154 -0.42421972066872904 0.4066841102839942 -0.43962949703313264
155 -0.7199363621142488 -0.36014006747203653 0.07342336652338675
156 -0.7100722501929692 -0.3697047174502992 0.20557843263685768
157 -0.36423807171729994 0.32442041108841546 -0.5016714763812338
158 -0.7533394004106602 -0.2788409036477608 0.15791032519877501
159 -0.39216177293736987 0.3990637842064398 -0.3501902433402841
160 -0.7356607548948725 -0.4591833050756621 0.19178559770093953
161 -0.7408953160284835 -0.3717832323273218 0.20719200680586974
162 -0.6966844164174515 -0.363297964264306 0.16058700744285345
163 -0.6966838808068173 -0.36254530921272926 0.16564982167969294
164 -0.7691328010357016 -0.37517517511850945 0.16098497298718914
165 -0.39892479934607816 0.38659536781436554 -0.4523508319092213
166 -0.7311939404065766 -0.4042803383204367 0.14967491355216214
167 -0.7235454674523536 -0.36449721120303746 0.10902071242049385
168 -0.7293919048371423 -0.34468182450710827 0.06435190098051177
169 -0.7138073660477645 -0.38779546686646826 0.1177319753698335
170 -0.6874899395978866 -0.3082135481871137 0.10880001437618642
171 -0.7483715728795901 -0.3164669934717939 0.12446845176829158
172 -0.6996619780968213 -0.3885529978751287 0.19195087530078456
173 -0.7308971151185986 -0.3841913849698068 0.20517118050272679
174 -0.7156246010019764 -0.4332720129795443 0.2017732503730983
175 -0.7242696022721665 -0.4139830295239198 0.1791769154784826
176 -0.7339951575000702 -0.43261042548896544 0.16871719352102124
177 -0.7318229738638493 -0.3999715361709236 0.20940927567559095
178 -0.3438877064286018 0.3863089014670391 -0.4193872397674079
179 -0.7094211616499244 -0.39054556045383815 0.14171077806249704
180 -0.7348983236609125 -0.30190433992801974 0.12741602844826014
181 -0.7272432540081455 -0.3791312290868173 0.1544799774396509
182 -0.3675654448945388 0.42958322224571927 -0.4608113130256873
183 -0.36812151886653727 0.4293991376735611 -0.380573363637253
184 -0.7269517515018109 -0.4244332300361756 0.13709169916974911
185 -0.7349144765575728 -0.33928652639752044 0.12954217370306825
186 -0.39960223590465715 0.4148221765762296 -0.4428409848898397
187 -0.706605560620398 -0.35522577308697745 0.09950678146534361
188 -0.7037827095738002 -0.312141022150643 0.12026168063150296
189 -0.7377017388763438 -0.3228201488729615 0.10296333988392825
190 -0.6782576502866445 -0.36730906546436054 0.124387128421677
191 -0.4204144628956095 0.30355614825959054 -0.3105340676673806
192 -0.3950541400569747 0.3835627951427565 -0.4854319122629937
193 -0.7217835792430433 -0.3866881496752983 0.10034994204473784
194 -0.7246118517267081 -0.4176978555343353 0.12257395724975427
195 -0.7005574330034129 -0.3516013878558223 0.08925420185290388
196 -0.38382121210660436 0.3189259141933669 -0.4553213869457265
197 -0.39107923592255095 0.40678521766979764 -0.4651813082565272
198 -0.38443989509021004 0.38876384813676906 -0.4899047421636207
199 -0.3918017444770479 0.3502895077243385 -0.36726375176614073
0 -0.6698398995274238 0.48264677589947996 0.09882828729231628
1 -0.6950511886760173 0.46929504202107286 0.03921226244020731
2 -0.6814364867805667 0.4438376892210129 0.11840803129485963
3 -0.6886765759997084 0.5196472961986889 0.09593444539820707
4 -0.39633178010039316 -0.44366885751782187 -0.3716317752843339
5 -0.37503785130216344 -0.462263336977025 -0.27239437469538547
6 -0.3729548317760384 -0.3394317187147692 -0.37820193947845665
7 -0.6960119547004257 0.4847707646727689 0.17426805664553258
8 -0.6960812857008998 0.4931541054327802 0.089905639167456
9 -0.6922450421086749 0.37964071176570663 -0.008389171803938677
10 -0.4024940249314866 -0.47857210262610894 -0.4313154934712148
11 -0.6416940486174822 0.4791393919646162 0.14079928276717113
12 -0.6864750986560662 0.4309356525019581 0.051559840341977574
13 -0.41980825582352616 -0.47833672779571423 -0.39374333400133754
14 -0.39549362339812905 -0.41095211692388883 -0.42679929007652745
15 -0.45558499184694845 -0.4538230698399475 -0.33923790393585646
16 -0.6798825519630386 0.4507665553196498 0.03655369161648064
17 -0.6924620737806721 0.4173090372315568 0.058598075229615305
18 -0.6805880746880136 0.4853113181875645 0.17735490701897327
19 -0.43690837402482247 -0.44585256891395747 -0.38521023805814125
20 -0.6516096412916219 0.4585952607489097 0.06657910979423011
21 -0.4467198019245335 -0.43028819946031965 -0.3218986883502961
22 -0.41930600759818376 -0.4655967285252391 -0.41344233645986345
23 -0.6711652227368592 0.4587653512055957 0.07577775550280266
24 -0.6392715542812883 0.4946659448124901 0.10138664361623896
25 -0.690708122464069 0.3698759817529633 0.043244816955468134
26 -0.4721921402903341 -0.42022603616552023 -0.3275428990887942
27 -0.6157150541250576 0.4260604907518403 0.06255979970524715
28 -0.7181930618690128 0.45051808063500964 0.013291839888865902
29 -0.44025590026655415 -0.40874912811692216 -0.31738738065385114
30 -0.7008824256115371 0.5059732254492171 0.11930892126673454
31 -0.3913361372574376 -0.3985925387610636 -0.36156405511060635
32 -0.39152811630204626 -0.41628986614314023 -0.4347763326958506
33 -0.7225033246668808 0.41599368060843184 0.058412326680142075
34 -0.7058438083206872 0.35701676329902826 0.03294103255808299
35 -0.6728896983179832 0.4857722318023145 0.09140023104325362
36 -0.6842409328532179 0.39066887484907575 0.02628050871896713
37 -0.4130542416583809 -0.42197146602538244 -0.4159283962063473
38 -0.7069664643328533 0.49415573400208224 0.10867110539444225
39 -0.6983903043170523 0.3880877545920412 0.05952788854634846
40 -0.3915019162207572 -0.47031786690217176 -0.427968769878608
41 -0.6998039356358845 0.512297177437845 0.09954269688590371
42 -0.4268699891553791 -0.37151641846533706 -0.3811829723708008
43 -0.699024003518008 0.46685261212436074 0.14687233144496342
44 -0.41356454945523363 -0.41781756771425316 -0.45301207605710414
45 -0.6449124112531084 0.43419329089530445 0.11589364588952734
46 -0.6888149997151493 0.47287658137571015 0.0796278059813936
47 -0.6990390967982256 0.4250678051875469 0.03212047457067597
48 -0.6738366416648155 0.4520802641464434 0.09629440554017736
49 -0.43070463897820016 -0.407210756859221 -0.4494856958102834
50 -0.6971684682265977 0.44219474472229914 0.05375603217133696
51 -0.6870481585005681 0.4036441189089414 0.05262146938325233
52 -0.6906802760480215 0.4454752359795839 0.11707245437899884
53 -0.7074079832328047 0.4802376013609043 0.07112593277466774
54 -0.6627769941073489 0.5014168204094975 0.15080133154879904
55 -0.6829668606177861 0.44367894054752316 0.12105876455333596
56 -0.41299804667225054 -0.4415398587567944 -0.4037214411847074
57 -0.4576636979987343 -0.44042658987334293 -0.4334191811843593
58 -0.3823924918328435 -0.4936699413517814 -0.3625103703414656
59 -0.7335894376134264 0.39425142506405364 0.121327669032009
60 -0.6910264074248342 0.4408822550512697 0.046585395155424765
61 -0.41752049995763835 -0.4562632591557939 -0.37259911012570424
62 -0.6090501570297601 0.4601669093318466 0.1279359293741377
63 -0.703444651315237 0.4162981556856587 0.04642618042547635
64 -0.39585107950870685 -0.4353898837865008 -0.31484312534705927
65 -0.6855096496695289 0.4912745780840887 0.04288089902854217
66 -0.399112708726373 -0.4515115420814033 -0.2701132716554199
67 -0.6855157470150577 0.5099422229990994 0.10713156268526393
68 -0.4047611222201409 -0.3574606544323798 -0.45044520406775046
69 -0.6573125130861224 0.4766915338934364 0.014713188939834084
70 -0.6845956146813968 0.4829911411509853 0.0898802210282257
71 -0.40815004253607906 -0.45799379867003664 -0.3577751601105135
72 -0.3819408954283156 -0.492555353697401 -0.4687681250530527
73 -0.6848717224902735 0.3824208291822212 0.1481231586461824
74 -0.6695841646294863 0.4249557236192469 0.10536949582010041
75 -0.6667851406800481 0.45164752414747955 0.10674151123450755
76 -0.7036788047391679 0.4350387920631073 0.084837902091108
77 -0.41649742786556154 -0.4671847615290227 -0.3858135515273204
78 -0.7005469011206368 0.4175340764474288 0.11476794065901531
79 -0.4064906099263288 -0.49983920758670347 -0.38366971535005956
80 -0.6845569630992772 0.40023539955115345 0.081656488170158
81 -0.6985941968835455 0.4379000868663056 0.07158796336843042
82 -0.712703589102578 0.5452758105150933 0.13020604556043258
83 -0.5168826410703817 -0.38740545925681386 -0.3286348411831532
84 -0.6535971918233817 0.45647700041394607 0.1499716493762539
85 -0.6631789812412164 0.46331285799646293 0.09452549572293466
86 -0.696903712572796 0.49385480187496494 0.12667131530639797
87 -0.6765250434533862 0.48798733476478123 0.05915152141489764
88 -0.6853479698443857 0.3927060751153919 0.025517086937206293
89 -0.7319775911032287 0.40131512754776266 0.04240280170897035
90 -0.4267513652503787 -0.43947916889295024 -0.39128659168739843
91 -0.6795466917746945 0.4642951373530087 0.04313503823991638
92 -0.6894018409017876 0.5017411690035632 0.10097106407613912
93 -0.7105434730818943 0.413267717460881 0.03726070063063435
94 -0.6995953131373106 0.44399036329873337 0.08839708451034312
95 -0.682058303060195 0.4078462620812549 0.12720201969295786
96 -0.6920573686981338 0.46944902249025716 0.054664962713087496
97 -0.6964393266884348 0.49161980791754833 0.1319181985147391
98 -0.4022924721948408 -0.4952772614275901 -0.3663957136673497
99 -0.4583432534437118 -0.4250248978588129 -0.3418448609339695
100 -0.42655764024543014 -0.39860576420826227 -0.4180058111027228
101 -0.658344866426072 0.5090013863621806 0.08931074641965499
102 -0.7232724506721625 0.46636409508426135 0.06334109677413036
103 -0.6286978515220529 0.5049741413463479 0.10387539664978647
104 -0.7345206289716121 0.32944170957920144 0.0024537490191716073
105 -0.4057358079842332 -0.4162814735717504 -0.4408559903088995
106 -0.6867946082371373 0.45533535930260755 0.11652314687141796
107 -0.7223902106510974 0.42671797978719 0.06953093848530982
108 -0.41862955945066604 -0.44622487863757915 -0.349327955170237
109 -0.38904472147625013 -0.46874335179725046 -0.336278405730713
110 -0.42241556329667684 -0.41974548437284487 -0.36300171617625626
111 -0.4437752896053327 -0.40649412975184285 -0.4118061601530684
112 -0.6957674571228379 0.45885831865424725 0.16080773335765855
113 -0.7191628388315027 0.4164408548236925 0.08007776078778767
114 -0.6559584402401069 0.48540422403632627 0.06204142296278969
115 -0.6804140052836812 0.46913248676881836 0.10369363299144593
116 -0.708339422604502 0.4953602869988493 0.14474639431089562
117 -0.4654052193532406 -0.43818810379462636 -0.34249011490160486
118 -0.6620988437075527 0.48701886215326057 0.06671997110558457
119 -0.6844131080364175 0.4993177351566707 0.08997325035075107
120 -0.6681261905390615 0.4383739164452028 0.14846560838830306
121 -0.6714032894115811 0.4588168990084777 0.0791507718788644
122 -0.6617720638057443 0.46723749092222433 0.07543311575357262
123 -0.41735999679058017 -0.4398529848679598 -0.3752436287108367
124 -0.39568380678408266 -0.461206957726461 -0.4374051451493839
125 -0.705637113312203 0.4486294281429211 0.10390144076869991
126 -0.6719131324277792 0.5008725431926784 0.13054579230745256
127 -0.7149761203338567 0.45103937407139777 0.1455609328405329
128 -0.416048617189126 -0.418542610293506 -0.3758116634914293
129 -0.7120946818525634 0.49740294486644426 0.12203446645455926
130 -0.6742313089389788 0.46976106372341186 0.028143502173647843
131 -0.41013156208750584 -0.4886811901009856 -0.39185076268869984
132 -0.4103009882602433 -0.48269088231719715 -0.33467246396335476
133 -0.6745434454734796 0.4763049665385255 0.050599936462966205
134 -0.684251298481478 0.42191708939436 0.09595207774994809
135 -0.7240719419736247 0.4139919018920206 0.02274838656793796
136 -0.6726866820862214 0.46491604774055983 0.13657457018151659
137 -0.6939450651330614 0.5163050192750694 0.03855926230635821
138 -0.702439723013098 0.4449989379147486 0.06396525739661836
139 -0.6629140444921507 0.38090493104332 0.17399675063465495
140 -0.6720535305664711 0.45326227243244305 0.11962911729901111
141 -0.39959674676004253 -0.45420749044479414 -0.3406993161617237
142 -0.7039408519740782 0.44929176302984336 0.12510607545518468
143 -0.6862278849879939 0.49317953668495207 0.11086652903019294
144 -0.4268935059549174 -0.40742373472757404 -0.3135081453839369
145 -0.45585683549750045 -0.433702583144133 -0.3373498955346631
146 -0.6980864662390631 0.36870469504800535 0.06401295468817846
147 -0.6777282642123279 0.4996118214831477 0.012996270585118572
148 -0.38975415203046715 -0.5072671874362298 -0.3981221967119115
149 -0.3981646663639849 -0.4722476949876887 -0.41176931879475887
150 -0.7124332009862269 0.4926437623275852 0.06246486116339942
151 -0.3991469527890588 -0.4824048595781797 -0.4175493586167043
152 -0.4018085295317355 -0.4598515457446012 -0.4285245602348547
153 -0.6762840623902394 0.45519027036652 0.12620383426589768
154 -0.6669780045220799 0.5318049301287646 0.1407676692422891
155 -0.39978959690514493 -0.410265591697381 -0.3854747717900924
156 -0.7056453597982876 0.3816057840821064 0.08619014268975618
157 -0.6494296920351567 0.4384445902096602 0.0985394193630662
158 -0.3736863047469251 -0.4881188706048741 -0.3890948048177519
159 -0.7127138393382945 0.40475740151100587 0.05580334416412324
160 -0.6936633176776698 0.4483806933124091 0.033739899245722946
161 -0.7186289583346627 0.47340370072655524 0.07181767133847788
162 -0.7143787458635605 0.4663426983071017 0.08250463243484417
163 -0.6795321767372346 0.4062794112114058 0.09194932807326027
164 -0.42535839366081934 -0.41307165168752474 -0.32163520044322136
165 -0.6945602543266718 0.4181628627741868 0.09075528561031804
166 -0.6701468149193244 0.5277541537245571 0.11132697560581034
167 -0.42114971700920245 -0.4661159184173727 -0.38411669692248557
168 -0.3979612009187625 -0.4865730149676812 -0.3530469921965875
169 -0.6370801189561554 0.4511490670295545 0.09373511971989805
170 -0.710416080249268 0.44429273169808786 0.1078631737696679
171 -0.3706811714165674 -0.47622795974917653 -0.4315653816608798
172 -0.7010548751608093 0.44685747411369453 0.0604374254402557
173 -0.4355328885300881 -0.4311916694526189 -0.45607765961102853
174 -0.6639706721657418 0.5065653448626524 0.10102588457040589
175 -0.41447370211172285 -0.4133694428999635 -0.4586009920378473
176 -0.6977350957436239 0.4686078885095704 0.08578650981160688
177 -0.7260530937325544 0.46198589669182877 0.04138475638291908
178 -0.6655430266961854 0.4752012987881638 0.17344322215898975
179 -0.39938466605392303 -0.42512726899435166 -0.40031186641872185
180 -0.6557175153104956 0.48607318150874906 0.05657299094023066
181 -0.4358950140457493 -0.4470432971415963 -0.3894439956417967
182 -0.681825273612239 0.38351932225967283 0.06571828417366256
183 -0.6901261889599846 0.4665495508260979 0.10060758195089742
184 -0.40274312349362223 -0.4157595064987474 -0.42172293910870334
185 -0.6744462019455433 0.45916546821104587 0.15064171699819903
186 -0.6852066582583596 0.46343085250041216 0.08950831655936618
187 -0.7204233087142482 0.44638676414308187 0.09635547915998333
188 -0.70886053909896 0.4476734258929197 0.134742313993186
189 -0.41223290055390027 -0.4955587232880831 -0.370109046148765
190 -0.3970260803831721 -0.4341087192732051 -0.42572742179032236
191 -0.6385114168723208 0.415601801947551 0.07927560396776974
192 -0.7090818087137296 0.419394488512413 0.012934852063146238
193 -0.6688483105170522 0.43628795615381766 0.14582607452559515
194 -0.7080310840887774 0.4009070127595185 0.013748604436172913
195 -0.6933664037860718 0.4134914496295268 0.06775536975031429
196 -0.6951343866179371 0.45377983756241036 0.1003657764847875
197 -0.690025518542444 0.47802714479121167 0.0428738439700935
198 -0.6982440509153913 0.3926522719423619 0.1193961588065666
199 -0.7048838593847104 0.40474264312989994 0.04768947822477284
