0 1
1 1
2 1
3 2
4 0
5 0
6 0
7 1
8 2
9 1
10 0
11 0
12 2
13 0
14 0
15 1
16 0
17 2
18 2
19 0
20 2
21 0
22 0
23 0
24 2
25 2
26 0
27 2
28 2
29 0
30 1
31 0
32 0
33 0
34 0
35 2
36 0
37 0
38 1
39 2
40 0
41 2
42 0
43 0
44 0
45 1
46 0
47 2
48 2
49 0
50 2
51 2
52 2
53 2
54 1
55 2
56 0
57 0
58 2
59 0
60 0
61 0
62 1
63 0
64 2
65 2
66 0
67 1
68 0
69 0
70 2
71 0
72 0
73 2
74 2
75 2
76 1
77 0
78 2
79 0
80 1
81 2
82 1
83 0
84 1
85 0
86 2
87 1
88 2
89 2
90 0
91 1
92 1
93 1
94 1
95 2
96 1
97 2
98 2
99 0
100 0
101 2
102 0
103 1
104 0
105 0
106 2
107 1
108 0
109 0
110 1
111 0
112 1
113 0
114 1
115 1
116 1
117 0
118 2
119 1
120 2
121 2
122 1
123 1
124 1
125 2
126 2
127 1
128 0
129 2
130 1
131 0
132 0
133 0
134 1
135 1
136 2
137 2
138 1
139 1
140 2
141 0
142 2
143 0
144 0
145 0
146 2
147 1
148 0
149 0
150 2
151 0
152 0
153 2
154 2
155 0
156 2
157 2
158 0
159 1
160 1
161 2
162 2
163 1
164 0
165 1
166 0
167 2
168 1
169 2
170 1
171 0
172 2
173 0
174 2
175 1
176 2
177 0
178 2
179 0
180 0
181 2
182 2
183 1
184 2
185 1
186 1
187 1
188 2
189 2
190 0
191 2
192 2
193 1
194 0
195 0
196 2
197 2
198 2
199 0
0 0
1 1
2 1
3 1
4 1
5 0
6 1
7 0
8 0
9 1
10 0
11 1
12 1
13 1
14 1
15 0
16 0
17 1
18 1
19 1
20 1
21 0
22 1
23 1
24 0
25 0
26 1
27 1
28 0
29 1
30 0
31 1
32 0
33 1
34 0
35 0
36 0
37 0
38 0
39 0
40 0
41 1
42 1
43 0
44 0
45 0
46 1
47 1
48 0
49 1
50 1
51 1
52 1
53 1
54 0
55 0
56 0
57 1
58 1
59 0
60 0
61 0
62 0
63 1
64 0
65 0
66 1
67 1
68 1
69 0
70 0
71 1
72 0
73 1
74 1
75 0
76 1
77 0
78 0
79 1
80 0
81 1
82 1
83 0
84 1
85 0
86 0
87 1
88 0
89 1
90 0
91 0
92 0
93 1
94 0
95 1
96 1
97 0
98 1
99 1
100 0
101 1
102 1
103 1
104 1
105 1
106 0
107 0
108 1
109 1
110 1
111 0
112 1
113 1
114 1
115 0
116 1
117 0
118 0
119 0
120 0
121 1
122 1
123 0
124 1
125 0
126 0
127 1
128 1
129 0
130 1
131 0
132 1
133 1
134 1
135 1
136 0
137 1
138 0
139 0
140 0
141 0
142 0
143 0
144 1
145 1
146 0
147 0
148 0
149 0
150 1
151 1
152 0
153 1
154 1
155 1
156 0
157 1
158 0
159 1
160 0
161 0
162 0
163 1
164 1
165 1
166 0
167 0
168 0
169 1
170 0
171 0
172 0
173 1
174 0
175 1
176 1
177 0
178 1
179 1
180 1
181 0
182 1
183 1
184 0
185 1
186 0
187 0
188 1
189 0
190 0
191 0
192 1
193 0
194 0
195 1
196 0
197 1
198 0
199 1
0 1
1 1
2 0
3 0
4 0
5 0
6 0
7 1
8 1
9 1
10 0
11 1
12 1
13 0
14 0
15 0
16 0
17 1
18 1
19 0
20 1
21 0
22 0
23 0
24 1
25 1
26 0
27 1
28 1
29 1
30 1
31 0
32 0
33 1
34 1
35 0
36 0
37 0
38 0
39 1
40 0
41 1
42 0
43 1
44 0
45 1
46 0
47 1
48 1
49 0
50 1
51 1
52 1
53 0
54 1
55 1
56 0
57 0
58 1
59 0
60 0
61 0
62 1
63 0
64 0
65 1
66 0
67 1
68 1
69 1
70 1
71 0
72 0
73 1
74 1
75 1
76 0
77 1
78 0
79 0
80 1
81 0
82 0
83 0
84 0
85 0
86 1
87 1
88 1
89 0
90 0
91 1
92 1
93 1
94 1
95 1
96 1
97 0
98 0
99 0
100 0
101 1
102 0
103 1
104 1
105 0
106 1
107 1
108 0
109 1
110 0
111 0
112 1
113 1
114 1
115 1
116 1
117 0
118 1
119 1
120 1
121 1
122 0
123 0
124 0
125 1
126 1
127 1
128 0
129 1
130 1
131 0
132 0
133 0
134 1
135 0
136 1
137 1
138 0
139 1
140 1
141 0
142 1
143 0
144 0
145 0
146 1
147 1
148 0
149 0
150 1
151 1
152 0
153 1
154 1
155 0
156 1
157 0
158 0
159 1
160 0
161 1
162 1
163 1
164 0
165 1
166 0
167 0
168 1
169 1
170 1
171 1
172 1
173 0
174 1
175 0
176 0
177 0
178 1
179 0
180 0
181 1
182 1
183 1
184 1
185 1
186 1
187 1
188 1
189 0
190 0
191 0
192 0
193 0
194 0
195 0
196 1
197 1
198 1
199 1
