200 3
0 0.04031751939573865 0.004492917133494119 0.03350733442916679
1 0.035584993113437255 -0.014971534443021182 -0.014942710204955453
2 0.03754822023998895 -0.03540465791811484 -0.03552448920183466
3 0.04001988991654831 -0.002270656216858224 0.04406777489991503
4 0.03690649156106761 0.03172593887924427 -0.0016393347547562643
5 0.03657977840116605 0.04062743426315233 -0.026117689055932456
6 0.0362507240788003 0.03049129556513977 -0.03592489222396996
7 0.03524673938990003 -0.025070480928054455 -0.026368201841050917
8 0.03849512944855451 -0.004188711574842278 0.03470998590982361
9 0.03658009144868406 -0.025664767860364795 -0.009978867674703136
10 0.032784161204913696 0.02185618471442191 -0.01479616752345522
11 0.03722806599273723 -0.01867680963277535 -0.040979165436020794
12 0.035919350182768255 -0.027518492374552752 -0.029620185536582456
13 0.035920013000978954 0.021306543517729516 -0.02243759159443394
14 0.04001746905520341 0.03051026373056869 -0.030344353136188627
15 0.0365800828787845 0.03829814133070261 -0.019035369231890337
16 0.04206107295331731 -0.00339061565096342 0.027305237929490717
17 0.03911178468322828 -0.011837412339780853 0.02963064731636213
18 0.03786813513841134 -0.011775168155920045 0.03161029080462137
19 0.04031558806297441 0.02720144796950419 -0.02254758043990657
20 0.0411985448576155 0.0019895859984036045 0.027185130054429598
21 0.03818120942010388 0.032555950983761885 -0.013220899963287801
22 0.040316285659314215 0.04351158882920078 -0.007131534027096258
23 0.04206075020600871 -0.008475770468692483 0.02480598254835524
24 0.0388049811199039 -0.008023488164073913 0.03538551300215559
25 0.03657945069198605 -0.01895809044922788 -0.03349495311386974
26 0.036580841349504005 0.018180462418427655 0.0009899849269678492
27 0.03849475531993209 -0.009196073851405223 0.027132666121643254
28 0.03558644315377917 0.006025226276552167 0.02437920699230107
29 0.04001731672120692 0.03760556388550632 -0.03454037736086867
30 0.03658106073951187 -0.007928554205070514 0.016667925458113117
31 0.03591975370796873 0.029566264721999434 -0.02035659957069312
32 0.0384931582439497 0.02436321243822281 -0.02116568194116978
33 0.03786578344773814 -0.02588484534196154 -0.03253289591831977
34 0.03722843648165353 -0.0315452786696923 -0.024864337590863147
35 0.03880286618507138 -0.027298749809777822 -0.018397946610291722
36 0.0394168700033229 0.0022426006520023718 0.03364945985449662
37 0.03314756217656797 0.023511969879689745 -0.009129833123704816
38 0.041775579083179526 0.006001859098987585 0.03384305633194156
39 0.03818292852743777 -0.008435555642018627 0.033078625129689725
40 0.03690564930357745 0.023544900068219153 -0.024350517160223076
41 0.03625358029831153 -0.010089472206948323 0.04253982250676039
42 0.03941505388143943 0.02248150354801466 -0.022608791202986197
43 0.035584637542419716 -0.02472294438425062 -0.02839495674765419
44 0.038803433335941453 0.03949974220225869 -0.009237374181671415
45 0.04002007160282708 -0.005826378899774396 0.040808225303588616
46 0.0327862513430196 -0.011903490335037539 0.04820752636976491
47 0.03849499489550359 0.0020968848565695954 0.023407698648297667
48 0.039112017803486075 -0.002913611653446538 0.02978142869630052
49 0.03524672087780206 0.036872617397879795 -0.029437689661498186
50 0.038492587545689495 -0.03636707694653319 -0.031295218526341845
51 0.03278370229879835 -0.033576435954008055 -0.020715560305135168
52 0.03849297626988864 -0.015376171358187305 -0.022090376952391955
53 0.036905323136532844 -0.027480921255065505 -0.0291004169765016
54 0.03755032674584925 -0.006259642992391914 0.019519965525492643
55 0.036905728124657824 -0.03451193944818588 -0.018965008934070344
56 0.035585297322713254 0.0278365653626269 -0.01655575430525826
57 0.039415063198347866 0.030190928974287847 -0.023281340273492726
58 0.03314722509838428 0.03315962570580358 -0.016008503140955567
59 0.03911182887663744 -0.004775858945585019 0.03315176185620306
60 0.03911145932366495 -0.011052124851138916 0.021051126181085348
61 0.03910996552496095 0.02013371830761791 -0.028356026534843058
62 0.03722815085335473 -0.03579071228285057 -0.03181033803416912
63 0.04206084618535963 -0.009807465797005059 0.021436104596388877
64 0.036580143109730026 0.026587589881683235 -0.020510491263040852
65 0.040019850358331964 -0.01258259200366541 0.04037566342892037
66 0.035919562994876184 0.02299935013990897 -0.026908857609916483
67 0.03754869650490179 -0.03147595914381328 -0.023608217104598418
68 0.03941472121037433 0.037888770361744734 -0.028138981531203373
69 0.03456120729395601 -0.02129330942791618 -0.017315938095939797
70 0.03786618684702044 -0.030660973079938408 -0.02027493113243381
71 0.036905543629123315 0.04036948565696132 -0.031644551582885753
72 0.038493379214062665 0.019579003885259842 -0.028228654143359747
73 0.033861051013240356 -0.023468120881690726 -0.03139412642058303
74 0.040017092826808875 -0.02632341150977245 -0.035716370349232224
75 0.036250746491975044 -0.027555963111528553 -0.033902537855451644
76 0.0372278929297032 -0.02976119026483755 -0.0357841443749838
77 0.034905569563501375 0.03472624899532285 -0.02466085647245873
78 0.03818285480524257 0.003690462398084378 0.028617407855238915
79 0.03941560968799563 0.042594325966581165 -0.0060133425559046405
80 0.03490628370323077 -0.026151119799651464 -0.005144261582816573
81 0.041198587035649756 -0.003307593686618152 0.03341121352281043
82 0.03818332293860013 -0.009717761532610386 0.04226042881026075
83 0.03880322965359516 0.02339425146235722 -0.016333892641116822
84 0.03786757609195298 -0.010690747649489499 0.019240697378638726
85 0.03971990745408507 0.0035283659418918704 0.04560644657646439
86 0.037228544522180634 -0.01411553173692996 -0.02099207483669824
87 0.033863526171035906 -0.009367316485391956 0.04592821036337904
88 0.03971701791836887 -0.030748647230332184 -0.032574734126646056
89 0.03818306282632885 0.003428172261405601 0.03458721614155829
90 0.03722860553534502 0.028250263267652856 -0.024871735620684836
91 0.038180681259467684 -0.02219314916437661 -0.028251914123888066
92 0.03421246124321699 -0.032185397986037347 -0.03127095068247334
93 0.03849531575737596 0.010660057596558808 0.03327333262892542
94 0.035584519667370605 -0.028957965554545217 -0.02751796485724532
95 0.04090675929651369 -0.004368964156198069 0.025306898337593375
96 0.03690821853166092 -0.005555866455431851 0.04414841476472593
97 0.03723043095750744 -0.004358666560088976 0.030503728675989217
98 0.036905736146650873 0.019334514605373297 -0.022176156497130044
99 0.037548732673276804 0.026228944335407595 -0.030241674599192206
100 0.037549044753799665 0.03533235732632532 -0.014728209480899038
101 0.035922047552809845 -0.003546771605865732 0.043500496860166715
102 0.039112361579472406 0.006933547444693392 0.03956841720156079
103 0.0426263892137343 -0.008238410996363292 0.029355077784439947
104 0.035584801911694906 -0.02711354268793246 -0.021010475024409087
105 0.03971748786775254 0.026027438128273142 -0.01955305475142864
106 0.04001907209504987 -0.0011180244973466368 0.021078962328946106
107 0.036250730823798025 -0.037051792130055945 -0.030327920538786912
108 0.0394154326947656 0.026952968390877404 -0.011285530584128614
109 0.03911071275990292 0.027987711861661813 -0.013017323251976
110 0.03690579983015608 0.02085366523094677 -0.020123529296578582
111 0.04262489065605155 0.03382043662389582 -0.01810080973518231
112 0.039414948719822755 -0.029280381865978623 -0.022260916113674745
113 0.03786659146270221 -0.017574730086198444 -0.009013271108703669
114 0.037230473661428565 0.0028725848225712204 0.029984577143114963
115 0.03657998449346558 -0.02899720511962752 -0.015327780788290555
116 0.035584726424032605 -0.02191239883837014 -0.02896006589509655
117 0.03786611251789828 0.027102754361083243 -0.02822594389242426
118 0.034561361542799166 -0.032226900839651566 -0.016239004882067285
119 0.03911225472516375 -0.008132063527195886 0.04044912650953841
120 0.03786617397533487 -0.026703996901037065 -0.016255604178146223
121 0.03657971213227803 -0.02479740089176824 -0.027341669384412962
122 0.03971944317713757 -0.0076146974529510214 0.03527939107773725
123 0.037866567627668754 0.03337643445792276 -0.018050401033929513
124 0.038493347854315706 0.028012854944653384 -0.02064132510656619
125 0.04148780080885681 -0.009485033476469106 0.025142790864105986
126 0.03490559095660808 -0.028857637851111884 -0.02024043545383323
127 0.03558495723743238 -0.006608487536026877 -0.02303889917305462
128 0.03849361339027952 0.030452808817652787 -0.011403055118087785
129 0.03818318774266971 -0.0012243752672482441 0.03833257230042535
130 0.040019403006783104 -0.012619592156134044 0.02902036383918985
131 0.03421313842688258 0.02385981727937904 -0.022964074595730646
132 0.039717559098859476 0.03733944630274775 -0.020581614726360966
133 0.037551027248068705 -0.005493497387601801 0.0376371432016935
134 0.03690510038582712 -0.03059444408868569 -0.03256962512306828
135 0.03880481148535351 0.0026107249631485427 0.03426914697618426
136 0.04031735819450646 -0.015682582914599716 0.031571040091500656
137 0.035918925110768385 -0.031130255386030842 -0.03157675163875186
138 0.03941665652865941 0.0019669884308915453 0.02395966721063178
139 0.03591979160404132 -0.02522825202239208 -0.018708728169627892
140 0.03818125573044113 -0.021195776227126296 -0.007611157846828182
141 0.03591976532875212 0.02600245120155085 -0.011311029535609243
142 0.035921620627566916 -0.009976067170854735 0.033819139316145504
143 0.03941668632626846 -0.002864189107243725 0.026327558577565333
144 0.034905724419037505 0.02910915370012862 -0.028634361764994006
145 0.03722907729670986 0.038746096225486394 -0.02074231991696328
146 0.03911168198049317 -0.010909027183191176 0.022528492342989162
147 0.0394172669948952 0.0005411354039994206 0.04080813847065653
148 0.04090557590287447 0.016827159045376367 -0.014464203867975894
149 0.039415315840697795 0.037291732340826285 -0.019626112573542142
150 0.03818108417854574 -0.01487250540865369 -0.024252440231850376
151 0.039109898832619484 0.034255735901484355 -0.02748672135115775
152 0.03591990895118954 0.022650377862150923 -0.015528836951394615
153 0.0406131683530926 -0.019448389292419613 0.02759033601885832
154 0.03690548971346312 -0.029111550108817778 -0.03156839683657629
155 0.03490544368131553 0.0440727139675059 -0.03195642649290622
156 0.03911190702911457 -0.005480098707573086 0.028616190134525633
157 0.039109612615398526 -0.01946912559162562 -0.03192002145852333
158 0.04148698900689717 0.035010877283878035 -0.004848473282138178
159 0.037548529143460276 -0.025024950224877326 -0.029316617432644573
160 0.039111545235899395 0.004637410452699991 0.020168491490663798
161 0.041488144378088905 -0.008045170103063819 0.03150497128711492
162 0.040317924160527284 0.0006136351869877078 0.03999601944530404
163 0.038804683162248964 0.00020607385817505942 0.027904409379651815
164 0.039717720547373735 0.03934501951189263 -0.023822274254792095
165 0.035919226258232274 -0.01152688892214437 -0.03574007879803259
166 0.03911197292737337 -0.002520155154141851 0.0332896410433137
167 0.03524708742368053 0.012808812732428605 -0.016369640223438387
168 0.037866678088480446 0.025797865551830505 -0.011511234051943766
169 0.039416861977568975 -0.006712743877908444 0.029025510704209254
170 0.0403174828519351 0.0024979239740656823 0.03499599501290626
171 0.036905844804438544 0.033810371808557144 -0.023276900654235846
172 0.03658225803364477 -0.002647671997565686 0.03868740096860694
173 0.036905622411902914 0.028692657987617953 -0.025602066703809084
174 0.03941703124371805 0.0007185200027843531 0.03494002591050313
175 0.03658045873933593 0.029000312237140263 -0.013633310017900841
176 0.03723095192297656 -0.008447990131488604 0.04251757478952107
177 0.03818241229968904 -0.011445042603371723 0.023135654341435722
178 0.040315045728789536 -0.02741428480173095 -0.03740277692566935
179 0.03690600394834411 0.019269575263224648 -0.015969813724655016
180 0.039111609800809875 -0.008976140420481997 0.02246041217738444
181 0.04031583257812827 0.029052875373988124 -0.016585829705310254
182 0.032783545995786444 -0.02238595340764414 -0.034455275809303465
183 0.037865931465155524 -0.02244895482999678 -0.03123333034090483
184 0.03971755549095151 0.025861621422219445 -0.02648113328638602
185 0.0375509086835553 -0.0073165845035719134 0.033248010259706154
186 0.036579931216166435 -0.022741977947237837 -0.022270677233114645
187 0.03849535778027748 -0.00998689724562983 0.04149394900251596
188 0.0362531675688036 0.001537056511974544 0.0374286718603926
189 0.036580649708695144 0.024754782777445652 -0.006998569248279997
190 0.03818107638414581 0.022469023804546937 -0.01860937334543091
191 0.037548640601708226 -0.02486375238420717 -0.02244905628854721
192 0.03524660406315379 -0.03248048719737791 -0.030412378199218715
193 0.03941670057146958 -0.0037359095350293216 0.028173265839514426
194 0.03911191778704958 -0.004317088321241865 0.02930876349194183
195 0.03723081489464441 0.01779759643144712 0.035339284627475195
196 0.03722816888392287 -0.02484351172123568 -0.03243657150806606
197 0.03625153335473948 -0.01897542345042208 -0.017482133220027812
198 0.03786643276452788 -0.03379586484822218 -0.016389815976838126
199 0.03690532384627495 -0.03467659067049514 -0.02765183377080355
0 0.04715816004064458 0.01988271741423087 0.0052485716077303535
1 0.03524693122347298 -0.035969132717223164 -0.021562846951125304
2 0.03625065647898959 -0.03384723097425076 -0.032838068764733885
3 0.04613197481291582 0.019484400991985833 0.008318066917035615
4 0.04690387495041991 0.020021546543691045 0.00909720163441435
5 0.046903310290660465 0.019611936904424216 -0.00416610148020576
6 0.04031730316611552 0.03049462396946022 0.023941570053193764
7 0.0327841705054121 -0.022538523349748648 -0.014061946953624766
8 0.046131717765198046 0.021138842741846096 -0.0004347104529182697
9 0.03818018846090913 -0.0334095696866242 -0.037128033656016204
10 0.04090619476302172 0.03050714519343559 0.009870252667175825
11 0.040017673477210525 -0.010162298943241183 -0.021756445329327155
12 0.03625167223618747 -0.012976331113831983 -0.016139144988560724
13 0.045082334804526565 0.023331499442242724 0.01605244484328318
14 0.043734818387074006 0.021459075750328994 0.015120535607675532
15 0.043734177479725043 0.014221485237861212 0.002277389569944272
16 0.04481561786585953 0.014884402949535703 0.003997215892479136
17 0.04534666599037453 0.010059965494206357 0.009040972144599934
18 0.042060186195709386 0.015992864245531698 0.005236550469436243
19 0.043460100955600364 0.01751927853340735 0.014913023978868985
20 0.042344162333746396 0.028325210581700008 0.013800016474569464
21 0.046647805052444764 0.015707624955528538 0.00631832753310282
22 0.04427859963851507 0.009748944515888015 0.017196934624415308
23 0.04290603266486209 0.015760007286355564 0.02003137792875015
24 0.04400777768859385 0.017502075142511973 0.016720317876511653
25 0.03690573959151199 -0.02103035227083005 -0.022366829829213494
26 0.04508277926995864 0.024326911403105205 0.020106343744204825
27 0.04345996330080444 0.033140147989097604 0.00861749104746667
28 0.04427862493837377 0.015177565086016694 0.012504689019842063
29 0.04534622524428363 0.02930686891421833 -0.006043443821876857
30 0.04534701701501974 0.01385032837790918 0.00811262332565809
31 0.044007807790148804 0.022677628672449636 0.018367393506756275
32 0.04508224193324631 0.005378578976981035 0.012633834806759139
33 0.034905294684239516 -0.023226059539983978 -0.032259018793047115
34 0.03849346894971201 -0.02158961180074471 -0.015860844380956887
35 0.03941529862025731 -0.02142412081543495 -0.014887213874942826
36 0.04561024846510292 0.011784513054277884 0.017221370455066356
37 0.04290548400414325 0.022385490680461452 0.010738399778264044
38 0.04400778202811723 0.024050751585135928 0.02075036121445646
39 0.043184036338570805 0.009661562774029634 0.013033864374569238
40 0.04262613013896069 0.030336732705346852 0.01214867220758752
41 0.04346001101801304 0.02726375366201634 0.005487429138308535
42 0.04262602736152034 0.023632550802785493 0.01710586464339348
43 0.03722828415305071 -0.01974896717867971 -0.03083742785045359
44 0.04664818862399585 0.03215950620096985 0.013834599798946575
45 0.039111568939321814 0.017773059594717512 0.012213585408673467
46 0.04318393349117476 0.012559895867343924 0.021502674230347338
47 0.0469040130831927 0.023145499237949344 0.01587012342841998
48 0.04561027756382157 0.017589644192230643 0.016211253623044538
49 0.04400744050337466 0.018117315963958512 0.015112734387533753
50 0.03524684375759017 -0.03424683199413665 -0.022893866496277553
51 0.032417101874587344 -0.019341609985559165 0.00031711598993573595
52 0.03657983697675015 -0.026016032237132326 -0.026291054952360938
53 0.03625101844993639 -0.021125532186148998 -0.03370963673766529
54 0.04318378763187652 0.01452039582387873 0.006073475003899897
55 0.03818132519132448 -0.024946099604813497 -0.009538531195852585
56 0.04613180384859074 0.025612965265317304 0.0037054552431439376
57 0.046132091716806586 0.018812684627133175 0.009982725941113197
58 0.045871294178881826 0.021758314316781463 0.003988975157808985
59 0.04400705719764375 0.020349488951474808 0.008610680841314678
60 0.044007521033738325 0.021031035346312312 0.013986203736316948
61 0.0417746580106175 0.0226771720399802 0.005516834613463222
62 0.0352467775544979 -0.018390030867603168 -0.02887872379186562
63 0.04639069475633261 0.02189514935042675 0.0064344723506101695
64 0.04454827026622394 0.017195582096680668 0.020929890548979927
65 0.042060782539825294 0.004530178330588357 0.02515433277205287
66 0.04290535555936064 0.01785000491757644 0.0015251777532197931
67 0.0378663934042687 -0.0298631350112707 -0.009747143255867664
68 0.044278494776892934 0.025482336726996308 0.014366373441665931
69 0.0391097255744602 -0.01581584840273119 -0.02900706738036883
70 0.03278386438684144 -0.017687671001360906 -0.02332689532328812
71 0.04318440357590774 0.018598246937857454 0.025344770134304327
72 0.04534701154736342 0.02791042169743859 0.012949313915891185
73 0.04148603591913156 -0.028788899356055456 -0.024775382858908568
74 0.03849328846966565 -0.025597405741244802 -0.021640681917836788
75 0.038492966355691126 -0.012867458151380648 -0.027278467127608615
76 0.03722879343034565 -0.02302052707059116 -0.021034021279430288
77 0.04262600790382272 0.023397358777208985 0.017198067716650497
78 0.04481640444830544 0.025314442639277367 0.024097055212436373
79 0.04454772605757261 0.02622324853655511 0.00033647603102106164
80 0.03591919871074859 -0.0256411907211739 -0.028579300893942287
81 0.04454807013212709 0.02168364058928383 0.007971724634240276
82 0.044816035511730815 0.020789734903425946 0.013612472125046434
83 0.04206012040125408 0.012649411081035167 0.008409316687138822
84 0.04262607626743183 0.01595569327578495 0.01746740299539846
85 0.044007621200880635 0.01603771457240495 0.01839440521122686
86 0.03880261577175467 -0.03454742834065683 -0.028887571950752977
87 0.04119779138097566 0.017936593503200274 0.013267106182395485
88 0.03971755352513375 -0.026709867987753762 -0.023133641333442263
89 0.045610185082078966 0.029468365209678462 0.015536386243955045
90 0.039718790224579956 0.024397413520004147 0.00734689756689157
91 0.03880252838713289 -0.02619788162858235 -0.025274664852072914
92 0.034905215509662135 -0.022420263913394554 -0.032118553934886426
93 0.04561018567198395 0.020369614610704256 0.012408177235034706
94 0.03911034582454413 -0.02003410457878402 -0.016497448865686364
95 0.04345980289522004 0.020103341001375744 0.008299123837626663
96 0.046647968222014176 0.03214078979448193 0.004277576177658309
97 0.041775287321687136 0.019702776941938584 0.01648493685495554
98 0.041775191874193256 0.02273222228855613 0.017248445340706874
99 0.041775084291418164 0.01900033756448701 0.009748837850328264
100 0.04715855819143782 0.01891632890181899 0.012847661893705519
101 0.04427853362501178 0.008938230384715766 0.010022440666516301
102 0.04318390960242733 0.010624892369489743 0.012379846569050824
103 0.043184146067680985 0.020535550893948564 0.014973767445384738
104 0.03524608311068236 -0.021570798736069038 -0.038051098642761495
105 0.0440079524472909 0.01183263056408494 0.023738996249662893
106 0.045871882289179294 0.027894901715289588 0.013361500948893093
107 0.036905484227062836 -0.019274183171733284 -0.031068750743007665
108 0.043734824619827965 0.02863125495938809 0.011283624321214254
109 0.04119815402215036 0.01283183930528153 0.027966627748189875
110 0.04481587576714632 0.01324086868113381 0.008408765461920842
111 0.047663160768892654 0.0031799505305884915 0.011998283886507827
112 0.03786570290729413 -0.024910224047851672 -0.035202537482706145
113 0.03558456129501332 -0.02336558219095319 -0.02897338212266241
114 0.04508218325395636 0.014847795820877346 0.006991438141946954
115 0.03786605680134379 -0.029529992689213174 -0.0315152966202853
116 0.035919155962616425 -0.02753901919667852 -0.03807773131710025
117 0.042344050162608025 0.02689734584671514 0.01268130228327237
118 0.03558490319049364 -0.01991597106928583 -0.022932546703765686
119 0.04346002314685002 0.011733332450618602 0.011670232796613505
120 0.0365803504127171 -0.015696130978246122 -0.00807674469071726
121 0.04031542304117054 -0.03472647636713673 -0.025069050629417746
122 0.04534706577497155 0.013150035548737081 0.016889708189231845
123 0.04508247377160277 0.019892247704699308 0.017600172171661103
124 0.04664783637800625 0.01653541174227354 0.004840968337368072
125 0.04587211993020491 0.031986660745593615 0.012237867699716418
126 0.039414472343315674 -0.0134953842123412 -0.03068599263805294
127 0.03722846572417636 -0.02288424282916899 -0.02774498246091346
128 0.04481553045902925 0.011068450329341879 -0.0013415069857993418
129 0.044278516096429854 0.01903397457247291 0.006924281290126776
130 0.04454832378571237 0.021128547039136397 0.01971071867052277
131 0.04262584821485839 0.020810150235221238 0.013748949641864029
132 0.04400715608904339 0.0234898796937373 0.002308894750677211
133 0.04534694933755501 0.009031481228939124 0.011137903159583762
134 0.04090502398662438 -0.041247094053318493 -0.02408553272374656
135 0.044815898108334945 0.01899353912732506 0.009529644055339747
136 0.04290557682974307 0.03329160152102376 0.004015096671958645
137 0.035246649413597425 -0.024740766816016127 -0.02810649487337541
138 0.04534686143837541 0.017646066240656552 0.011206127509337752
139 0.04031529711845273 -0.03273502460609469 -0.03111803477850967
140 0.034905501299952096 -0.025716999230138253 -0.030896540409438455
141 0.04613189284642445 0.016634497379289178 0.004447676741675156
142 0.04534644659095268 0.01855304860611862 -0.0014503872301199145
143 0.04400740253482218 0.020564999989660108 0.011071757347266353
144 0.04508267680932147 0.014336909132534761 0.022886150689478614
145 0.04148734574336925 0.0210852326477395 0.010592134634661035
146 0.04561015638524714 0.025945776354085962 0.011125033723216132
147 0.04318338922518263 0.023841937088373087 0.0017117614959895118
148 0.04206091189931052 0.019218001704192376 0.023238908126762575
149 0.04234423013722982 0.02767446176691782 0.013565114180220212
150 0.0352470015432588 -0.027807897739325356 -0.019341903259909487
151 0.047663538763814864 0.019703662338752547 0.015291221435458862
152 0.045610103706902 0.01859112292080131 0.0066779523780269474
153 0.04508227064747526 0.01784604081038228 0.011579901326582544
154 0.03524659393194327 -0.03130481184633689 -0.03428238401215941
155 0.0426262491875447 0.010652013563136388 0.02780155902694382
156 0.04262557476824082 0.027364174064241683 0.006362822040166374
157 0.04001796049746433 -0.024299813554906593 -0.010083118155579133
158 0.04373482297509166 0.020065830021106318 0.013576373333337987
159 0.036580150774281305 -0.029064399066171392 -0.01717834944965549
160 0.04373476486348628 0.01642796794330724 0.01493011611543989
161 0.04587187419560108 0.0250232299332177 0.009268223419046007
162 0.0453469456654315 0.026874365037660067 0.004311045582851076
163 0.045082413788726836 0.013017207833424754 0.014941796902003068
164 0.04290594365838944 0.023184616235860035 0.012199744610090896
165 0.040017294101674844 -0.02278933132000569 -0.03125466791184927
166 0.04561014120469599 0.02890152980330301 0.009926633894084626
167 0.04561011832088333 0.017772044210328686 0.017405617675437322
168 0.043183569214816 0.02909475244772581 0.005644391038255753
169 0.04400745632152985 0.020836820442361327 0.009156783712561501
170 0.044815756951176705 0.021148358149444275 0.006437008917011396
171 0.0466482491156074 0.014255466881714795 0.014657501910335158
172 0.04400725731549841 0.027504079650771 0.008057882203929603
173 0.04481599255163398 0.0178694071350027 0.011686496273760514
174 0.04508216350127954 0.01399456616961832 0.01090348312765133
175 0.042060324219058635 0.0016623954300155313 0.008992897643784057
176 0.04613218294416787 0.024366005293398833 0.01614378232927387
177 0.0448164227307194 0.015089322402339777 0.027107175639295048
178 0.037865852270211144 -0.038697742901518645 -0.024446135040503882
179 0.04690416440103775 0.03196545188435189 0.016586693750624795
180 0.04481633836829582 0.009100534689865724 0.024664011009534782
181 0.0456098918893806 0.030916345253268276 0.0040897171211454735
182 0.040314944352145374 -0.02676837858046146 -0.038962472394934125
183 0.036251295430204736 -0.020528537374944898 -0.02554695374361312
184 0.044007722170430724 0.0298895412646462 0.019421250110737334
185 0.044548036475643225 0.015042679252206067 0.011389320395348323
186 0.038180563975785314 -0.03961876195978049 -0.03266234564918581
187 0.042343974395555976 0.027383157941167847 0.006510819638381917
188 0.04508207948091671 0.016146989930777022 0.005381929451070511
189 0.043734626589273295 0.01612417099703006 0.011334546599218084
190 0.04561024085166453 0.0069675877501539675 0.012813474821496505
191 0.03722883872628769 -0.02921656821638526 -0.014060277657448269
192 0.031669830949004704 -0.012873472554866162 -0.027330288789399495
193 0.04346028846837972 0.011198509858724932 0.020153349524620886
194 0.04177509680416278 0.0314798970189943 0.016028497368468776
195 0.04345989861751754 0.02055866640355674 0.011973345591450633
196 0.03849320855655681 -0.025879251410578386 -0.02240279992333328
197 0.03818083688494423 -0.020713219787791847 -0.025159746056316976
198 0.0362507422169978 -0.024899056474394284 -0.034405098898725145
199 0.03591948220784966 -0.028293706127183193 -0.027066399361826927
0 0.046391016170189966 -0.02623716148417962 0.017222777204034364
1 0.04290537897051149 -0.02513443291724319 0.005217391773016189
2 0.04177426078861173 -0.01597350051348432 -0.004152624769032661
3 0.04508165229384296 -0.02789745707387801 -0.006017172956638998
4 0.041486910078691784 0.03032266380144782 -0.004537931227190784
5 0.039717530117470624 0.02463700503242789 -0.025882051506756147
6 0.03911000444184112 0.035915898509238 -0.02707922040064812
7 0.04148665812421965 -0.0249943689613951 -0.002215200274548723
8 0.04741129592981534 -0.026352985070657056 0.010216114470997798
9 0.04534679089267375 -0.03190900700623708 0.014670187189091377
10 0.036905654564942304 0.026159726610202494 -0.029802788602153445
11 0.04454800742028912 -0.02475600138584462 0.00866373745229162
12 0.04400749663236326 -0.024681265175686945 0.014957893382585711
13 0.03591945154474537 0.02588973440024081 -0.03117662999436107
14 0.036580403222560266 0.031661198682192006 -0.016981892948084772
15 0.03971688944033103 0.028099452235434138 -0.03577533013092932
16 0.04290546834957599 -0.02134399081757099 0.008816210831376988
17 0.044815484440646584 -0.018884849439611273 -0.0009093775582971615
18 0.04715808907942513 -0.027099362917480052 0.004283244825396692
19 0.0362509385361495 0.024334485092682424 -0.026249619076704426
20 0.04481550311676655 -0.017536646664506546 0.002906232250064513
21 0.04061147941210196 0.02884044095882626 -0.023532803706115806
22 0.04427726074764356 0.02368167053360198 -0.02863017481328735
23 0.041774970291237105 -0.029596650268714903 0.013141783121320461
24 0.04534651395706238 -0.027609697412727077 0.00022435268336624189
25 0.04373492171241725 -0.01053452594444418 0.019316951999787557
26 0.03786664602330641 0.023570631757619608 -0.013132653059482753
27 0.0423434619739521 -0.025402895124713495 -0.000508596169291898
28 0.04318388344514206 -0.019632583086444565 0.01580644251183631
29 0.035919512779105704 0.04236582979520213 -0.027768487034663582
30 0.04508186294777117 -0.02308280117535433 0.005382844485402776
31 0.03971748047489979 0.01945925009537725 -0.019591193620574966
32 0.03690625122354085 0.03039585881431722 -0.010367561128743973
33 0.04560984836358671 -0.0279720363823192 0.0050648251343853624
34 0.046647963026392555 -0.027276927185089273 0.011603723903127566
35 0.046390358410806624 -0.020370775201947515 -0.0009281340528540157
36 0.04766292198611994 -0.03404757885588398 0.0011250492284206302
37 0.038803038137547596 0.043045464526488844 -0.01987837207156536
38 0.041774716214385416 -0.013394483249185815 -0.0027860741363217303
39 0.04090560949526901 -0.03240739322854806 -0.004622549802937069
40 0.04119677003215431 0.024944421481162774 -0.020264734385005957
41 0.04345949862578261 -0.029850096841055076 -0.001996156441343088
42 0.03690593941782719 0.03830761822525035 -0.018521379912930513
43 0.04177462844970143 -0.025611819369050666 0.0028092289999957012
44 0.03591915433127402 0.02628696266418327 -0.036724862501417974
45 0.04427859101335295 -0.024125074786608535 0.016753439472520226
46 0.04373517270025524 -0.01675889069701832 0.026086444122122923
47 0.043183529510016076 -0.032940148961740974 0.011105806276068168
48 0.042626422092172996 -0.02229439626705941 0.026439838926998877
49 0.03911035804835922 0.03496635065616439 -0.015392749497704404
50 0.04534643327933792 -0.033984694707884344 0.002909548616539776
51 0.04206071301350664 -0.02499187444334967 0.017378162061711538
52 0.04613154651885644 -0.03644793400405833 0.0039406589960798676
53 0.041775099970050314 -0.021147179491806955 0.01741998498416079
54 0.04481620943666718 -0.024055334758812896 0.02077570926055033
55 0.04690420169827918 -0.022365834238938107 0.023673060747980552
56 0.03658021253333735 0.024837430388231593 -0.017901468153619954
57 0.03818099183434242 0.024921452357278138 -0.016232006132343567
58 0.041486540802086934 0.03499694713369709 -0.017825929927293597
59 0.04234342996334565 -0.021256830133322847 -0.0037732648185504476
60 0.04177500813370657 -0.03166817249860668 0.014537795710325253
61 0.039109924687709616 0.045969741566751376 -0.03304672467248335
62 0.04001864637404072 -0.015384693246288071 0.006577563414201741
63 0.044007237137061915 -0.028471521389158438 0.00902095447198257
64 0.037228919485831215 0.0244984279750971 -0.021641705777747357
65 0.045871529506723754 -0.022358786722246154 0.0028266685427939158
66 0.03786656826381011 0.021655110393457466 -0.014933907136310013
67 0.04206043436155654 -0.026363751019475454 0.013759888630239322
68 0.03941518421295609 0.022611936724291595 -0.020873441023633026
69 0.04318348948752236 -0.023450190678420472 0.006243475162134334
70 0.04061266441649864 -0.02469188487821229 0.015023403829973966
71 0.039415749342936394 0.025596715355215256 -0.002082790007164182
72 0.03849304978043822 0.021584214195949435 -0.025109487379655057
73 0.045346682127093765 -0.025770942199910683 0.0090500449971635
74 0.0450822586437481 -0.03478073807653242 0.018644703052545713
75 0.04262604079069353 -0.03213294035663953 0.022088600897123507
76 0.04560984954505301 -0.01743692118948778 0.003705636119253325
77 0.036579952249975234 0.027779040191816023 -0.02880385171495755
78 0.04206008704926761 -0.01924244109201469 0.005336139785969706
79 0.04001754814044133 0.04985234604365244 -0.025779845731795335
80 0.041197524130368486 -0.023602448347994843 0.004096191748951745
81 0.04454771732948078 -0.025101015684984365 0.005293049178746108
82 0.0434598977385265 -0.03110441013110071 0.00779469923031832
83 0.03558550161188817 0.011933909925076848 -0.005408503133020017
84 0.04400719031556399 -0.026613376065196235 0.007532990709827263
85 0.04791322172345655 -0.025067927369116266 -0.004099260260543859
86 0.0431835083243557 -0.015139552038951986 0.004215843814806094
87 0.04560919835578389 -0.028148157748515066 -0.01077670942627056
88 0.04177453466463008 -0.031178753148705676 0.0021146479638898723
89 0.04587136809823502 -0.02301100152236713 0.00018257250175095745
90 0.039110444204854496 0.03751457855027008 -0.0153951936421792
91 0.04400692831447126 -0.026138200630041318 0.004425763784302773
92 0.04262558560111255 -0.028590799478511703 0.0064440826444689125
93 0.04534679262189239 -0.02178844316616884 0.006718366973723181
94 0.04481556436539621 -0.02552045944767715 0.002874403205252949
95 0.04345983156382785 -0.0364045331135258 0.011273164657680511
96 0.03941566731584409 -0.010933984514047791 0.007149479520834341
97 0.04427838618078141 -0.029667418278347877 0.0062314322118981556
98 0.03386142856144399 0.030711450129605883 -0.02959717411166302
99 0.03722881843909675 0.02972981488017573 -0.01822416466322818
100 0.035919288092953416 0.030202280138353528 -0.026156244877804193
101 0.043183837429878975 -0.020113395553043614 0.017113562079716187
102 0.04481600057029732 -0.013120570150330697 0.01426665719272413
103 0.04290560685000174 -0.02522970010082131 0.00145311048397792
104 0.04560991586947188 -0.02498132893201943 0.010442695434437866
105 0.04061158900548768 0.029926380600331322 -0.014461348104295115
106 0.042625766242997645 -0.023057766961405372 0.013570960192823653
107 0.04290575953039655 -0.01936455059354497 0.020449316438635668
108 0.039414874452234835 0.03010967021955044 -0.02151289409359291
109 0.03786634732849488 0.031835337826282964 -0.018762250828857192
110 0.039110594095140366 0.022411491768098674 -0.009515547160831068
111 0.03524733023514399 0.036570363390839425 -0.017043680771495425
112 0.044547893349947826 -0.021013980754464836 0.005092400844846555
113 0.04206039754877717 -0.024474010730034915 0.010005269302119448
114 0.040316583753097456 -0.02324277282885898 0.0087249427681532
115 0.045609804783466566 -0.024579517144738352 0.0007954630824248673
116 0.042905531123668385 -0.02766583636041191 0.00681897512452267
117 0.035585325682897406 0.025689837927707536 -0.012557253725965303
118 0.04534656710259186 -0.02409011218259087 0.0006783564731594139
119 0.04560946662355661 -0.030692196585244854 -0.003962896493625311
120 0.04427841953923231 -0.018779010412787078 0.011135582000084273
121 0.043460415424089564 -0.031021153254033994 0.017655472696705577
122 0.04090596629162289 -0.022967935391298173 0.0031961162559426886
123 0.03490601632220386 0.026746072655531174 -0.017688184335086177
124 0.04148668631481999 0.022807697291309322 -0.012841279443041174
125 0.04318357113991936 -0.024798299457265544 0.00875773754470335
126 0.04791376003093083 -0.02526490965982682 0.01083420042111198
127 0.0448155995304718 -0.024943348625658644 0.006495813668627078
128 0.03880323884140913 0.04339318712150739 -0.01724184237684462
129 0.044007225693587435 -0.03238411099980628 0.007874563850300173
130 0.04290525398267494 -0.028534053970937744 0.0047613539730410725
131 0.03911048746402169 0.030113568203383782 -0.01878288193966496
132 0.0375491674210247 0.026200738149486282 -0.012045467947232916
133 0.04481581421141167 -0.023404940036932366 0.006752413017499711
134 0.0442782337711087 -0.03265357917452563 0.006550631289447089
135 0.04031715754612578 -0.026279597488875348 0.01960680369951063
136 0.04177461482986781 -0.021237685818370357 -0.0015910634440065856
137 0.04560985692516056 -0.02656607057567126 0.0071795643656433076
138 0.04587130546369881 -0.025348636296208517 0.003240380190578568
139 0.039111206556263 -0.03399032393437558 0.009117826351564653
140 0.04234364941358857 -0.02388117247633184 0.001999750349110311
141 0.04001774945845038 0.03825460732432631 -0.02218509906849008
142 0.04454759559413284 -0.031904100613267206 0.0018432855329287565
143 0.04400704562385612 -0.020236406361537285 0.009008746531566959
144 0.037548738131339784 0.03491409856740881 -0.027375415324233553
145 0.03786609591653414 0.03327746611507368 -0.024725251590651823
146 0.042343604380756 -0.020513068710897715 0.004901127913700818
147 0.04262528566539986 -0.032221464817519675 0.002664437752783867
148 0.036580116556108294 0.015124946864661334 -0.021856573424079987
149 0.038802801217792095 0.04274230574340347 -0.022781869890235777
150 0.04262603147588502 -0.01659631411820174 0.020052033264827723
151 0.035585103233339355 0.026308415541752662 -0.011203241723880307
152 0.03722852518800872 0.03328838983328951 -0.028539882861975358
153 0.04481570844286964 -0.022577439993711906 0.009586205592672719
154 0.042060510201006554 -0.025348202438969996 0.009736243384523082
155 0.038181594877913526 0.0379521016152265 -0.001343661480360587
156 0.04508244494621392 -0.025880875579465022 0.019535870191343698
157 0.04234392222147056 -0.023074390237985683 0.007665994714536504
158 0.036906042952703416 0.038104187118979484 -0.014157562909687305
159 0.04508166751331305 -0.01897192500124953 -0.00933137923456808
160 0.045081777080593625 -0.029262824904776746 -5.148426806602605e-05
161 0.042060397257741376 -0.02033002360497761 0.011431314170510637
162 0.04613157891171612 -0.024525035822234174 3.778397439954598e-05
163 0.046131290020578364 -0.02572964995081076 -0.005475499146553768
164 0.03910988822230741 0.03184684811265991 -0.0254995507945506
165 0.04613191105452524 -0.02492340276529845 0.01662404786577979
166 0.04481578019504682 -0.020019494585319944 0.008021687378221551
167 0.03849375459885267 0.037581550197728214 -0.004168748467451963
168 0.035585008650928486 0.01379403259964986 -0.02150486493505407
169 0.04400768132866566 -0.020654105711471644 0.01512084004973418
170 0.04481558124646271 -0.022419806516563612 0.0037697481093919216
171 0.03690629099973047 0.024337874703961836 -0.010570892185469631
172 0.04400734372316746 -0.018551192811737977 0.007799657875793592
173 0.0391101961822773 0.0281825304980717 -0.020679411408988393
174 0.04318347367536783 -0.02756994682028583 0.0034192946858698317
175 0.038180943088048556 0.020656950370495274 -0.021906081118959718
176 0.04560982975221888 -0.02333020102712763 0.008382605753117906
177 0.04791394931601383 -0.02323649322385432 0.01654261220583605
178 0.043459683286057475 -0.029725362452199706 0.003527462621565385
179 0.038181191557453496 0.03697039878200471 -0.014479386609183619
180 0.04119749980421781 -0.02700577478024012 0.001701944341293665
181 0.03754923444250298 0.02405982468264726 -0.0021803287156267085
182 0.04508214060048096 -0.028593835566502104 0.015316443180910076
183 0.04373446603341432 -0.03197238179566306 0.013872951980502129
184 0.03880347200067731 0.02599360688563965 -0.00768585323668257
185 0.04587129982750291 -0.01451466376963432 0.0022462587853666156
186 0.04290560093994295 -0.027644974404012635 0.011557556564221355
187 0.04373404559023348 -0.024188433277546294 -0.00035242729385670724
188 0.0445480964716243 -0.028621996385224637 0.0134335561082798
189 0.03278352919846937 0.02718264338010631 -0.025861468573858973
190 0.03941548546940748 0.031074124344816677 -0.013615284167148392
191 0.04791306550101192 -0.0281554994533718 -0.004893532063881135
192 0.04119768378519204 -0.02095677122941466 0.007561304018321163
193 0.042625807611307395 -0.01156832041396551 0.01130680140010033
194 0.0456098856308207 -0.024246487588066915 0.008734275793048718
195 0.0458717852761173 -0.03319440761144494 0.010109995611572204
196 0.043459705242101465 -0.02328452921426836 0.005530360378367143
197 0.043183558462406714 -0.02109494335400285 0.01268218818371859
198 0.04234401696011359 -0.02445726551710813 0.009959909258786644
199 0.04177430954115309 -0.02191074635512579 -0.005678598048449402
