200 3
0 0.03993237661221095 -0.03261839525539375 -0.008652804926598366
1 0.030849621540392485 0.010729249209907001 -0.03766229534387526
2 0.04171045981266613 0.028212839657076903 -0.0021235297985870085
3 0.037246036731509384 0.025331656408686717 0.013462130616927628
4 0.037245643617482484 -0.025158275711779532 -0.00345702580221744
5 0.038342311540139555 -0.02813797199452847 -0.018391250395799103
6 0.04195820789716886 -0.028042776494713085 -0.005491253356504382
7 0.03914636203214227 0.02320687452513382 0.014453148502496519
8 0.03993299836949201 0.02497906996442924 0.013723866515098632
9 0.0375232877820102 0.02461324287121136 0.004873190024217206
10 0.039409542776707246 -0.027747548943391404 -0.0072703525250142
11 0.031841689741763 0.013943759570888946 -0.04888654688438701
12 0.0394107649408007 0.0276054610123751 0.02448562876774459
13 0.03611483697829499 -0.0233601767649787 -0.005564186864048639
14 0.038071294108581795 -0.02985006497497989 -0.01317233172706564
15 0.03494722143926143 -0.02862113701071783 -0.018892365008872574
16 0.038071507227977794 -0.03202715870629356 -0.01237005641122185
17 0.03668509237917386 0.034742223580216045 0.006484241227586454
18 0.038072353162827435 0.03076208788211649 0.017854549536608186
19 0.041460851603042075 -0.03156955661454275 -0.006468403442830759
20 0.03967287987901903 0.020222788289856675 0.024457445065308243
21 0.041710269225389215 -0.03442063219886258 -0.0054436121168533495
22 0.038879855731875905 -0.03948497874398526 -0.00734320985922499
23 0.03807165075628748 -0.034594335422915824 -0.006343952741059339
24 0.038613291197658155 0.02871026885298317 0.022773510877085925
25 0.03941045700312775 0.019519014443427404 0.017463584135493874
26 0.03941008722230578 -0.031318800020045244 0.007282581456911459
27 0.04171085227491076 0.01895379993888735 0.012528436807062318
28 0.03668554218068346 0.027437614600311824 0.01861749795126958
29 0.03967191360372645 -0.035939334070209564 -0.012017572956787358
30 0.042449713192880635 0.03254439815080165 0.003063058868970128
31 0.03582672318802166 -0.030965813995874145 -0.002808948936574093
32 0.03807077476827653 -0.018404213293201105 -0.029185272567658578
33 0.028032682583453376 0.01278565276898403 -0.03550221575143393
34 0.033738108598546826 0.005558384843921623 -0.06740570764009067
35 0.03861286401405178 0.026509603563822752 0.004065505508752295
36 0.040448178347417776 -0.02823243405446586 -0.016561864381480936
37 0.041710505813394465 -0.028777808774639584 -0.005253620320262944
38 0.03582713987917592 0.03199020277161019 0.003875428483652511
39 0.038880567336664035 0.024205109753457823 0.01292837378740908
40 0.03611536187756692 -0.02488930819388682 0.003026160828440495
41 0.037799124814558674 0.032720963554526444 0.019114295361304646
42 0.036966399082772515 -0.02974845887431707 -0.00210866714498333
43 0.03184183592562314 0.0068340521521722325 -0.043374354603640856
44 0.03861282441481428 -0.03390894856393058 0.008565476018448353
45 0.04019159613983476 0.034107464703178936 0.007456319615036772
46 0.03834348874167382 -0.030197504763010675 0.00884577401060314
47 0.03779891972542663 0.02947405593667741 0.017676922941670913
48 0.03888057921399663 0.023856190112564814 0.010977079017510024
49 0.040448397805079625 -0.02761623076150101 0.0005954817171506816
50 0.03248563186656612 0.010851542947467926 -0.06342821166429442
51 0.037799003100877894 0.027153167616414592 0.02270186840086987
52 0.031514336215617056 0.0005870966557937259 -0.049890621036824886
53 0.03941032705099908 0.0352050816520656 0.009698503662412473
54 0.03967260518684164 0.03240455013262315 0.016102020012359997
55 0.031183230800766563 0.0019161904756621162 -0.06256538113423765
56 0.04095827767779956 -0.02347947400851731 0.012075102679692272
57 0.03696539801728441 -0.03067653665426061 -0.022625486188711297
58 0.037245783249799644 -0.03711391075938913 0.003245733441359283
59 0.0407034558122489 -0.02238230423642373 -0.021057980081997257
60 0.03752295548573846 -0.032126948801337166 0.0002867863165220672
61 0.03861202365257788 -0.03497227815632355 -0.01630391495297608
62 0.036401866129364566 0.03354959228525297 0.026669408094638778
63 0.03834301956543759 -0.031145879793013538 -0.004551068671413123
64 0.03724593755246888 -0.023991709732416117 0.0034391458533199796
65 0.03640202004362727 0.028394598327021344 0.026926217718568003
66 0.03434959136325271 -0.036259281990611736 0.007255414244491694
67 0.038613059659476534 0.027320708784487183 0.014626328618005306
68 0.03611474671050445 -0.03494363883565324 -0.01213737497991004
69 0.03016981503719985 0.00014851151547746485 -0.05143504156253027
70 0.04019188504896184 0.03150477686826089 0.015871494833236043
71 0.036685147424199024 -0.03104633745342033 0.005635932360788129
72 0.03724522317879084 -0.028100797687544518 -0.01828974386353904
73 0.03834398576589997 0.029630760114001037 0.027803146611151443
74 0.036967177952185855 0.028570838143354624 0.020566565820433595
75 0.041958680301095896 0.023151867323536437 0.010741692783864306
76 0.03941091255783953 0.024469173040078604 0.03270381686121977
77 0.03752330552267417 -0.028736786843345106 0.0067817257055060995
78 0.03861198961034992 -0.02811852448219332 -0.015282834664050447
79 0.03834327033799937 -0.03765445031540193 0.005798650924207284
80 0.04044862033569681 0.022465643611487122 -0.0040601246037308015
81 0.04070468636055412 0.021509981987659448 0.017510896257570064
82 0.03779801130288584 -0.029188509636081654 -0.011009631307185764
83 0.03967166773283066 -0.03791466465299492 -0.009418901545461881
84 0.037798710402274345 -0.029051777880222382 0.008147609041240437
85 0.03807161472865586 -0.02558552710104232 -0.005907157307914727
86 0.039672886253307664 0.025767716045395364 0.02480197542549794
87 0.036685376361804765 0.024715656450328173 0.02166583102285139
88 0.03888092003506337 0.02656861108766897 0.02418620472823352
89 0.038612966832469564 0.030058745490536394 0.01179358242287173
90 0.041460576277478005 -0.030606132781986695 -0.01769593719463644
91 0.03834382421618174 0.032807258645607414 0.025436906780908042
92 0.03779897331714691 0.02199939846932649 0.017964377803327467
93 0.04121111965187865 0.03429296025534369 0.027668429537103398
94 0.038072412379904434 0.03158347554279336 0.019775701511635622
95 0.038344089676231145 0.023115431366121583 0.03127526367236314
96 0.040192466547729955 0.030907053524727838 0.03268146756636594
97 0.04044962056889653 0.030479258722284127 0.03358214337021726
98 0.03779841720403328 -0.028546166455663286 0.0043658501612549565
99 0.0391459635232535 -0.036273265471569456 0.0007359214080533376
100 0.037797603001235996 -0.027870815110753466 -0.023463644537427893
101 0.03967238963640897 0.03642288821853007 0.008073254311739754
102 0.03807122660340746 -0.021883217147071327 -0.020529671557066684
103 0.041711091240707335 0.028352635525418717 0.017124333151882148
104 0.033739208235606534 0.0016822114242860404 -0.03376294490850794
105 0.03834338140198666 -0.029811149697910506 0.005850756977883432
106 0.036685008143935285 0.03493783653493155 0.005509507543472663
107 0.03696704907173276 0.02548729447283943 0.018835815587743016
108 0.036401238192562184 -0.04273467057944906 0.0063524276450294586
109 0.03779803220709728 -0.03857254767047704 -0.011028812699606889
110 0.03807188694908 -0.034645350504511986 -6.165545713913388e-05
111 0.039932022818482495 -0.034439616688629875 -0.01709588771987781
112 0.031184014028916067 0.0006922420259579984 -0.038633068102832256
113 0.037246427510798465 0.02697933268977896 0.02269911274196668
114 0.03696673527258662 0.028684674906407172 0.0099931546368207
115 0.03752326269053077 0.02896393478669843 0.0040979454407561984
116 0.03914682530006885 0.022717286386914008 0.026186822968107426
117 0.0391460278051423 -0.0322134564634404 0.0030388777993127602
118 0.03967233785010911 0.041055847989941885 0.007933675850693933
119 0.03861279513372065 0.0284611988980701 0.008995663835222472
120 0.03752314986942321 0.030942896092459156 0.005303687180380485
121 0.03834357306836921 0.037394525550183695 0.014340601804532591
122 0.03807114467673642 -0.02875248641279165 -0.012957064036705521
123 0.039409833224888655 -0.03351930793411005 -0.004535660871320751
124 0.03914572115356373 -0.03777156192510164 -0.009691929863844631
125 0.04095811464817736 0.027312099188341238 0.007509978557565411
126 0.037799507188258225 0.02495707580315314 0.027991768934847658
127 0.036685158253169495 0.01462725323628467 0.005664874527801821
128 0.04121001693777966 -0.034150224362218665 -0.008067039405885401
129 0.037246368834703565 0.027609175861697352 0.020930084645383575
130 0.037523926440959685 0.036164653413582507 0.026994051419522717
131 0.03888038110550184 -0.034406621808683126 0.0076930665590105324
132 0.03914603447277937 -0.02966540142838471 0.001732688246366444
133 0.036401187809896936 -0.03846297831688574 0.003597721045645375
134 0.029120392385340012 -0.004310204528861209 -0.05858086607336497
135 0.03553639743655763 -0.030119911635312194 0.0004997598500851038
136 0.0394103066097437 0.027898483028753942 0.017034065767725506
137 0.03967240975385917 0.031211974083785298 0.012469749880267077
138 0.03611507235724262 -0.03513484857764151 -0.008000292561589318
139 0.030170542538954154 0.010861068634292368 -0.024925695733557157
140 0.029120249448223067 0.00856858157064589 -0.06230217324717793
141 0.04095764716228478 -0.0263627896560513 -0.0037692620253568787
142 0.03553717994915792 0.021208129981370828 0.024206197814775877
143 0.0355361657264375 -0.02973561804798993 -0.002436142634065198
144 0.03752263947760113 -0.025254009693183376 -0.01741698825813832
145 0.0422041183872107 -0.028139414991502364 -0.019021193919963368
146 0.03807237229774234 0.026974631967615088 0.017362880796977696
147 0.037246269002013326 0.031156821377204092 0.013660093897771257
148 0.03940987851927613 -0.036677064512917565 0.0014807190561315594
149 0.03668467246941116 -0.026383114856778564 -0.0018513602761796536
150 0.026899529747318587 0.003909080939913201 -0.05844273120433513
151 0.039145349065626805 -0.027938434103989968 -0.02108638612527638
152 0.03807168026636792 -0.03582859947615446 0.00017975419435215095
153 0.040704356488847536 0.025989723533701995 0.007114885096637356
154 0.03248629986944693 -0.004016936326772069 -0.05227337848626759
155 0.037798084775623665 -0.03217599604559657 -0.002100251598260593
156 0.03914631717587378 0.030762970333855395 0.01356277238553454
157 0.03807250411771286 0.025421518056261107 0.022658057012190477
158 0.036966765482296604 -0.03475057431954318 0.0052520677563174445
159 0.03888075050894377 0.024600138911149892 0.017901213667048325
160 0.03582689366716081 -0.04156392353729414 0.0035611162077390283
161 0.041711239176953664 0.022949029916480762 0.024479233494778877
162 0.03696695897559676 0.02884705699521045 0.0195673938625914
163 0.03888094670070657 0.017845303813155557 0.023942138964666407
164 0.036115101023008606 -0.03179558630185153 -0.010434154196736923
165 0.04019162438060143 0.02710698339989091 0.01337825658158347
166 0.03861227081113178 -0.03730164276916259 -0.015772383725241885
167 0.04044841395035369 -0.028853482213668805 -0.002384982964532224
168 0.038071649939480104 -0.01664917485937821 0.0006741979127765502
169 0.04146203298164059 0.028616422628057043 0.02595678803330998
170 0.03861329788028969 0.02278631440082899 0.025620080797772657
171 0.03668489000715037 -0.03366146175164784 -0.0016912676827436001
172 0.03861259936564164 0.027804653716377623 0.009971138432935239
173 0.0394097514571876 -0.029413615884587945 -0.005441688828871408
174 0.038880816387404225 0.029764264961400274 0.018165566702016335
175 0.03888007981349216 -0.03134313183941016 -0.0020998698843726245
176 0.036966969940903725 0.03627334779569007 0.010077673615137622
177 0.039672353883250175 -0.027947475604733377 0.011167045194253185
178 0.02876270117707059 0.006959114111702356 -0.04136697183866323
179 0.037245600422469965 -0.022899651139492706 -0.0036899476019643202
180 0.03914537715449954 -0.03315067194888313 -0.012259250083397457
181 0.039672076515780016 -0.03217236618431051 -0.0013377870736595054
182 0.03151381723390035 0.0013704675650553202 -0.058946644559423944
183 0.03779913690239042 0.0305427499609421 0.021235237863567548
184 0.037523165578547193 -0.026492736195841613 -0.0003421965278399029
185 0.038613111069468194 0.024319154721714885 0.016336906244916186
186 0.038072205894817655 0.025328860007977058 0.013900981835546493
187 0.03724635090625447 0.023304881327758358 0.01234747711257722
188 0.041210820978728045 0.027191012420509038 0.012183855190285952
189 0.03807186051625185 -0.027195585074505067 0.0030171289008778237
190 0.038880005925241566 -0.033719602952985615 -0.002397138395342292
191 0.03724693517892925 0.026939246683347594 0.0358845415284116
192 0.031183229072574516 0.009971349422891415 -0.058358032826432066
193 0.03779896805636441 0.024528742645686653 0.01793813332950302
194 0.038343284149560376 -0.044007294815550727 0.005992557441614447
195 0.03967185766144593 -0.03099016530669589 -0.008957617062239768
196 0.0383433739967849 0.031403773425286045 0.011343033348483703
197 0.03724631440669756 0.02786060869206809 0.01648485817228979
198 0.03752300129899142 0.020847697600920416 -0.002594449699106519
199 0.03888046003575278 0.030897451021343333 0.009734101290055707
0 0.04551477913776574 0.0007355068169710485 0.01666423395397582
1 0.030849068435625387 0.009858055688968121 -0.05282325460869355
2 0.04686114455970424 -0.0021584404687191635 0.0033647407485977218
3 0.04596739157219534 -0.00017530457261680712 -0.005589397723644989
4 0.048170491542949036 -0.0019009177740944797 0.005745094658745069
5 0.046639725272989485 0.002885931200791929 0.01358212869843163
6 0.04641657089944992 0.0015749555765793848 5.534528707829071e-05
7 0.04881231970389194 0.0035822959689900784 0.017516828579408818
8 0.04317641454873526 -0.003327854647628973 0.0034445060568264493
9 0.048170598241099656 -0.005402667428646075 0.010140387902408792
10 0.04341625624322719 0.0007394586156793164 0.01535335581116887
11 0.02982430517208754 0.0020742057907552165 -0.04302761199460245
12 0.0470821869295405 -0.011837149589660128 0.010061742567762164
13 0.047738157554462576 0.010216564959277705 0.012155594876839343
14 0.04641676423312723 -0.002727795381348725 0.008356478113441175
15 0.04708207611167784 -0.00022005723448265802 0.005502488524742098
16 0.04459398542800823 -0.01015951091646525 0.011156440689852087
17 0.044594041734780175 -0.002929665734482228 0.010981491281719557
18 0.04482627542196433 -0.0051419605681152945 0.02018474971967569
19 0.04482593892814823 -0.00517835768604888 0.016754926352786702
20 0.045741704480951585 -0.012632105415165787 0.008522978549768445
21 0.04551465596528227 -0.007843252017695264 0.01201365974564212
22 0.04773808583169202 -0.011537881309522097 0.002502405256466991
23 0.044360352922683755 -0.009004689978043469 -0.0033115715618210104
24 0.0483856619751873 -0.005680203028604956 0.01712346650419509
25 0.04686130116201802 -0.009452577316061382 0.008367065986839086
26 0.04412652865859605 -0.005276490232065309 0.007953023758598698
27 0.047302524373827086 -0.00019509940414470686 0.03107270527627795
28 0.046861190033456186 -0.009775970835446224 0.002261116482109852
29 0.04459378613542322 -0.0021366423077070025 0.0006026593922714742
30 0.042935756156973835 0.0028955236341809284 0.01391723026065997
31 0.045967765578370984 -0.00235362855784965 0.006872012080258369
32 0.04551458507970838 -0.007928719381238911 0.006710352619733492
33 0.032486883522976254 0.014912763944089117 -0.029645597060121827
34 0.02803230345259739 0.011942988115632084 -0.043901423524694796
35 0.046639452782307106 -0.0063781677321487675 0.004737758218434531
36 0.04641676992301131 -0.00790389650968045 0.007223064739636227
37 0.045968098051393805 -0.008729080133918179 0.014512253959041337
38 0.04663964797900507 -0.005531546307863325 0.010880269854548916
39 0.048385526048240236 0.0028112115392263785 0.010504319301905764
40 0.04459438897865901 -0.008124957694653361 0.016167434887518303
41 0.04505658744570942 0.0013721319867933987 0.009008426623318242
42 0.045741822139869125 0.00038707943689411304 0.013345922167234547
43 0.027661013551353027 0.005490625293646954 -0.021448355571751725
44 0.04389123264751255 -0.019998000850862695 0.014330624186712198
45 0.04730221289516879 -0.0039944471327747425 0.01519923812460146
46 0.04436078328359877 -0.010559549732351868 0.0050037208997389514
47 0.04596830758913713 -0.0012849081546783955 0.022472158943018117
48 0.04505674951865894 -0.0004034874004294996 0.014987380202307036
49 0.04686147300209275 -0.008500078970175101 0.014078604989853803
50 0.02947412104769642 0.002009262377280338 -0.06153653119214833
51 0.04708239694037788 -0.004469178756583434 0.015406974616628318
52 0.033739336497328486 0.0011744230278497923 -0.03617457194079414
53 0.0438911320919652 -0.005417048919208644 0.01472433833692724
54 0.04505674773148422 -0.00952294697065765 0.013897716357587441
55 0.03184175255709689 0.003728291291780257 -0.04222608162277618
56 0.04708256643579843 -0.006724610112814109 0.019305229624524408
57 0.044126714752694335 -0.010291113795945928 0.012023477203887698
58 0.04838517077845676 -0.008573177906512242 0.0019103319499632699
59 0.04528647923673534 -0.007369160634828414 0.016972172177810982
60 0.04708211076130853 -0.002589693422334531 0.009287613843496696
61 0.044360856907582416 -0.006543744665925978 0.00895028276690048
62 0.04459397321338199 0.0029133057118789288 0.006748303926094487
63 0.04619264112479598 0.0010183149663838072 0.0012565388903137441
64 0.0475204649876361 -0.007367041142387667 0.006934332403699508
65 0.04708245509599355 -0.009869845684079226 0.021358423126959444
66 0.047302085168353984 -0.007179015645277238 0.01722999990302696
67 0.04551457346006464 -0.005376423579083178 0.009605423388976195
68 0.04389135052021572 -0.003708812862630423 0.019988875892088934
69 0.031514197382182176 8.20183825335942e-05 -0.05465443427628436
70 0.04505651291452497 0.00022120193554539308 0.005723243022724413
71 0.04436136264770928 0.003135717002689848 0.02198268869762689
72 0.04528669700464029 0.0005289605393501512 0.022954703468608947
73 0.043176279346296746 0.0004148170872530011 0.0058986084647991086
74 0.04686146884183725 -0.011556274228807771 0.013856861792908575
75 0.04596846552135838 -0.005085167992815316 0.026218564493170678
76 0.047738025710112805 0.003886394849631779 0.0014917562447258296
77 0.04389148014975897 -0.010774335017089643 0.025741167943432966
78 0.046861375192648595 -0.009134530514497932 0.015576863801717838
79 0.04773860937103537 -0.003392180274560615 0.017894884578225224
80 0.045741746838842225 0.008334863164013856 0.011312887233498194
81 0.046416791242809154 0.002463363615838405 0.006640098008830267
82 0.04528604850722337 0.0012654828679665765 0.00739880511984206
83 0.04412644824475215 -0.0014263310981126641 0.00532093892717477
84 0.04752066736026 -0.0011431611117668121 0.013530498302670477
85 0.04859941757690054 -0.003136811151042694 0.013444674135086572
86 0.044826119548611154 -0.00011639952743405159 0.014109677579749898
87 0.04482597584835838 -0.00540779439516938 0.014456810310548416
88 0.045968021509694895 -0.004996448165637368 0.015190045761915554
89 0.04986308484025101 0.01032578367920885 0.016052939385369332
90 0.045286645086803315 -0.0014181592919956204 0.02352193553386477
91 0.045968408927773166 -0.005421466125706125 0.02083825440294131
92 0.048599480509308575 0.005393488021641385 0.020480333438853845
93 0.04365412000038322 -0.0012983671434705169 0.01283789134537693
94 0.04574216988481706 -0.007486521434334175 0.02343323667696726
95 0.044361474940361516 -0.00701812386981114 0.026415999780485783
96 0.04551451555635915 0.0011352024468948318 0.006435147147138166
97 0.04641713078145124 0.008747890750872548 0.01693208671010389
98 0.04752082892791995 -0.004886565911173776 0.01784373970154893
99 0.04317607723597332 -0.008839234697627622 -0.0003416514168836005
100 0.045967624336820764 0.0059449381367370924 -1.346404191448862e-05
101 0.04317594841131881 0.0006671316660781775 -0.0021889473577068317
102 0.04459412148239202 0.003675795565191087 0.013812469252877534
103 0.04686147383290094 -0.005516022380627168 0.013104666490490047
104 0.03524145643028451 0.004186479210789635 -0.05449338832669426
105 0.04752090158679694 -0.008419741370984635 0.0219046915438418
106 0.04574166313295043 0.0023110998111754498 0.008133124891321316
107 0.04365362460581634 -0.013709743255260684 0.003193987165251809
108 0.04752017127714166 -0.0006497463687382501 0.0005901412648498506
109 0.049654276795297346 -0.009628158974297626 0.0078159407838859
110 0.045741834061610545 -0.006317754522757785 0.013580328684696101
111 0.043654243343576704 0.0030924957459841297 0.017313241679218546
112 0.035241704925875826 0.015528396443218158 -0.04112536360541264
113 0.04619270086609045 0.00042564191366469993 0.003867119305840049
114 0.043416125214001684 -0.011037687724190786 0.015307342022206792
115 0.04551509452469833 0.0008289849122767326 0.021641924055049503
116 0.047301626692379 -0.0023757703578056386 0.004886339275257777
117 0.04730204090714657 -0.001380547832567565 0.01909781709070169
118 0.047738437800432555 0.010567440790487641 0.01378236652004227
119 0.041711244107518156 -0.0024454120600443264 0.018506601150306824
120 0.043891422075645906 -0.0037899025436992067 0.022882388022165932
121 0.04528627069874913 -0.002336794408928998 0.013630875858441248
122 0.044126123280463586 0.0008033454389866115 -0.005270718482937855
123 0.044126081276246044 -0.004888150798503214 -0.001062399487575916
124 0.04596799076949322 -0.0008374627654360001 0.011170216467057155
125 0.044126636855386196 0.005473133038546805 0.01074940157985468
126 0.04596766818805609 -0.002695118191028532 0.005387224839649117
127 0.047955191742737796 0.004672148416952058 0.016360425302962816
128 0.045514263230268796 -0.010408453099220095 0.0027768939765766766
129 0.04596776905988031 -0.006910497606901198 0.009191297411347173
130 0.046417072624278626 -0.00815843028390298 0.01786445317451154
131 0.045967544916104226 0.003214910383881182 -0.00033259446745965396
132 0.04773784414124179 -0.010028487739828427 0.0012589091752810656
133 0.044826098242098156 0.00011586890026961143 0.012065245920925617
134 0.03084872861155659 0.006212868096465664 -0.06833858517441083
135 0.046417199552527544 0.006030686030080255 0.021315432001971096
136 0.044826032164627695 0.0028972210272164268 0.015472672797776754
137 0.04574172147636706 -0.0017439834258977857 0.0058676054104494614
138 0.04795510181591629 -0.008778517218891111 0.013313600655745038
139 0.034648339129482925 0.009796066922122634 -0.051078981701118194
140 0.029120694844932942 0.010913118832921658 -0.05288108952191791
141 0.047301443607829625 -0.0005778079648254881 -0.0003876986663645466
142 0.04859914347209362 -0.0034485690057371923 0.006074710240221774
143 0.046417202578247004 -0.0029426934865472935 0.020586630134421528
144 0.048170329583475696 -0.007351078109331165 0.0007386527292740802
145 0.049023860525840166 -0.00608906374634872 0.0027856606060569057
146 0.047302008615872596 0.00041518486684578355 0.01661975818243961
147 0.04708249218892144 -0.001409655977655056 0.01584661300894224
148 0.04459359109957852 0.0003578960679189447 -0.0031580322896168026
149 0.045741939965611454 8.29319813799294e-05 0.012942871948848567
150 0.03216546017034251 0.014132474322159515 -0.05434284572475676
151 0.044593820014710836 -0.003730298479803127 0.005323787172358335
152 0.04923467743239422 -0.007661737046467389 -0.004503219979796605
153 0.04528635557826949 0.00035571689410344613 0.015855220601074135
154 0.03151452203635224 0.0028137174271398503 -0.047486724117432724
155 0.04269391949573898 -0.003994491939680809 0.021813421110398853
156 0.04482612206708259 0.0006383130621270063 0.013442232951036602
157 0.04505679676497857 -9.356861545934139e-05 0.011240337671359462
158 0.04412703934147206 -0.006936662128843437 0.02076921011872405
159 0.04341629106993662 -0.005916774723924206 0.01789085998046588
160 0.046416466967293936 -0.009625012215545329 0.0015895301456917033
161 0.044361126868103166 -0.0035709520768072967 0.017242586169685388
162 0.04317655211199864 -4.553469947174012e-05 0.010478778695374781
163 0.04686153972210403 -0.0030845774726128705 0.013176864247889967
164 0.04619339952145784 -0.009854118425267979 0.02292923439591375
165 0.04551444907209399 -0.00213242370711248 0.006552568700869974
166 0.04436101239185366 -0.0015156125117131445 0.015158672495816004
167 0.047081905178477115 -0.001996066184679094 0.0011799925156853513
168 0.044826380055601606 -0.011222452453595006 0.025931785650036555
169 0.045056530574001365 -0.004220778559585588 0.006530563864612455
170 0.0459680175192856 -0.0010272584828393246 0.013090758207436128
171 0.04528630016723233 -0.0006709480641794864 0.01720945824276209
172 0.04341603032042575 -0.008510972220362435 0.007352864701380507
173 0.04574206979602004 -0.0049827722565614135 0.020499497787053476
174 0.045741580820591335 0.0006643877003742169 0.004338483796919424
175 0.04528598104254811 -0.013653774887145063 0.0058895060123049505
176 0.0452863529098405 -0.0005349934618853389 0.017705021755948853
177 0.045741781234262056 -0.007534102765298917 0.007872174271558098
178 0.0358252541587011 0.003593741210679536 -0.0418975154247945
179 0.04752094384531081 -0.003933426689552375 0.020014143940630082
180 0.04730212125064429 -0.009406902235538276 0.02010741376267349
181 0.04245000158283211 -0.007836120353918407 0.012826880622215698
182 0.034348217407316396 -0.0035109165795831994 -0.039043940461770524
183 0.045741783801593855 -0.003082612618476245 0.007052112169644701
184 0.0466398495699871 -0.010148130384226897 0.01485656283713473
185 0.044360825735401496 -0.005714470786538439 0.008049842148484506
186 0.04528616352929405 0.002300548143052015 0.01189162001124289
187 0.04596794534969915 -0.004150799660503607 0.01026974784515061
188 0.046416998976874436 -0.008161606836735957 0.01640466466257747
189 0.04752026045294755 -0.002379721122054543 0.002296088412571533
190 0.04293620813237136 0.005703306873624754 0.022957354951620598
191 0.04619301748406569 -0.003216813359941108 0.014321578367695983
192 0.031842138997124764 -0.0029376267369835033 -0.03867571678380867
193 0.04505650966740599 -0.01038450638667767 0.00864036390257902
194 0.04389080229882732 -0.011001893089097537 0.0008770478373351877
195 0.04663981050238036 0.0004277978353582022 0.01687110109729304
196 0.04965398590092619 -0.00847329943493665 0.0023614187431775114
197 0.045741851651447694 0.005651289287819421 0.01565333631292828
198 0.04551435128571119 -0.0004960419686087813 0.0015614650162169498
199 0.045741517174425886 0.008640714192990848 0.004827537229289884
0 0.038612633296038916 -0.027478374310974257 0.0020384576590541693
1 0.039671579898883834 0.020489735243556437 -0.017030824884406364
2 0.04170990734590855 0.021855400865563975 -0.012914723902649774
3 0.038342122381747536 0.035992619671155926 -0.02670315919747638
4 0.03752256408136448 -0.04001053251658353 -0.017442674609731975
5 0.03861258099118632 -0.03118755752259463 0.0006885783372446166
6 0.03888006387528945 -0.030313249044420836 -0.005395516541765313
7 0.040957482367167966 0.03271509878871857 -0.012554960996148706
8 0.03861195781198192 0.04389557677456184 -0.019272703430857515
9 0.037245459021216294 0.027411386029921266 -0.011413060525677384
10 0.03494782023070177 -0.035424095731532344 -0.007117129021451365
11 0.040448126216662196 0.03184543642019489 -0.01329031472645955
12 0.043653200084741266 0.027485497418296343 -0.011231990346944271
13 0.03914577519702172 -0.0344107032775669 -0.0010592461321554413
14 0.03668445935034054 -0.027870997935064562 -0.007682430464991644
15 0.03464984053774204 -0.033788721428764705 0.00025270031078235256
16 0.039145707773130665 -0.03812814978649677 -0.004484932030645606
17 0.04120916344388053 0.02950848741708265 -0.03265921406617373
18 0.038071037801938136 0.01676234112474477 -0.01996449058486961
19 0.03914626102937417 -0.03268390224983505 0.011899300642098444
20 0.04070358826584829 0.030417656172480698 -0.007559811866949067
21 0.03807175269038503 -0.03271029006521222 0.0009334546474751425
22 0.0417100369438771 -0.03115027978719993 -0.01129276428858057
23 0.03696631568081292 -0.029892039489216475 0.0018396346396194964
24 0.039145314770841176 0.03874745423915519 -0.014993023540000453
25 0.03940952137265943 0.021003358207760555 -0.012210831814070542
26 0.039932671055639544 -0.03457931990840267 -0.002813538347981843
27 0.039408937198302865 0.03697271391602149 -0.022849715989946853
28 0.03861203236505469 0.029005950783147216 -0.01583830296537032
29 0.04095827304554416 -0.03226149801517636 0.007764188539572374
30 0.036965958829036485 0.033307192513130364 -0.011362231593075959
31 0.03640141964967977 -0.038243182866375056 0.0073391121613456435
32 0.0377984429910168 -0.030097445212560893 -0.0019281533829287958
33 0.042204677068528866 0.02573248672704303 6.486933106094907e-05
34 0.040190717432354875 0.04011621151053757 -0.018782150125837657
35 0.040191347169174566 0.026044866270053653 0.0021715498280767903
36 0.0417107355111357 -0.027392903662765686 0.009390640778814114
37 0.03861186493184507 -0.02984489037531766 -0.01898565796094523
38 0.041461042448625494 0.03003305305080565 -0.0017721943365894305
39 0.038342556832289244 0.023556966020437414 -0.014993753840074824
40 0.03807143879206763 -0.02615193801848813 -0.007784281855473544
41 0.038611640125668485 0.03242545078024111 -0.026363372390304996
42 0.04171013594195131 -0.029709730772890335 -0.011668693489088073
43 0.04120982950500016 0.03635281150488648 -0.01357934803004364
44 0.037245995384073714 -0.0263027212971885 0.002326081224917306
45 0.041461111634405266 0.03271881721392745 -0.00025028107728490676
46 0.03752275829752994 -0.045942133541894414 -0.012915592285908162
47 0.04044858066923169 0.03003143279193614 0.0037867457527600633
48 0.038612274288819616 0.04005525330837076 -0.01104080733841009
49 0.03779797458520984 -0.03562932663479854 -0.011772714433101015
50 0.04195776742127137 0.030196937496246887 -0.01635588135819573
51 0.04171030184386393 0.028203778095626065 -0.009107019510081976
52 0.0396715545665379 0.03199165517630247 -0.013085490455588693
53 0.038612056356280636 0.03026372069708553 -0.010725604470167571
54 0.04070355190463169 0.032111385862093604 -0.014441536113207884
55 0.04121016934776018 0.02581444070218294 -0.005509931796892471
56 0.038880161779996904 -0.03293189008818142 0.0005801899141784628
57 0.03724595614557721 -0.03451435860260879 0.0055838436311263714
58 0.0391455007847562 -0.0328184813726325 -0.007138031922339831
59 0.03914606815069221 -0.042842280727982594 0.0020486187780314603
60 0.034650127830725505 -0.03729580564874732 0.005044870430021988
61 0.03724564673302233 -0.027515473601846408 -0.006936731060693613
62 0.036966208946499754 0.028783748690849112 -0.00745855756669635
63 0.034947785128353274 -0.026475535271488118 -0.00811935589760366
64 0.04095734127823685 -0.024558826783914803 -0.024019104240699883
65 0.04389009375812311 0.028451000981713236 -0.01641277119431847
66 0.0377981980900502 -0.03350403658999976 -0.008390954416909279
67 0.04244882991012801 0.03597856749937343 -0.022682439980329334
68 0.03807117302074225 -0.026336383090635084 -0.019710496178004175
69 0.03861198177788502 0.0340633679102238 -0.014766755367065364
70 0.03993201328787629 0.027910680615538253 -0.012868284385953771
71 0.03779860717541765 -0.03277471149809383 0.0029367170712159296
72 0.041210124475950745 -0.02961948272020073 0.0003352830994620745
73 0.040447629200910606 0.03350949630883028 -0.02545739744158264
74 0.04019076270164613 0.04158427131699611 -0.015918325880683478
75 0.042449220014615756 0.024990154605162827 -0.015123258187138265
76 0.04070359411130358 0.03986982069418023 -0.010577182757908251
77 0.03752310810392393 -0.031535313761874156 0.0006202495822061503
78 0.037523209546182955 -0.04243526962334793 0.0015230663074164371
79 0.036401213690376355 -0.03380080643663726 0.0013195444462720356
80 0.04293429182580814 0.03445866314397845 -0.03136341773658735
81 0.040703606723504634 0.03238535694064977 -0.011177317919614346
82 0.03724549172423828 -0.025919244204827708 -0.006272714793946808
83 0.040704200375926834 -0.02547117558591852 -0.0022382414104612997
84 0.037523014157992564 -0.03695425802487459 -0.005165774625887249
85 0.03807146904206116 -0.036648681630464704 -0.002136628394288436
86 0.03967085913719997 0.0346763786004362 -0.035430839612205514
87 0.040703508926894456 0.023892833293890883 -0.015496725202315301
88 0.041957546871403024 0.022704490078607004 -0.020091867479055166
89 0.04482523171603185 0.03378317053054114 -0.013136482502806877
90 0.0375228336630904 -0.025483690675405252 -0.00980916812167585
91 0.03914566037924092 0.031079114476116384 -0.0060359540412527855
92 0.0394096342085625 0.035529990602527976 -0.004527733286986553
93 0.03861240316919475 0.029409961639909648 -0.002206615653378398
94 0.044593167145880235 0.02831048260351017 -0.012109554146953203
95 0.043415279276680964 0.029200136796882922 -0.01140363210074198
96 0.03807144993577095 0.03435207957427018 -0.003354885289550891
97 0.03993211250083546 0.03376465774826283 -0.0160652790603974
98 0.04095789370255462 -0.03291177773372065 -0.007654017410930838
99 0.03888012933929211 -0.02614971561292495 -0.004704374241162531
100 0.0386125440286858 -0.02822016005968886 0.0009280978019618931
101 0.04070361878065992 0.033524797521729405 -0.009836781476432488
102 0.038611716309806685 -0.03595511682710221 -0.021338173984161553
103 0.039672121414657355 0.030040163609550946 0.0013646644161215574
104 0.041709685239198484 0.02774702039186823 -0.019641801468363928
105 0.04070392139228542 -0.03261160798041723 -0.0031012556951519493
106 0.04121016480796036 0.03959839524092703 -0.0022387642076371513
107 0.03967127156982751 0.021218872305907757 -0.01930149430791663
108 0.03582656624578628 -0.03369675628883059 -0.010484164353698503
109 0.03887984600766464 -0.028098650800520795 -0.011221073753863985
110 0.035826683397290976 -0.028000358659625253 -0.011649478383449175
111 0.036115496157965804 -0.03080104020767632 0.004696484434318309
112 0.04170996300511294 0.026048465268982475 -0.011198485676737145
113 0.0394091108981588 0.028884620719062597 -0.020466035126720118
114 0.04171020980591225 0.0328287279642798 -0.008297654884156718
115 0.03834273081023391 0.031279940352942535 -0.008986056477362581
116 0.0414606564365205 0.02306273026922005 -0.013191543436646977
117 0.03696660284420053 -0.02709680708459364 0.0020563651173853025
118 0.04019078093317316 0.03345597570077261 -0.01874221322715619
119 0.03914512582743555 0.03623658161441788 -0.0173549703779497
120 0.039145512662702546 0.030665529407433792 -0.00981112675821777
121 0.04244929451193174 0.041421627655049434 -0.011005423770872906
122 0.03914585204727519 -0.030166107612417472 -0.004998440142090283
123 0.0383426952730804 -0.03229441685091131 -0.01106063586859267
124 0.0372455958287923 -0.029237393362170693 -0.009082101037467333
125 0.038611192116248194 0.02656649596841519 -0.03986843678731983
126 0.04220367434156779 0.03044623948024874 -0.02934202396752805
127 0.041710164260032614 0.03742423375048206 -0.011423758752866484
128 0.03834279037528769 -0.02369995279103053 -0.009973577343515762
129 0.043890610548470876 0.024024804822519594 -0.0008291333615202483
130 0.04070379167793569 0.03209110252886859 -0.0064037253831518105
131 0.04121027439474672 -0.03154714318276711 0.0002646692879093743
132 0.03696657581177136 -0.032254912766550174 -0.0009420382445195209
133 0.038343281942345764 -0.03168646410974987 0.010314577051635309
134 0.03967124484889455 0.03399618133523643 -0.024166426389334715
135 0.039145778330612654 -0.030414815132108385 -0.004816099342010758
136 0.03914565649178736 0.03149983267806206 -0.003897004338737832
137 0.04019024618296565 0.03782319762555889 -0.033251836526006225
138 0.03807135467030936 -0.031235656471214835 -0.010859026789069645
139 0.03914526665973686 0.031735902883606976 -0.017222950548074326
140 0.040703463537202264 0.024045487535688536 -0.020772764354372135
141 0.034947633453704746 -0.03400361720076215 -0.008333404407641246
142 0.04095711482061901 0.035298466128615896 -0.019352212117865256
143 0.037522844549807706 -0.03637402011815806 -0.012098736149551266
144 0.043653583344414944 -0.025424871738196794 -0.004961025154852266
145 0.03993187058246304 -0.034692938391810244 -0.019003520479661553
146 0.04070326956334603 0.037632384540672276 -0.020618145088583426
147 0.03887951646521796 0.038045861038123435 -0.017447972215722782
148 0.04070424195473425 -0.03811114978213125 0.0032284155205260286
149 0.03752301796710987 -0.02881762556759529 -0.0042707167149518485
150 0.040190840882229725 0.03314878184643681 -0.019590722138868713
151 0.038612361348825675 -0.03920528551626411 -0.0014312086174861124
152 0.03779854572640053 -0.03163584035248258 0.0004091091428149205
153 0.040190607140707914 0.030252733363621 -0.02282041159343721
154 0.03834282515873114 0.03404664100837978 -0.007547464622478853
155 0.04121032112005904 -0.03493576180904379 -0.0005420065284152102
156 0.03861238986151464 0.021939565034808213 -0.0036241314022378464
157 0.0417099865322723 0.02647193666541735 -0.016682261076019847
158 0.041210006556007275 -0.027233662814257015 -0.010578335846463798
159 0.04244928488511228 0.033498750821644045 -0.01124691832883975
160 0.03861265667555132 -0.027482725942150666 0.003414326337890299
161 0.04220488780826144 0.02144951928820585 0.001367171488143489
162 0.039409553645512754 0.028852261923648596 -0.012199466712549106
163 0.03553605457744976 0.027460336220750156 -0.009665145527515105
164 0.03940969653894763 -0.02324450972106021 -0.004864067971426418
165 0.03779799419880082 0.03230808924690651 -0.014082662770095844
166 0.0394100380502427 -0.03062104031934953 0.005831646964815659
167 0.03940939054380594 -0.025593033603729515 -0.009639818200783884
168 0.03724598334431563 -0.03323726001175644 0.002620506257073728
169 0.04070328798458743 0.04022103319693236 -0.019443440860152445
170 0.04044757091683316 0.03238442704263513 -0.028817967261394996
171 0.03724581556623408 -0.01876786875750559 -0.0005059000293321826
172 0.03861195820481425 0.038230172488923374 -0.018751720998158167
173 0.03752274935517023 -0.039980266246928915 -0.01376771718760944
174 0.03834291246607269 0.03420053634304616 -0.005211934590039025
175 0.037522978716930465 -0.03611787758298914 -0.0029836541359019976
176 0.04095726631823941 0.033305630725162474 -0.020625432732465147
177 0.03696636671640425 -0.02911231526751499 -0.0036190040344111734
178 0.04019103715814801 0.030319031738592534 -0.006180763426513897
179 0.037245838947548585 -0.02066939655464247 0.002216869048589144
180 0.04146078795584106 -0.022712410765762227 -0.007807822086263375
181 0.03696636143139227 -0.03806740433461034 -0.0017641862336831447
182 0.039932029309064185 0.029555048861172717 -0.014877567336563492
183 0.04170966798562078 0.03070691273299762 -0.0272074317075468
184 0.03861250907469359 -0.02230792435611723 -0.006152558626290156
185 0.04070356786181731 0.02792644526822163 -0.014152332322180623
186 0.039671691713071756 0.025728897707856357 -0.011068909885959603
187 0.04195766011238506 0.02992256988528689 -0.021078494837710834
188 0.03940982773036328 0.031193537884348498 -0.0033682662315441796
189 0.037798341700378206 -0.026480787520952086 -0.008136403023096015
190 0.03779805575428801 -0.02326255934329878 -0.009088604219032417
191 0.03861199656739062 0.023545751211681752 -0.01786937143427626
192 0.04120952505095602 0.03255534179840831 -0.028849328475386283
193 0.041709527937246714 0.03329015125715997 -0.029466081051080107
194 0.035243284371590466 -0.02888196560027055 -0.0017125893487694825
195 0.040191001490796546 -0.029898109345160358 -0.010439105430797398
196 0.0419583686507502 0.025515346344272723 0.002398331160513094
197 0.03861231622915592 0.019313594462495063 -0.009210151480902219
198 0.040448234636329655 0.038988708420086976 -0.008514941925602384
199 0.038879485948169173 0.03211326211037044 -0.020067777512502036
