200 3
0 0.010015120637115411 -0.034442917521066325 -0.0029824981141451986
1 0.010357905142369075 0.023156329961405625 0.03924380523316422
2 -0.002395831223884629 0.02124986577630062 0.02906501730915738
3 -0.001273338973421155 -0.02797111565445143 0.005230426851568055
4 0.005596956628240689 0.017862321661795383 -0.04288551281591785
5 0.0008327553930597333 0.01841784506548664 -0.029510165187604576
6 -0.013551524370133496 0.02123691772043746 -0.026207718506234136
7 0.006188303144046843 0.01332602907051397 0.0319508257063691
8 -0.000860205691705496 -0.02572240819390194 0.0012309516759356053
9 0.00881770982351126 0.018563751675803035 0.03475985754960264
10 0.009786479905438808 0.019319255556927265 -0.029219508613849685
11 -0.0005854095699885931 0.020512915562616186 0.02815200774306128
12 -0.005785581680831712 0.01985097799468396 0.028531406666871928
13 -0.003497444623996211 0.029634345260690698 -0.040701300938159025
14 0.006619569980151271 0.011498823726825112 -0.03467537969299093
15 -0.010496699732571856 0.018505312541819623 -0.03654359462675313
16 -0.0028367262917365008 -0.03307451869915195 0.008863228230447048
17 -0.017714339677125268 -0.028932986597341157 0.0040880646940290866
18 -0.0022810237441791784 -0.034375180635091374 -0.00370825427019967
19 -0.004069064524979828 0.022045125752695145 -0.03983108325913661
20 0.006548546614368687 -0.034706411449663195 0.0022801961037344585
21 -0.0020571061357979037 0.01916183270214094 -0.02333257038633986
22 -0.001558024994587466 0.012113196967916117 -0.02450379757411289
23 -0.007119044560199829 -0.02057637051985468 0.011445676177045016
24 -0.004319654144970262 -0.0278415324621415 0.005193933816520099
25 -0.00274315180803137 0.025500280344271313 0.043652151789946185
26 -0.0004910118309277098 0.012613624100199082 -0.03714960367101584
27 -0.009909449446266691 -0.02657595985671747 0.003487060895581165
28 0.000724494868472805 -0.024052679653800854 -0.0006118010058704087
29 -0.004129196207743224 0.024875959051717245 -0.03743699677519339
30 -0.002485613707883285 -0.041938248671283526 0.0056245082771981345
31 0.003948049256525518 0.0208840421029845 -0.03982307110841181
32 0.0064180512115421424 0.016097883432969133 -0.03192341988361597
33 -0.0024913797063325083 0.0198401378502854 0.03755809747585451
34 0.007207797467438504 0.028603357633636244 0.0270975816927094
35 -0.004016490170249432 0.0278394007915134 0.02766114560972841
36 -0.002200284059813873 -0.03289149038168755 -0.009082938772812894
37 0.006035987566353323 0.023739613351286083 -0.03164783570711766
38 -0.0023113756778285754 -0.03196756980984693 0.0026381468765525
39 0.009070981949727538 -0.033055799602312703 0.006091956088480051
40 0.012471480463510543 0.01549094003649545 -0.035589439280613464
41 0.011746886937503191 -0.03818460531789031 -0.0020611808565582012
42 0.008877454902301268 0.0159378751319251 -0.031154753765543546
43 0.008944144455723183 0.022502446784651187 0.029314880406781492
44 0.0026812014986960283 0.020778000930857084 -0.028661835816256247
45 0.0016602188781706557 -0.027461820978600268 0.006150261422675839
46 0.0013637931336080052 -0.03407506386930844 0.0029208775815124334
47 0.0059259846590357075 -0.02065131592364039 0.00548256153954473
48 -0.006890913047991443 -0.02966616294356844 0.00172794181855056
49 -0.0058144073791779605 0.016891543482400063 -0.026602316356864775
50 0.004508560772076967 0.024687122374028377 0.03530352991287709
51 -0.011468995258124698 0.019726666907637455 0.027785877743899318
52 0.01018462876861162 0.01781102816786049 0.03421698456883531
53 -0.006043446132925918 0.01822461539704943 0.034294951207842865
54 -0.0007331607358660834 -0.026180436208804066 0.00807224679707171
55 0.01371628265228933 0.014986423862043286 0.03153837796583708
56 0.005761634341957339 0.023383584702086152 -0.02703858091316337
57 0.006990642559743639 0.0016764255135189206 -0.02190460126239193
58 -0.004133600609780068 0.01973743568652359 -0.03240462657124276
59 -0.00514717877918594 -0.03564489224819606 0.0033044366407352053
60 0.005936683936570723 -0.029406030445033933 -0.00430867188438847
61 0.009737828134663978 0.011558007111045454 -0.035789374053299274
62 -0.006331658488332163 0.01337364232252575 0.03919987135106639
63 0.004601211904696324 -0.03479681266388309 0.003929904985022888
64 0.004341783478630151 0.01752100126045765 -0.03614696749556941
65 -0.006785048357770079 -0.04065427418087789 0.002033401406154316
66 -0.012103587094460938 0.019759407391210643 -0.03437928109958058
67 0.007200505134380763 0.01574758489402777 0.03819524131794
68 -0.0008170497152897548 0.022449193579846264 -0.037839615618698134
69 -0.0007339110283563835 0.017586443024803496 0.031212374670490158
70 -0.008738161483166536 0.01248232031760027 0.03190585336950632
71 0.0018514416317027271 0.01461003684287239 -0.032752603954777186
72 -0.007313121468859738 0.019771913326645168 -0.04151475036299512
73 -0.0012725751269394014 0.0131226392252124 0.04052942434323552
74 0.0036317206499197974 0.01923954218714879 0.03477276487247476
75 -0.0028717134689122178 0.018848908583142962 0.03374538362566485
76 -0.004941224454387529 0.02417015159823721 0.0354221513560821
77 0.0004962121756065321 0.01760751678703356 -0.031188329775708082
78 0.005626040808198202 -0.029586725962125762 -0.0012538212494914085
79 -0.001793647500843057 0.013770010402744455 -0.03433609965798412
80 0.0008306070800792771 0.01930047717891057 0.016488989249668025
81 -0.0014314100440133357 -0.03113233841497086 -0.0019845155720717
82 -0.008511119988447696 -0.017275313946561836 0.005717004289825092
83 0.005906332876514004 0.01978042420366684 -0.013849641337097734
84 0.004774453839456079 -0.032292799950032154 -0.0030134873064682766
85 -0.01056535163759479 -0.03329073958417923 0.018423804748818967
86 0.0019603846655456177 0.023261646549966937 0.032141416237048144
87 0.008889691707767405 -0.028638518384128862 0.017027283882578466
88 0.0047601492663021175 0.011391648822545439 0.039028325007498726
89 -0.0005909767116037421 -0.03136327929232081 0.00953549025029467
90 -0.0016707177540909099 0.019587152869659133 -0.03387786070373157
91 -0.007525844335449554 0.023878755482099258 0.04250591114679402
92 -0.0016689153122636594 0.016187693796767037 0.024834295955788052
93 -0.01169492247621904 -0.021926315306743424 0.00048005321533411884
94 -0.006556709276774708 0.017625607841794694 0.038788890794963775
95 0.008202618988807182 -0.03583297994097735 0.007861467067295626
96 -0.006364732116473926 -0.03272157933267281 -0.0029021651403576647
97 0.00864586005806077 -0.03246261551262131 0.003248773187016699
98 0.0007799566113529026 0.026474263196067972 -0.03575917252068848
99 -0.0039817213160476365 0.015603378951311031 -0.04613777689072082
100 -0.0038758410791920536 0.020379480708320005 -0.033287573404868084
101 -0.01683461994596827 -0.017829703184187674 0.008070040855916165
102 -0.004418552967960669 -0.03305561485102817 0.00047131550928054995
103 -0.0013804676252022838 -0.023064757828435943 0.0001771014563424697
104 0.013872182384063292 0.013467024511512129 0.027208912057846472
105 0.010507063730171927 0.015125404399264054 -0.028537068039855805
106 -0.004301158378496622 -0.029929784260685773 0.007015946528142737
107 -0.008991490314819953 0.02370410903988222 0.05356886250951508
108 0.007971439588275654 0.015689965448694873 -0.035380311342141896
109 0.005613087434331435 0.020192986359521894 -0.04272507985951172
110 -0.001442912045271895 0.019362408197075638 -0.030057587738816262
111 0.011782106423550917 0.01202367612843324 -0.027313915295633866
112 -0.015164916823590155 0.023858132620686465 0.037332785377170705
113 -0.009812014903026842 0.02149659185443828 0.040704698854791506
114 -0.0017962779823424216 -0.03311043959644192 -0.009504910035638178
115 -0.0006045069206212571 0.02255944465529937 0.017411588414209825
116 -0.007568028139517962 0.021667028782847677 0.0390205679952172
117 -0.007630769439652678 0.005012421043353428 -0.022362175381868035
118 0.0033598889239040766 0.01248728208105199 0.021852030065995842
119 -0.005845688525788394 -0.034990498713449114 0.0025132164581278425
120 -0.00029890960478615863 0.020577617919315234 0.026434833790700066
121 -0.008036843826716183 0.020444238627771352 0.03280218440038372
122 0.004906106659355543 -0.029800885759108157 -0.0020760360087411643
123 0.014649034870687888 0.0205498285342597 -0.029841775340287965
124 0.006116519820869401 0.010668961628044347 -0.03561952349645242
125 -0.0022794373117442923 -0.0318096223652676 -0.00028525394111278586
126 5.307092739099614e-05 0.019327920279936586 0.02894546672743411
127 0.003069483600820877 0.013830640664350462 0.035297330010169575
128 -0.00459192957096452 0.014585019245769715 -0.01219370909312683
129 -0.0043229820792162615 -0.02821458947267356 0.005740021244195723
130 0.0017306112326921225 -0.02697876361843976 0.0033027934777065016
131 -0.003689575249821525 0.02798561067386143 -0.02826068009269944
132 -2.8885952280701538e-05 0.012756405256633983 -0.04094178677514185
133 0.01149740556008734 -0.03666564486903323 0.003652869590077784
134 -0.007247186655115735 0.015161497839812786 0.01985063027758003
135 0.0030467491029313905 -0.040746166290113905 0.006813326382394014
136 -0.0034059940321152843 -0.030461575622596847 -0.0028656900387114236
137 -0.002776050734425711 0.011201678352689752 0.03300802082435109
138 -0.017052212922891302 -0.03205933324314862 0.008483277953064392
139 -0.004914779541180914 0.01559355888543805 0.03371905192332599
140 0.01837556313845244 0.018620795995783986 0.022451203766782633
141 -0.001252864922598261 0.015664136774442707 -0.01945068453813987
142 0.0006423636919066777 -0.032890424017482704 0.0159445529761621
143 0.016177746886111885 -0.02431458338625169 -0.0015566362001129329
144 -0.006711217253929274 0.024138540379526344 -0.0397225779048026
145 -0.0023982193112002757 0.00828663951583982 -0.03386302423703968
146 -0.009331215922831086 -0.030957608223176024 0.005311187295705454
147 -0.015563664538669822 -0.03519226017584006 0.0030769110085581627
148 -0.007467714956794998 0.018304717524612175 -0.041749982420010344
149 -0.0044061972143575575 0.027268084982277674 -0.03311925703031888
150 -0.004517165851123522 0.023909444620513247 0.025240766996728288
151 0.014639024853903712 0.024351482497061854 -0.0415575558211642
152 -0.00976326350658499 0.022643399393571566 -0.031349601097066346
153 0.013026277919019613 -0.02275380983778362 0.006621416394092286
154 0.01651491856310408 0.014437401873537987 0.03546809798832862
155 -0.008320566619561744 0.02571789181204802 -0.021725904602024428
156 0.0044107248181025575 -0.03697554405619372 -0.0009197294650763557
157 -0.0035053606357039867 0.022679630960151846 0.03927042166883942
158 -0.0009533891186485413 0.02255402014654631 -0.036865528076419005
159 -0.008659073393497398 0.024719535268821057 0.043265388926870554
160 0.01044684597515362 -0.031029789846784617 -0.006648591191197815
161 0.006862378132219467 -0.019517631886391544 0.0034969922887929357
162 0.007168419492410212 -0.03638132582984531 -0.002443426572363515
163 -0.009182030597924107 -0.0345702395305351 0.00483924321013178
164 -0.0014441797687168257 0.017509378203854908 -0.032473944083943274
165 -0.00879345522716135 0.01871820234748582 0.043517042315099855
166 0.009842499304672368 -0.030713110091190716 0.003258533960582206
167 -0.0008686057080625753 0.023746359139269035 -0.030112412260667895
168 -0.0024383460949177725 0.010824757088921215 -0.03352630339101551
169 0.0003284345899482559 -0.03463293938553442 0.010558650994304964
170 0.00485525896512955 -0.03661618150073646 0.0027603781442191826
171 -0.0009162640537302338 0.022174545361952284 -0.03505993182896926
172 -0.002788469742967023 -0.03125689179643396 -0.0001192014472966409
173 -8.824107652415092e-05 0.014173527884344176 -0.035887569579698096
174 0.014581590696658583 -0.029608894419109105 0.0020725036111017385
175 -0.0029915130015638197 0.019256088430845815 -0.027753396663422532
176 0.008235643410228522 -0.03585056801514339 0.0028937197443526675
177 0.003069483087295679 -0.03537897211507549 -0.0018315049482998912
178 0.00689538293795146 0.024284011617772928 0.03672759054019671
179 0.006720315457986539 0.017758099561510744 -0.01813311055700991
180 -0.0020398239439456643 -0.029253328843808914 0.007454723099575059
181 0.015964528604426563 0.010305657606971084 -0.03626373342126691
182 0.00030589110978042344 0.021025331797055354 0.0351816115108627
183 0.0031471382184763558 0.019291055111580274 0.03164259223129398
184 0.009583019271128885 0.016172206906613473 -0.035305137350236715
185 -0.005495269373304017 -0.03216079076820538 0.004906125462915549
186 0.002586829003419243 0.01616924981329567 0.019249028400170308
187 0.0007762689572087186 -0.025095809274011206 0.0009152730880737838
188 0.0002734655225363723 -0.03359393437885097 0.0016499156251192065
189 0.011555397346186665 0.01910475820255059 -0.042252795162479595
190 -0.007711662714082607 0.017019081970780274 -0.045433878809165
191 -0.009306394154117006 0.015696693163819525 0.03121404693196024
192 -0.004377793595611655 0.026532724940305626 0.030752953824187843
193 0.011241744640877988 -0.025558544896109293 -0.002374620032280904
194 -0.015265732857458164 -0.030378306238803783 -0.003794453897634556
195 0.006007303426215527 -0.028827048037966138 0.008003520263364454
196 -0.008051987984836043 0.01934534148861749 0.03582591466240272
197 -0.0056328162537544885 0.025522750773448736 0.031191627213153217
198 -0.003981433015548999 0.017816353342986438 0.022100328127231797
199 0.008775073197809402 0.014463415305648587 0.038556291582088086
0 -0.003009602803174336 -0.005795589702166523 -0.013584622031896806
1 0.004359292849169319 0.024223065123797655 0.044524034628432074
2 -0.0005289937501564042 0.024724995487690714 0.026597830732937977
3 -0.007143951070895348 -0.0014502683521481485 -0.02047168565149424
4 -0.0011604770597730407 -0.007562359781375115 -0.02201488061881969
5 0.005742541247334979 -0.011856206688870434 -0.01960034095340215
6 -0.004160356461989381 -0.0033856459888402246 -0.021120356586751432
7 -0.0038396044858796663 0.01877859710896484 0.03718761339744886
8 0.0011267641138023809 -0.01064755801135979 -0.008484934551781035
9 -0.002452046038693291 0.022179314762886627 0.04316807713957678
10 0.006099000047792694 -0.0094327627452295 -0.020187076025326427
11 -0.0008657748151372387 0.017835822515633516 0.03876037991770696
12 0.0004997837965324461 0.017345131767146055 0.042662316361161384
13 0.0017210539896308705 -0.006602937688684557 -0.026135162052281793
14 0.006143457961839002 -0.019193765617412397 -0.020241515341237026
15 -0.0024021388275270172 -0.007239720639903455 -0.020262965747984474
16 -0.004297224485500194 -0.0067000668265090185 -0.02090817757200611
17 -0.010017874135816507 -0.010462160227987932 -0.016630156080436952
18 0.0004511466265664805 -0.013801683717729385 -0.012402188188660703
19 -0.004530778424874617 -0.006532240217975077 -0.019620496635490342
20 -0.0020491719185963472 -0.010946362184315647 -0.016070087056633004
21 -0.013276333455029682 -0.006800465275892488 -0.02273486247687634
22 0.002024104629291437 -0.01497393604574316 -0.012794685722282033
23 -6.772999676989827e-05 -0.009732705373854601 -0.02322992406988481
24 0.0037530049833688055 -0.013156381629012635 -0.01564687808099665
25 -0.0055598377345208 0.023309101841794355 0.03687979380578625
26 -0.004875582309890226 -0.010993136087661452 -0.022053447952637
27 -0.006449289449915893 -0.010273442885122303 -0.017249412929169972
28 0.008403022067678394 -0.016475731747867317 -0.016483601162648305
29 -0.0009635204525274658 -0.016429110514831008 -0.01087246682768532
30 0.004191113806853059 -0.020275880783408667 -0.016389979601765966
31 0.004941150349692641 -0.008755441726433562 -0.01602038260655292
32 0.0002967347535686622 -0.011060615090767272 -0.022023951876282838
33 -0.0010571896871013828 0.030462554390281397 0.04196917187337262
34 -0.004392663828287898 0.018252416245623335 0.02852767888766044
35 0.0019128672543951338 0.022002300679593387 0.029896872863715347
36 0.0004790488754045398 -0.012548215767089477 -0.021068163539026446
37 -0.0035597310589348136 -0.00819331809320211 -0.01711442103476863
38 0.010522203110856672 -0.006279027499024606 -0.022252648767066466
39 0.009961245323666157 -0.01164279839250916 -0.016613027948429858
40 0.008257424554097531 -0.010895731230119242 -0.017909714209071052
41 0.0059764894925425915 -0.0033816712410434796 -0.016706881907033077
42 0.0075465728001579135 -0.002310408585466772 -0.02140843393204042
43 -0.0006905376357410759 0.021334865952879728 0.03522828503756099
44 -0.0009471010968804851 -0.00646586206927266 -0.012995996028147425
45 0.0014950130023780941 -0.012538572137588841 -0.023179980118870916
46 0.0020076670772073216 -0.01031957834927065 -0.016276925530411747
47 -0.0038495913916202344 -0.008155908886698676 -0.02491056870451617
48 -0.012611803487895784 -0.013327102253700485 -0.02007122111971788
49 -0.009776048885056149 -0.012297729486779055 -0.015365628736938003
50 0.011000569759168147 0.00626230472608998 0.020766729515030745
51 0.0025870440827360404 0.02212550440687065 0.034940632442032674
52 0.010378985771729923 0.019919748626705196 0.034981903904488285
53 0.0021137743527440793 0.01611931783906406 0.0353003966269123
54 -0.0029288711734155766 -2.0283024677839046e-05 -0.019004794083358548
55 0.014994506051276738 0.020940382952846837 0.029687873780636573
56 0.003921769346242811 -0.010481138465786757 -0.012922082731685693
57 0.0033700214544480703 -0.0031874391468871104 -0.023112258692755433
58 -0.004016464309431339 -0.01413197568250963 -0.016851076609951096
59 -0.00265597027910644 -0.007543475249112308 -0.016227867805381806
60 0.0008373716327678467 -0.008655320449573393 -0.017518159585907002
61 0.009834785426248938 -0.01362341800102141 -0.019515529846259275
62 -0.004453594499138569 0.025629900670664958 0.04238746445457628
63 0.002917352227183572 -0.010773208531686479 -0.015618063248559843
64 -0.006818442098434248 -0.003286236439564369 -0.015827928620791062
65 -0.0035601212560201698 -0.004105716235899795 -0.01274729121730302
66 -0.005306789941093397 -0.012337583569591686 -0.014265291490395217
67 0.006937274829895822 0.022351993413450698 0.02244799792882115
68 -0.0004617068695243337 -0.010224998018700443 -0.018621122426300096
69 -0.009019431395767184 0.024603415499410988 0.03412734321522898
70 -0.004357720643296127 0.027768157144950505 0.030067462487123615
71 -0.0026126421412532713 -0.00644621405929649 -0.02030784554377718
72 0.005202128207256686 -0.01912417086026039 -0.011770695414624388
73 0.004335147674380001 0.02120935183988054 0.03599175046305409
74 -0.0003071810125506516 0.02067203826871167 0.03565973938987871
75 0.0005686845016226981 0.02588375567711109 0.024420033573138232
76 -0.002068766456843764 0.01888383363396065 0.02881948505656378
77 0.0024208041511519403 -0.008808004381975758 -0.0162734650024876
78 0.008457658315111347 -0.0064627100350254235 -0.016286791857911164
79 -0.008206103475996391 -0.007013824531304627 -0.019352185766753016
80 -0.0013015295997834478 0.02463131421152752 0.031440948310863095
81 -0.0018226350694645864 -0.015185721618988832 -0.01999622013167694
82 -0.00010580333943437797 -0.012454829300953943 -0.018836593240578133
83 -0.007316324611788243 -0.010928832070382276 -0.013005331203653513
84 -0.0002122883676984027 -0.010717065944689963 -0.02485390132804262
85 0.0012927145616007107 -0.014570044535596557 -0.0170570908364556
86 0.0023502387797689275 0.025006255404260137 0.04124510349365173
87 0.015372057792207863 -0.013452483215391844 -0.011546710225503222
88 -0.005295257719888597 0.023558984052276674 0.03882187737975251
89 0.00020282855348321342 -0.006519439466977084 -0.00931280645614006
90 -0.006350481933588493 -0.015282868682505751 -0.02200485273766238
91 0.003337525814994677 0.021019641718609754 0.03306570458791275
92 -0.0019809320536225902 0.019854661441774082 0.037824182930294936
93 -0.004713222032070349 -0.010007355114920666 -0.018879491425166876
94 0.0021610098527860833 0.019765651596449944 0.03307788522859814
95 -0.004086936605470557 -0.0069328183909448254 -0.021149942872853662
96 -0.005500305856023749 -0.010788203722582393 -0.023251922711623484
97 0.006094211962043072 -0.006028161514669561 -0.030980551069622442
98 -0.0020438723855231732 -0.012513257535743921 -0.02213765025645919
99 0.0011137078795669282 -0.010275969034272178 -0.008343829422070237
100 -0.005164263455482501 -0.004274539414616807 -0.014731922402396763
101 -0.005149464292795614 -0.009987391485897487 -0.02186464498883854
102 -0.004712548547504206 -0.014850838937911184 -0.021315164049258276
103 0.0005772485491408741 -0.014523632232429584 -0.01681594481957245
104 0.006457073983686765 0.01888804252487684 0.031215908085149638
105 -0.00898405398126408 -0.010742952944097578 -0.01770633128781305
106 -0.004388662985513311 -0.014667522481569037 -0.024380106386617362
107 -0.01744357224212624 0.024025285228942754 0.03668018631752415
108 0.002090718878785893 -0.011752723939071862 -0.010264272101282723
109 0.007160011290886373 -0.0030049849797182393 -0.018173793580908496
110 -0.001193493350319548 0.0003457417912243188 -0.00994078123912339
111 0.010132452935726496 -0.008328921160954655 -0.023607622196316007
112 0.0017349375800407019 0.017051365151912037 0.02345891784677362
113 -0.0022258093562754766 0.014889329086836583 0.02471878669094424
114 -0.0073827989287379645 -0.01104387246591082 -0.017915059563896055
115 -0.003326687017592546 0.02291011130668949 0.038927053351062654
116 0.007416542245569209 0.012417782980678468 0.02759394677526899
117 -0.0030396753208404292 -0.010451585660618153 -0.014914517694941232
118 0.008914263793686074 0.02465083135608619 0.04240142498332364
119 -0.0034747446010328364 -0.021633535134780738 -0.02077282546203183
120 -0.005846807987811232 0.02801088646379873 0.02571724410968701
121 -0.0032329103326901587 0.02516909643664517 0.04538536244380545
122 0.0021818305426115556 -0.01130071251142753 -0.019002023545624816
123 0.0022433943251601585 -0.008763400190537805 -0.016421768456827898
124 0.007429421421249194 -0.009515387613822274 -0.022132621088509385
125 -0.009751933541171768 -0.00961884823424402 -0.01427777241651217
126 0.007207809718441659 0.02235345631747718 0.03738096411897123
127 0.017612171686987463 0.020834191907280586 0.040144392499980704
128 -0.007336850741657824 -0.00902297845737967 -0.021816035677510018
129 -0.007882295172881894 -0.011300434508788045 -0.02341604158764093
130 -0.0056733039684528155 -0.017856816091291458 -0.020960830933969485
131 -0.006073637156709506 -0.007160768361776246 -0.026209871895305853
132 -0.004651318601477329 -0.013702308574210228 -0.02160189715862408
133 0.008914707035835662 -0.012776498707523176 -0.01735771227012444
134 -0.0007716178666674969 0.01183537703737833 0.03248335280767079
135 0.006694965600266726 -0.010626146405126269 -0.013596051550522976
136 0.004679719856635307 -0.008084814439858909 -0.024511947352932207
137 0.0035269850596705956 0.025023564930331237 0.03521273564474191
138 -0.00755748959640673 -0.011275505394695975 -0.012939081628715255
139 -0.0037704114772622727 0.023117074598184427 0.04322966292676219
140 0.005536150154008462 0.01615064347712461 0.017947378784797824
141 -0.00175445970695004 -0.01132253263302356 -0.009095984273518827
142 0.0006900573031344195 -0.011723783451492914 -0.01052831472124563
143 0.0071731466060099836 -0.01151447632243869 -0.019659475582324795
144 0.0031799448626225694 -0.006905756226546107 -0.020119523349476975
145 0.00045034855111310106 -0.011849941697297237 -0.011726766451241113
146 -0.003977099928738757 -0.0079276927879854 -0.017753695768552395
147 -0.004076163670937077 -0.015473237239709059 -0.019882173130113805
148 -0.0013206129897709099 -0.011929195348094473 -0.0279312568119161
149 0.0030349834015762876 -0.007935133165245148 -0.018028668834050972
150 -0.001246998405727985 0.019532460448128633 0.03171255219239948
151 0.0028636660013876547 -0.015294120752892486 -0.01648410265958697
152 -0.010615846119058789 0.004190526203167136 -0.01713745394971842
153 0.00550490261025996 -0.012476461082469519 -0.015302069624146684
154 0.018071367181571152 0.021356561362552623 0.048698309768933606
155 -0.006585529585847745 -0.010946805502997065 -0.017257160848577882
156 0.0014898924361876498 -0.013507534711686225 -0.019029866717579485
157 0.00018555451780299416 0.016471915522746156 0.024284445905852374
158 -0.00801873256286028 -0.0067200863468595065 -0.02203719195867279
159 -0.0006310952719683072 0.02108078039238969 0.039783180947922755
160 0.008408264023861717 -0.00758529333866876 -0.0143192974580327
161 -0.0004079088179308882 -0.0070569511309142505 -0.019370933220019277
162 -0.0013856339701275866 -0.007705620590800891 -0.01856221354224676
163 -0.002128945431086722 -0.01264513532778093 -0.02079533390585704
164 -0.0020233384427253984 -0.011573062335958749 -0.029975442597130773
165 -0.005444592104120086 0.0270515227342929 0.04276599587175874
166 0.00041401493796551503 -0.005995571853543116 -0.01606602746045115
167 0.011771555284479734 -0.009017335223444646 -0.012678157303556592
168 -0.0005254237233437778 -0.011498121354925499 -0.0125041465127744
169 -0.00022313614334774998 -0.0011647537242522321 -0.017389141189458602
170 -0.000489014706082605 -0.012842891578149607 -0.015422807754926094
171 -0.005272515874862651 -0.00528785875965096 -0.01936502940289487
172 -0.005108404404865423 -0.004314970191376603 -0.02309565900117186
173 0.0040525972477706215 -0.007846863703049961 -0.01663893241541567
174 0.0013578339857853727 -0.007070209450262044 -0.012904497047146517
175 0.003910743371819906 -0.011330998363074676 -0.02438041082531482
176 -0.003095192100511665 -0.014100500736335383 -0.02579895227877435
177 -0.0017271407909493428 -0.010382636220304789 -0.01808969800804749
178 -0.0011743062211529171 0.0201856171598778 0.03221654368575737
179 -0.00315944865051232 -0.01563548553762606 -0.016672790444427897
180 0.00508179095492722 -0.010779466963847142 -0.01028192782233884
181 -0.0007964292978516613 -0.009928248312868097 -0.012883699872281745
182 0.003141473296480568 0.024386923299124934 0.0457541027350145
183 0.010224723594205114 0.022725676800896787 0.0442383259049384
184 -0.0038233660847591944 -0.01384764706938655 -0.02458785056057089
185 -0.0059628151242188815 -0.009896044920138222 -0.016193964393436462
186 0.007979490325361254 0.03151593295624555 0.03363930452405823
187 0.004350894142587797 -0.011742337174596093 -0.020708124874146923
188 -0.0002845501061657825 -0.008127482509309489 -0.01805362099588979
189 -0.0002877325640259776 -0.006174167795352771 -0.019432956136075888
190 -0.003964121755671596 -0.00819045442478046 -0.01880187709883184
191 -0.007672615284525883 0.020415149550072335 0.034075177453474825
192 0.004305463039320948 0.017209961925640588 0.03388749857320935
193 0.005590872314330336 -0.0020732313066656807 -0.023959273793417224
194 -0.003446445211110649 -0.017876846405007266 -0.021339425316973516
195 0.0051846793804583916 -0.013717739207381473 -0.019453359120724427
196 -0.010542492880958085 0.024313772622535007 0.03817562555657401
197 0.011437381455070334 0.02229173150075477 0.035763266741109453
198 -0.006154096926877781 0.02249763145068267 0.029067172739329836
199 0.010190025779928141 0.01126222506310715 0.038467499816167976
0 -0.0007069889550927223 -0.010316086719212011 0.02910809589370202
1 0.005786509518731636 -0.0027664744565373267 0.019587639405787644
2 -0.0013225791048217944 -0.007983951156270132 0.02233373036564771
3 -0.004044982291644281 -0.014031081562092353 0.02675626437704118
4 0.010128479980622301 0.025979344312316896 -0.04411719163473437
5 -0.004499736460106582 0.018650895911449458 -0.03635881884964591
6 -0.001303713711654303 0.026701449139671374 -0.030977387030237072
7 0.0039680498807455125 -0.008638881804368018 0.02192064703285808
8 0.00048107652553625296 -0.014276844329959959 0.020811462743380124
9 0.008242679673629877 -0.0011390403368650229 0.02245854919588089
10 0.008311316132282726 0.019386180019758226 -0.03452990178287106
11 -0.006586612968111274 -0.004838065573708139 0.014387142418047755
12 0.0038216044603565508 -0.010788772093430578 0.02368508556680661
13 -0.008350144851515362 0.02037212911729097 -0.038776477080063175
14 0.0069273101766051115 0.01329776639961743 -0.03323070859654417
15 -0.0062400587481606234 0.014556378294661398 -0.02977658319084176
16 -0.0001302417640488586 -0.006315550190302444 0.021226632004021955
17 -0.013861138987046662 -0.001892245934228723 0.019067516201450543
18 0.005525889649779953 -0.01073263378254162 0.022314986990381064
19 0.0024773855249499363 0.016130173243582513 -0.04478708775295837
20 0.0019945030821587537 -0.012650257002195506 0.02084519370248642
21 -0.020926025319633904 0.015427142236812318 -0.0280838542674553
22 0.011975849433114263 0.00836027020226969 -0.03596009455521214
23 -0.006942863968557568 -0.006846446198242401 0.017629257588097386
24 -0.0007257256693459519 -0.005672252487464224 0.025671696669424912
25 -0.0014889585315342665 -0.008443491309257936 0.026678413637111945
26 0.0007510514984691435 0.011722090754051052 -0.028905903955236185
27 -0.008883376744654281 -0.012786788509270092 0.01764370708619005
28 -0.0061852724914033454 -0.014325146296001082 0.02409228257313993
29 -0.0025890773846762097 0.021832949970279538 -0.045078033954077466
30 -0.0028490401072079246 -0.012015402038514353 0.023826643611308925
31 0.010412189088775572 0.01615369505549126 -0.03317362627800777
32 9.053865648595699e-05 0.013410871927974027 -0.03744998795358455
33 -0.006145475224836876 -0.013646752507224483 0.008574718372826196
34 0.00026072060899603663 -0.007329755575869137 0.018796381919880305
35 -0.0022107706759775716 -0.01941862560344962 0.016190698705034715
36 0.006957824505063291 -0.004595513899581641 0.024065410714211772
37 -0.00035045855094153686 0.02221019157980557 -0.024993587152896256
38 0.003989433516700565 -0.016220490655091388 0.015897416341997275
39 0.004602461798463325 -0.0027895352633000997 0.016834666114712946
40 0.004065879174017767 0.018215406787451854 -0.030847187441606305
41 -0.0016122793500819854 -0.007586993932993849 0.0253000784564723
42 0.005990606345411445 0.023271086052572665 -0.037633484541946816
43 0.004334960168613726 -0.009485154137866651 0.025709763235284455
44 -0.00454023811585129 0.029296444009254505 -0.03492505781495674
45 0.0046827084472826595 -0.02123531407066767 0.020319597978823517
46 0.0031869475633953988 -0.0081385246748642 0.017541685867944586
47 -0.004507100867147671 -0.014293246831869527 0.025156096804912893
48 -0.0041667500945188896 -0.016470738248162725 0.025547787366646597
49 -0.004119051598786269 0.015257480069525977 -0.033244919556579246
50 0.00358989503488881 -0.018228363044280434 0.028179417911631977
51 0.0017284041117847752 -0.011463329091520875 0.02048274116425087
52 0.007653051505039532 -0.007277985223833654 0.01722055027000348
53 0.008917179615411651 -0.004626534155700912 0.015390782072494003
54 -0.001965078271409345 -0.008198474958731765 0.022162165674566046
55 0.00935933017670229 -0.011033364507530313 0.023554798772472747
56 0.003986500890267905 0.02052322695114165 -0.03161245180434366
57 0.0012126133511984466 0.019171255683484857 -0.029897207510590884
58 -0.008707025378056656 0.017098563912750542 -0.03363686030482323
59 -0.005742230005631739 -0.014961250053362296 0.018314403271688352
60 -0.0035798281257025198 -0.00868802979831148 0.020741040265293047
61 0.006494451379071828 0.01236573304018287 -0.042235681589817116
62 -0.0005621562227474744 -0.015436283083745728 0.02059884829507766
63 -0.007029279790861123 -0.009127402916134439 0.025706132878073995
64 -0.005963816225748379 0.017556055126266897 -0.033325128338636434
65 -0.00017683524348584279 -0.01118976981753711 0.01699212623495016
66 -0.0014011678498965369 0.01443517310537866 -0.028960709798630503
67 -0.00886444878552969 -0.002579238524741012 0.024733454051815235
68 -0.0011577954242012294 0.022676786459775843 -0.039688967934674926
69 -0.005155104246735404 -0.011762506114402618 0.02551272759200486
70 -0.003993531431473102 -0.016204641200672776 0.022914075356109072
71 -0.017837788089812172 0.02199487998709451 -0.029959800894199938
72 3.281156555574698e-05 0.014427178788689116 -0.04131324647296577
73 0.006088869864539357 -0.0067071292811947125 0.017530814390588415
74 -0.001158625580243107 -0.01034339055592403 0.026207937595222705
75 0.005211323245125245 -0.012522342447021918 0.024825047397576988
76 -0.006048526793994605 -0.008016134829086717 0.021313592093426044
77 0.003537363626247819 0.02859156325126249 -0.034746077794367385
78 0.008522048430892895 -0.007419545710308263 0.021841081285231666
79 0.0032606052560800944 0.021539476957839802 -0.04181083272575347
80 0.006153918891274736 -0.004502573235500629 0.031070789304972077
81 -0.004426843192191273 -0.009356286159143967 0.0230589584683881
82 -0.0009081919648177006 -0.01287801211979861 0.028964657747842442
83 -0.001712884879924232 0.01704559255358959 -0.027903099522655198
84 -0.006768594877701698 -0.009447507252719256 0.020836352739343613
85 -0.0028287297764809857 -0.010483727809603771 0.019450049829441242
86 0.0017026414089024756 -0.006714267344657257 0.02217312981927773
87 0.008252273540714852 -0.010502284105492879 0.029846942670197323
88 -0.0020677164073929014 4.013912686974541e-05 0.027014683999570507
89 -0.00015715487847244616 -0.010955063492275638 0.01989638860880487
90 -0.0009190220665198992 0.013779145272634508 -0.03664583680460961
91 0.0007514580951577012 -0.001289265951076382 0.016801721623081495
92 -0.009507746024271957 -0.013435847618222571 0.030572127934316157
93 -0.0024690168453511546 -0.01163614841787855 0.023693911396752938
94 -0.01639165808436325 -0.008652131135672765 0.018260970406492785
95 -0.003874132877377479 -0.015276180323153171 0.02437221454010724
96 -0.010477799792495981 -0.01005128234982533 0.0067278851050723044
97 0.006197486134406946 -0.01361407317772522 0.020566480511452156
98 0.0014703170809706625 0.020378872855486757 -0.031755949000657355
99 -0.002263920656971348 0.028054305079595897 -0.025227518061839968
100 -0.003011213406899492 0.01961431459159029 -0.040369079886872695
101 -0.006049821126708002 -0.011126710061387088 0.02050990593916522
102 -0.005126931420178844 -0.00772975358531007 0.02776260345710197
103 -0.001644805627129568 -0.008772675190599884 0.02177113107778032
104 0.0026571762349935912 -0.0077523695039450405 0.023543196465317995
105 -0.0042596589270101366 0.023147612008602082 -0.03865488003454226
106 -0.0015883905928759934 0.0025057648169484886 0.01858211366647677
107 -0.002827546049635088 -0.012110081188232369 0.017692514301070106
108 -0.0033109203845257465 0.020601523034802192 -0.040265985012522626
109 -0.010138895284040066 0.02033416305933932 -0.02805116355873708
110 -0.012093248175654568 0.026092643635886127 -0.03281652483204178
111 0.012176179537174328 0.02140120443953448 -0.03701630954764317
112 -0.00042784633747861706 -0.002570608824297632 0.015938275348251894
113 -0.0066576338042316635 -0.010410762578019823 0.01400948576001728
114 -0.00287567517621614 -0.014783077840711686 0.021417905789714975
115 0.0035454677843265964 -0.010052910053280253 0.025327034016431285
116 -0.0019522703310458998 -0.013167690072710677 0.015187742588548409
117 -0.004668610099403614 0.020073734653482746 -0.034481137397938275
118 0.003418403127591313 -0.019524775401638817 0.01742831675733566
119 0.003172152891642927 -0.014810225515313746 0.02373087608203308
120 0.00362095050812887 -0.014048711703718901 0.020997836187181207
121 -0.010095001655068672 -0.008935026003623288 0.020166346168937116
122 -0.0009037037926193474 -0.014742320231933503 0.018086033057200607
123 0.01975145655895562 0.023000809794302003 -0.04608301769185449
124 0.014757598363833349 0.018143485346331124 -0.04224503505249377
125 0.006932430364865724 -0.004172067790926631 0.023546748759702113
126 0.0013673714606190247 -0.00896126807201221 0.020861759101802983
127 0.005052102490663082 -0.009589775305724274 0.023042226731017537
128 -0.006533660701238973 0.02125240130182534 -0.03107318143404735
129 0.002062770902097291 -0.0006659274085803052 0.015420377960575458
130 -0.009287838712023232 -0.02078753272630908 0.018161008184297597
131 -0.007886018700216803 0.017797259587520674 -0.04477057581280314
132 0.0019532573888059023 0.01723775404098323 -0.03312284641278814
133 0.00028119709176514796 -0.008325445939967036 0.019894642554890686
134 -0.00036900387543958857 -0.010668990054610923 0.020952598453310566
135 -0.001907042619784475 -0.005373851464245391 0.01567562024402498
136 -0.0040259735015508846 -0.021731557924874523 0.008109345559100357
137 -0.0025998546832687246 -0.007779841142932106 0.02788488547371997
138 -0.008453607230989535 -0.019629585646818964 0.02168020524339274
139 -0.002560294427912335 0.0011286386809868654 0.022583247569891413
140 0.005037997872639963 -0.009274522544766073 0.020165088497934747
141 -0.0006425357787484699 0.010099955624389494 -0.03116226742069472
142 -0.0038174119612239274 -0.012830640265585266 0.017394883371027015
143 0.0058895081756890205 -0.007615829641540804 0.01921307640347088
144 -0.0007358205965819382 0.01586955886484838 -0.03520299473030498
145 0.005849526161281652 0.020588456522854248 -0.03285418983050459
146 -0.002711786085411144 -0.0038351543406845295 0.019639576210473658
147 -0.0016928956859516425 -0.013991774293987846 0.021181203359367847
148 -0.004205076196917901 0.016319314470902346 -0.01873405492904838
149 -0.0001863066586582562 0.022499993483716105 -0.03441804230416645
150 -0.001107054007718239 -0.006936945995778682 0.018912534331081893
151 0.008653516937848216 0.014443107933484037 -0.02922137063995405
152 -0.0031135993773324516 0.024346207199397958 -0.033384969710836
153 0.0015882812552519276 -0.009638838401762266 0.020141764661947545
154 0.008874746187157057 -0.006208494298772606 0.03422209800967027
155 -0.0007692500585079753 0.03020350833123281 -0.0363475334412758
156 -0.0014868142595530383 -0.013289585337688162 0.024673456047586546
157 0.0012555150190166914 -0.006491226518371883 0.024819440151154802
158 -0.00657378665882552 0.02276650531463905 -0.04726611046331673
159 -0.0056470303355529924 -0.0032318244797822637 0.020924240026126723
160 -0.0009680199618894852 -0.007484288164231939 0.013266009297906941
161 0.002410099343391328 -0.012722017314922042 0.01932081379956342
162 0.007405360332413478 -0.014780638774330349 0.023415813963244984
163 -9.478063362548111e-05 -0.013294829599608524 0.025457704200390268
164 0.005065945517325137 0.02024116567864952 -0.03525450870499518
165 -0.009173901794684594 -0.005130417167196699 0.018324152819737427
166 0.00873355799061501 -0.009944955405623748 0.021241713801139
167 0.008939021831535707 0.01554126260703214 -0.029307888707635905
168 -0.002960394738552672 0.014200284263445499 -0.04086591237981188
169 0.0022196960084426105 -0.013074990292429887 0.02696802567090236
170 0.005163902229315575 -0.008954585954576808 0.019136712638985594
171 0.002004422926689349 0.0286598229776035 -0.030597261246760883
172 -0.0025037517222803174 -0.008047283445390074 0.01999755699936247
173 0.0047677616178430915 0.018815866461548293 -0.02547451770597428
174 0.006564414214822137 -0.012533337702647196 0.022825405907028334
175 0.006473324601692181 0.023516632951858935 -0.029270771357827005
176 0.003565310951249359 -0.015648492590079582 0.016407670554664085
177 0.007794212471799702 -0.01118126404973914 0.011884595372183475
178 -0.0011549067076509958 -0.009989167405394336 0.023021714444425218
179 0.003498876016753409 0.02116363857598995 -0.035300537244481095
180 0.0028308709739342 -0.013149286162980098 0.012058508440448474
181 0.005393184271213727 0.018909346859820885 -0.03624603151494117
182 0.008369086906547647 -0.009720112667581465 0.020472780904284282
183 0.0012891447682242471 -0.0004755863762301582 0.020983146642348655
184 -0.001706971780649321 0.011798614232100942 -0.03773361294198203
185 -0.002731558309898824 -0.018214025367493142 0.022325926227400022
186 -0.003273070464742754 -0.011694786275893612 0.02353678962340415
187 0.005839220909045595 -0.013317567837917876 0.014529803700568372
188 -0.005294203288932724 -0.01015011478043247 0.021932357517233804
189 0.007259575837212352 0.018666183568930256 -0.04210452390925174
190 -0.007533997749539903 0.02270292064412988 -0.03363176420130655
191 -0.0051031913786849376 -0.005771137145479388 0.016497055549052016
192 0.005728093039177394 -0.006589409791915912 0.017741604086855642
193 0.0061660619862792115 -0.01352625158574499 0.022350369102562183
194 -0.015165345228326368 -0.007397716910740121 0.023332776699687578
195 0.0070593610364933085 -0.00659569214397801 0.016432195650987323
196 -0.00790320050006997 -0.0057357753216416285 0.023295395772921973
197 -0.0023467780088010336 -0.014643936985854672 0.014191794760725629
198 -0.013535029100103999 -0.013005093730780064 0.01785963675201216
199 0.007779832321476984 -0.011787461655238477 0.02260584378827414
