200 3
0 0.03930481238994934 -0.036473688582772223 -0.001808860234182027
1 0.03143004931434157 0.014144726820076337 0.04271123825314371
2 0.0403410140509269 0.022559555120997558 -0.018938268664488316
3 0.039305116308919835 0.03102667592132971 -0.0216619021740418
4 0.03850891832357123 -0.0395901339242761 0.019674909966689257
5 0.03930466507691384 -0.03308548271403267 0.003177101025870873
6 0.03930445369751715 -0.0303399226529234 0.005541561590830838
7 0.040594849248318084 0.026824939999729985 0.0008536134257418538
8 0.039304635252324006 0.02449938871853328 -0.010582332103465427
9 0.037697712960516154 0.027848099183358583 -0.01981389354797211
10 0.03982562440987277 -0.02895763210920934 0.008651878130992973
11 0.028685260786323743 0.009724597519020627 0.05228384081658363
12 0.04084931493547879 0.022640524615295483 -0.027577429830797875
13 0.034854422740952615 -0.0397696335099156 0.00798648290917649
14 0.035441378829885684 -0.02898592280025745 0.006147835360843502
15 0.03956602473442956 -0.029602662807724216 0.0033350668377586414
16 0.03714646078390957 -0.023571680320552863 -0.007123442984384765
17 0.03877672370109025 0.026808890283825448 -0.018488847854205282
18 0.039305137475005913 0.025183566517182468 -0.024553723698173734
19 0.037969887187964214 -0.029830486970359 0.003146635230742124
20 0.039304928746594414 0.026009287780205368 -0.016215832230591656
21 0.040083658938956726 -0.02353361107536767 0.0162715997966524
22 0.03796998886264017 -0.01897188804368636 -0.0021554181227859508
23 0.03956595221292942 -0.01871298208866565 0.008198355675160345
24 0.037970079070194285 0.030051438169188868 -0.011380419139487195
25 0.038509018286881094 0.031343636914097375 0.0006109269258837231
26 0.037697870100735616 -0.029770146913107903 -0.007109120971024271
27 0.037146479175040284 0.024042877891437584 -0.019986617161970113
28 0.04084826675593637 0.024690537712947883 0.0025636249886219964
29 0.0365865552577506 -0.03575431323348568 0.012859881594030752
30 0.037146478852001806 0.03337706390553252 -0.015490090907253853
31 0.03877618388034066 -0.031855750725116073 0.002196683828723286
32 0.03796965687838244 -0.028800446427419725 0.009335356226797065
33 0.03334091874209219 0.016868055404830978 0.030275872465020063
34 0.03395438780156814 -0.0021591879573348944 0.020710680207313235
35 0.038776204202872554 0.022323870190987853 -0.004922657780765584
36 0.036867926333624526 -0.033965240197249946 -0.00731576829482912
37 0.03714614129074611 -0.027518217924749466 0.005673946913339812
38 0.035731162742452645 0.021038058301902012 -0.007139726149363875
39 0.0376974368706979 0.027957862985659342 -0.005815455939762367
40 0.04008360735807859 -0.02985962224204872 0.01444918477460054
41 0.03686766694519943 0.025056923915521834 -0.012097253105581442
42 0.04008377261677087 -0.02567691347702027 0.010211507674599912
43 0.03302923627166407 0.006827014108741168 0.059264218974861935
44 0.03742236896977177 -0.029543711139251885 0.017608933600229932
45 0.03850957064310381 0.021142182282050136 -0.010365948004547144
46 0.04008421387747985 -0.029771158154319716 -0.0013306835366027599
47 0.03850930393002534 0.02496745410751956 -0.004666647257532708
48 0.0371461944132127 0.025449477432218377 -0.010181093590066954
49 0.039304270141144 -0.02748378761091317 0.010848902291598215
50 0.030766598102809566 0.015185399934988453 0.05387462250154603
51 0.036018990796898895 0.028067702721422363 -0.019325501982064123
52 0.030767025391591162 0.01674727405576165 0.041590252510024496
53 0.03630413909994742 0.027795665082918548 -0.023335180433809243
54 0.03485488888448838 0.03040369962304513 -0.01887326514801407
55 0.030766770935944515 0.01582052520625127 0.043397470373835845
56 0.03714630911569711 -0.024939056126756502 -0.003993272480995387
57 0.03824040864631296 -0.023427206194958878 0.009257840083406813
58 0.037423109757523984 -0.029317818981718896 0.0010515710148377973
59 0.03714585077421219 -0.032245371441060225 0.015046177575345293
60 0.037422481340569434 -0.02804405142935028 0.010191709090546801
61 0.0376970998175659 -0.0301982807531927 0.010176753746926556
62 0.037697447117773404 0.027456947702867253 -0.0069065535335624696
63 0.038509637996078365 -0.026756926690851262 -0.0027027839227658857
64 0.03686746200290442 -0.028277672519764353 0.004708120163610472
65 0.03769838843121753 0.026646118044730983 -0.03839264484174341
66 0.03714642166879963 -0.03848919663838522 -0.0022569647318172164
67 0.04034100689676092 0.03654664596681016 -0.0237335539574837
68 0.03658652553204303 -0.029528655671179762 0.006544424749544097
69 0.029043807964720742 0.008808447936517584 0.01890636604264413
70 0.03573194752109453 0.028425916065230022 -0.03184275421643732
71 0.037146521903389206 -0.03321457546298992 -0.0023499722836698806
72 0.036586752134195794 -0.0426209525211529 0.006942146191625002
73 0.03850920042592785 0.0347360376173052 -0.006594661279371498
74 0.037970611664240296 0.03294735633656314 -0.026707375625126924
75 0.03930489787318967 0.026412414954262352 -0.018927238087801373
76 0.03850997191357784 0.020442415800648202 -0.025902237760691827
77 0.038776210180277174 -0.0316182565866725 0.006306781415293269
78 0.038240519712228804 -0.03294841945396205 0.002279135739373058
79 0.03455765573563524 -0.024352818336219745 -0.0020899067349449524
80 0.03877663896323722 0.019475955250117187 -0.02066396298792395
81 0.04034038201349538 0.01926193873792516 -0.008159980948539872
82 0.03982571637567392 -0.028493821582841812 0.010332505375835703
83 0.03956600762903449 -0.01613829683499356 0.0015724172470729556
84 0.03796989123158599 -0.031813821883713796 0.007177809431942202
85 0.03982541591049718 -0.022007474011659724 0.011031101035395846
86 0.03850958790499858 0.024656959368985397 -0.014550129402600752
87 0.03658676641566352 0.026978544561377087 -0.008036430388821222
88 0.03796956448370664 0.03677012889103891 -0.0005846727708478761
89 0.038240334533703464 0.03347682910659204 0.0012351496220779949
90 0.041598912111469405 -0.030834974496973002 0.007049163291793893
91 0.036867484732022296 0.032961911236858245 -0.0075033271750622275
92 0.03824090671683774 0.023686501794239447 -0.014053251653456734
93 0.03824063122343461 0.02438279630166653 -0.010948651944564451
94 0.039825598739654654 0.030527638482403346 -0.008258087304837921
95 0.038776121220661236 0.03029779953433076 -0.0053281526473615585
96 0.03797036210163959 0.020995521799776103 -0.01947410068961404
97 0.03982595491014351 0.03350320441525938 -0.01201852105471057
98 0.04110062809420233 -0.03378272503792196 -0.009574436318398038
99 0.04059572786975534 -0.03999795231198784 -0.008151342061423098
100 0.03930474106143752 -0.03478972965202151 0.001466196069747758
101 0.03544202121913423 0.02435907515050499 -0.026086294634646123
102 0.03658699878886034 -0.02481663304773192 -0.003665104031216496
103 0.036867694888393476 0.019881962510837896 -0.008473435452058215
104 0.030766962662411586 0.005584835261303784 0.04570667756677979
105 0.038775790436894955 -0.027038866131928727 0.015156954281170367
106 0.03742306790059376 0.029335111986727936 -0.010927395757593661
107 0.037146543259948 0.04370376427319521 -0.018230384167947006
108 0.04059555077375709 -0.030911990773765767 -0.0029441134777733113
109 0.03630357365338431 -0.04069344788193254 0.013897189043329563
110 0.03904158820903644 -0.027945026516942854 -0.004075199828128114
111 0.04059482497536286 -0.03093821008320179 0.016728332287941773
112 0.027585652938166037 0.013724618461311698 0.0536834695433848
113 0.03714697644349041 0.03340279918315913 -0.03144911452368191
114 0.04110054911152697 0.02029028919523316 -0.015881495478653807
115 0.03658685559711473 0.010786759124583547 -0.009358341095232923
116 0.036303968899597666 0.029192845628790542 -0.01092817441197836
117 0.03714604658581276 -0.02381156348376132 0.007187489540548683
118 0.04184622416045625 0.012740420529768114 -0.004042328891965645
119 0.03877682771579765 0.026306799113094578 -0.02466913350657636
120 0.03714587221236127 0.02380329006759291 0.0024611167680883735
121 0.038776631001443115 0.03051389259536947 -0.018893728643525034
122 0.040084061759285444 -0.039533275100511335 0.003934651910141383
123 0.03714599540056654 -0.030337569447747556 0.014810119914792537
124 0.03742234102400136 -0.02827057912359744 0.013318639353925472
125 0.03877666003519118 0.02899282566444893 -0.023742675596173456
126 0.03630432049073031 0.023294947067760124 -0.020297322412820097
127 0.03824120939353923 0.030326359216983397 -0.027014415456693346
128 0.03930462593787424 -0.015912455022413393 -0.0004708294516019223
129 0.03769796689775944 0.024171365236314045 -0.02020973809273139
130 0.04084884112781131 0.027958815813067944 -0.019698542889592833
131 0.038509179548823984 -0.03565174331267922 0.01020779486189798
132 0.036303831160217494 -0.030837597735609127 0.006654180979824552
133 0.03850988148781676 -0.029688309012723266 -0.012234776284738262
134 0.032716849219897884 -0.003007508672880843 0.03133257428983332
135 0.036586785542782545 -0.022574200230918433 0.0014196207396890493
136 0.039826378884416376 0.01964456489346281 -0.018572297368498126
137 0.03850924965723637 0.026286849506019977 -0.004934482393015195
138 0.04059558533833564 -0.025535795540055795 -0.002912199949457697
139 0.03207942956126024 0.001954376464420919 0.05277573286525784
140 0.029744258945948284 -0.003980435711695165 0.05387536446695896
141 0.03796959144861011 -0.02127058203379533 0.010373145754039394
142 0.03742297027693738 0.03728489825592787 -0.017409884607519317
143 0.03658684226905151 -0.036506783070038566 0.00442694053634667
144 0.03904169398223036 -0.03482224837739584 -0.011517139819105609
145 0.03850940097007143 -0.03242982171417431 0.0019308146629415655
146 0.037969945266419655 0.029567611966097022 -0.009273233282850629
147 0.0368680546886068 0.029692283756742148 -0.021352989633844802
148 0.034854087048574976 -0.040186095790290755 0.014309266262172705
149 0.04184600738582541 -0.0358424048378862 0.008522057814480564
150 0.030767153397565753 0.0021638357099213875 0.03473197210516586
151 0.036586499293608854 -0.04215020778228686 0.015138272570419874
152 0.040339426942515806 -0.028927292842278397 0.028482901115037908
153 0.03823989055497044 0.026571164046069524 0.014058466479486716
154 0.0310994985228208 0.01668967837099539 0.06648599273511858
155 0.03850926941651621 -0.025729239155642042 0.005048123448412336
156 0.0363039507946299 0.026685541070704318 -0.011230244221552554
157 0.03877623039481122 0.029962227172045986 -0.007108811128412842
158 0.037697614206298635 -0.034407431825395574 0.005409603649837944
159 0.040083564214639864 0.038287885409036125 -0.0023039786803642054
160 0.03714639902169675 -0.037670689454892894 0.001941340349422421
161 0.03742266201994058 0.026837071647365037 0.001091732242327491
162 0.040848793333797 0.02332416453428685 -0.01956196860983223
163 0.036587532824716634 0.028836248529174737 -0.027664985276807833
164 0.03714666167089486 -0.03658615944172373 -0.005252403119901019
165 0.03686775047142306 0.03888595957853003 -0.013860149271889638
166 0.03714602247283103 -0.032688823846478206 0.015614208738418662
167 0.042579432113210025 -0.027302718793124753 -0.004841481347613016
168 0.03904108371241037 -0.026722731208914496 0.005206059817447362
169 0.03930474334124482 0.03224305979754386 -0.013833189059328366
170 0.04008407716859943 0.026849586459797764 -0.011159248433125
171 0.03514869354499067 -0.034045940631040036 0.01870877036018447
172 0.033955766732587774 0.023858850939949255 -0.022893069495079
173 0.03485498879686994 -0.034356836793383284 -0.013018881011988082
174 0.03797073533250332 0.01867096995174278 -0.024541840319371212
175 0.03769689855494056 -0.023879532803932634 0.01941141734958033
176 0.0360189827255428 0.030580056010114494 -0.019659340125675797
177 0.03742282908169198 -0.03112626546384373 0.009062845165449872
178 0.032399190733880964 0.011077531783789948 0.05390799594395791
179 0.037697002229243645 -0.023925839921258636 0.021475557617986443
180 0.03601834253155087 -0.02815080961100679 0.012309255263847716
181 0.039825829448206986 -0.0303238584375221 0.003997140151645006
182 0.03543984968469539 0.016445625161852176 0.04105757478284518
183 0.04008409932272138 0.02579560686103688 -0.01209056132495049
184 0.039565567079798386 -0.03198038319409104 0.017078553671202572
185 0.037970279339831194 0.029849752322017108 -0.01849236172933346
186 0.03824110387242389 0.01436654766246437 -0.019028265391559544
187 0.03956636415023165 0.019465395880268382 -0.013214457175709697
188 0.039304329215419424 0.028592072198137225 -0.005579047108987732
189 0.03904130731486627 -0.03853401101625764 0.0071139312643481575
190 0.03877669922163952 -0.03593370915669747 -0.006652264317056912
191 0.037423235778479454 0.02887028864211836 -0.015117645167999008
192 0.029042174524162436 0.007536083977557942 0.06016037866136725
193 0.03796978198424047 0.025162857432820374 -0.005724174826780038
194 0.038509097014578636 -0.03750187899328825 0.01348989316965658
195 0.041100408894235566 -0.03020589810230245 -0.00023294036907463942
196 0.03769781608378486 0.031840335858076343 -0.0190833851196354
197 0.040594938880671824 0.022246498606761544 0.0023788292665706625
198 0.03714649725437308 0.02214250088261454 -0.019527934711175518
199 0.034854602758126914 0.03283364686036671 -0.005564943670947674
0 0.046735442748790726 0.002184558227340849 0.006545975426045847
1 0.029395007225291453 0.01129321695245674 0.06290707662614614
2 0.04629213658610682 -0.006509710046729487 0.006403813610534917
3 0.04629287296598939 -0.0037271404020385074 -0.013087226219200604
4 0.0465150940049153 -0.003484855558917687 -0.011465693548861584
5 0.04761084358607459 0.0016420511614861808 -0.021647277025617844
6 0.049312965820897704 -0.005658247571437421 -0.009610936060159328
7 0.04804175680398787 -0.010424676508782134 -0.007281053389786435
8 0.04470612280106306 -0.0001727632756627084 -0.011922945226352259
9 0.047175904018918476 0.0021786311968570475 -0.028008656838316465
10 0.04584523214448934 -0.005054652405452386 -0.014290748576498688
11 0.027957360799675934 0.012613892549141144 0.03965403957943923
12 0.04447509213283048 -0.009335674306717766 -0.017683949656347873
13 0.04606951170300915 -0.009879148313117378 -0.01448829114891315
14 0.042821232399289005 -0.0010183008493408485 -0.020400630232586328
15 0.045619560140889505 9.182442769686624e-05 -0.0199521887615327
16 0.04695657784941633 -0.006826627196072372 -0.02124266476115936
17 0.04539271265819445 -0.0025259970042334707 -0.011177854521403808
18 0.048469135772256804 0.005303336513733569 -0.008157988916930734
19 0.04353751600841747 -0.0012475245384577617 -0.01398982879867437
20 0.04739335081955947 0.004878204617099573 -0.014225262473694872
21 0.0451651626101632 -0.000675154765729268 -0.018109906335517772
22 0.04629284231475764 0.002649397667688286 -0.014886296871783023
23 0.045619200163752656 -0.0034750231731158813 -0.0030131067679525763
24 0.04761063163681668 -0.006440000682538394 -0.010667458725741026
25 0.04673663360376871 -0.0040748098235281575 -0.02372690469137961
26 0.045845480335373515 -0.0042401892513397625 -0.02558090281577259
27 0.04717554878161593 -0.0013472298703601244 -0.00992543720135679
28 0.04673617882147373 -0.006754706209213029 -0.005401226918033014
29 0.04629289671446617 0.00906009793868082 -0.015108295208074583
30 0.04761027381104562 0.0006910458883634489 -0.007594121914911701
31 0.045392622265936246 -0.00196664559801015 -0.0045626570839484544
32 0.047393493410684745 0.0015548231419900218 -0.01114549430792423
33 0.030088935656960334 0.013260019280598471 0.04577543663163952
34 0.03143025582042299 0.0013886526417075027 0.040464886658934066
35 0.04782709753527146 -0.010268183343566191 -0.01801444627184008
36 0.04584499982573632 -0.009121695097659307 -0.007080286453067223
37 0.04606927819112828 0.003722971058847074 -0.008964793967333896
38 0.04717535467664636 -0.00389140091150728 -0.008030751783023742
39 0.04717489930816336 0.000519730677196826 0.0023088129037795854
40 0.04804209676293655 -0.0035655121323489272 -0.018081714351756952
41 0.04400822016518437 -0.006468564613398796 0.0027515113435871326
42 0.046736187124912267 -0.005845056261470954 -0.011523335174965895
43 0.029395799424754433 0.005001163360690638 0.04736119476763678
44 0.04561940582514829 -0.009804333955612194 -0.00451952409565389
45 0.045845213190201725 -0.006238066263633789 -0.01604121001775421
46 0.045392980896117555 -0.0026231535745695625 -0.01012474793959224
47 0.04400900398912299 -0.009296337303080307 -0.02102027325685626
48 0.043299874420631 -0.01019561193533024 -0.014989384684232556
49 0.04804171392769895 0.0025887602579640874 -0.006143563616234692
50 0.033649225569187674 -0.001109628197320378 0.024902571217234815
51 0.0428205928588168 -0.004450248440674982 0.004429375473772755
52 0.031430541076302956 0.008344977317406408 0.037441365201520464
53 0.04651525356927071 0.0011464106740650113 -0.01780435510055904
54 0.04516519188970501 -0.006059185330494467 -0.011834611841331345
55 0.03271636567292207 0.0023034267930570175 0.04485470368379833
56 0.04584460628969007 -0.0011917210988900658 0.0038935818685946503
57 0.04584519686176102 -0.005831150222382126 -0.013472469398552206
58 0.04561988776333944 -0.0038895893319663855 -0.021579507241993156
59 0.04846903422867401 -0.00295777982128424 -0.004735341470111198
60 0.04561959821728974 -0.008823142463085685 -0.010192894644733545
61 0.048042095410126176 0.0049861092823794105 -0.01565143688006745
62 0.047826586720425175 -0.005579851971677383 -0.008067931702373451
63 0.0478267723057043 -0.00513590948494553 -0.011412799466868562
64 0.04470643985968993 -0.0025972342272347695 -0.02246947080879082
65 0.04516481481982285 -0.002988199442140799 0.0003096674589548617
66 0.04695624285342035 0.0051841736560432426 -0.006590691722346306
67 0.04447503788326915 -0.010298681230786044 -0.01962981172942812
68 0.046292898237834584 -0.0025291582353933286 -0.016301849570870542
69 0.03207971472706288 0.006715039431134705 0.03576918439567688
70 0.044706407272613026 -0.015144691572950921 -0.013142258049291094
71 0.04377347638522333 -0.001946582885154796 -0.004856253734643574
72 0.04493606157408879 -0.0018777541097986213 -0.012021329969654005
73 0.04825591586907924 -0.0014674053533146954 -0.011375737525174809
74 0.047393954529904296 -0.00500602105069049 -0.02624180427141761
75 0.04561962958375779 -0.011118845721372117 -0.010982888928263124
76 0.04931279474299098 -0.00992061980288552 -0.0037705983492683287
77 0.04673581924871014 0.0023576353165870173 -0.0010145096340951796
78 0.04561947575615736 0.0005550511093659293 -0.007685619042726816
79 0.04447516577483517 -0.01205277217294035 -0.014721631481692497
80 0.0453933738241665 -0.006360077155387835 -0.02305408060374836
81 0.04606941205295502 0.002302683319248538 -0.008993493147023033
82 0.04584552992437869 0.001975142399914839 -0.02729762002785365
83 0.04717559752693997 0.003767137503083518 -0.017775594555549338
84 0.04493637754474454 -0.004485767151447082 -0.014505440895493044
85 0.0484693623788029 0.0028633092083201702 -0.013381332782849451
86 0.0495219533282031 0.0010959441619404632 -0.020170622802549647
87 0.04470593709092067 0.0006388975756932084 -0.0021697353540823788
88 0.04804213101960127 -0.0068745069549912136 -0.018167474868352435
89 0.04516513118126519 -0.0007802322510512405 -0.008770816006626526
90 0.04447522268577744 -0.0019979192259673173 -0.023650980164245983
91 0.04561950948899834 0.007733853061408129 -0.018807280719666367
92 0.0460694795876284 0.0029169877219109345 -0.016057784209335582
93 0.047175741635527 -0.007481148594799332 -0.019424297946172255
94 0.04606930233748145 0.005276550767272163 -0.009444359110225663
95 0.049103472032881575 -0.0014625848597955608 -0.009442033676006566
96 0.044242398180435016 -0.008091910526047632 -0.012118358243753591
97 0.04584511396045906 -0.012330686072623623 -0.011528221359802113
98 0.044242786251954706 -0.00020773563049616953 -0.02091507258742442
99 0.046514820870734955 0.00641775409869625 -0.0067474886894216355
100 0.046736351666572494 -0.00705566060459801 -0.0130544110962298
101 0.0453931227105186 -0.006501131954328416 -0.01720370871190879
102 0.045619863098538466 -0.0013806134541398654 -0.019802027425680446
103 0.04493622143842769 -0.0039850888162181524 -0.011659809649925577
104 0.03207931320952812 0.005211733874968578 0.051805368927435806
105 0.047611093493735906 -0.00024200014841039468 -0.02637032489578402
106 0.045393286984465674 -0.00532993716443341 -0.01810861713496709
107 0.046736048903727116 -0.0019324803034111145 -0.01183770167544536
108 0.04470612799600887 0.004240649656456953 -0.012447304345178697
109 0.046514614618299574 -0.00475227658441579 0.003800084986258048
110 0.045164512788727185 -0.002811617872512369 0.006237264561025607
111 0.04377346716013493 -0.002937869964765859 -0.0032078673530993376
112 0.032716367291537776 -0.00023682717329508006 0.04093222989010482
113 0.045619724273941564 -0.0064513164907977075 -0.01950387111980578
114 0.04825647520958639 9.075965936496046e-05 -0.021159573584341985
115 0.046292807168322 -0.005708641236833665 -0.01253397414975208
116 0.04424270129279866 0.0013400933870438283 -0.01866536465775828
117 0.04910357951982105 0.009672768997299486 -0.01274221306556487
118 0.04470579346092165 0.001097621984694248 -0.005518287042229076
119 0.04651515406350973 -0.00702563515213241 -0.01642214468273596
120 0.04629327838393366 -0.00443185409822258 -0.0231514039116353
121 0.046069751430140304 0.00012436596708276525 -0.02109149659738844
122 0.044474797481298935 -0.009400288800070005 -0.007099940959212171
123 0.05034778545165884 -0.0052120295559646935 -0.014250844144465619
124 0.048469541357713246 -0.00901842967098833 -0.01589388717550936
125 0.04584499640075121 0.00293043344968026 -0.013874562845368107
126 0.04846907795984605 -0.0006995958758907565 -0.006216391029236425
127 0.044475093911175295 -0.005172693963831085 -0.01740808660447752
128 0.04470613879040936 -0.009123968853672414 -0.010217462365103923
129 0.04377400816872788 0.002078980850835697 -0.025215415234878732
130 0.04539327058849609 -0.006548799902183442 -0.01901066123562966
131 0.04424244374713664 -0.007097601400038494 -0.01755427242446495
132 0.045619992623092104 -0.001271289953215503 -0.024152335435714004
133 0.04739353076918749 -0.007710342315795238 -0.007140267083579115
134 0.03425582806450901 0.01324879341493474 0.05135640966495949
135 0.045844934354847426 -0.0027502050825940886 -0.006945486521063864
136 0.04673606053307636 -0.0072784696202293775 -0.0026545829959537387
137 0.046069411202504004 -0.00309048252065694 -0.007328379665755926
138 0.048255970983731564 0.0028008531217305873 -0.012921609291886038
139 0.03042958174252007 0.004980161905998759 0.050618643468868754
140 0.03076754412325042 -0.006095284356956541 0.030332048900371736
141 0.04539322347702106 0.004399038548560136 -0.02462819885897752
142 0.0451651517469023 -0.009203818332009053 -0.006589834264148271
143 0.04629261034050091 -0.0031427445092712812 -0.007150408690745907
144 0.04825595394706211 -0.00499827284297625 -0.01182668462169972
145 0.048042063225574035 -0.002443253378421427 -0.016653560571685024
146 0.04584525444433718 -0.0074172585573288995 -0.015578845446462378
147 0.047393492335375716 -0.0031745469337765087 -0.009637621228232626
148 0.045844794757827795 -0.008559770410877746 -0.008845717616928738
149 0.046735759793765284 -0.003400123361022911 -0.0026966191586516035
150 0.03514810163361943 0.010281818977554825 0.029049009459412977
151 0.045619416869161544 6.255610294666033e-05 -0.007654247639809734
152 0.0453929170552341 -0.0063701475191409555 -0.009831508918363563
153 0.04695608095364485 -0.008116188602439301 -0.004381930368577664
154 0.02974336526730649 0.01666435304637874 0.08050414084201107
155 0.044936202752152474 -0.001978922632813609 -0.011808784852210886
156 0.046069581193117735 -0.002783151859290325 -0.01692313037936359
157 0.04651523284795935 -0.004744630805138091 -0.015882012946149455
158 0.043061448000398746 0.003434849748636576 -0.02534720246019219
159 0.04673656383455115 -0.004046337678481782 -0.018505343114844072
160 0.046514536787391286 0.0002469551312234777 0.0006843512965348836
161 0.04825616023566977 -0.011979365817872543 -0.010220413312039357
162 0.0442426486606389 -0.004014512514972638 -0.018362592237321774
163 0.046735884270104604 -0.001632554953721658 -0.002932610486459334
164 0.04825609022248185 -0.01077623477554533 -0.011077842956736974
165 0.04651546724275121 -0.016095116167597494 -0.0209927823714145
166 0.047826841918187146 -0.002615330866816868 -0.013291223473564737
167 0.04739302198437801 -0.008090625424467935 0.0020676877793326526
168 0.047393709437647244 -0.003977062197816031 -0.01744636608122486
169 0.04825576822097138 -0.007078097770262276 -0.0015235206234007175
170 0.04673615544209884 0.0021671014403491897 -0.007985298719469042
171 0.04539278656508702 -0.009486001639722115 -0.004019943579845355
172 0.04353713476960579 -0.006585074354527092 0.0021995726316296114
173 0.049521301398599914 -0.0061976044487877585 0.0014998927383549866
174 0.04424246929339046 0.0020094913067240767 -0.014455992775376923
175 0.04651509690929038 -0.003784730477887262 -0.01695322796297515
176 0.044008829871483454 -0.0030718208578469517 -0.015673604379288355
177 0.04353752513559396 -0.005126516786515941 -0.012551153375760831
178 0.030089347823605565 0.0038659505606194098 0.03593268409252105
179 0.04539307460045999 -0.004228933948865904 -0.013677252652250827
180 0.0460689488460947 -0.0008494868680722801 0.0016793614728952452
181 0.04539332968839255 0.0025993536213161617 -0.0211021713091182
182 0.026440342847521746 0.019759538700945847 0.05839439221613436
183 0.04651486717358917 -0.0002417439697351801 -0.01135008135598125
184 0.0460695646589959 0.0027571603624545905 -0.015424317586057779
185 0.04353764221022935 -0.0029856241072197666 -0.019402752354534432
186 0.04606923636540647 -0.008469996857654037 -0.006291181190761562
187 0.046515217433787254 -0.0006636751449650039 -0.017992797159351596
188 0.045392926717463436 -0.01789506637941076 -0.007689575118102616
189 0.046736011830406265 0.0008909819069407392 -0.012319794203466254
190 0.04470626432177108 0.002073254989625549 -0.014722715303626196
191 0.04804229540628885 -0.002316212761586257 -0.022964991427155402
192 0.027209226454834184 0.006294406415435424 0.059868608516303164
193 0.04717522030991946 -0.012100015553906987 -0.0069088289340962575
194 0.04717584069686881 0.003544790483881994 -0.02277457688988286
195 0.04782679073794807 -0.0025693435219543664 -0.011679820118413592
196 0.0473937391468589 -0.00017720631066628253 -0.016497729650238133
197 0.04257884229602988 -0.005112220770245335 0.004778403981506991
198 0.047393455594333195 -0.014149487910919972 -0.005116063180874268
199 0.04561933458442178 0.004750299839460424 -0.0066531204598974285
0 0.03796973461139112 -0.022261231107597555 0.008042503978847492
1 0.03769612795312455 0.026681101494853122 0.033895329719754314
2 0.03877629307512266 0.028000552466109187 -0.0103022816810082
3 0.040847340525301354 0.038117252623463646 0.02124022486413069
4 0.03742281720041441 -0.03243369949655821 -0.001282183912878948
5 0.03797013862954408 -0.034976879092038 0.0018286050714908049
6 0.040083641427452806 -0.032184074479269395 0.010712056178084654
7 0.03877529279622667 0.028936581883646176 0.017398112780939185
8 0.04084779841907792 0.029989159192203362 0.010023843194227151
9 0.04209036084982473 0.029800896547282595 0.03440453918169328
10 0.03850951348244065 -0.03217826794966061 -0.0009279016021679694
11 0.04059436318964069 0.02152297036228745 0.018726813508296514
12 0.03769667607882459 0.03302280288188748 0.008547032529833421
13 0.03573128711296422 -0.029672231894881145 -0.0014134053093886486
14 0.038509561576110705 -0.028118185955250355 -0.0029284735085687934
15 0.03796972404657615 -0.02672815308526388 0.012630915169932535
16 0.03904140078280726 -0.025436419740246224 0.0017096243316607608
17 0.040847457752301385 0.02669678005557052 0.02102155475266273
18 0.03930403725441988 0.031676313229981504 0.0029375095314357453
19 0.03904149452752341 -0.03450983529008629 -0.0023899905959006177
20 0.04159836764017405 0.025420994335196817 0.012878561867986306
21 0.03956629934728609 -0.026799941728382102 -0.00407984971171064
22 0.037146401678879386 -0.030122661579932812 0.004159189321764432
23 0.039304559737835885 -0.02800736638642474 0.0015869674514746171
24 0.04400721578327406 0.037211495124393146 0.021973490848696577
25 0.04008296365770751 0.03871301235945506 0.016668704983296246
26 0.037422760218894235 -0.025496509355635168 0.005472356334113019
27 0.04209152835939911 0.030121427462789292 0.0011452070480682738
28 0.04033925087861657 0.03515099179271088 0.018364501848648924
29 0.03769765838968494 -0.03946737970770206 -0.003553343689622929
30 0.04134963871340773 0.03549377675049404 0.010298423913328818
31 0.03573028299730778 -0.02417547256790657 0.024368298691981514
32 0.04135030952926701 -0.03917932745124499 0.009256437683008724
33 0.03796960288289038 0.020824216632376588 0.010789700454796146
34 0.039565640640472306 0.031957272833413465 0.005704164496311091
35 0.03930479708549826 0.02651205285467672 -0.01667365075955654
36 0.03877566656499814 -0.02399805827301841 0.020451022853122846
37 0.03573075047534609 -0.02373624367121536 0.018825674656923683
38 0.0390401956310922 0.022858804024709353 0.02582878066299432
39 0.04084719835137724 0.027346810043133826 0.03082242398424986
40 0.040847873482802464 -0.032127394791120624 0.02409448545654004
41 0.03877546539738692 0.03270314450565415 0.010356566059116662
42 0.03769732077923489 -0.03967250871982047 0.008355876918213233
43 0.03982525626272711 0.03435950039932265 0.006932920751885361
44 0.039565811733465496 -0.0338184895101871 0.011677176956908977
45 0.04184536202393611 0.03277745303851225 0.016920608277350715
46 0.039825938950719154 -0.03273546854717296 8.439056583795433e-05
47 0.03982486296291233 0.03218473288811271 0.017127866660784346
48 0.039303174919500264 0.044187367780441224 0.023609923957409268
49 0.03850937923596954 -0.036344002444627536 0.003996505315493366
50 0.03850909135975394 0.03599731455064067 -0.004117822060828755
51 0.03877564718737888 0.030209323982221644 0.011121674946757974
52 0.03877549216881222 0.025504624347783295 0.012708982461400807
53 0.04281989529892675 0.023820659473684582 0.013700086811588984
54 0.04059471404027864 0.025258391851387046 0.0061298504358000706
55 0.0395649668267044 0.03538226316197928 0.020089487128492674
56 0.03877625491405696 -0.03131252305733123 0.005836035126787152
57 0.03796952345265886 -0.027527013313159408 0.021130329057331677
58 0.0395659973895562 -0.03285914132953446 0.006052596648561093
59 0.03850905695805871 -0.036739240440173265 0.017527384148373425
60 0.03573137907405109 -0.029145727045637383 -0.0019961647529011277
61 0.03769719208106462 -0.03494704491471346 0.00854152410841779
62 0.039565727777940304 0.032461900892123856 -0.0010838495233150172
63 0.037969957693352534 -0.029294932991569975 0.0037237164399871645
64 0.04059534212963995 -0.029101391027968843 0.0014396289167742558
65 0.04184510565673603 0.028562978016267143 0.02243123187239523
66 0.03930470400864181 -0.02997524672197553 0.002053812279450711
67 0.0410990715016903 0.035344571553147734 0.024503508142862656
68 0.03742245314643045 -0.03306990066641864 0.018612985120262184
69 0.041099756246842686 0.03241808814320944 0.0024100883569232578
70 0.040594641320728306 0.039040430123422086 0.0035930842759561237
71 0.037970096930173704 -0.02894844496745552 0.005197442249899446
72 0.039826244599090004 -0.031286508343323104 -0.004665030799028632
73 0.03573027599468317 0.021627497693948144 0.021060667563458972
74 0.041099069739659724 0.03966396605572709 0.020121129999501917
75 0.036303528113360774 0.03474802792142138 0.0020821596148746287
76 0.037969164546558326 0.03150151277661994 0.015689225281402146
77 0.03686768801885659 -0.03408861317194157 -0.0007432909695664149
78 0.03930489423676796 -0.02755113693939294 -0.004502773303723113
79 0.03769710775607476 -0.03893913635099465 0.012738744787457876
80 0.03850811575842667 0.03385583576464327 0.028405014098680494
81 0.040847923462162705 0.030302226440401037 0.003909244047947013
82 0.03850955153620597 -0.02898778746580597 -0.002103914829733221
83 0.03982590998305414 -0.024395409131525977 -0.0031108862063666666
84 0.03658726352957766 -0.025207306356543058 -0.00955802613318269
85 0.03877603092943083 -0.023914769581106395 0.013034685432949042
86 0.039303475953631165 0.02846284215490575 0.027132490563760468
87 0.040339967263090734 0.04301211481475681 0.0011067063327132845
88 0.04400720725846056 0.033586006591404406 0.020286139191357175
89 0.04008326129497291 0.026745638494733725 0.013254387004863566
90 0.03742248663252267 -0.03234359433951883 0.014830273745683185
91 0.03982479718161086 0.023610973905824322 0.024644318615637505
92 0.04209127389777582 0.03790403456689119 0.009668449483815117
93 0.04134918381302324 0.03913252369381883 0.022155726602801257
94 0.04209122536934752 0.02584846283724143 0.012913532932835241
95 0.039303776079836865 0.03492985504272243 0.01210171332921175
96 0.03930446074656046 0.019351255788213985 -0.005977221382308534
97 0.038508901455159464 0.033267332012986615 0.00609780853038346
98 0.03877565812989288 -0.029817432606708362 0.017639039361211178
99 0.040594731962731154 -0.029807833079940917 0.01722081849824066
100 0.03982588454777259 -0.03460762092947829 0.003789042750438243
101 0.04084786129475578 0.03217546760059339 0.010098265061288893
102 0.037697025322608775 -0.016899727166792156 0.010880082821647374
103 0.03742264099416072 0.02827987566113078 -0.007475958462723236
104 0.04084729421932313 0.027421865851127464 0.028818936575662167
105 0.03455748479964059 -0.037892771816716485 0.006494121137728942
106 0.039303161189478436 0.025366690408404537 0.03195463221177735
107 0.042819828991862166 0.02832442494074743 0.010527609488273332
108 0.03686795418843129 -0.03710252813711976 -0.0064527115297121395
109 0.03956561268309015 -0.02078562829299496 0.01572943910372898
110 0.04159864021532062 -0.025433299444325635 0.00986979068650893
111 0.03425753175592623 -0.03191269148815555 0.004904554556796637
112 0.04159787401392493 0.022316859631474326 0.027946907131624562
113 0.03930382471077142 0.027442743106636414 0.012939841541647042
114 0.04209090075708243 0.029491601476166068 0.016743796137573985
115 0.04134903924588744 0.03240262102655459 0.03143809973666978
116 0.040339440298150446 0.026960572157827753 0.022204280343555427
117 0.043299739093459154 -0.03381605515510191 -0.0003369442465921516
118 0.039040847081705625 0.032538397593025965 0.004445506192532923
119 0.04059477422823037 0.0387618108393571 0.0018687827993627535
120 0.04109920799916029 0.033666694803479794 0.018672614453196325
121 0.0382403946542838 0.031039086051859524 -0.005401479159694928
122 0.040340069064584 -0.03028918986071915 0.011713566559327584
123 0.038240114446631 -0.041641574676716836 0.020958679689756857
124 0.03686749307879569 -0.03550631707066686 0.005267935263866933
125 0.040338874100700965 0.02926587643809757 0.03374012180300876
126 0.04084698262970497 0.03007792521027186 0.03324326248097765
127 0.04134957487330314 0.029767952599587897 0.015400298098362603
128 0.03930511787117128 -0.030725897186188077 -0.00984247083843025
129 0.039303942675018355 0.027952735376299827 0.003029409365574457
130 0.03850955997777828 0.035151030248918524 -0.016486180852895903
131 0.03714662685309097 -0.043306276457503685 -0.0027627408039463688
132 0.04059589142999646 -0.030115288611186824 -0.013948341887927923
133 0.03850907939511647 -0.02986115945592609 0.01623411632341526
134 0.03904066025989656 0.028047396268189154 0.010987564300841374
135 0.03796990547320366 -0.0330503699668283 0.009880404949214798
136 0.03956589024901888 0.017886337449053345 -0.004271560830554835
137 0.039564769536511724 0.033968056290141435 0.021787884873433146
138 0.03850934487330874 -0.03127312506341575 0.0032103457530372405
139 0.0408473432320711 0.024910157610197492 0.02382343196389832
140 0.04084770331115102 0.027779732002844167 0.012113669603310362
141 0.039304699008835244 -0.02771838514524666 0.0008727521723001034
142 0.039304213762687855 0.029756497228179947 -0.006063749756205465
143 0.04059517166513445 -0.0315878395219657 0.008013479215916983
144 0.039041521222008796 -0.025209539003988785 -0.004715251270834209
145 0.03797001347526759 -0.03325273438401466 0.0077980594499862405
146 0.0408476477817745 0.0237482544471176 0.011973296406453806
147 0.03850850398859949 0.03451831825261314 0.013921782935083749
148 0.04109981051883073 -0.017985461373643024 0.009552276496640146
149 0.03850896203579855 -0.03114893406790335 0.02002245972702227
150 0.039303958868565296 0.026733660782404953 0.011316304902209499
151 0.03742305790136811 -0.024235390218662112 -0.0003687364785090354
152 0.03630360038366815 -0.0343616095865276 0.012177222159922814
153 0.03956516664124789 0.035380722609381465 0.010707712986590045
154 0.03769613257533766 0.0424661730537175 0.029560275480039765
155 0.03769706719362742 -0.03508672288662752 0.011133901606295571
156 0.038240517734285155 0.03200844092900723 -0.004974981347690598
157 0.04281973400482427 0.03399832721152002 0.01930476125746125
158 0.041100190206806386 -0.04079202628544368 0.00678057044790831
159 0.038508440622800365 0.022746381086850547 0.015047316549713575
160 0.04059550091201235 -0.03677261942559476 -0.006972367191533593
161 0.04059449085097653 0.030249358211821252 0.0076199089565877525
162 0.04008344326327129 0.03672128648802155 0.006579166565121738
163 0.03982521756938012 0.02702100422629237 0.014143599144699606
164 0.0360182619341357 -0.032733796548149355 0.021441319649178277
165 0.042335734715650455 0.030081340646071705 0.0010008114683818534
166 0.0400840330002897 -0.03147946004307296 0.0037969145189194306
167 0.03714638568098201 -0.024779322401931453 -5.3617951345414405e-05
168 0.03824052042883422 -0.03371740495214004 0.011021636061142578
169 0.04233529762862467 0.03937891845063939 0.011136277182622124
170 0.03904018021958361 0.02357817766374983 0.018265659654837226
171 0.0400836443059894 -0.028737801555346006 0.012263308029149263
172 0.04084766547193153 0.03128622187817849 0.011969349123768598
173 0.04109960757890217 -0.020471497312259564 0.016346604836396512
174 0.03930373829530358 0.0348278016763953 0.014311871980607604
175 0.038240162705716986 -0.02945094043747251 0.018643754539067567
176 0.03796895699272706 0.027633556441456725 0.023503928324711713
177 0.03904155959646439 -0.04228150310645583 7.18046901747014e-05
178 0.04084771125852343 0.03680338225429851 0.007507189949840493
179 0.03714674322859411 -0.03775683790860018 -0.011723809282496032
180 0.042336047899096146 -0.025853828273889178 0.007975774536655612
181 0.03930455963008601 -0.032269445624323385 0.0020022917962656582
182 0.04033979592526308 0.03497385861508523 0.008141961511273135
183 0.04134931363129076 0.027905735718122323 0.020669661048935625
184 0.041599270516223925 -0.03015770160572882 -0.007004277202584245
185 0.03877549893847395 0.03903862613990433 0.006707299586633113
186 0.039303746451045764 0.03952387012578716 0.010661653060884242
187 0.038239934146055074 0.026579342359347877 0.012882694182862113
188 0.03850871028799939 0.03162357582014554 0.008436416049549656
189 0.03824126723067177 -0.032212314243477376 -0.012773797357321426
190 0.03850895738460848 -0.02996303896952145 0.015083283217767382
191 0.03630314291798209 0.02248431822609838 0.013924604436918979
192 0.04233547558061254 0.027512572893957518 0.01669032544294416
193 0.04059482514078951 0.02915074742381543 0.004386383281970759
194 0.037423248571873506 -0.03190755553865476 -0.0029471489468469838
195 0.039304288705774786 -0.027012261502530225 0.011077163993936663
196 0.04059445398087778 0.03334539621718014 0.012611866082832126
197 0.04033975994929149 0.03579511097801599 0.004834102587022181
198 0.03904014591570921 0.0268755659241503 0.019749003556598664
199 0.04084761818740861 0.030698933268637728 0.01983592371069878
