200 3
0 0.03790007809248368 -0.03420679030295246 -0.01261395669293968
1 0.02571308877552686 0.014220271255823909 -0.06350636023404159
2 0.036386700482142334 0.03243530658718293 0.02918552029782868
3 0.037403078256201656 0.029542025823627298 0.025060566339586313
4 0.037900315342569435 -0.03460760343131979 -0.008296981596794945
5 0.036213547234774594 -0.04058859444954551 -0.008701994126605416
6 0.036213589832164245 -0.04071015140694745 -0.008044223180462941
7 0.03887745925725565 0.02936996214714769 0.011626671443993144
8 0.03756998128696485 0.027829696811542213 0.02722433531300744
9 0.037402812046368306 0.03198733666796273 0.020183670372965524
10 0.0362135697663933 -0.0406146533490934 -0.008307740593895127
11 0.02368854306649265 0.017329660505834163 -0.06930397370174168
12 0.03740320571551485 0.0285868194560421 0.02694998207595581
13 0.038064903934058876 -0.03394148075524564 -0.00770537027427159
14 0.03689745021949846 -0.03834547203168137 -0.0100277382540955
15 0.03919762923431664 -0.030321696599524155 -0.0050996077917944554
16 0.03756872429808946 -0.0354507836979385 -0.014211646494226472
17 0.03723533834974133 0.032510275880546516 0.02105213379953005
18 0.037569729669378465 0.029877432975729458 0.023099702266651742
19 0.037234755378697054 -0.03685625678140949 -0.008641851070819842
20 0.03689804402308661 0.0337617083854621 0.021289759966032187
21 0.037569432968389695 -0.03625983236071564 -0.0001227137101880446
22 0.0365570080825929 -0.03935999843530475 -0.011136763509661878
23 0.037569283116224594 -0.03606924302339662 -0.002945320890334065
24 0.03706734834221432 0.031060095917576917 0.02562881468709799
25 0.0383922340209491 0.03012097677582325 0.014858506117755674
26 0.03655745493573802 -0.039810023273806436 -0.002361951666723327
27 0.03773572017280579 0.029500658357713254 0.022369325938053373
28 0.03604133951467423 0.03498300782398055 0.026778857503194805
29 0.03790006919682577 -0.03427896217674997 -0.013008235702562586
30 0.03655778621662207 0.034114103382732894 0.02375513222537215
31 0.036557315626926615 -0.039573173526476886 -0.005118458576715933
32 0.0380649209897272 -0.034065050790758555 -0.007543907300322184
33 0.026432279230889918 0.004880894662266457 -0.0642336552259018
34 0.026432338834496086 0.013825226328040658 -0.06099496970892962
35 0.03723560654020328 0.030315764203896454 0.025262876628177045
36 0.037734881092902704 -0.03492680724736941 -0.010983835732371494
37 0.03773515456853535 -0.035382078871485034 -0.005730820805066046
38 0.037403102728614954 0.02973906954675634 0.025452763969337818
39 0.03723521545196867 0.03351004947116952 0.018717225250822412
40 0.03855440929406464 -0.03218682350558906 -0.006584949274410871
41 0.038065859869157406 0.025863237361457004 0.027172302103566526
42 0.03621385823462496 -0.04102557122754436 -0.0027808085843710993
43 0.025222167637372096 0.014334273194710203 -0.06511318016122537
44 0.037735181835796064 -0.03530441187441874 -0.005085127837000053
45 0.03822972332344533 0.025312425105664508 0.02728406731173178
46 0.03672775491193531 -0.03879252328038131 -0.007857977092225832
47 0.0372355883814257 0.030362145320958222 0.025219743925421118
48 0.03672838183241564 0.0334200834696279 0.023467933159527613
49 0.03773471627337252 -0.03471551231628176 -0.014407182054677054
50 0.025222109373362955 0.007636051293364117 -0.06798985030406016
51 0.03740310951486024 0.029453905351992993 0.025173733683058672
52 0.027361983626000425 0.012052461862733461 -0.05748831672670298
53 0.03790116359571976 0.027683600717622502 0.025051254368986982
54 0.038555478370647094 0.022898822794967664 0.02900888444928477
55 0.026432309113194163 0.007795730581191007 -0.06277161406272827
56 0.036897886813975274 -0.03851832842472852 -0.0010322896260498001
57 0.03871637995863763 -0.03193248095143673 -0.003272792276109515
58 0.03790004840318835 -0.034243875165938534 -0.01332021365847515
59 0.03638543937211003 -0.039694961595786754 -0.014745603589449725
60 0.03822908250924886 -0.03368980797676607 -0.0011507645576047628
61 0.038877220690867555 -0.03122796974113179 -0.008678922189706333
62 0.03790100922525738 0.028967454866402842 0.022283782400778163
63 0.037402373205689045 -0.03642735154864547 -0.006077286730507737
64 0.037234745820131684 -0.03711351764489332 -0.00911675332579472
65 0.03756946519337453 0.03234237435310969 0.018194360973790475
66 0.03806502993294807 -0.03426853049790605 -0.005533108969121558
67 0.03723519198343942 0.03363569149153734 0.01785338120224535
68 0.038391653550573356 -0.03242687921466927 -0.012175250424503925
69 0.022608310831398405 0.013617941327946073 -0.07595720735795886
70 0.038392503869566955 0.028032934293231632 0.02001838479960816
71 0.03672805350545239 -0.03921065438219316 -0.002010001975503292
72 0.03740238174607379 -0.03643372333898229 -0.0060563748093542405
73 0.03740322686164166 0.028551668905492357 0.027849756282240446
74 0.03740295271966785 0.03075343182510029 0.02220174801404646
75 0.03806546053554337 0.029021556055495126 0.019674233201579065
76 0.03951602555584888 0.021522945242829602 0.023902584752132743
77 0.03740213175627985 -0.036349346932755155 -0.011240605961657242
78 0.03689743964759377 -0.038104618186726405 -0.009792736368829616
79 0.03706660967387571 -0.0378123903571811 -0.006933216009861023
80 0.038716491697898384 0.02902146223874574 0.015004343438198635
81 0.03773532166180359 0.03280028063157445 0.01571421103460552
82 0.037735063664841695 -0.0351776337312173 -0.007322310158924808
83 0.03706676019201576 -0.03789219513114148 -0.004000006600348552
84 0.03689745365001838 -0.03806398062569588 -0.009662370657212172
85 0.03655747885850032 -0.0397665324489492 -0.0017774771842589258
86 0.037235460560367015 0.03118643644250388 0.023002724361049665
87 0.037569291610660395 0.03337787014526971 0.015315422742071426
88 0.03790072772993677 0.03104644108882993 0.017170470339232198
89 0.03773573767469155 0.029224576250068905 0.022830426223948156
90 0.03855359516240071 -0.03140437182077487 -0.022765400513925622
91 0.03822904061115472 0.03064434000084033 0.01517603327888325
92 0.03740325369109545 0.028526709349808103 0.028419293557736668
93 0.03723530521260645 0.03250789300677525 0.020578593447485916
94 0.03756971831585524 0.029826267146217635 0.022828141058694455
95 0.03723544711396585 0.031331427615905884 0.02285172072160038
96 0.03790073122449486 0.03086208368678382 0.01740251187543024
97 0.037402820333179654 0.03164456065673155 0.02053236717783357
98 0.03740239300956606 -0.03637228532362607 -0.0054173739198858355
99 0.037402365089517636 -0.03638745059803762 -0.006666114078273985
100 0.03689746300966327 -0.038092648812466406 -0.009378975432406159
101 0.03855443196940578 0.031571619220385955 0.009695495612438161
102 0.03855416893735535 -0.03180484747275409 -0.01121786983664071
103 0.03604145915443375 0.03370653318447247 0.029257129990618858
104 0.026901165993361818 0.009790119819058352 -0.0598409394481766
105 0.03672761242199656 -0.038765271058819384 -0.010976187969567572
106 0.03706694430702208 0.034119399357019374 0.01858181799583117
107 0.03822956091069406 0.026543663065941345 0.02404893880827345
108 0.03604037839970318 -0.04131201990121769 -0.012168690813586134
109 0.03773534021164184 -0.03563150980123096 -0.0022982951266161834
110 0.03790044182237535 -0.034674365843555766 -0.0056679281058262245
111 0.03638590049937822 -0.04007437398125607 -0.005450512360031809
112 0.024973131488484547 0.018074174039928805 -0.06442454397229397
113 0.037735450527982335 0.03175659441185357 0.017684835539998507
114 0.037066924370115925 0.03415863096012758 0.018219142394553623
115 0.038877607217983404 0.0282231044330457 0.014352763542546715
116 0.03756970822307606 0.030004524387092394 0.022879574039044386
117 0.038065181550616896 -0.03420401548869364 -0.0019182497592092167
118 0.037735445351278686 0.031557318215192115 0.0172889718087362
119 0.03723534263419808 0.032601382648893854 0.020751040516553097
120 0.03806546658068125 0.029347464461781735 0.02048191502936083
121 0.03689834686316872 0.03138580288586612 0.02602596211269631
122 0.03887750212119804 -0.03131433636650793 -0.0025743533326085897
123 0.03839182633267253 -0.032821749854290816 -0.009246530622177018
124 0.03723458226446416 -0.036636129199942524 -0.012009752406262945
125 0.03935686299847377 0.027428090731669484 0.011558187674357488
126 0.03740309423224334 0.029595617778418938 0.02511670453878685
127 0.03839223406905704 0.030171283816150304 0.01485809004274694
128 0.037401945874102366 -0.035933565346413725 -0.014620738335758167
129 0.03839285651734683 0.024766893511302054 0.025924105906466117
130 0.03773557142415169 0.0306083991599982 0.019603296784716163
131 0.037735337628626194 -0.03572659306068388 -0.002374740020385085
132 0.03723487776125909 -0.037034488679677006 -0.006484467541103997
133 0.038715715620983894 -0.031402126296344354 -0.01667688651265685
134 0.02472151698030658 0.013433988480985799 -0.06664254334466638
135 0.038065205163810255 -0.03436460014180289 -0.0017334584052144646
136 0.03672820964631899 0.034536222616042465 0.02042031723466626
137 0.03740266307629354 0.03300662997203572 0.017467091448022998
138 0.03689802018038467 -0.03855153576885826 0.0017591389671528352
139 0.024973120295834247 0.015289472809015454 -0.06463455824420192
140 0.025713114181742 0.01680361240853707 -0.061268658365141886
141 0.03822894501422758 -0.03371687524517064 -0.0037397024806942797
142 0.03887747635930197 0.0293619427269331 0.011986188324578392
143 0.03740223946394658 -0.0360578171859995 -0.008505410933894052
144 0.03790043671529793 -0.03460126307130382 -0.0057927655653802765
145 0.037900172316511466 -0.03451973104365259 -0.010945582167603024
146 0.03773532015167511 0.0325880129236327 0.015717044855176374
147 0.03638654844386216 0.03373147771463359 0.02654907842198245
148 0.03723487355124046 -0.037062166572747426 -0.0066305930374171125
149 0.03903783450213838 -0.03098183526803809 -0.005112151590329876
150 0.027132605333019158 0.018219901619088635 -0.055964663478531095
151 0.036727788038644696 -0.03893441870261831 -0.007413292234812636
152 0.037402244330665205 -0.03614494743985743 -0.008893564905936544
153 0.037900780608357665 0.030821951691159383 0.017752641718296925
154 0.026432383554442523 0.01916987772520202 -0.05828394698949772
155 0.037401786001512234 -0.03559960488819046 -0.01742829311794804
156 0.03740298965039992 0.030556860213734074 0.023317731120147702
157 0.037067353226747056 0.03082902800520321 0.02605914009860569
158 0.037735312190729856 -0.03530060640000941 -0.0024273374258483352
159 0.0375698486578031 0.029059477482873037 0.025093363981970894
160 0.03756929406047523 -0.03605554983412428 -0.0029581899110249616
161 0.037735863270173635 0.028220633013962826 0.02544539100297176
162 0.03839233891527071 0.029139086473995178 0.016994651322274738
163 0.038229459962905166 0.0274161120145563 0.0225653631160681
164 0.036213701523417914 -0.04091317136818 -0.005969539686038804
165 0.037735200067486006 0.03373635832584857 0.01317002792150565
166 0.038391942652427 -0.03286879401700307 -0.00691651074201116
167 0.03806491399015564 -0.034271447688198224 -0.0075206392922272875
168 0.037066595353477984 -0.03747608032503382 -0.006748450451107484
169 0.03756958624766785 0.031077323690844396 0.020103595937255667
170 0.03806561909098097 0.028075914130608455 0.022808100427819666
171 0.0374022318964579 -0.03626208948766914 -0.00894127405095921
172 0.03790088724136976 0.029735990137403724 0.02058641497332661
173 0.03806476124050964 -0.03381010384472988 -0.010188075291979359
174 0.037067229479871434 0.03209735973447971 0.023960332601783162
175 0.037234875152406914 -0.037138311539931065 -0.0065928811581944
176 0.0387164719928762 0.028952759729001916 0.014433838784844465
177 0.03672791668987243 -0.039102965456194655 -0.004596941330829991
178 0.027815118616504864 0.010147868916463805 -0.05775007018460856
179 0.037402536175984206 -0.0368653350594736 -0.003314063799599836
180 0.03790005953381339 -0.0344082531502136 -0.013238435624142236
181 0.03689757319518125 -0.03815684956426968 -0.007257915014255565
182 0.024210551153358226 0.015264807723849158 -0.06765807578485043
183 0.038065590970430725 0.028165735053203217 0.02222746460451959
184 0.03773486424107185 -0.0350690402395774 -0.011611924673212063
185 0.03706734595451296 0.030744291929690325 0.025743388085638873
186 0.036386407024834345 0.03477136121048954 0.024024878920967926
187 0.037235304821464955 0.03247620747632169 0.02061186355488567
188 0.03806533655693996 0.030334864525891795 0.018280663234273853
189 0.03740224894875383 -0.03621176040433486 -0.008553423751321208
190 0.03773490134815441 -0.03502877409706418 -0.010695949815095718
191 0.036557634910571 0.0352086804418925 0.020843946876069507
192 0.027132618625081557 0.019062534232991184 -0.055356865704483615
193 0.03903830602905444 0.02545564495589717 0.019020438229922505
194 0.03790019124817202 -0.034552396946404065 -0.010448390073504668
195 0.0380649161187095 -0.03429205576213956 -0.007638180030888651
196 0.036558075186508984 0.03166119131499486 0.02856269565225157
197 0.03773558091426038 0.030459656412556907 0.019616751716882628
198 0.03756968489935189 0.02999751824919562 0.022170770930262568
199 0.03621448820272065 0.03309107937371537 0.028849197104874186
0 0.047818634832177784 -0.005359901607735923 0.016449686036264777
1 0.025713047949387238 0.008990509395218315 -0.06566748325952726
2 0.04820890312634242 -0.00391942944322156 0.010817459148617434
3 0.04755669847505116 -0.00633053236013629 0.02058029168954412
4 0.04833825893809906 -0.003431503628392421 0.008402005841349584
5 0.048467311856441944 -0.0029761701935954515 0.0067889142710791306
6 0.04781864807012964 -0.005362533630400392 0.016678394895320633
7 0.04833830058947985 -0.0035885004648844145 0.009014523054147018
8 0.04768785759584653 -0.005868088745544746 0.01864227315418573
9 0.048467288596291236 -0.002914296893445965 0.006579143296296317
10 0.04768784848164899 -0.005831050981636102 0.018556802818859908
11 0.02666786526065261 0.017053111069489122 -0.05691284503148158
12 0.047949090116966867 -0.004814915192561256 0.014880881154654914
13 0.04820890137606324 -0.004028954963756974 0.010698040991442595
14 0.04794908620215445 -0.0049209110686240015 0.014629721634614418
15 0.04846730501919865 -0.0030537635772173856 0.006471954269107725
16 0.04833826591425131 -0.003502029659684501 0.008391883125463
17 0.04781863871500382 -0.005367391972774688 0.01652318461831409
18 0.04781863913404329 -0.005294559096572728 0.016638990672971466
19 0.04807916670850514 -0.0044377972815041085 0.01273807245396253
20 0.04820889813378985 -0.003968783025720776 0.010609112688603534
21 0.048208908069151096 -0.004008889555197011 0.010815470096453192
22 0.04781865348490942 -0.005386903475603704 0.01670291198186847
23 0.04794908177483844 -0.004899994245537014 0.014616140356411175
24 0.04833826025164101 -0.003385726480694218 0.008474986053026847
25 0.048467309716092116 -0.003056880972277375 0.006656188257077122
26 0.048467332613316864 -0.0031142847298099596 0.0068618791607460445
27 0.04794908397727931 -0.004906346810655456 0.014654097305258242
28 0.048208888106797645 -0.003944605290360283 0.010642431453196733
29 0.04781864756900081 -0.005366083511145807 0.01665495818486626
30 0.04794908922438773 -0.004941305774684889 0.014746483772119396
31 0.047949072078945866 -0.004800880194819079 0.014615525712559248
32 0.04807915129186125 -0.004384972730125687 0.012467892107927588
33 0.02395092173821692 0.015163002088097647 -0.07030026173035671
34 0.026901165619360658 0.01266941167844244 -0.0595036019738808
35 0.04768785536004261 -0.00587275966102574 0.01866571591509434
36 0.048596040756805084 -0.0027873037085329837 0.005047829984200057
37 0.04794908390521578 -0.004963672944106417 0.014545280070262392
38 0.04768785536004261 -0.00587275966102574 0.01866571591509434
39 0.04794907547203108 -0.004921118881678066 0.014418054663460455
40 0.047949091418606905 -0.00497039007733392 0.014662184707931254
41 0.0482088730791821 -0.0038546845798780216 0.010432679184866693
42 0.04833828158649885 -0.00346490608945603 0.008731038011352573
43 0.028039012251463862 0.015658341409491825 -0.054399199535746165
44 0.04820886708814334 -0.003975143262677036 0.010118644517539148
45 0.04833828142343327 -0.0035602223155976782 0.008721982769815078
46 0.04820889425489984 -0.004027096148111795 0.010509836494028736
47 0.04794907933664924 -0.004832999355844097 0.01456565338045358
48 0.04820890816689155 -0.004125934881066368 0.010679288073543512
49 0.04794908130399292 -0.004857812986425776 0.014614504282133341
50 0.0264323293243645 0.012758343078935497 -0.06124860037248154
51 0.04768784797914605 -0.005834610596100766 0.018533301845300377
52 0.026194825535697946 0.015092411068794562 -0.060334297565093675
53 0.04846731654504508 -0.0029933396589938432 0.006842788257264355
54 0.04807918154764138 -0.004532660671028071 0.012840043938878354
55 0.025955010184322575 0.010743694254909435 -0.06439899184040794
56 0.04820891605341251 -0.004064251248902513 0.010907415567966013
57 0.047687853911276015 -0.005855487648585913 0.018581387130887753
58 0.048208895406325974 -0.004086674976244468 0.010472425926983333
59 0.04820889987821092 -0.004027171351642886 0.010629044654402769
60 0.04755669847505116 -0.00633053236013629 0.02058029168954412
61 0.04794906349249289 -0.004889950797948744 0.014326338059975683
62 0.0480791445771229 -0.0043584476421051985 0.012343487772632198
63 0.04781863373910719 -0.005337062421112494 0.01634742034975902
64 0.048079153248783035 -0.004400873979245022 0.012420546069595655
65 0.04833827853571387 -0.003432858016222979 0.008810254567981853
66 0.047687853911276015 -0.005855487648585913 0.018581387130887753
67 0.04820890092298058 -0.00390211280341676 0.01082783078865824
68 0.04807913498445153 -0.004389022036370354 0.012133882053564287
69 0.025468840251760123 0.01502399243779381 -0.06287012941964153
70 0.04781865342818682 -0.005466275194043495 0.016664699179978808
71 0.04781864942472275 -0.00542656497813251 0.016636267088002737
72 0.04833827513252313 -0.0034958825118947775 0.008605734403775664
73 0.048079169052480906 -0.004476879511354549 0.012614784197442186
74 0.04807915423810036 -0.004318640368126057 0.012530910568612719
75 0.04768784408567331 -0.005827099692594502 0.018459601731252155
76 0.048079143974947634 -0.004321342185123802 0.012444335460849736
77 0.04820890043805317 -0.003990561687465748 0.010763227603537503
78 0.047818637413602254 -0.005349629060536346 0.016408139881021813
79 0.048338282928122714 -0.003502805415202668 0.00881798338526705
80 0.04794910098292843 -0.005003685882559971 0.014770562486755137
81 0.04833828051583228 -0.0034343835645119346 0.008789779067315906
82 0.04768784848164899 -0.005831050981636102 0.018556802818859908
83 0.04807917911492193 -0.004461566124097999 0.012782511290844893
84 0.04781863605939158 -0.005369805331269991 0.016453805545376437
85 0.04846730741473413 -0.0029615180124627103 0.006717013838236789
86 0.04820891665335373 -0.004149072026818885 0.010762052810899111
87 0.04781864454882305 -0.005318928941776045 0.016663507759519275
88 0.0478186531866153 -0.005411537858040106 0.016654578426883004
89 0.04820888924685489 -0.003965043733182671 0.010473389458875023
90 0.04794907502975601 -0.004794428251565799 0.014749505029718855
91 0.0483382800501895 -0.003419451111032888 0.008841538839497847
92 0.047949083482379584 -0.00494593064266467 0.014636624787328646
93 0.04807915655614606 -0.004460725016907211 0.012411542928142874
94 0.048338255098888824 -0.0033966200608367128 0.008369223768977734
95 0.048208891279710946 -0.003963750066735449 0.010653730040049126
96 0.048338290208129533 -0.003484742574630642 0.008997180102710584
97 0.047818643686174736 -0.005358593146107045 0.016581459602816963
98 0.0480791641811714 -0.004368199142798725 0.012780477858934049
99 0.04833828502220572 -0.0035092578613465123 0.008806323678687675
100 0.047949085045114116 -0.004895883790277691 0.014711053848414922
101 0.0479490669610248 -0.0049393516785483215 0.01439096274855235
102 0.048596011520480986 -0.0025382655846289907 0.004837087938112219
103 0.0480791528545196 -0.004354958274012222 0.012595539208301547
104 0.02736199719466595 0.017297734429517334 -0.05602375623549127
105 0.048079156028316146 -0.004382064689735804 0.012670938803391287
106 0.047949071936562754 -0.004934242215647976 0.01441333259330925
107 0.0478186359323391 -0.005325852090745826 0.016554386654543417
108 0.04781865715940455 -0.005399470115027556 0.016763631513131247
109 0.04807916635081407 -0.004521201943443038 0.012541355781364345
110 0.04807914967397785 -0.004344836319415565 0.012556819571230025
111 0.04820890674527566 -0.0038878004066657825 0.010972332805030805
112 0.0287000323210782 0.01621006577873935 -0.05313693863958909
113 0.04794908764507756 -0.004934189122643409 0.014716623555886611
114 0.04807916520852706 -0.004473085242530147 0.012506033805658345
115 0.047818638180179514 -0.005334519290896211 0.016522451498911007
116 0.04781864716155577 -0.005387338453465376 0.016607977749033602
117 0.04794908188369244 -0.00490336449488318 0.014614790917219385
118 0.048208889211760635 -0.003935712115122763 0.010520916723798242
119 0.047949080334471685 -0.004924703312136673 0.014634486326948972
120 0.048208886877646455 -0.0038365939866213073 0.010698137704255846
121 0.04833828782501848 -0.003462060634529128 0.008813479045325635
122 0.04768785013906837 -0.005870555972814045 0.01856302558259356
123 0.04768785670138687 -0.005817071687535226 0.01866724048712604
124 0.04807914911951671 -0.00449090024209234 0.01225132025840504
125 0.04781865300251339 -0.005436781952281844 0.016662612941422912
126 0.047949095475269495 -0.004995221797112563 0.014746400921828795
127 0.04846730091308105 -0.0030553383925879052 0.00650026638680553
128 0.048208905418424985 -0.003942886655599074 0.010970824706438068
129 0.04768784848164899 -0.005831050981636102 0.018556802818859908
130 0.0478186549297144 -0.005404128257951195 0.016787010170116464
131 0.047818637603997724 -0.005340877356041952 0.016456763068319263
132 0.047818647331304434 -0.005280618028668923 0.016749126350876657
133 0.04755669847505116 -0.00633053236013629 0.02058029168954412
134 0.02522220094479705 0.017101819359033158 -0.06364787572119765
135 0.04794908616097883 -0.004983583055246744 0.014574553067733554
136 0.048079143207979465 -0.004399654827591456 0.012317619822586145
137 0.047949085104802225 -0.0048752343522484465 0.014641808682182593
138 0.04833827634316606 -0.0034993952085449554 0.008611667181072308
139 0.025713110013727083 0.0182394334842457 -0.060790184931241005
140 0.02472157280742045 0.019017189986912455 -0.06444091175333093
141 0.04794907770512792 -0.004912951402116023 0.01451593500585184
142 0.047818647378605375 -0.005374835215640204 0.016606334997568813
143 0.0478186451489152 -0.005379493358563846 0.016629713654554033
144 0.04807915908876523 -0.004410355749698057 0.012587147242253174
145 0.04781865300251339 -0.005436781952281844 0.016662612941422912
146 0.047818642603765525 -0.005316467298070462 0.01655773547561409
147 0.04807916816924932 -0.004450633663205116 0.01277066795478468
148 0.048079153248783035 -0.004400873979245022 0.012420546069595655
149 0.047949089757802286 -0.004930073282300564 0.014691625471417377
150 0.02395095657037608 0.016009149641793095 -0.0689775106172689
151 0.04820889344350994 -0.0038566248746653743 0.010799493218701647
152 0.047818638523763515 -0.0052947295372013144 0.016616907081669866
153 0.048079181268864325 -0.004491434036580926 0.012772661707214748
154 0.026667803567385424 0.01157454676348864 -0.05984332250833773
155 0.0483382820877036 -0.0034180008588101055 0.008878830210709935
156 0.04794907802931292 -0.004899559935101923 0.014505745568583063
157 0.047949078685831675 -0.004912587843419466 0.014537872556553038
158 0.04794906877534099 -0.004969038651694041 0.014284019744278635
159 0.04820889672310492 -0.003908272732595227 0.010718840064404616
160 0.04781863913404329 -0.005294559096572728 0.016638990672971466
161 0.048079166398125074 -0.004362011357725679 0.012782612597811367
162 0.04833830056266685 -0.0035303005616908498 0.00900242500130994
163 0.04820891229000094 -0.004054733474606159 0.010836947690906044
164 0.047949076371857476 -0.004879933981319578 0.014431776687540449
165 0.04781864819750891 -0.005416661254598439 0.01663214757889106
166 0.04794908177483844 -0.004899994245537014 0.014616140356411175
167 0.04768785536004261 -0.00587275966102574 0.01866571591509434
168 0.047949077525126026 -0.004850149446241538 0.014682562769372251
169 0.04807916253723815 -0.004329015597086502 0.012774305728781807
170 0.048208882743954365 -0.003934573066037057 0.010386338321839779
171 0.048079162265052856 -0.004577417059958723 0.0124525753053402
172 0.04794908390396687 -0.004944463211562211 0.014546340664830099
173 0.04833828805683802 -0.00352608331015343 0.008822900174081221
174 0.047818650099297706 -0.005387656115961674 0.01659451601564457
175 0.04768785670138687 -0.005817071687535226 0.01866724048712604
176 0.04807915105782541 -0.004439391151303563 0.012357570759380942
177 0.04781863470512524 -0.005315948367211753 0.016550267145431743
178 0.024721529654627063 0.01361727949538427 -0.06644798195339874
179 0.048208917585897626 -0.0041190835178316985 0.010913858381287089
180 0.04781863951058637 -0.005350747361842916 0.01649357541943218
181 0.048079158261092145 -0.00444100483477641 0.012566360006409183
182 0.027815098855502766 0.009345764853330291 -0.05802242330935429
183 0.04768784848164899 -0.005831050981636102 0.018556802818859908
184 0.04807916763220159 -0.004500676487855503 0.012600600954659858
185 0.04807914891197558 -0.0045067785062362295 0.012296559318347682
186 0.04807918236210875 -0.004574260131727124 0.012865716689370667
187 0.048467303782260794 -0.0030600379234348597 0.0064259292338118565
188 0.0483382772092366 -0.0035147465595862654 0.00863371466501995
189 0.04820889410179371 -0.003981554369867642 0.010549622324526532
190 0.04807918371820822 -0.004434320964411882 0.01295880975776456
191 0.04820891369022787 -0.0040587972448017165 0.010857877155207904
192 0.025468803059298356 0.015035607985586123 -0.06417980308446272
193 0.04820889451943583 -0.003997603637915926 0.010483690331075615
194 0.04820887976950878 -0.003916682415882388 0.01049038632851772
195 0.047949056017345656 -0.004818955586121458 0.014289657548795175
196 0.048338297466816525 -0.003532961194391185 0.008978586950284641
197 0.04807916450514491 -0.004461048114115651 0.012559945625604028
198 0.04794908183398761 -0.0049066408218841635 0.014630435916895715
199 0.04846731553283577 -0.003009969074746446 0.006837796880321011
0 0.03689760045683208 -0.03828652172922141 -0.006781102903160856
1 0.0396716912259426 0.03875962622211087 -0.01586874792658677
2 0.04029702473072935 0.03634637377494539 -0.01625020969971825
3 0.04014160341269052 0.0370461862495344 -0.01616083583995435
4 0.036727770477743026 -0.03876863141103616 -0.00721471631253321
5 0.036557161915549564 -0.03956431376238043 -0.008388433833895134
6 0.0363850072261207 -0.03917127104883499 -0.02300185043406966
7 0.03887586631081001 0.04216560807997635 -0.016439290691154847
8 0.039196128308808496 0.04068562761415067 -0.01607832032725494
9 0.03919613570158301 0.04084901415285959 -0.01600137023399055
10 0.03706661132476431 -0.037821124500811355 -0.007150279508154096
11 0.04014158601391565 0.03702926948878716 -0.01657920252271519
12 0.03982893993038029 0.03833654390770665 -0.016103490731049434
13 0.0370664498812139 -0.037340578902215614 -0.009851889972648473
14 0.037235044034430294 -0.03729342482884925 -0.0032149691869548976
15 0.037402366634803084 -0.03645216871734744 -0.006589489638277856
16 0.037569016055569594 -0.035604711949385665 -0.007956916611130238
17 0.04029702291677383 0.03628953699789883 -0.01604162128951711
18 0.040451858159510454 0.03581856165428388 -0.015679375179234678
19 0.03655760494979192 -0.039929022227258505 0.0005593573423268006
20 0.040141590575670016 0.03675556935966767 -0.01623193593467432
21 0.03806475662603497 -0.033818741484764034 -0.010069783558817767
22 0.036040370359941294 -0.04117191326111698 -0.012107632798127467
23 0.037900352866094805 -0.03471011293132591 -0.007419461239671646
24 0.03967168363686777 0.03875870884644582 -0.015947183873068458
25 0.03935529037955884 0.04015007753375198 -0.01615541339813246
26 0.03790062542960679 -0.03501342865211004 -0.0021775620748401346
27 0.03903632255532706 0.041390297902168575 -0.016545074092922548
28 0.04014160217049052 0.03690616988630179 -0.01591085820201494
29 0.036727454087567044 -0.038407324348798955 -0.013599075604403597
30 0.04014159482134551 0.03678283535870602 -0.016141783909024245
31 0.03871594935902288 -0.031590150089793344 -0.012044679041767873
32 0.038391799565746274 -0.03274548330536222 -0.009708237089478529
33 0.03935527521765974 0.0400574955413573 -0.016655334491393184
34 0.040606077014294556 0.03518593719537694 -0.01601414331740177
35 0.03998557123651018 0.03754734576797388 -0.01652186938406299
36 0.0363857849876983 -0.039950370488785476 -0.007839093297683746
37 0.03655683382148935 -0.03894105933962353 -0.014485761753994035
38 0.04091279712171448 0.03395310366081662 -0.01637190640285974
39 0.0404518328973982 0.03569620801502282 -0.016428369728625034
40 0.03621385815043334 -0.04097356542719495 -0.0026618667550355538
41 0.04029702211073808 0.03634641927495114 -0.016270206685971882
42 0.037569007956273305 -0.035602256283770936 -0.008431174470492096
43 0.040141586393659355 0.03693303546912987 -0.01651893912311292
44 0.03919778937851106 -0.030466920210952823 -0.0021591204665854483
45 0.04060608170904555 0.03514136031287202 -0.015937086568001975
46 0.03706661515446178 -0.03760665592155117 -0.006736801341515106
47 0.03951378583954982 0.039420951369684334 -0.016751913808589362
48 0.040297016105703416 0.03625169653401817 -0.01636463567952585
49 0.03806474307400155 -0.033734081843201175 -0.01042818334230561
50 0.04029701174487161 0.03633567996114658 -0.01635932958728241
51 0.039828946728471634 0.03816074817783187 -0.015910918958827066
52 0.04014160060446188 0.03697086597468032 -0.016192646616017273
53 0.03951380405542627 0.03941043595294504 -0.016157346830007892
54 0.039355285156471846 0.04002173892518657 -0.016057040526667097
55 0.03935529094773524 0.040088119741741375 -0.016032060294348102
56 0.03706636352355828 -0.037421322051132876 -0.011698467301416162
57 0.038228654315478026 -0.03328035856552314 -0.009295923928244633
58 0.036557164154240714 -0.039379208984688926 -0.00796500170709976
59 0.037234603902128585 -0.03670679199500009 -0.011916091976404275
60 0.036897160905280287 -0.037599907203170274 -0.015197975475030844
61 0.03621399819124365 -0.041139206277484776 -0.0001273067855589399
62 0.04014158730640623 0.03697364588143554 -0.016350849266264948
63 0.03638579148078715 -0.04014932526431063 -0.007777806966414947
64 0.03638606985902686 -0.04043661148476747 -0.002253505192593788
65 0.039985574029545244 0.03738112071221318 -0.015983460570009975
66 0.03756931881433056 -0.03629344729435426 -0.0027622889877961638
67 0.039828932772997816 0.038205948399424774 -0.016300141482562636
68 0.0363857716766394 -0.0400872293497712 -0.008178616534946798
69 0.039513811274282384 0.03927866611704908 -0.015616957420513371
70 0.038714747373606 0.042718106621543475 -0.0159859241500999
71 0.0372346034820667 -0.036729605506166656 -0.01188081771339968
72 0.03740252325912627 -0.03687650967110848 -0.003599666981427876
73 0.04121724107762585 0.03268838632933165 -0.01610695439108301
74 0.039355275117022866 0.039961612412721774 -0.0164517504640094
75 0.039985577940888174 0.03738469188302751 -0.01566292140667324
76 0.04045183617329919 0.03571734036349051 -0.016285139891543992
77 0.03706678222686295 -0.03795586049878565 -0.0036584913617765807
78 0.03756886575556945 -0.03562215081492979 -0.011314236539456415
79 0.037402245264316826 -0.036325107217298466 -0.00885429114374725
80 0.03951379954554545 0.03938232509747975 -0.016139517952157543
81 0.04060607569032169 0.035249568906639175 -0.01628405585116874
82 0.03672774601061895 -0.038665222863610745 -0.007685194056004716
83 0.037569449047453525 -0.03615814471778455 0.00015909286541624602
84 0.03655699983972309 -0.039243687681478956 -0.011171186932976713
85 0.03672746940722594 -0.03852794349716041 -0.013448181747997822
86 0.040141601002701255 0.03694139035968158 -0.015876184207516218
87 0.03982893669742149 0.038195887895147045 -0.016017082409388025
88 0.04014158895372781 0.036862383423477814 -0.016377011502337085
89 0.03839046961452168 0.04421088372825377 -0.01629631213154066
90 0.03723501352120425 -0.03722763260182082 -0.0035840719174275687
91 0.03967168487330423 0.03891726535123626 -0.016028573821041312
92 0.03935527258378787 0.04018531063255788 -0.016516163698114737
93 0.03935528023612777 0.04004154637742835 -0.016257756879159185
94 0.03935527441944806 0.03992963558962308 -0.01644804340748965
95 0.03887586613437911 0.04214390498052497 -0.01622877021385422
96 0.04166972337034751 0.030869555321380714 -0.01617143682201066
97 0.04060607965657374 0.035193140935776246 -0.01626832841828072
98 0.03756888822328844 -0.0356699006258185 -0.010939357515844832
99 0.0382286556041793 -0.03351464548007378 -0.01003723558795657
100 0.037402231375022674 -0.036297226111449414 -0.009151317202933752
101 0.04045184393867905 0.035699340442490936 -0.01605871843865293
102 0.03672761939604544 -0.03861023343134144 -0.01052858884121679
103 0.04029701677687829 0.03640872808111957 -0.0161913015907283
104 0.04121726127597853 0.03268489517814927 -0.015648182071238515
105 0.03855431210354975 -0.03216984753284959 -0.008876240486389646
106 0.0396716735515542 0.03882914650520162 -0.016489224217902967
107 0.0407597353470232 0.03439355047972928 -0.01599248833274995
108 0.037234703416530054 -0.036735304408095304 -0.009517318277336083
109 0.03604051296368798 -0.04119752413294663 -0.009155891518481825
110 0.036213860724296804 -0.04105531620495025 -0.0028103036593470888
111 0.038228791885934185 -0.033547768418055665 -0.006960329637485702
112 0.0391961251266383 0.040636801666225866 -0.016218039592343227
113 0.040451838219278016 0.035828448053922615 -0.01662748193189262
114 0.03982893960562031 0.03805463443542823 -0.016085629409372373
115 0.03951378918426493 0.039460566496966304 -0.01654320586318591
116 0.04029700501547342 0.036340982652446424 -0.016567614856895115
117 0.03672732195086482 -0.03842115412629135 -0.016270573065855724
118 0.03967169489271718 0.0387866824759229 -0.015725041875393458
119 0.03951381267986699 0.03948256331185506 -0.01574656772689681
120 0.040759717998711156 0.034600064937486893 -0.016468627893267578
121 0.040141602472638496 0.03687970833489839 -0.015912988233030095
122 0.037234863370045924 -0.03683951113407928 -0.006498390306496634
123 0.03756914696382294 -0.03581012014524448 -0.005869595802675748
124 0.0377349022834721 -0.03510261775041253 -0.01072269183391359
125 0.04060607366325278 0.035130878538305946 -0.016563517983069136
126 0.03855294085867512 0.0433582259331161 -0.016189991132522286
127 0.039355297379022276 0.040286696795696623 -0.01614196876068949
128 0.03638576686650469 -0.04003227241340186 -0.00845407268081488
129 0.03903632620711386 0.04148578140857747 -0.01634845507087087
130 0.040141591210363335 0.03685349133405708 -0.016444481131431883
131 0.03672777339000981 -0.03878699663966115 -0.007332954150850518
132 0.036557315111674475 -0.03950278931037164 -0.004983554557523304
133 0.03723517320709572 -0.03742131325535622 -0.0008222181033881122
134 0.03982894040521013 0.038277100636358634 -0.016175801933122614
135 0.03806473884787259 -0.03377787163354762 -0.010825298269142126
136 0.040451831634114345 0.03576417046268119 -0.016328575351776647
137 0.04029703197958626 0.036280920815674224 -0.01582906058799497
138 0.03951479026049118 -0.0288615841232694 -0.014718237522820758
139 0.04014159752125084 0.036976248899270314 -0.016532700564383516
140 0.0410653064790719 0.03329080351190613 -0.01585921789744468
141 0.03806463867960504 -0.033883880253548826 -0.013121673554056523
142 0.039513801756824556 0.039327764128041766 -0.016164674065252693
143 0.03740235888982272 -0.036472289571018314 -0.006757075263105089
144 0.03790019136659419 -0.03431358961051862 -0.010238667558300045
145 0.03604037605324499 -0.041213829822784896 -0.01240642238269898
146 0.03998555661886433 0.03748296382640036 -0.016437545989400015
147 0.03982892880414563 0.03821497347158182 -0.01648414832161717
148 0.038715816939496994 -0.0313827444723393 -0.014305819916274215
149 0.036727498919776946 -0.03847860276093646 -0.012788792277172214
150 0.03951379618433767 0.039479452426786396 -0.016484795500523983
151 0.03740267575410068 -0.03679811347867179 -0.0005038703110947392
152 0.03773520307031477 -0.035440968753214 -0.0048705849279198745
153 0.03982893506527806 0.03797504742469374 -0.015971259256229123
154 0.04091281098455575 0.033980196130234806 -0.016021841790908552
155 0.039356383373090824 -0.029286158831919106 -0.012492026008429654
156 0.03951380108300512 0.03937614104166151 -0.016159501772495467
157 0.03935529670373176 0.04009246014579421 -0.015882035906114735
158 0.038715805561740285 -0.03144734932098184 -0.014966781515006232
159 0.039828937234616356 0.03829026476249323 -0.016353120158346994
160 0.038391916575950084 -0.03269844790048798 -0.007478675342377065
161 0.04014159824518175 0.03689445316438113 -0.016277942702229112
162 0.040606077731647754 0.035182581174476854 -0.016311458930598637
163 0.039671690469696784 0.038917049821767 -0.016141114563511152
164 0.03723442365476263 -0.0363208865766562 -0.015045451877592462
165 0.04060607687764296 0.03508966071573246 -0.01622696546946973
166 0.03773489298411455 -0.03513540269645429 -0.011115319143101817
167 0.03723458831808802 -0.03656606873802908 -0.011860292037671917
168 0.03706649315523229 -0.03749573938355155 -0.009247764478589328
169 0.03967168729986482 0.03890003033070976 -0.01634132327537401
170 0.039671690157606396 0.038993542935917135 -0.01617624038889519
171 0.036727907312096346 -0.039121983074654226 -0.005013089507837581
172 0.03935527039381765 0.040059559590119184 -0.016470010518637133
173 0.03723488534790842 -0.037016442488776585 -0.006230587583848029
174 0.04106528747601554 0.033122771051957524 -0.016386947836998143
175 0.03723476769085017 -0.03689262782667228 -0.008403459811230366
176 0.040297008935192315 0.03631905546041036 -0.016649885894433974
177 0.03871628407591865 -0.03208177163214686 -0.005122759082837277
178 0.03998557698056836 0.03742957677236901 -0.01597886343403804
179 0.03740196701873955 -0.036118055389990474 -0.014412134563265478
180 0.03790002971567292 -0.034212611138448465 -0.013555243810601008
181 0.037235328575290015 -0.037533399905589175 0.0025366133150679718
182 0.039985584952078664 0.037376088051616956 -0.015646368045109403
183 0.0390363310222736 0.04148540074826429 -0.01651002097952059
184 0.03806462232866267 -0.033584481251101764 -0.012880118985631624
185 0.04014160338667461 0.036876558920157114 -0.01595676288913551
186 0.039671680951371635 0.03867547751194161 -0.016236434284452383
187 0.04060606612444344 0.03527472989757061 -0.01665905710012336
188 0.03998556948045551 0.037676579242268304 -0.01648757150366826
189 0.036557332993431245 -0.03975950879559995 -0.005052654219724908
190 0.03723443042619018 -0.0365547069711024 -0.01518889407830851
191 0.0398289352615395 0.03815111585706144 -0.016193053060355674
192 0.03935529117657666 0.039900951227215854 -0.015806441764388356
193 0.03887586517267183 0.04198050896072256 -0.016211301642906666
194 0.03655699742442273 -0.039289815931300834 -0.011244321887999948
195 0.03655704304391625 -0.03945615653333195 -0.010637781972208108
196 0.04029701916588332 0.03625638467146885 -0.015978059088108284
197 0.03919613276512439 0.04058509033380268 -0.0159871160140015
198 0.04045183639245929 0.0356335133196758 -0.016153308430262952
199 0.03871473748845619 0.04280400149877052 -0.016335420363920206
