200 3
0 0.002040425592013259 -0.017563326225321065 -0.03226347218000486
1 0.007503229615349032 -0.04530112276027104 0.02390341351822558
2 0.00601516379363435 0.009038776353565219 0.03137201055059469
3 -0.006744720170347565 0.014626679605616637 0.030866776730347892
4 -0.0017546634505546665 -0.006571570930917269 -0.04088944856965465
5 -0.01005377053241422 -0.0036573409540673002 -0.03662667437142685
6 -0.0023893975804357356 0.001274237821351695 -0.02986867438254409
7 0.003128756412955942 0.012387469167428652 0.01610799583259638
8 -0.008036534649190484 0.016431334735590684 0.023091756619172663
9 -0.009802433375378491 0.007362256202821884 0.034400847318337625
10 0.005745084802799054 -0.0029527703420431867 -0.03124844807786835
11 0.014635971878242532 -0.037682302890909986 0.01540707807459149
12 -0.00019864718768811997 0.01684496442415024 0.03422634153490274
13 0.004963132664181885 -0.009830277978678819 -0.0346548341061692
14 -0.009179394605102031 -0.0032450173427156174 -0.035825357529969244
15 0.0017959304325242502 -0.003040737208359413 -0.022188049625977164
16 0.011027507706745016 -0.0008230189524822563 -0.035942505329529716
17 0.007681697586711528 0.021956366198863844 0.030714530768850258
18 -0.004699285795312737 8.677330836470774e-05 0.018967861318993112
19 0.006105636485760943 -0.011143822616856088 -0.037396753503651285
20 -0.003868041502148787 0.011035088597571144 0.037590249911719845
21 0.006908239849199069 -0.008436419245071183 -0.030548065486471217
22 -0.005427503494963976 -0.00777218534640882 -0.025189897599503075
23 0.004464318822068693 -0.003693811565594028 -0.030876038173204712
24 -0.001837643788889315 0.012326097527084622 0.03320220309000607
25 0.010984927680499669 0.019543145450121934 0.039751185758912705
26 0.0052417871283425704 -0.004497685435755832 -0.03623401652843065
27 0.0009382488173141738 0.009523615441685023 0.027624846769432533
28 -0.007735863812990344 0.01906106610611362 0.030583203413541614
29 -0.004327227248296282 -0.005228898589891194 -0.032208790748913696
30 0.006788248532812739 0.021897129316429502 0.03130748049583061
31 0.0016237675079475156 -0.0019237027252881657 -0.022013325889342482
32 0.005778700453605045 -0.007763200572222945 -0.0306074878926981
33 0.00280523543881038 -0.03851435336398354 0.0038415050314234422
34 -0.014107836292898107 -0.013582698710104132 0.014548903223532243
35 0.0034748946996325854 0.011632380003740238 0.03370676317953863
36 -0.012137694955691392 -0.003631080909733273 -0.028846546958714202
37 -0.003601264728295271 -0.006670282705952612 -0.03298117903532981
38 -0.009396657791297607 0.012178729950241524 0.029678936984687727
39 -0.010237616418260306 0.007275666987680009 0.03218903608443928
40 -0.0024554588151888615 0.0013222359252119033 -0.03133127783310854
41 -0.003196246533030752 0.01442436360372159 0.03562502922343076
42 -0.0012240708126985377 -0.013120927475095773 -0.0362934643199983
43 0.0022556103065266113 -0.026273748738918204 0.012803781056001128
44 -0.0034866314442807446 -0.015538642509258873 -0.04234125813491897
45 0.0009622428143749304 0.01988170210000896 0.03201010469907673
46 0.004148923188635599 -0.004765723673412138 -0.04162953519581606
47 -0.008417890404667693 0.0181820764517659 0.03180377084950487
48 0.0008838689625905935 0.012463895456919269 0.026207282500555984
49 0.007775960969976299 -0.00596289009124327 -0.029873340295035182
50 0.0031052615372487227 -0.030754237346631158 0.02530020776234558
51 -0.006012436937584617 0.012350812039385733 0.024988971227666447
52 0.0001807148474924046 -0.022866082001720828 0.011158371641881458
53 -0.006524508333664773 0.011939989132229918 0.027195234331336412
54 0.0044102887573136944 0.008828466964788083 0.027215023649662835
55 -0.011195022589880477 -0.02212869960104069 0.004129703611632528
56 -0.00034447750884813305 -0.006874055104259649 -0.03114644733121464
57 -0.010114663330945767 -0.002738302227240568 -0.028523994079049188
58 0.002709084613482788 0.002949912213609393 -0.03180344383019361
59 -0.011947562395191638 -0.0032143416234004536 -0.03779032754179906
60 0.00196542708558475 -0.011078929691197226 -0.02682037107182538
61 0.007760523397234306 -0.0031201811295925104 -0.03803727505067038
62 -0.012316818234317926 0.008995092561208368 0.033782057082078626
63 0.0003331156649220967 -0.0017798205592204595 -0.04491455534362217
64 -0.004759402200791171 -0.015611405086663218 -0.03905822980007384
65 -0.0026013059805081867 0.009299387207639776 0.03943778016371248
66 0.002169631732934968 -0.006096288667059534 -0.024660392520250603
67 0.0061020662103878215 0.018922148846535244 0.03207669854073818
68 -0.00166344193028793 -0.004732753752244679 -0.04158724264269294
69 -0.004492823028974698 -0.029929616271873044 0.017903748063656584
70 -0.0012902066104416438 0.0066651219512736375 0.027327320535788784
71 -0.0025283350654980476 0.00667642646414379 -0.032440437308874165
72 -0.002739086891442224 -0.0037991014561367478 -0.03740973570657963
73 -0.0012693257640229716 0.021087927208971992 0.03145304234959098
74 0.011382027481558366 0.005348237510889257 0.03238527384483525
75 0.007833608666141564 -0.0031002908586471095 0.03549227468659312
76 -0.006668493712950738 0.017463361071916123 0.03178303134718784
77 -0.0010440930622166444 -0.004367683030972562 -0.03058132595004616
78 0.0034566504891174396 -0.006714224624890186 -0.03638018666648183
79 0.0028160210654317314 -0.009562019778694938 -0.028662200877966913
80 -0.008182497612230801 0.008757300513082161 0.02447373775774525
81 -0.002457207885125888 0.006804411588660245 0.03458367351006035
82 0.012224644326943923 -0.0025393890291866327 -0.029544266808137383
83 -0.0003375042720980613 -0.007545996206387674 -0.03469885438378645
84 -0.0020656931790111097 0.008207843713855374 -0.03646266737373695
85 -0.003944004024787895 -0.00377734879700653 -0.01942899855087771
86 -0.0050473304766971705 0.007343351528852671 0.029456886114525647
87 -0.004586479560535227 0.002049524694655089 0.03153787661154911
88 0.014788634376239986 0.012499995099687128 0.035523945855004374
89 0.005204513860973918 0.007543067829720226 0.021711549070622345
90 -0.007498701439706192 0.0007935226134156946 -0.04130281830735409
91 -0.001778346634769029 0.016709664652713736 0.020928242340945393
92 0.0069896813542519864 0.015520353840087625 0.027702766960315196
93 0.01298256627520347 0.009375767086284695 0.0276191977749341
94 0.0009751778122248575 0.021083872445946377 0.03535032103527995
95 -0.00762551363128619 0.015273402069342218 0.026713601096453744
96 -0.0024579664356216974 0.014769667184732615 0.02803082937557341
97 0.010947593774511502 0.00547930875253945 0.025745411157165513
98 -0.014229440680445113 -0.00802333176032826 -0.032437463377029525
99 -6.253702316257742e-05 -0.013646874043844189 -0.020184138251885773
100 -0.003994077013992858 -0.005349610632703956 -0.03291398307312599
101 0.0009964140680448971 0.009094585560842437 0.030704833677784663
102 0.00639398657968733 -0.0027070494572956124 -0.028915502141985832
103 0.0035420685568629956 0.01338606423194556 0.02752615500830848
104 0.002883987880702314 -0.03566527102873111 0.01000207388008012
105 0.0007563270866925622 0.003865434937376254 -0.031150778596533917
106 0.002099662731070758 0.0039053577462180664 0.03220119934832576
107 0.0022844959001029727 0.0118522268042881 0.031653491931148164
108 -0.002221977849639822 -0.008336135153149331 -0.037305737811214816
109 0.011055637206305147 -0.014387172954465753 -0.03177742747640665
110 0.001540149877896163 -0.008236611706212768 -0.03418553386462549
111 0.0012652075755172493 0.004157729599217539 -0.029921199584975754
112 0.00720431233901863 -0.018991564294435492 -0.008601000994650498
113 0.004146930259386346 0.006890707083909653 0.023401414169968444
114 0.00021171283419318607 0.018326466455498805 0.03389277809124053
115 -0.0024764085308418334 0.013254850062927887 0.021529561034339208
116 0.0013408393681345783 0.008213980331009146 0.03006398752864213
117 -2.217432533004396e-05 -0.003809025040267911 -0.03501955382519771
118 0.0013674200176436169 0.0028395848443788507 0.0296617550580755
119 -0.0041461724102035274 0.01663948201817355 0.03420064032585654
120 -0.011197027906440648 0.0006658884984625836 0.0312630975058365
121 0.0005109919092950981 0.00852615316699262 0.031562056373702574
122 0.006989752308414449 -0.004265486499941774 -0.0340864699583171
123 -0.0005859447184829152 -0.009502236851860366 -0.0357979276221461
124 0.0033209564230867253 -0.005263703072332759 -0.02504873571601337
125 0.006473108696969973 0.017338543749752192 0.02743120500081882
126 0.007248469369152966 0.008770471930760537 0.028784876097745098
127 -0.007000924746118076 0.010036420814257518 0.03375623390174598
128 -0.0010176262907766048 -0.00539477804587179 -0.03431543450538983
129 0.011508318341775209 0.006320511763160976 0.03953202541147112
130 -0.006472554095702826 0.011976531045405206 0.026698224953410975
131 0.004751721155268306 -0.001428937841164082 -0.027831042561256115
132 0.0018527295452295603 -0.005368998865267896 -0.028913320271974997
133 -0.0055836484256551605 -0.0052973249172569604 -0.036345236816756374
134 -0.0005561896998501174 -0.030171136754189865 0.005426353297011556
135 -0.008725462484680951 -0.0064532882682588645 -0.023906888161251815
136 -0.001619800203877357 0.012322942727808942 0.033825170570261416
137 0.0021627739813379343 0.014625594147620567 0.02805609729633606
138 -0.006477655958031792 -0.012449454397514414 -0.03485471399498325
139 -0.010399168572723043 -0.03652452024295086 0.020570178597916253
140 -0.0045461330491598576 -0.024355798273515278 0.014994415599052811
141 -0.005980318573994739 -0.003703315976046756 -0.0402243073098615
142 0.004465078335457923 0.015943455335698895 0.02603915089981622
143 -0.006314620793437285 -0.0010652926634001705 -0.026660372145645907
144 0.0011737480632623629 -0.013817843046159173 -0.035293824442734996
145 -0.005442691196817343 -0.0010683736753466383 -0.030354082145360034
146 -0.011213826013932102 0.008554657430884197 0.023893464339826514
147 0.014203516725300874 0.009713865890441216 0.031570527463171544
148 0.00249725848030824 -0.007028468721675235 -0.0417495188697947
149 0.010947160333396946 -0.011087588594493143 -0.04335886251406455
150 0.008573308791096065 -0.034501837397829666 0.008566465763533655
151 0.004449200558595613 -0.00371986938266776 -0.03949312352638161
152 -0.00039786066326907843 -0.002944264074451426 -0.03449454548281422
153 -0.005572360821302552 0.00904853962759214 0.03595249998337757
154 -0.0035144762662189894 -0.016928540854971183 0.01516233844872733
155 0.007570440972007694 -0.004572757892071202 -0.019682194127782625
156 0.0005325294321229732 0.007681597700924234 0.025857289192597513
157 0.0034351998072160335 0.01589786576516971 0.03433396634259517
158 -0.002703207066987852 -0.004475060653332589 -0.03619619825841588
159 -0.0005729037728090872 0.01635569715208541 0.03475261088046406
160 -0.006694667148867937 -0.007824373935288988 -0.032352623173750206
161 -0.0013730922827419282 0.009493596028357407 0.028460959060479296
162 0.006606202839983269 0.015723550542443766 0.03028762907739051
163 0.008387110248582344 0.010522282436860007 0.027078986562315593
164 -0.0005041840259848857 -0.009350451057151626 -0.03576621026551013
165 0.0020749513405152117 0.014995775084841047 0.037681160228722546
166 0.00114194770723973 -0.011280548481185768 -0.03271272886116826
167 0.008365554612749043 -0.002385637930421715 -0.02740894552376285
168 0.010910828133844197 -0.0054565200032977886 -0.04297170682476008
169 0.004863694191465932 0.020678299524736245 0.03809235990749918
170 0.010118143733657312 0.01696421243172315 0.021753568617047997
171 -0.005840305892066293 -0.0029229101524311744 -0.029074967997443947
172 0.00966200093893295 0.011140463479241528 0.03490686143830828
173 -0.00034964624674478986 -0.0050027091043858395 -0.033390320640990276
174 0.0025980326077546453 -0.0012254806933707958 0.027760572560725044
175 -0.007733969151157219 -0.006269973671694774 -0.034603150714030285
176 0.01342975863693499 0.006018768579965493 0.03096927674005737
177 0.001048280463983373 -0.004586771686620878 -0.03806091502525006
178 -0.020202723979968903 -0.02744630638869794 0.014473430774920887
179 0.00848243546969421 -0.008656897754887856 -0.03286018747761402
180 0.00170949376797481 0.003189778965570541 -0.028567184108618714
181 -0.015083872809643302 0.0018387826643830943 -0.028921769076842165
182 -0.00732958347183036 -0.04339207989517069 0.011800446492173565
183 0.005676593540966527 0.01181679434174197 0.028577394834601158
184 0.0004572495480371225 0.001283119853584258 -0.04548105486867086
185 0.00012047618525737325 0.014273184717440735 0.03060618842246044
186 -0.0026754742607538393 0.022523105373529348 0.04080685706730788
187 0.003708477473168898 0.009492594394415846 0.03433747652525629
188 -0.0032699217505160133 0.00922691565760694 0.03220084298327412
189 0.0018789799011867635 0.006040675287821096 -0.03435474816488657
190 -0.009510730825298158 -0.002366153888536872 -0.030834222262950822
191 -0.005790445382629572 0.0062351770048417144 0.029294249931954258
192 0.012390026223253393 -0.02667551912850949 0.007966859631374598
193 0.00035783890906908945 0.010970203615008741 0.027528110294407274
194 -0.004660887987573525 -0.010516535818293909 -0.028443079378034947
195 0.003276112195841785 -0.0008364243576966593 -0.027309011502006
196 0.0014676630237713253 0.018349572801703365 0.032685963290894696
197 0.007575764970986207 0.006902835959186983 0.025587726156298306
198 -0.007909874072414155 -0.004605426281895458 0.026998796762472445
199 -0.0004657271333022815 0.013716329587829503 0.02476828417599727
0 0.0008462897435626456 -0.001369405449583222 -0.006583593966367721
1 -0.0010605823322304975 -0.03272184006079079 0.014889157657211258
2 -0.00530428597955486 0.0021214439436692094 -0.002010986121431267
3 -0.004729055616541564 0.01191740195100048 -0.0007476884940106621
4 -0.009748675241170152 -0.007975669809731911 0.0023523793015033934
5 0.0006409122464677078 0.006500320018939029 -0.00051835452604998
6 0.006870069652433378 0.003640198302389352 7.446826400714368e-05
7 -0.004377975323452245 0.0054271745281057465 0.0022739015289688913
8 -0.0033770180802581845 0.0064691951242722215 -0.0004095005513524569
9 0.0011027999538441302 0.004640729919093133 -0.0065366196321099135
10 9.736524717172956e-05 0.007946407685389675 -0.010662325322383856
11 0.014702296199727044 -0.031663555373972946 0.006919589192456527
12 -0.001294323961448237 0.009327752145745306 -0.0006796664268030744
13 0.004300926989049068 0.008029580333540972 -0.010682947149196709
14 -0.007188649415305448 0.01058432843342548 0.0022681132356866113
15 0.0002571413182882419 0.014612170341246304 -0.005534955451952407
16 0.007405635131669669 0.0016519003427920374 -0.0042098643313927125
17 0.001772565977014695 -0.0014882438782789567 -0.0028712901167432317
18 -0.00423479671330812 0.0015128073324349642 0.002119499506681548
19 0.0032340482464630824 0.0005031381558990196 -0.0010332743622038926
20 0.002663003251921694 0.0032184450328788354 -0.0011213984716164985
21 -0.003273455532924203 0.00944429941089813 -0.0069643345365042325
22 -0.0025744298320899694 0.004820104111737217 -0.0041334752016647935
23 0.004341800429468093 0.013488471338353483 -0.0008054726390906014
24 0.003865198002968452 0.005677416604894922 0.0002172127994232581
25 0.00029784349674250726 0.0009756724033649355 -0.0005935531413794048
26 0.007611925715565196 0.004893608338469951 -0.0012248441706208396
27 0.00410995379488591 0.0004891645271865681 0.0022746792349353923
28 0.0009411739387111887 0.011935778098812494 0.0007404299268927231
29 0.0011408589445444251 0.010981809007502695 0.000895210505063998
30 0.0035900620741183657 0.005293334701143272 -0.0007431291635295323
31 -0.005084304880583888 0.009483352272552432 -0.0019381364587620215
32 -0.0007481630782844098 0.005433343706770443 -0.001039511217483871
33 0.006036545557988292 -0.041697301570815054 0.004975079441378677
34 -0.009791337932855276 -0.02876922999619213 0.010474493505127358
35 0.0033736094975750797 0.0037713546942573263 0.003911045077587605
36 -0.011669794547904053 -0.0004883885427747307 -0.001461127029205693
37 -0.0026776704818950343 0.012588869812640338 -0.0026477950633379127
38 0.00347755176051958 0.009510442360616357 -0.00129803203469038
39 -0.007318082485550978 0.0017963676441412084 -0.006943948852695739
40 -0.002654216523555925 0.004750647941034097 -0.0009009777848395933
41 0.00045476472160385986 0.009738181930517849 0.005479536008107105
42 0.0010603961478107236 0.009902327102753673 -0.004175144476773168
43 0.007210847371486764 -0.03400133502905647 0.023751363051532942
44 0.0035819037363885517 0.0031530810408026827 -0.0047210213332183615
45 0.0009393787106208998 0.004090497190136266 -0.0073559507875911034
46 0.0022596693087536743 0.00797616079023427 -0.007181964458191609
47 -0.003765965971473398 0.011759139678655599 -0.01194417294803437
48 0.010353154074871244 0.005839722479134529 -0.007529435457367048
49 0.0012386831054873038 0.002584118648248546 -0.012794493543111116
50 0.0037430254470716996 -0.04806676879888486 0.021270217330030344
51 -0.011456789611435647 0.011504391459517482 -0.0019207530300507855
52 0.0007039487631702659 -0.04022761182824992 0.011901529488069724
53 -0.003274884831403726 -0.0007037278841823635 -0.0037853871813112658
54 -0.00047040553516305896 0.008116445186361634 -0.007320693882175232
55 -0.007124537165199743 -0.02260309229824628 0.017091630216426484
56 0.0013912007062014224 0.007786030990151313 -0.007312052627708773
57 -0.006240906047643019 0.009442231591827416 -0.000805264677641887
58 -0.0011851005482949543 0.007515981292242426 0.0009748584294281409
59 -0.0040816609038636376 0.0075344073291972406 -0.005698819808219485
60 0.0017143172061486953 -0.0025524159233993454 -0.006744909386633982
61 0.0062705743818493725 0.0031719666218328908 -0.004978807328263654
62 -0.00013621814928721498 0.00652792824909593 0.0001315099570340164
63 -0.0015185990739054363 0.005458974870690644 0.004045400069099453
64 0.0012167084437016418 0.0073195847858275355 -0.003345469062891779
65 -0.002955931428854138 0.008512094362000587 0.0012821271650593907
66 0.0072433605306336385 0.004745137273695698 -0.00022224750147856187
67 0.006007111471161439 0.006292171060986642 -0.0018479862775561615
68 0.0017674728357941032 8.098162988052007e-05 -0.003566051151311464
69 -0.011204821177143547 -0.03814364004192304 0.018748126017216406
70 -0.005987484921297213 0.008300741240056694 -0.0060861972783188
71 -0.0015834437015289082 0.003276179118558556 -0.0003794971022431787
72 -0.0032310982385606625 0.007190028423481655 -0.003807472185077987
73 -0.0014333770817660692 0.008302387989675898 0.005522026517782948
74 -0.0012779048429151785 0.003734799660888114 -0.0009242193772013019
75 -0.002067131003114883 0.004617004888753871 -0.0004683601942808008
76 -0.003534969244162925 0.012887773959046903 -0.006533974969469711
77 0.00546867957339044 -0.0010922546040886827 -0.005507879296341868
78 0.00035418617566487787 0.005208432360753749 0.003835079615257239
79 0.007790407138991817 0.009780077985081272 -0.008358495099161402
80 0.003698625761825102 -0.0031475618436888776 -0.0028873281219422495
81 -0.000492673155659683 0.010010389233313866 -0.003577631439070396
82 0.003663526688636093 0.003757290435997142 0.002278181266287413
83 -0.002423176057853323 0.013183835931949692 -0.007623634942494642
84 0.0019385496792051296 0.0050816808177315004 -0.0022094108893722098
85 -0.00483655166785877 -0.00027599662931655083 0.0008922553842911976
86 -0.003823121341192587 0.009918616603033451 -0.004756542145477667
87 0.004865780546037493 0.006055296137719986 -0.00702398948218428
88 0.0006936106875130438 0.0036643327768080165 2.928720217658387e-05
89 0.007171545527087014 0.004201811649491469 0.006689670518465127
90 -0.0008212428717624329 0.010797656590887193 -0.0011022899976228934
91 -0.00440424502089826 0.0017267866650758565 0.0016859877615482965
92 0.002601552101617194 0.008769155625329775 -0.0010581686531216314
93 -0.0008140378756764308 0.00802944911180379 -0.008022367493364435
94 -0.00014880466293914346 0.0021639456581610435 -0.005067955311638173
95 -0.00600116782572041 0.012983690217458724 -0.001266260739671364
96 0.003513256606070505 0.0012957739273250918 -0.005113844919897116
97 0.0002676943324099873 0.01159338748195948 -0.0034863998028695498
98 -0.0008608238331851703 0.004181208981335087 -0.011991640636340686
99 0.004893585850991797 0.010426454987593807 -0.00018154983163037874
100 0.0014255884123569075 0.00938212359907598 -0.007315087514656329
101 -0.0028162501180764316 0.012530260124894929 -0.000255760671682273
102 0.009093256659484489 0.008494910664176347 0.00015102952923167628
103 0.008163441241672321 0.0037389326311339788 -0.004910760572839741
104 0.0007344434394826738 -0.03475281967327297 0.010827202099704308
105 -0.0035450418276695836 0.005721588305561416 -0.006815483702234906
106 0.001707579269100784 0.0037509071093380112 0.012261805464678949
107 -0.004125141391767247 0.005833133386728636 4.8535642280994606e-05
108 0.0018331773541001885 -0.0008792051281764565 -0.0005603832330105946
109 0.00221952775518202 0.007540144621700176 -0.0012913146662319602
110 0.003938895627710881 0.007622430300976789 -0.009135219031274885
111 0.009683271186252784 0.006276660530505091 0.00020191688216505965
112 -0.0039551869905887615 -0.04582293937437143 0.018793223035815904
113 0.0007874000762873312 -0.0017479603878718317 -0.0029914995388803864
114 0.004972711578137039 0.003509355938087176 0.00011642916165868766
115 0.0031118791596319133 0.004290478354147486 0.003196449619278889
116 -0.003794008626402598 0.010977447424879258 0.004798718175248996
117 -0.0011839142408497788 0.004378209080595618 -0.001420056040594822
118 -0.004714367745635415 0.011344785489510706 -0.006292551426039003
119 -0.000625049749726117 0.012668272659673428 -0.00042339729445985824
120 0.006926561222568354 -0.003956319191588675 0.001401305443238146
121 -0.00308619491098059 -0.0015273329670679337 0.010352237913591938
122 0.003943874700893836 0.013117632162542817 -0.0010792088744457431
123 -0.0007757502306791186 0.004995393724083753 -0.002922924382735212
124 0.0006854907240393393 -0.007223128173264377 -0.0025237722271175336
125 0.005714628270306221 0.0036182804469169078 -0.008762143730510867
126 0.006366832700826705 0.00603617061442183 0.0001424188618669095
127 0.0034324213794985764 0.007915490581380951 0.002147533041071764
128 0.0018265672623308284 0.005426513081386097 0.0022217791784527666
129 0.008655860943938956 0.010838589888247933 -0.0005821282447374815
130 -0.0025369970887047927 0.010311741361559022 0.001261392915948678
131 0.007765564544183298 0.0003368774861254116 0.007898526716124309
132 -4.586403964517566e-05 0.005808047523467951 -0.002893408702149068
133 -0.011872939420948192 0.00359212227664732 -0.0058407081676380285
134 0.011366269995867737 -0.02526418826835719 0.005802410669002937
135 -0.007029441477590631 -0.002892005903395823 -0.001000637232887569
136 -0.001500207997974963 0.006946313000443259 -0.008561495337463518
137 -0.011009598417775438 0.005725903358052217 -0.0012445964244335028
138 -0.005971601904190688 0.007079324558218357 -0.0033326270456867924
139 -0.001539383782029148 -0.03250102743758401 0.01828633845128936
140 -0.00267797928601219 -0.040021991784177424 0.01879247393402958
141 -0.005094315907425831 0.010425269621377282 0.00010853753758371942
142 -0.0029493341238657697 0.004935758404948323 -0.006691383356960928
143 0.005218050675023494 0.002045816602240621 -0.008764586216564202
144 0.004866643290465883 0.005232498714828317 -0.008995154155069837
145 0.002153779740916153 0.0009232005101233354 -0.0022282598746890953
146 -0.0015559973444737168 0.010000643721665571 -0.0012278524013594541
147 0.0037983323342131725 0.013793361391222815 -0.007462516047540717
148 0.004157499195589262 0.009611171186322268 0.0009189944680432494
149 0.0015432257485776465 0.00043048646643950583 -0.004630134191645249
150 -0.009052528064619633 -0.04422889566205851 0.009449167876680507
151 -0.0019640203145990134 0.007982475545532816 -0.006093585878496413
152 0.0010568156291806269 0.0017194142371802813 -0.0014987451484396452
153 0.006036567349942068 0.008069669110904919 -0.000476129797188668
154 0.00233288420711632 -0.04411092047012451 0.019182027404841477
155 0.011220696480151587 0.0052702285681729445 -0.004170713006984954
156 0.002570381390937883 0.013148799416236048 0.0007352128415298795
157 0.0031687602798225016 0.005759564101312412 -0.0036873674810828164
158 -0.003930502327576288 0.004629821922182034 -0.002500638221224788
159 -0.0033258736709153337 0.015068435226227618 0.0055041463699636445
160 0.0018333425012505289 0.007604460932433577 -0.00336871041868525
161 0.002001323519051943 0.01047693154815666 -0.00015030911806662717
162 0.0032139246384851883 0.00044742823246217076 0.0003231716534755971
163 -0.00596546319391293 -0.00035331722703601555 -0.005323359841555901
164 0.007089211348241642 0.0029236555960730874 -0.0014370549116001982
165 -0.004191061643672131 0.008804557637429627 -0.003199485299315255
166 0.004857726577967773 0.006694117795174891 0.0012577533073681382
167 0.006880420885566146 0.007669074272754001 -0.000921047785884338
168 -0.0038189116819944205 0.008824250285766909 -0.004364496331944009
169 0.00019555491543764292 0.011678870582643684 -0.0016054087522808375
170 0.006740381631955963 0.011199844257793974 0.005582366675892736
171 0.0006633463707751003 0.004270017610762786 -0.0026757249933793623
172 0.013036180861613955 0.003844254628102877 -0.0008987370715246024
173 0.003226949872363001 0.006495245963279134 -0.003069487431081472
174 0.0064103268035880165 0.00809365442388663 -0.005025083750354972
175 -0.0029157772698031794 0.001763556518844387 -0.0016122110413927943
176 -0.0006223533114078222 0.009420668867213565 0.00042955150941208914
177 0.0008338913517389555 0.008536248474271396 -0.008677413285721913
178 -0.01333007124340227 -0.04238405553140856 0.014624487370577532
179 -0.002580574657350193 0.0035545642528926717 -0.005372565973309595
180 -0.0003147909137513399 0.012393596319599728 0.002159780117615931
181 0.0010258211978668372 0.012763575381074407 -0.00611406098285544
182 -0.0032026927470946084 -0.0461940187286804 0.0174543262147986
183 -0.0028179175813445624 -0.004017077106057431 0.0037226404184272505
184 -0.000233789180088477 0.012448789704227822 -0.008057948919322336
185 -0.006005045824380287 -0.0006450060194451712 0.003306174215473197
186 -0.0041472569680191945 0.006296746560728261 -7.33810826305803e-05
187 -0.0016955706682653844 0.003535362345524793 -0.004809486942796877
188 -0.0030452792090803105 0.00888962993490688 0.0023800952818114757
189 0.001525915179620918 0.014107156871450865 -0.00419070207328405
190 -0.004480913533401923 0.0022722767861700546 -0.0021701779238568336
191 0.00045577355392734803 -0.0006017904884150073 0.003304384521338452
192 -0.010251266378192417 -0.04870606155483073 0.01482649162312765
193 0.006185299834132505 0.004666864450713211 -0.002161531019118909
194 -0.00729292375986379 0.006624722186610733 0.0013593018587522085
195 0.0060440592153880104 0.002514754754421051 -0.003225855116358936
196 -0.0008916929397017413 0.005817060802989944 -0.005384678298453557
197 0.008190996940946285 0.005149894022371636 5.483614843143636e-05
198 -0.006374700951282952 0.005954999905451756 -0.007786924176995266
199 -0.001558925600076328 0.009578583746465297 -0.0037548221481894448
0 -0.002018699709311905 -0.009513214579193845 -0.03613837489907789
1 0.0010006747277630547 -0.0032428479879368366 0.02239935527795709
2 -0.0070889861662937585 -0.01172248489950215 0.02961790950440352
3 -0.0071163637768724836 0.003996996167335801 0.035433769120194136
4 -0.005362058183488887 0.0019657872003837826 -0.025596982229035316
5 -0.003477938461621713 -0.002570284047613061 -0.040363879478713595
6 0.004361894626885722 -0.0021373342709690253 -0.03988739270168691
7 0.0006067338481170459 0.0009056053997933966 0.03109987164741963
8 -0.005048265069758667 0.0016253559391556788 0.029979655926022156
9 -0.01113023415865666 -0.010390088619743946 0.029197670901725828
10 0.010777608274571332 -0.0054947753224323884 -0.035919386680223174
11 0.013278967091256089 -0.007200033654551241 0.0263225677804127
12 -0.0007521334190562015 -0.002423612425420295 0.03624940746326651
13 0.0002004663868227577 -0.00195842228430746 -0.02767548227567289
14 -0.013713586886821297 -0.00645273162108739 -0.03693551301835696
15 0.0028207782795628515 -0.007812103268134573 -0.022806270026560726
16 0.0038501816105598885 -0.003666405030368651 -0.04435094754284955
17 0.0010674014953289679 -0.0020538806633480858 0.030503578116521275
18 -0.006839475050479292 -0.0004521982586957222 0.03030904577359106
19 0.006275246887135898 -0.002736811478235953 -0.03160511718256492
20 -0.0012706458467441773 -0.00090477006774968 0.021113945995119593
21 -0.0024761519919453898 0.001462315048516895 -0.026878088391047716
22 -0.0005878010140945786 -0.0013372295023212355 -0.028903792752642102
23 0.006723334654838514 0.00504664969637339 -0.030976219621402557
24 -0.005228134720189575 -0.007430018704331794 0.03565017249749611
25 0.0034518282419945256 -0.0019340673124951385 0.03557733457902437
26 0.004602065444284376 -0.006101423183409533 -0.03060260909781678
27 0.0009345900507027639 -0.004267310968863167 0.034363779537660344
28 -0.003195588370656588 0.002992931328809484 0.03181956679355567
29 0.0010547795520383253 0.008760354316962243 -0.031326222544639425
30 -0.0021058098367783273 -0.005195554158516753 0.0366455553793448
31 -0.009317601330953836 0.0006364967136890769 -0.029507525181498802
32 -0.005317709279373853 -0.003857863782291991 -0.04246392237285766
33 0.006003397807196706 -0.007158675938335274 0.03161824686412176
34 -0.012080601244307904 0.004509676418288713 0.02833587045101592
35 -0.002612645519331814 -0.001741960953099881 0.03396611979411278
36 -0.009525680020031485 -0.008890609133115217 -0.019997548459815447
37 0.0019417884123605518 0.001920868909753088 -0.03543430553774622
38 -0.0020146830681844127 -0.00041758598563767374 0.030172344635631444
39 -0.015169481616626082 -0.002336014425425914 0.02597726500847512
40 -0.0002776813876243789 -0.004293988645162593 -0.039106201515903924
41 0.001824548382234642 -0.004738186296053541 0.028525626919330326
42 -0.0051737938172852025 -0.004380359332542164 -0.03981151204966197
43 -0.0027694846066905823 -0.00393828781242378 0.02144200452462717
44 -0.0038388443323415216 -0.009208544985569299 -0.026919960278664813
45 -0.002238748042333224 -0.003261060850567446 0.032789911279208786
46 0.0015767062958206499 -0.000514677774949051 -0.040000026301840706
47 -0.005411837491563903 0.0013684929355574221 0.0258882263881939
48 0.00357618669974797 0.007829326291431293 0.033273256179417295
49 0.007964081711301842 0.0022744382868084513 -0.03680503034113965
50 0.0008128235280330277 -0.006739652846326549 0.025961100347794627
51 -0.009961017679112491 0.003030345190035831 0.024286882692786328
52 0.00583633742682621 -0.006565924628907982 0.029413996153437486
53 0.009061083047140326 -0.009583921852832933 0.02693672415609157
54 -0.005768307009071289 0.0005162587651565617 0.022724558355252587
55 -0.004477748512194901 0.001899821385302286 0.032912440076439224
56 -0.005275355201099801 -0.0010933863173226014 -0.03099992199270439
57 -0.010624007001681854 -0.007978282254008375 -0.042041330564899254
58 -0.00029853473288883343 0.0032859482303572406 -0.03096230177206116
59 -0.006988776978775549 -0.0017674987417353374 -0.030829737242946735
60 0.004372847183709082 -0.004269035048618072 -0.029693733989054047
61 -0.0028356440464150645 -0.0033155186095512575 -0.03617396782920043
62 -0.003886881825971321 -0.0004778860637066132 0.026764368748270317
63 -0.002219669507384083 -0.00023610599968607905 -0.03417828404434642
64 -0.006908726615149123 -0.002826904507077406 -0.027643315271852598
65 0.0015421140300781455 -0.007103936792325818 0.02377176167331533
66 0.00998409130774669 -0.009541761876722753 -0.04058654831650034
67 0.005969678430556499 -0.010425850538239266 0.02952354763882604
68 -0.0026095618416740705 -0.0016137133216081838 -0.038001886101311944
69 0.002367638536486888 -0.00199434141881083 0.036387459168095014
70 -0.005187760032971105 -0.004691079066220575 0.030170190280986404
71 0.0001547975236968844 -0.004123411830704724 -0.03012332534175345
72 0.0007704687595743026 -0.003873096885570237 -0.03216462881242792
73 2.410077034670742e-05 -0.004100381809648092 0.020706122463578953
74 0.011957252668731447 -9.07818166390878e-05 0.031253933561653076
75 0.008033700205327357 0.00047997308880759503 0.028665713560617874
76 -0.0026679412053134052 0.0017629112352971488 0.040728152222407096
77 0.004153863327282927 -0.002955001554344503 -0.030473432741650125
78 0.00451022963836244 0.0016591726163099729 -0.03717096022448335
79 0.00864348531644088 0.002455610704445695 -0.03137975222311263
80 0.0067762735586176116 -0.003065731569046479 0.03686154459314711
81 0.004779752186887475 -0.0026541788393762943 0.029224808368773954
82 0.011201627278868476 -0.0011132642670383759 -0.024710735611293482
83 0.002067467366391025 -0.0056461646344109105 -0.040102135858459016
84 -0.0009808993657512179 -0.004291294882580496 -0.030886644982070013
85 -0.006541102921176441 -0.013972905688231847 -0.031985966604858834
86 -0.008552487583653769 0.00019017944357911654 0.03195181529836725
87 0.007920112857492046 -0.0019604022442162895 0.029886046252863237
88 0.0005631880005005641 -0.003276544205092595 0.034923852994198035
89 0.004197362750214317 -0.0047057433248351745 0.03528370109865509
90 -0.004321685125515624 -0.00024044048968213313 -0.03415815565985207
91 -0.0017444414170994516 -0.001787399772056407 0.025175486584255672
92 0.00989633591642794 -0.0002282665409367307 0.028438492084739454
93 -0.005755994417825375 0.007845162868735815 0.02730857037259625
94 0.008310852954586861 -0.008979149577622234 0.036010652825050206
95 -0.002094295630061284 0.0019696138216186015 0.02888245269877888
96 -0.0012571664347375533 -0.001699901065735837 0.02979862266139421
97 0.008052693792840585 -0.005255454320938196 0.03890954135887976
98 -0.012068938409236715 0.002384591526572553 -0.03753395460414209
99 0.003917321089111005 0.0012164247648463024 -0.033045793992674044
100 -0.0045115173601482095 -0.007000778741593486 -0.03407325804448274
101 0.005656121393580441 0.0011166170936503655 0.036107173586126785
102 0.005200601049321615 -0.009140308750541564 -0.03210415758086932
103 0.001004958166494957 0.0019130967263452925 0.03603529279808923
104 0.0044208647101449915 0.0012112601271754286 0.034871136136485355
105 -1.2219821873132863e-07 -0.0005854176209891919 -0.030922679822546727
106 0.00310289433337994 -0.00495208909587807 0.037300325551716376
107 0.002423571200905148 -0.00520458222031947 0.02757566770233754
108 0.0031112757037404393 -0.001985718073192061 -0.036709210941912436
109 -0.0023663820252346687 -0.007932150248875496 -0.03349925244127617
110 0.0005401717642805753 -0.0002939449588324179 -0.030124692592492987
111 0.008390213518526923 0.002773332672871439 -0.02557860305646903
112 -0.00545974161716771 -0.01203464380881325 0.026890079788754764
113 0.004398234138083643 0.002698873722793817 0.036980460395460865
114 -0.00047424020104050793 -0.001772761347420826 0.03340334264632452
115 0.0010894010914658274 -0.0015731986924649236 0.030366502881520187
116 -0.003024254095845273 0.0016240587556956496 0.02850048650140123
117 0.0054135962384517095 -0.006487759672775852 -0.03095717501312492
118 -0.001029708587494415 0.008230152871868374 0.020400879860774712
119 -0.01352389255733999 -0.007347585593850348 0.025554275319257094
120 0.001887983180008379 -0.003871517006496652 0.030899799597877503
121 0.004154845650246561 -0.0013743946749759667 0.03655580246272544
122 -0.0008208763297442856 -0.008597917872725652 -0.028514513443137594
123 -0.0009551886713472877 0.0012639681558545687 -0.036327737649133635
124 0.010252015440652747 0.00013574366975892954 -0.03414508842722991
125 0.012403792771929337 -0.004535113530621564 0.031567595937834966
126 0.010775258055655226 -0.0004201399957298006 0.03244609855632127
127 0.009410000394027866 -0.004538082889549062 0.03425935947224597
128 0.004476143697984675 0.0026134872896779165 -0.02691293943215216
129 0.0034964429110963674 -0.0035722957361320855 0.03301614666777656
130 -0.012832908531353784 -0.004478591156712473 0.01852549795471526
131 0.0025914451071894287 0.0010323662699615276 -0.028436886271133045
132 0.011660937166873421 -0.0027751509579809638 -0.03305145559452919
133 -0.006201105703150772 -0.0025371916941620675 -0.041964753843837514
134 -0.003631112684433349 0.0006671183551198862 0.032186661824783004
135 -0.008476386722837848 -0.001081636155767375 -0.029617112419164184
136 -0.007624988016151246 -0.004238922550328289 0.019861702381951764
137 0.0043599005701644745 0.006506935268105626 0.03417899175112908
138 -0.008736653888135743 -0.000748769815676795 -0.03913082994293605
139 -0.004139440857669478 -0.004874550279726109 0.029628640419909077
140 -0.006075925938163133 0.0014384103193507969 0.036119200622185876
141 -0.01365170316132075 -0.00015012973430562557 -0.03364582744210624
142 -0.0011716767687338608 0.0015249701147356243 0.03812526601937096
143 -0.004851701632036295 -0.00858559958522413 -0.03459545023524939
144 -0.0010715805963746987 -0.007098017050611451 -0.02876454363049248
145 -0.0040512185058150865 -9.381569391404333e-05 -0.03315992738622489
146 -0.00815482681048059 0.005459107186366337 0.02891669770575669
147 0.008878291337876654 0.005129502851275634 0.02698117359309092
148 0.01182596264457586 -0.0027325447784951355 -0.03510037450396477
149 -6.853068900710552e-05 -0.0004852860454611467 -0.027770662329696542
150 -0.0021806744725698206 -0.0033988928842162425 0.034506396693740185
151 -0.003953719907999805 -0.00500844167352402 -0.03589953258211937
152 0.00909915389157144 -0.008784554936515088 -0.03288827685583147
153 -0.01474948678966647 0.005973180773797972 0.0271814433236107
154 0.0021530516330606386 -0.0013949236586305314 0.03418743397424205
155 0.010296487638006599 -0.000733188908497029 -0.03319894341853716
156 -0.007798491582817639 0.0033932360351214552 0.026597739853223116
157 0.0006886490081705957 -0.0023683152252767375 0.030954707639831356
158 -0.00564029159368095 0.0037550298086349724 -0.03253477636526045
159 -0.002760298166443586 0.001281332258615625 0.029301233982673
160 -0.001311094480429889 -0.000941646050592333 -0.0330458215811506
161 0.0026468667724809224 -0.0019342935437182338 0.026374772979199847
162 0.007137759268271766 -0.004326250234433608 0.03023174589173587
163 0.0009043213884028789 -0.003939988137680485 0.025054698160392897
164 -0.00034718159964081466 -0.00174198708337479 -0.026278530964787022
165 -0.0016616880469107875 -0.0022302546164389703 0.0344906750252755
166 -0.006052790909796644 -0.002025598389059191 -0.03181215351362275
167 0.005596216642072369 -0.010957112061046815 -0.037382802015022976
168 0.008271465387099004 0.000501416634819828 -0.02150557495672442
169 -0.007788607058670913 -0.0017997598126995307 0.026922860697607465
170 -0.002571297039128624 -0.008397174645594259 0.03735965137875204
171 -0.0029724430854286173 0.0016034671303343136 -0.03020579566084918
172 0.0021988576685262468 0.0004798076020019054 0.031055802425862734
173 -0.010246377716337782 -0.008226037852000753 -0.036054105098383665
174 0.006372586579062596 0.001740835247676674 0.03385208811919291
175 0.006429712756835803 -0.007917676213601097 -0.030675462711744907
176 0.005951172880043862 -0.0024645019788313988 0.029964153168905057
177 -0.003531011334910454 -0.0029216789305026337 -0.04270877262857402
178 -0.0008983310502579944 -0.00895370003083018 0.0302906816571163
179 -0.005411201950274279 -0.005350160525227864 -0.03939330507161674
180 -0.0033575565974448525 -0.004809456054198125 -0.0342213312291695
181 -0.0009861643330545192 -0.0007438801032316894 -0.03477095411776782
182 -0.004030508468474463 0.005885648500538243 0.04047125693654114
183 0.0016493904754923978 0.003990678033589434 0.030521663594559753
184 -0.004739765348745357 -0.005342242484315647 -0.023623776475827613
185 -0.011926026615504487 -0.005877319367987476 0.028535240898449
186 -0.0025722448273360066 -0.005701871002120704 0.03723143286696558
187 0.0031034085857045215 -0.0018694228470137464 0.03582389326801977
188 0.006621339604292226 -0.0027293374796057805 0.037172378244814064
189 0.0010479621653856214 -0.0015919653341857423 -0.041165800688458785
190 -0.012353720469013257 0.004535934892473992 -0.03707219322464147
191 -0.009882955560711192 -0.0049179692736514 0.038246451908940916
192 0.0040198316804025865 -0.0012346349675037005 0.028886198659846533
193 -0.006609800141438997 -0.006557631112391741 0.024503883413805157
194 -0.012722836563298395 -0.006346492739358604 -0.03760625066837539
195 0.005115717656892199 0.0017275719247148644 -0.035005383946980495
196 -0.0005975882657716228 -0.007826575917533062 0.025244103497372918
197 0.01034726348290392 -0.004401122222313057 0.018895925180080812
198 -0.005253568516916801 -0.004838788490203222 0.031456241696400655
199 0.002955825772786913 -0.005272600550787099 0.02555774417271316
