0 1
1 2
2 2
3 1
4 1
5 0
6 1
7 2
8 1
9 1
10 0
11 1
12 0
13 1
14 2
15 2
16 0
17 1
18 0
19 1
20 1
21 1
22 2
23 2
24 1
25 0
26 1
27 1
28 1
29 2
30 2
31 1
32 2
33 2
34 0
35 0
36 0
37 1
38 2
39 1
40 2
41 1
42 2
43 2
44 2
45 1
46 0
47 1
48 1
49 2
50 2
51 0
52 2
53 1
54 1
55 0
56 2
57 1
58 2
59 1
60 0
61 2
62 2
63 1
64 0
65 2
66 2
67 0
68 1
69 1
70 0
71 0
72 2
73 2
74 2
75 2
76 2
77 2
78 2
79 1
80 2
81 1
82 2
83 1
84 2
85 1
86 1
87 1
88 0
89 1
90 1
91 2
92 0
93 1
94 2
95 0
96 1
97 2
98 1
99 2
100 2
101 0
102 0
103 0
104 1
105 1
106 2
107 2
108 0
109 2
110 0
111 1
112 1
113 1
114 1
115 0
116 2
117 1
118 1
119 1
120 2
121 2
122 0
123 2
124 1
125 2
126 0
127 2
128 2
129 2
130 1
131 1
132 2
133 0
134 2
135 1
136 2
137 0
138 1
139 1
140 1
141 2
142 1
143 2
144 1
145 1
146 0
147 1
148 1
149 1
150 0
151 2
152 2
153 2
154 1
155 2
156 2
157 2
158 1
159 2
160 1
161 0
162 1
163 1
164 2
165 2
166 1
167 1
168 2
169 2
170 1
171 1
172 1
173 0
174 2
175 2
176 1
177 2
178 2
179 2
180 0
181 2
182 0
183 2
184 0
185 0
186 1
187 1
188 1
189 2
190 1
191 2
192 2
193 2
194 1
195 2
196 2
197 1
198 1
199 0
0 1
1 0
2 1
3 1
4 1
5 1
6 0
7 0
8 1
9 1
10 1
11 0
12 1
13 0
14 0
15 1
16 0
17 0
18 0
19 0
20 1
21 0
22 1
23 0
24 1
25 0
26 0
27 1
28 1
29 0
30 1
31 1
32 1
33 0
34 0
35 0
36 1
37 0
38 0
39 0
40 0
41 0
42 1
43 0
44 1
45 0
46 1
47 0
48 0
49 0
50 0
51 0
52 1
53 0
54 1
55 0
56 0
57 1
58 1
59 1
60 0
61 0
62 0
63 0
64 1
65 1
66 0
67 1
68 1
69 0
70 0
71 1
72 1
73 1
74 0
75 1
76 1
77 0
78 1
79 1
80 0
81 0
82 0
83 0
84 1
85 0
86 0
87 1
88 1
89 0
90 1
91 1
92 0
93 1
94 0
95 0
96 0
97 1
98 0
99 0
100 1
101 0
102 1
103 0
104 0
105 1
106 0
107 0
108 0
109 1
110 0
111 1
112 0
113 0
114 1
115 0
116 1
117 0
118 0
119 1
120 0
121 1
122 0
123 0
124 0
125 0
126 0
127 0
128 0
129 1
130 0
131 1
132 0
133 1
134 1
135 0
136 0
137 1
138 1
139 1
140 0
141 1
142 0
143 1
144 0
145 1
146 0
147 0
148 1
149 0
150 0
151 0
152 0
153 0
154 0
155 1
156 0
157 0
158 0
159 0
160 0
161 0
162 1
163 0
164 0
165 0
166 0
167 1
168 1
169 1
170 0
171 1
172 0
173 1
174 1
175 1
176 0
177 1
178 1
179 0
180 0
181 0
182 0
183 1
184 0
185 0
186 1
187 0
188 1
189 0
190 1
191 0
192 0
193 1
194 0
195 0
196 0
197 1
198 1
199 0
0 1
1 1
2 1
3 1
4 1
5 1
6 1
7 1
8 0
9 1
10 0
11 0
12 1
13 0
14 1
15 0
16 0
17 1
18 0
19 0
20 1
21 1
22 0
23 0
24 0
25 0
26 1
27 1
28 1
29 1
30 1
31 0
32 0
33 0
34 0
35 0
36 1
37 1
38 0
39 0
40 0
41 1
42 1
43 0
44 0
45 0
46 1
47 1
48 1
49 0
50 1
51 0
52 0
53 1
54 0
55 1
56 1
57 0
58 0
59 1
60 0
61 0
62 1
63 0
64 0
65 0
66 1
67 1
68 0
69 1
70 1
71 1
72 1
73 0
74 0
75 1
76 1
77 0
78 1
79 0
80 0
81 0
82 0
83 0
84 0
85 0
86 1
87 1
88 1
89 0
90 1
91 1
92 1
93 0
94 0
95 1
96 1
97 0
98 1
99 1
100 0
101 1
102 0
103 1
104 0
105 0
106 0
107 0
108 0
109 1
110 1
111 1
112 0
113 1
114 1
115 1
116 1
117 1
118 1
119 0
120 0
121 1
122 0
123 0
124 1
125 1
126 1
127 0
128 1
129 0
130 0
131 1
132 0
133 1
134 1
135 1
136 0
137 0
138 0
139 1
140 1
141 0
142 1
143 1
144 1
145 1
146 1
147 0
148 1
149 0
150 0
151 1
152 0
153 1
154 0
155 1
156 0
157 1
158 1
159 0
160 0
161 0
162 0
163 1
164 1
165 0
166 0
167 1
168 1
169 0
170 0
171 0
172 1
173 1
174 1
175 0
176 1
177 0
178 0
179 1
180 0
181 1
182 1
183 0
184 1
185 1
186 0
187 0
188 0
189 1
190 0
191 1
192 1
193 0
194 1
195 0
196 0
197 0
198 0
199 1
