200 3
0 0.004822205814114196 -0.011844551936746392 0.04118422917630056
1 -0.007701028545582023 -0.049158651151634175 -0.019888644032199296
2 -0.004363226172485919 0.0035149202936193523 -0.047066883366871815
3 -0.003543026224204892 0.020559252576211492 -0.03923421639005402
4 -0.003859646371543568 -0.008962765589983145 0.040824713054330775
5 -0.004625005715203127 -0.010034936419992984 0.043304260738471344
6 -0.0004664935600697216 -0.020121963623040813 0.04237965830323582
7 0.0023300736163562527 0.018453472846414017 -0.041346952143397696
8 -0.012000829115412004 0.011453336806667394 -0.0414309509474916
9 -0.0006406121495980861 0.019625155944256036 -0.03770680453394053
10 0.0005287492575848721 -0.002944523354077218 0.042060524381977805
11 0.00027070178268035275 -0.05458898492956579 -0.022824379746979657
12 -0.004642515551569436 0.012014163455081408 -0.03448836355864411
13 -0.003235715067070494 -0.0020946051434737956 0.041950418925358716
14 0.009279709608303044 -0.007959726292511855 0.03757129126000723
15 -0.007168538670166369 -0.003201390702488401 0.044268103404543076
16 -0.00048597312278150697 -0.007412621342202922 0.04421762622737012
17 -0.00028528820022853674 0.02071039722189464 -0.03767941423307819
18 0.006317012330042969 0.020367134842604044 -0.033171472249633155
19 -0.0013205328634177393 -0.002592198261976684 0.05049456413665979
20 0.0003813915444718548 0.02615365501771458 -0.03758022303705495
21 0.0006666016131760474 -0.009889168808295205 0.0380723828411573
22 -0.0009502691143257122 -0.009600835574562632 0.04230879332898604
23 0.003760916934822292 -0.007548437010014724 0.03871005289962534
24 0.004702276045808668 0.017991567939752026 -0.045519905132187906
25 0.001879643343449408 0.0175057822135499 -0.03800775936612319
26 0.0007733445996843599 -0.0033058832142150545 0.04381224784245312
27 0.0007731280701273185 0.021674659467295854 -0.03745295041789003
28 0.00359729829162847 0.011440167099338375 -0.03955467262496246
29 0.0029555580390965485 -0.008366597022110666 0.04285628668976392
30 0.005013967877674094 0.016422519191258474 -0.03494214142151268
31 0.003204032818936761 -0.012981780536276438 0.037086996681249235
32 0.0033006227614789593 -0.00979627238089261 0.03868797673309071
33 -0.0034036177852637163 -0.05538954978829984 -0.016449478867300672
34 -0.012354438348305935 -0.04383059551270291 -0.02402281280916567
35 0.0004654358416705494 0.01771788903270173 -0.03536665489557169
36 -0.0045048318833137285 -0.00907988029806267 0.04466051687114653
37 -0.0013116638340438906 -0.007947479476855476 0.047645198732555065
38 0.002769387719828844 0.021080469423534164 -0.030670587442774563
39 0.010290092749333415 0.016111508668437365 -0.035328824756401075
40 0.00195681681521441 -0.009593275355484982 0.03404169407637163
41 0.0022200459694226705 0.025546280468342994 -0.033553958055275834
42 -0.0018318209388114232 -0.009609861040706994 0.045043158591080885
43 0.004398983497769262 -0.05427174426031171 -0.018515197009218408
44 -0.0014187705979582 -0.00898357593306234 0.04483288774361113
45 0.00252675033302293 0.018549875886352596 -0.04015250408206149
46 0.0019066505332881907 -0.014047471660275292 0.042143997593247884
47 0.0007958549909885025 0.02118330294266368 -0.040794319856378256
48 0.005046094204587417 0.011049793791389283 -0.03803211772041234
49 9.942619291600403e-06 -0.004612475665322619 0.04575805597428596
50 0.00030441238483815136 -0.047040210188768125 -0.014239892967932814
51 0.0023652471680703745 0.02744967523700091 -0.032811284128532923
52 0.006729465499966364 -0.04977670215406936 -0.029559588638148067
53 -0.002151127969257649 0.018878554100525267 -0.03780636742835415
54 -0.0042895831573790425 0.017653209069024206 -0.04490030420890048
55 -0.005208795280452972 -0.052833043891829884 -0.0216806552251676
56 0.0011267701098575285 -0.005311658907954426 0.03668171014175432
57 -0.006602060078227487 -0.00906898656054238 0.04492778749170487
58 0.0004168556630371155 -0.0015225282438196992 0.04220392474001569
59 0.012849795422214691 -0.0044023089418971754 0.039522385042362364
60 -0.00539499004474444 -0.001078236176455749 0.04584077030061291
61 0.0001158211111756853 -0.01265675232527135 0.03949254139006937
62 0.0006361135537193618 0.01686974464835781 -0.03154039905991741
63 0.00626271006729396 -0.0073832515652794885 0.03950072644470171
64 -0.000961073168307805 -0.003995849927960732 0.03849865584277114
65 0.00020208731460535229 0.01930985043882509 -0.041672241160335965
66 -0.002039846703257582 -0.009117955550609347 0.04417450086381802
67 -0.0011645376115142977 0.019437522503677945 -0.0325609333951512
68 -0.0031063703776287657 -0.0084607101720414 0.037128603746992325
69 -0.00654606879054398 -0.060993593846000435 -0.022017881331039303
70 0.0013340403934387207 0.018041883622506968 -0.039897888922383204
71 0.004297000121951826 -0.0096207221630752 0.038820201324645996
72 0.007687917590335838 -0.011335599760564793 0.04591850200809657
73 -0.0027203843313905983 0.020138194757255593 -0.03524897821819463
74 -0.006803661353919119 0.012840465919217593 -0.03816392612838061
75 -0.0015477422148506247 0.011381013270739988 -0.0434305359568124
76 -0.0043478153248803515 0.0183479861305123 -0.03942640804221978
77 -0.0010057984729154503 -0.00287002305076768 0.04893605955609938
78 0.0013411679627240054 -0.006584914688584926 0.0491726944052773
79 -0.004230156920331941 -0.015518437261832146 0.04360323419878577
80 0.001053415627717283 0.017593926670466064 -0.04188852365705378
81 -0.0027190273379851778 0.016719397063316193 -0.04027037924330357
82 0.001981303691480467 -0.005512597793269434 0.04874579458162845
83 -0.0035238731216493333 -0.0037196093600604515 0.04217923419563511
84 0.0038254112841769883 -0.0018872473114663717 0.04250790938879069
85 -0.006126620285657358 -0.010342034421897005 0.03906701020211728
86 -0.0008968011201196564 0.022410694484386876 -0.03868467407501146
87 0.0027010078569386434 0.021494986691139625 -0.03782036119755834
88 -0.003235065774946644 0.02128627634107237 -0.03623611778628574
89 -0.0018161105329416345 0.021260059603602142 -0.035477038656613766
90 -0.00957731823227296 -0.004842865954025609 0.03721428322134413
91 0.0010854580365240243 0.02120953164395921 -0.03869704561069661
92 -0.006560301720672575 0.02457645112236123 -0.03792185109018
93 0.0035292474692724188 0.023580213262875037 -0.03306023032020688
94 -0.003123632549257127 0.020675321453361588 -0.04230129586895401
95 -0.0021166767220260774 0.028463316919128536 -0.039157895907606724
96 -0.007335122261759114 0.018287396049150195 -0.04297088465328203
97 0.005466283092978395 0.017358798867279885 -0.032969713210309136
98 -0.0017326528662069997 -0.006475881422310892 0.0450677973848317
99 -0.002550007326585474 -0.010891197701102306 0.046961065264189195
100 -0.0013633975416147345 -0.007652870396904994 0.039570424425358144
101 0.0045084255058175995 0.024735648343471753 -0.030856545187412227
102 0.0011732644039341746 -0.001423773456634532 0.040267107227020815
103 7.86297541803386e-05 0.022332090551624478 -0.037146140871977956
104 0.0004937040288760108 -0.04924290397171319 -0.028801732727300598
105 0.004499322618210434 -0.008992908904966004 0.03703900247913695
106 -0.005241821920359886 0.022461959837312917 -0.038225891186012786
107 0.0014571953982761496 0.0217283115730082 -0.03350659580411961
108 -0.003279047182324868 -0.004931750355752123 0.047259040598733974
109 -0.001056400566978537 -0.01065621921914427 0.036813559217381095
110 0.00204145580886559 -0.013078461511891421 0.04053100697876259
111 0.0042424908647678075 -0.0037954898035367 0.04493958301262352
112 -0.0007743572474433053 -0.043252359539423996 -0.033215298058364984
113 -0.003244661899950374 0.01904055160782963 -0.038560808011095196
114 0.005346154960709594 0.01985497234521564 -0.04010721023936147
115 -0.0024053807883339783 0.026547980522333793 -0.03356861472476276
116 0.006254890838893357 0.02025962465232941 -0.03250432390639123
117 -0.006666027637430065 -0.007268162168613191 0.039265659269398435
118 0.002481998075747385 0.014537187705023498 -0.04161124211349534
119 -0.0032166422069888154 0.020595739402606356 -0.03449201331946113
120 -0.004980978908698329 0.01627884693963279 -0.031469689281450816
121 -0.0014300133970973558 0.027468446583992532 -0.031016173897049203
122 0.0025216978925459883 -0.007230254894506604 0.04468273998450817
123 -0.005295342994560276 -0.008089748513578358 0.043069121205569466
124 0.002492890867383777 -0.010988222946833902 0.03821120465721466
125 -0.0021095758802034265 0.02312718919777854 -0.0320728836168482
126 -0.0005531847164837768 0.01969892471829979 -0.04232276125453337
127 0.0038941592648454176 0.01685626325477073 -0.04116312148481971
128 0.0007496227525616017 -0.006811623744289427 0.04561704200123683
129 0.0040571527697189635 0.015585942943940827 -0.03735695592670957
130 -0.004189769177941491 0.01630739506152401 -0.04015804105243716
131 0.0002737909076950401 -0.005321420832360286 0.03448526641753417
132 0.004075321883557484 -0.007483829424216778 0.04494024651574672
133 0.005011789619020074 -0.005134913408484503 0.04513989056478516
134 0.007069019613129335 -0.06006953273258647 -0.02625776678709607
135 0.002268655994686619 -0.010669808086899437 0.0463646627666415
136 -0.002214265940445966 0.01676527867611652 -0.04572408223476833
137 0.0066803685158888255 0.018157378124727667 -0.04183318629575504
138 0.0038927570932500086 -0.008614545477516892 0.040188179266687524
139 0.02340278838922838 -0.042937352619678154 -0.02004990595401364
140 0.019486554943478618 -0.04847007415657617 -0.011320803823350142
141 -0.004191764515517379 -0.00739741762382405 0.041234758233780644
142 0.003663518868392397 0.017027474251000665 -0.03690185419454166
143 -0.0007510546778287733 -0.009973059052282856 0.04359516587686866
144 0.0004963542877047542 -0.00808646616035878 0.04054370165265097
145 -0.009797975101104195 -0.01066099693596308 0.04059365770393922
146 0.005060515847623036 0.023535628047401953 -0.03993235591006915
147 -0.002882305533191569 0.023116188422474905 -0.034758725703111865
148 0.007066809182753906 -0.0067897803846044 0.044049269489851876
149 -0.0007091166675529254 -0.011884966485462233 0.040907534152745825
150 -0.0009933423230759145 -0.047718883395364606 -0.02370453853170016
151 -0.01018537493856142 -0.008196903476535535 0.04344250912564898
152 0.005486047727733971 -0.010840645959251312 0.04348740695663263
153 -0.0030382776351084786 0.024736067435061543 -0.02790017855467243
154 0.0006147969940498432 -0.04673857515195701 -0.008856872820871546
155 -0.0008787279782032677 -0.012391095327178737 0.037171896503646905
156 -0.004571544543321551 0.014035260119879107 -0.0402230900796655
157 -0.00599857145407743 0.020323865485881904 -0.036886024173275134
158 -0.002706631703580889 -0.01875399963256335 0.043340086568101524
159 -0.002061963833684694 0.018656967003361596 -0.03701939208567025
160 -0.0031515468790816667 -0.008788603172489806 0.043690966639000406
161 0.005959108394253093 0.016655181379452575 -0.030970559055409304
162 -0.004842109542688655 0.015310062519133336 -0.03978393580194115
163 0.00267474222899286 0.019565063941128065 -0.033164386840676574
164 0.0018412593205762925 -0.007566715911971805 0.04243179702983277
165 0.0004192811861803737 0.015032525913435386 -0.03680288703932603
166 0.00457278277095155 -0.0071498606325367765 0.04360820479136476
167 0.0014715625355604042 -0.014157324036524822 0.047065826728955464
168 -0.003874769197347049 -0.016007592284984433 0.037765858943966675
169 0.0052421225468990175 0.022115561869364506 -0.04152315949252845
170 0.008756813041106759 0.013190372060738158 -0.04627164672827981
171 -2.5391588883785093e-05 -0.001313632242122281 0.042588035414685914
172 0.0053957789480686275 0.012215481931278915 -0.04145095180629453
173 0.0008737116589331365 -0.011838804066297552 0.04017911429565702
174 0.0012084794055275856 0.020777417708618226 -0.03666598085032878
175 -0.002546045145464037 -0.0020224789724066963 0.04102485887216124
176 0.0024622837717503555 0.021495355361605878 -0.041400205772159256
177 0.0029535842771557467 -0.007983795403843351 0.034752010889559315
178 0.010782084159379299 -0.05303597392438031 -0.01989715978784848
179 0.0015171755444106719 -0.008592180418373686 0.03842019980271096
180 -0.0029285667614746963 -0.008064527135476065 0.04942969888562902
181 -0.0021934142395588496 -0.004156290249603614 0.04303829959156166
182 -0.009772757661036753 -0.050408471924870135 -0.023381375211009185
183 -0.0025089127365967648 0.02197286070262274 -0.032496956231813
184 0.0023861668934586147 -0.008836608558646326 0.04168315318629196
185 0.0008418245391417258 0.023912089686276006 -0.04292862717648029
186 -0.00776446980000773 0.006864007180306416 -0.044487430696350264
187 -0.002423996305513952 0.025123740628819155 -0.031199423606354054
188 0.00218404254657797 0.018038388518311445 -0.03840883137874673
189 -0.005553403898881176 -0.009421370456258706 0.04308391166767424
190 -0.003188070547776936 -0.0029136363871381903 0.04202691065547372
191 -0.0015991549092378048 0.02018723624586717 -0.0386002452294306
192 -0.013840837909567999 -0.05227127620509503 -0.021642701558773313
193 0.00039300233012145463 0.027538120348134 -0.03430421982806855
194 -0.006076647661590214 -0.008328109783686363 0.03705018894890321
195 -0.0023243061459398335 -0.002462830754831718 0.03804850144870335
196 -0.0014316457037485495 0.021227077541955214 -0.03743346204751422
197 0.0019928127011629698 0.02160680957035998 -0.03360590600158547
198 -0.00546508365539548 0.013846334192220238 -0.03818776550685301
199 0.006085923321098224 0.014966452152422392 -0.046221361647420287
0 0.000559584500231261 0.011504339525298012 -0.0012415633891694755
1 -0.008592387687645517 -0.05224042391286937 -0.018768056326020077
2 -0.0015894171841613416 0.012447531452583732 0.0037951573242830106
3 0.0009335021208039251 0.007713332694397071 0.0006777764334861408
4 0.0006739582751670199 0.010784504827177861 0.004502653653024824
5 -0.0025692388846780406 0.004813224038235567 0.004017534185924446
6 -0.002136188382423798 0.007143229750350179 0.0011888152133524427
7 -0.002694181763282462 0.006360435543119127 -0.0010489797750707491
8 -0.0031388925865091094 0.012528743474362083 -0.00041047032925151106
9 -0.0010050607085747912 0.0029165474078017076 0.003377685615910904
10 -0.0035777679585392297 0.009154586106426551 0.0031775910455544287
11 -0.002709609030338681 -0.05708352469481151 -0.020060458854673342
12 -0.0027875809092230974 0.004297319125804732 0.004484785578039656
13 0.0003624770807878373 0.0032017699740959776 0.004392988665000083
14 0.004567362329586905 0.00785446409871321 0.0029605031631350365
15 -0.0017693744031992559 0.007041129282860442 0.004997045607828252
16 -0.0005831776160164087 0.007226405144257993 0.002560550923582386
17 0.006103420334264281 0.006216764012298488 -1.2488266274160442e-05
18 0.003523073118998632 0.011126358853359844 0.004465545334781829
19 -0.0011263383055804058 0.010636075824073757 0.004841871329745118
20 -0.0009612543027739083 0.004513637411645538 0.0009843562590175423
21 -0.002929938090189616 0.008263626275642014 0.005844919472437746
22 0.004595448278886201 0.004334177328685716 -0.0002940026469323148
23 0.005007226962914807 0.00925449643225228 0.0021220727283141894
24 -0.001567865189276936 0.005657678850902837 0.0023577251215811112
25 0.004843530749713852 0.006597816846722976 0.0018008515280075466
26 0.0006213956749621732 0.012702553397736877 -0.00022359493374564388
27 0.0063276574619167 0.006008812310345668 0.0023408768168869595
28 0.0013046573933555503 0.0088728308797258 0.0013939637262760235
29 -0.001874854235494593 0.008293190289402171 -0.0005067831467081979
30 0.0016617694635669422 0.011671336267842516 0.0029171105470827893
31 0.0023730580662152806 0.006024670225012968 -0.00037307039707949047
32 0.001178414570364425 0.00035144421121751507 0.002501788718126549
33 0.00857090068105109 -0.04589617597057778 -0.023144911883860315
34 -0.016971943455484334 -0.04021198260856376 -0.02680281459837533
35 -0.0011063272177166683 0.00889128222468255 0.0036600457693691316
36 -0.0007773145257774228 0.006480207537511816 0.004226865293256998
37 -0.0031570180677986392 0.010941706454935786 0.00429524485952798
38 0.0027223709884477074 0.0036415698424935063 0.0009081139918187403
39 0.0028978115599133797 0.0014635263889818222 6.470365823126045e-05
40 0.0027807742091740736 0.007986894805284634 0.0003770620438044922
41 -0.002629984382554907 0.005906140281262386 0.00041906217832655274
42 0.0002444913117606801 0.008413115271501032 0.005801443626016173
43 4.318461066417367e-05 -0.04510081396281411 -0.02122479529818986
44 0.0009082905250377867 0.005608097269700168 0.0019120084803124493
45 -0.0003579849536289037 0.010679450850153392 0.003938075381948389
46 -0.0003456491115464734 0.008637847313730181 0.0003623967469925937
47 0.0001199825121351748 0.00673098889626525 0.0043978362663927295
48 0.00011580433540823304 0.015097980232452398 0.004733534758692939
49 -0.00019287861383917443 0.0055390482587102385 0.002381194725927488
50 -0.007453830570074371 -0.04262190861093225 -0.013926584945739139
51 -0.0012386519646113217 0.012496956557631826 0.00536994149951861
52 0.007044149910465175 -0.040273819460459215 -0.012418586474123847
53 -0.0016912403489277791 0.003352041730101188 0.00319430519544954
54 0.005245667494798776 0.00496310602261664 7.34299500780855e-05
55 0.0013187470810535687 -0.049450137468996735 -0.02292412394649708
56 0.0049718392232015254 0.005430480711215786 -0.0014065318329396087
57 -0.0003543108895324165 0.005245248486005413 0.001999259387947497
58 -9.227151409742056e-05 0.009403226350766014 0.007500613897671413
59 0.006255491071432695 0.006516876639645922 0.005574941348885781
60 -0.0013646954247867882 0.010729537172226272 0.0029663751554359352
61 -0.0008340278478771931 0.004471014068625972 0.002064871858332734
62 -0.00032110866814792334 0.01091797347981725 0.0019787485672540725
63 0.003920473537182827 0.009560469782104305 0.002534918026723662
64 0.005419519813457653 0.0016764786865743602 0.00361416876404487
65 -0.005035627243067144 0.0067335831687906494 0.004326169142343017
66 -0.005186477425470001 0.006655038643303578 0.006915755217906855
67 0.0007765000308341506 0.005357722637738479 -0.00011800555299766591
68 -0.0006137719578773633 0.0027903253641228636 0.002523126104725118
69 -0.008305725972667738 -0.050464593211522135 -0.02771153243849197
70 0.002041840452743443 0.008893592013400974 0.0006285883209087781
71 0.0018640359883469598 0.007677175093028864 0.0010275645402271216
72 -0.0042302840998091895 0.006664267393339869 0.001243003337775675
73 -0.0009697843920489849 0.0067811289402995405 0.00587046533040278
74 -0.007732521701876299 0.006546387970600864 0.0030501960720994217
75 -0.0019114269412813072 0.005131441114516199 -0.0022811771311911366
76 0.0023120753800861503 0.006314251577121049 0.0003086072965143363
77 0.0026508283458012314 0.008653592929313137 0.004793707282384402
78 -0.0022301323459509546 0.004983740319195676 0.00022221341942701978
79 -0.0026491728651004617 0.0049535990451156295 0.00235977705467999
80 -0.004249187329379754 0.011704880320047788 0.001788879578859287
81 0.0031204395970789306 0.013306466889644021 0.00503303261586225
82 -0.002371047711928533 0.007203462347210154 0.000730063311356749
83 -0.001397671658651109 0.006418206412488392 0.0022900112080977628
84 0.002435119685252368 0.013362275365638603 0.002314462338240675
85 0.0008456743310802581 0.008423049868114905 0.0013732300513028123
86 0.0015527881476109437 0.010110306251626108 0.002141149881095039
87 0.006893043726914988 0.008016267170935266 0.003679333225917035
88 -0.007102770088710991 0.0017159998431459204 -0.00028342519463871174
89 -0.0014159421570184034 0.008938216119099375 0.003979599710905134
90 -0.0030313225919214454 0.003960013808824991 -0.002350018996818269
91 0.0023798957905078848 0.011151174296703321 0.002846960866844779
92 -0.0019674548789247043 0.0052260676743072255 0.003854451342610539
93 -0.0003409133525649338 0.010284262884748319 0.0047228905431319634
94 -0.003894909713520904 0.002115311661033334 -5.899735682657337e-06
95 0.005883802231057482 0.00011352233791650512 -0.0005810744531312001
96 0.003704667554050505 0.003007529554307744 0.002185865394443501
97 -0.004090092295528432 0.008341695772780513 0.005546929486856346
98 -0.003952982728180629 0.0008840213105994581 0.002253615948748011
99 -0.0033715464007423313 0.006283884901317394 0.003421689766310493
100 0.0024327777734673775 0.005517240858813156 0.0012660809724638622
101 0.0010944222359221892 0.005434650777070428 0.0033096757554399933
102 -0.0012919249707310926 0.009103831769233312 0.002316247262096033
103 0.0007337054494519148 0.007392754006426791 0.0016554143433286928
104 0.0020031522476588663 -0.041143919572249596 -0.017559963321448643
105 -0.0025472580593427097 0.010605096987483834 0.0048259331579171005
106 -0.0006193238179549934 0.0074936490484690185 0.004766593608098196
107 -0.0004285170985317416 0.003786315166424043 0.000615612674476379
108 0.0028248162893875326 0.0013662555210541341 0.0024257334475333153
109 -0.0007650351011168335 0.009478666773007982 0.003026966077728885
110 -0.0008531266731807777 0.007407189193572274 0.0042347686309024
111 -5.7778139533427864e-05 0.011580806663680606 0.002907547533844909
112 0.010905801510926849 -0.04601396749900058 -0.015861304971298867
113 -0.00435282735868333 0.00850332548695934 0.003888752994173031
114 -0.0008408502548188784 0.011191528511760938 0.0029554995256874245
115 0.004580531488157957 0.00280817256527454 0.0006740466425907907
116 0.004323788564460307 0.006594702208850289 0.0051807534352712944
117 0.0009332442385872261 0.00826090500303284 0.000965911472858863
118 0.0016976145021005591 0.010478374540544191 0.00047107568961046037
119 0.0011816380134413388 0.010251752750608422 0.0058573971748657125
120 0.00029715191425910836 0.001118585011763696 0.0007780046965485191
121 -0.0012311711824572469 0.009693152133497501 0.0014145142415165485
122 -0.000157709965360589 0.007979111565000058 0.002758200813715417
123 -0.0032600514468113934 0.009062995507767187 0.00047338426383512766
124 -0.0008224845466954583 0.0060308755516226345 0.00022498336973417188
125 -0.004847914920019486 0.011778136756045055 0.0019546401537623923
126 -0.000983645389520324 0.007918167687865674 0.0006278536496027998
127 0.0025662793772156384 0.002031930599529906 0.0006035276817739355
128 -0.0010841693004030838 0.00845574880065185 0.004830100730964945
129 0.001040888180669046 0.010977121060591517 0.0048973943207944876
130 -0.0022523603239135645 0.004574530321454558 0.00041919135176117506
131 0.004840331868396001 0.007660645448990991 0.0029313412652853255
132 0.00546887855534961 0.0016239976839229342 0.0016355369987195584
133 0.0017078185469029533 0.0008654118117991001 -0.0010501975776130434
134 0.002481249893747886 -0.051278682117410546 -0.016657033448548395
135 0.0010830934064605113 0.010261162780116764 0.0014480867572086303
136 0.0007384738027392257 0.0038886641387250523 0.0009266207913279784
137 -0.0023949431693204154 0.00465108456492699 0.005099573691508083
138 -0.00031936511771160983 0.010338788027501315 0.0009787877735149483
139 0.018992769174384305 -0.040816037018610044 -0.021227299380127095
140 0.013504822843836334 -0.052503904630731735 -0.02196310604161905
141 0.0001502056103532476 0.005424260153362413 0.002846210946100436
142 0.0005762164249767179 0.009803310200732083 0.0020246025653714653
143 0.0030614719929887395 0.005410453251325255 0.0034487622228357023
144 -0.0014264292199707143 0.008058192810657037 0.005708866909607022
145 -0.0009254477077339923 0.012456567841771909 0.004354209907411796
146 -0.0002762117605415518 0.012833162744313141 0.006297363112984115
147 -0.0035648876874882357 0.00669656032292526 0.001832967532272009
148 0.0005135458774903484 0.004958370829243485 0.004084217343098398
149 -0.0016288037417582432 0.0056956317016971895 0.002232779416054431
150 -0.006137362995897878 -0.05323691356814304 -0.02022070567954285
151 -0.0028133905389999964 0.007172885742336 0.0029488687660214064
152 0.0031670289770914864 0.006791109383306704 0.0015696660622183806
153 -0.000991233639671095 0.00717208929290284 0.0035630164534804915
154 0.0015266410416272793 -0.05370799968850325 -0.021417301985501416
155 0.0016598132641977917 0.010630051983243901 -1.9905278560161666e-06
156 -0.0053576383008976936 0.0006541145973612238 -0.003011741547172181
157 -0.0036998971725250712 0.01017967201301002 0.0035064408805670286
158 -0.0022018883492747957 0.006403736722754894 0.005530068102994973
159 -0.0010771667546110274 0.008618292028639004 0.00046640212315431084
160 -0.0032489026294967097 0.00835693563642998 0.0014461589778798495
161 -0.004306617937454942 0.006807514828288896 0.0016537466213381105
162 0.0007925284774880498 0.007020816104703818 0.00284223279422479
163 -0.0019687731859247617 0.005700138863550603 0.0031321344701788142
164 0.0017172242416789336 0.00056343519936412 4.462938358901214e-05
165 -0.003579073163768612 0.008186843975246078 0.002690994311697101
166 0.00046689213325418893 0.007145572885030163 0.00022611551919288209
167 0.0004654748448240133 0.00477124398184944 0.002538289822223372
168 0.0030377806054906423 0.008186157154281476 0.0032482047890977223
169 -0.0025126564379496646 0.007098733157241771 0.0035453422205226903
170 0.0008426946574617705 0.007166423935347072 0.004794546145074782
171 0.0007186177906362244 0.009748677773391713 0.008260526945942995
172 -0.0015444723332899805 0.011493936325836916 0.002465596284597929
173 0.0008527441036454628 0.013285825770703549 0.004385005922513549
174 -0.0026832661227323626 0.006144131503583727 0.0013126173565519011
175 -0.0018585615017689058 0.009611936861624404 0.007920226824944962
176 -0.0030950432434582254 0.004752253495333748 -0.00030961693457803863
177 -0.0006484367821069596 0.007258130859337714 0.0034232587702310996
178 0.005937167307908997 -0.059998445631682495 -0.0204601613463753
179 0.002344290982348375 0.009722547263630584 0.0037718493910403397
180 -0.0039611285165558965 0.003726350839893979 0.0019575730817539133
181 0.0006589133282971574 0.010412875948613507 0.006150914175056185
182 -0.0010620129916279475 -0.04820255393623396 -0.02642045694234761
183 -0.0015570730680666452 0.0034127450257971197 0.0019323652521538795
184 -0.0008144917407815616 0.008634692812608815 0.0064106468163894065
185 -0.0009773484490831728 0.013495102839305217 0.0034405473764026473
186 0.000483054378707215 0.009664763668215571 0.003760034688231065
187 0.007748328870143106 0.0069012005211260136 0.003060773453554433
188 0.0005899167183610835 0.01127692560489213 0.00505512242372274
189 0.0017571642445674551 0.006895139279804608 -0.003425136466913878
190 -0.004985434741473754 0.005224442547634541 -0.0009645818095131015
191 0.0019005928437070348 0.01004852326021407 0.002458236009491771
192 -0.008037238132052427 -0.05381408147549041 -0.024096915651175076
193 0.00043702515074438254 0.010107373368376985 0.0010540703424283884
194 0.0013993615533675965 0.006958953262484659 0.005479070384869375
195 -0.00044929266300933017 0.009669880542028938 0.0037437227745666796
196 -0.003546666232119514 0.005264297887105862 0.0031474631552439944
197 -0.0013704072470021537 0.009431214160045422 0.0026558992012726615
198 0.0025319243268780676 0.006938482568842334 0.0028169202131615306
199 -0.002223365404128822 0.011682817638088427 0.0015686024650407443
0 0.005329571425262615 -0.00341483194397707 0.044114587310568595
1 -0.0009617018812604766 0.0002916573889007734 -0.039367811077804855
2 3.3357010296684864e-05 -0.0015277661566852306 -0.04466274704345902
3 -0.0005622642561789841 0.0005478200017875398 -0.0432113076633879
4 3.618406063506455e-05 -0.006567778455149539 0.03836366020631353
5 0.00023937569427123773 -0.000851330276116666 0.0438710823701445
6 -0.0016658552384832583 -0.007592073717752151 0.04032664157616249
7 -0.007350934215792193 0.00020748138019661272 -0.04106313480905385
8 -0.002237513750924347 0.0017005048512994461 -0.04094932043607373
9 -0.0022608182548056154 -0.0021508706766016246 -0.04194425820268287
10 -0.00353628578020293 -0.008342563700446946 0.04742915250254274
11 -0.0009670563060967703 4.400766202700135e-05 -0.039975002273018985
12 -0.003283174299612737 0.0018100416048007044 -0.038484710500688024
13 0.0018814102276041378 -0.007079054719862903 0.04335560038700677
14 0.007513373461675452 -0.003948599885807794 0.043042413337602926
15 -0.0025234216754054656 -0.01211019486087788 0.045534752447411585
16 0.0021011124173048053 4.58593651455853e-05 0.04418221634650875
17 0.002609244605211579 0.0030130455209479642 -0.03768906775680383
18 -0.0017706705389335248 -0.0022528033912711312 -0.03763006858520433
19 -0.003195756462649392 -0.009362300508681101 0.04248516258614394
20 0.004788786398854668 -0.0009387954954780051 -0.039971828329374584
21 -0.002335414613068656 -0.005056622118371297 0.04782627190799979
22 0.0040019368564609414 0.002367925763007142 0.04412894767759723
23 0.004456073181597103 0.0002627608351464493 0.04795608213712699
24 0.0028632747448411114 -0.0029671218200981835 -0.045910750613073516
25 0.0006460183213448031 0.003536566618346851 -0.03903483909135759
26 0.00169231119112968 -0.002694973911432738 0.04446766553638548
27 0.003660668554531274 -0.0041037748016928555 -0.04111212297682512
28 0.0016430774725451486 -9.00076667953928e-05 -0.04009900652255133
29 0.00035837034201322004 -0.006188041516268013 0.044596659171851905
30 0.004938915135874161 0.0004331588120123561 -0.04174644029452737
31 0.00956140999386143 -0.002840058606062011 0.041486831496183214
32 0.0019297920845663397 -0.003984526756446345 0.045374186379325394
33 -0.003341129494607296 0.002417258368583808 -0.04493359178856629
34 -0.002885844487208772 -0.0037037471089646223 -0.04846433714937027
35 -0.00035040371769170034 -0.003438778035885881 -0.03931045387895768
36 -0.0032496214877751686 -0.006774174533108461 0.04148885892853963
37 0.00039566677206305176 -0.01500981023559426 0.03869774976681978
38 1.2422523721092316e-05 -0.002134990646468292 -0.040391287189293454
39 -0.0016262866257908404 0.003808695646245329 -0.04096373400225657
40 0.0010089139830000565 -0.0053042421152229725 0.0410206081149593
41 -8.343417376335469e-05 0.002959816474312822 -0.03541108582340498
42 0.002301726366840011 0.0005445621846596532 0.04444466457892836
43 0.00048784787690640125 0.0008989031984963924 -0.044943146167439135
44 -0.0041264745559326035 -0.009122305589772716 0.04088791198372141
45 0.0028972367724639896 -0.004146015880496803 -0.043424019422924336
46 0.000369486671222375 -9.542538800709401e-05 0.0407495960741958
47 -0.0020540750989387017 0.0006162807491429181 -0.045454827864885375
48 0.0038758142250685454 -0.0006111718237664029 -0.03499196430431704
49 -0.0008265966031272883 -0.006147853068617594 0.05062831264938867
50 -0.00027738525276734677 -0.0029288469151185492 -0.04755657653509798
51 0.0007149148087378602 -8.038201925699567e-05 -0.04398560268000524
52 0.0009731449981614237 0.0005771170429353101 -0.048647324335211795
53 -0.0018101293217789166 0.0018006868110160348 -0.040456010665333816
54 -0.0014869205038910384 -0.00028816762996894743 -0.04005405633232355
55 -0.0009201471506137468 -0.003111998510226227 -0.03612409798686612
56 -0.0018151355914069467 -0.0038898806004819563 0.047117093025288964
57 -0.004726968860971181 -0.0011865418051231367 0.04495680421112221
58 0.0014045006952267246 -0.0007852312119178279 0.04441876399151356
59 0.0026171227994002677 -0.0011320653717258105 0.047551946941662274
60 -0.0040771020437244815 -0.00461245978182225 0.0448534915042048
61 0.0023655625278960063 -0.005541167089796 0.04549247805321491
62 0.00016572347265399277 -0.004874020053152919 -0.043570695582742736
63 -2.274215214496944e-05 -0.004995830213440424 0.04990977272063097
64 0.003547940528752111 -0.006845814486943909 0.044765539388109565
65 -0.0015952772120675501 -0.0014847552333615358 -0.04308858459291272
66 -0.002650153835189198 -0.002375628751866699 0.04287688237024239
67 0.003745194984151344 -0.0026014579211822465 -0.04115472158724105
68 -0.0010106950406954945 -0.004910324674193417 0.04167650991166515
69 -0.004882728896604405 0.003486185650846546 -0.04325902272663798
70 0.0036923184599112133 0.0004197828547338328 -0.040058167012694906
71 0.0019974988754244555 -0.00259378532538764 0.04463680845989791
72 0.0014755306981139547 -0.00401269928088109 0.041472251061879795
73 0.0027071370087549786 -0.004527303554115167 -0.038396807276380035
74 -0.0018804256522085144 0.0018246359397988896 -0.04268616081979168
75 -0.0002691170864866435 0.0012678288153931856 -0.048025146476324915
76 0.000246139212228701 -0.0037111942183415507 -0.04041100460552416
77 -0.0025566196560440854 -0.00407261812784345 0.04912389877882464
78 -0.0023509145268971327 -0.0037829342210288653 0.04703149113614555
79 -0.00020096209738647286 -0.01104265051215448 0.04500483850921927
80 -0.0032563925908561803 -0.0022971246750467522 -0.04086082268402459
81 0.000724675259021923 -0.0010326280007812022 -0.04027134312068791
82 2.8985928949721435e-06 -0.0053887743549358175 0.044359682189478555
83 -0.0026828342696128896 -0.008464744904041399 0.03249215408243966
84 0.006960568833030978 -0.008967735941350937 0.04452260187386792
85 -0.0008463254032505182 -0.005250701304645219 0.04724249430063673
86 0.0011942373956002478 -0.002310972357398078 -0.035869458504216564
87 0.00045981704333233203 -0.0017112391672305174 -0.03911208072059358
88 -0.0010343760379189493 -0.0032896703690156494 -0.04807332542710001
89 0.00162630522415424 -0.0019816391328021307 -0.04068371514427311
90 0.0032671533791967314 -0.006481786901835091 0.04320956702893114
91 0.00039563151423608126 -0.0022420177138090386 -0.04119701716437868
92 -0.0002948959377237492 -0.0050545075768757275 -0.03542480108157599
93 0.002571726595884123 -0.0029572300824805275 -0.04275113712130267
94 -0.0038774397713516595 -0.000483097754445036 -0.04069014480099145
95 -0.0021345242098199293 -0.0031869621861983083 -0.0378405581794661
96 0.001130175770234089 -0.0017809389598369106 -0.04036779732029969
97 -0.0007024078266206369 -0.0018403937020473118 -0.03770786192903621
98 0.002398391296164905 -0.004067804105527633 0.03941216429602129
99 -0.005572089537102837 -0.0035916127647754367 0.04782018888778709
100 0.0020891555316026843 -0.002408742871673584 0.04641709758322838
101 0.001195301814708033 0.00022963921909963103 -0.03048666140450762
102 -0.0005867169343191699 -0.0075543933732864724 0.045536038812419855
103 -0.0006536673049602727 -0.0009631536666264429 -0.04117826169487973
104 -0.0023364336666731305 0.0013343624921481057 -0.044230695586207465
105 -0.0017299063277275836 -0.007355355207297883 0.047539550096688164
106 0.0006924800797115244 -0.0014212162446767332 -0.038022705007555065
107 0.0022109514915991182 -0.002476003656166355 -0.043156242172464415
108 0.00018346605078273237 -0.00766882162170914 0.05236754158345566
109 0.0029712213235039194 -0.004196652243508871 0.04487557153849376
110 -0.006624821547457051 -0.006361538636194444 0.04008737250728417
111 0.004327586141317091 -0.006388165750504691 0.04496222788819073
112 0.003416435869952175 -0.001554214265405779 -0.04097473198519706
113 -0.002550677133770836 -0.00018767160138958433 -0.038704659518809276
114 0.0012153109155174854 -0.0023890568280120206 -0.043601523435125966
115 2.2715472895024763e-05 -0.004008002855366177 -0.04132738857906304
116 0.00211796928072136 -0.0008832820068759017 -0.039863255693941876
117 -0.0011194460727457986 -0.007049776931543286 0.04529492167682246
118 -0.0054396502514712135 -0.003161433433222314 -0.036345432945041334
119 -0.00023961993268174428 -0.0036037610602956613 -0.03749281782669703
120 -0.0030510306094476067 -0.0015630182572304308 -0.0422351260334548
121 -0.00353721414841434 -0.00107518856459414 -0.03907833491613638
122 0.002919473983794031 -0.005118021494058084 0.04535445260084085
123 -0.0028566470908040764 -0.010291246953814951 0.044676873091951605
124 -0.0019954274882609275 -0.0037161241362077824 0.046381312208300954
125 -0.003767133378280718 -0.0011684302768557864 -0.036316883887337496
126 0.005398240692514884 -0.001709104383828125 -0.04149631242379822
127 0.000677482288774782 -0.0006722966169433568 -0.04571800910565163
128 -0.0015956210655517326 -0.0019647145606834972 0.04452573795205077
129 0.004021946581222416 0.0002193858481588304 -0.04244439959198122
130 -0.0007287198760968991 0.002454606722259573 -0.04492454659643328
131 -0.001501017027249231 -0.0059611998003661435 0.04880194947016045
132 0.002369572206781398 -0.004683756879054224 0.04214755655049915
133 0.004606772577311083 -0.0064794578682235305 0.04641878615733371
134 0.005612911933296619 0.0034380258972039057 -0.04031073784872435
135 0.006700184100741434 -0.0031338684561764145 0.047067680811295254
136 -0.0010629156500069053 0.00037459088332503915 -0.03968866117626172
137 -0.0018191151517931645 -0.00025930022024921867 -0.0404543705671902
138 0.0009770550786500978 -0.006735702373027634 0.03765190002094562
139 0.0021448663291551706 -0.001650444492013653 -0.04530700265781881
140 0.005003091618390021 -0.0039003132393137796 -0.03826755794880103
141 0.00687289077205382 -0.007903143601595395 0.043616331237818474
142 0.00458320430653035 0.0004944617122179598 -0.03770397219724329
143 -0.0018050667406456222 -0.0036029473471945288 0.04675676191815435
144 0.0017232320302540986 -0.007615147764406246 0.052096524119895404
145 -0.004264400172502944 -0.002962895073908633 0.04525441031560398
146 0.00016488448360746713 -0.004822291745954298 -0.04417840519141039
147 0.0004988026715493643 -0.0030742743344434192 -0.041299340056790576
148 -0.00404464332857641 -0.007448096085026781 0.04387902485500521
149 -0.0044248594377179346 -0.0024457347470641672 0.04542845291219652
150 0.0009270729794789712 0.0009484113242652636 -0.04222173770555273
151 -0.005584952885421074 -0.00799135209959934 0.04385908643130346
152 0.0012794265167051025 -0.00047271074637288005 0.04646434631305504
153 -0.0021471430068544933 -0.001967325527533516 -0.042896836995222745
154 -0.0031023969830642336 0.0012678673948534336 -0.04318704681519048
155 0.0038015069675894526 -0.006379483253609401 0.0448227379184795
156 -0.003147431799120956 -0.0034015882025571886 -0.04285744570276298
157 0.0006771910794558592 -0.003626304439134892 -0.04696158717534984
158 -0.004741030455012542 -0.0004908577886022572 0.04275257154758015
159 -0.0005787615208905673 -0.001915844446584325 -0.04209911437673401
160 -0.0028404458358584697 -0.008865715066848578 0.041742903977804356
161 0.0020374671371303776 -0.0039016477753955822 -0.04027440936765889
162 -0.0029420145748467186 0.002997148771721893 -0.04160102461928525
163 0.002648582891097439 -2.8422808801567556e-05 -0.039322741116264236
164 0.00011907048122874672 -0.010876808777761524 0.04798180948663651
165 -0.000979470348688151 -0.0026227877792326312 -0.03862279501935702
166 0.001289857968766163 0.00023355493555688844 0.04979827943359259
167 0.00245959879694398 -0.003333924116001131 0.048895459696517374
168 -9.004392806774737e-05 -0.003010088046031029 0.04462726738243404
169 0.0020141632814772194 -0.0032024305329730954 -0.04418243917609414
170 0.0016780219393013052 -0.001655704194223468 -0.043752058030584406
171 -0.0027597458830467964 -0.0064927275124836694 0.03946123137096899
172 -0.0006063669814216632 -0.00018719606518396992 -0.04173384980908171
173 0.0007696988858735421 -0.003429331457571249 0.04652869716380656
174 -0.002903027608445092 0.0031031226631254988 -0.039755127255438234
175 -0.0006328711136337831 -0.007844451084118126 0.05210073427045607
176 0.001165983541142996 -0.0011989795365713249 -0.04344465645886187
177 0.00016695983629069072 -0.011394182103661174 0.05114605613318843
178 -0.001310837840660023 -0.0007941353866508793 -0.040373453429014675
179 0.003323003273023803 -0.004713714907036094 0.03799665537022287
180 -0.0008763359757508124 -0.0035310870179934613 0.047778842417316184
181 -0.005849120519801007 -0.004152277713627365 0.04288268325095439
182 -0.00040450527824091587 -0.0031792333904766823 -0.03566193554695185
183 0.0009733540334414988 -0.002302938844392803 -0.04029125476896935
184 -0.003984399100593198 -0.0067288375302132705 0.046757336547301076
185 0.003383524134555716 0.0017361931598873018 -0.04374473614672876
186 -0.002157249587376668 -0.0011026283981189697 -0.04495354648061263
187 0.0002331231174888329 -0.003130857002649416 -0.03868341075636712
188 -0.001410723753538048 -0.001985247239282374 -0.04102692797916308
189 -0.0015657063167121774 0.001165593253651465 0.042120945628420794
190 0.0010273012490689334 -0.004215067301821225 0.043371006774486805
191 -0.00021184085090090923 -0.0002864528621674134 -0.037206878302621205
192 -0.005928608974712479 0.0012507107282440366 -0.03793890286586069
193 -0.0007967719292584447 0.0007428422116768085 -0.034167148024325175
194 0.0005472113359361284 -0.0047769003977229715 0.05118793986775605
195 0.001767768284182773 -0.006340051173420836 0.04619971158722774
196 0.004444912558853343 -0.0005764341609884108 -0.035574218630764154
197 0.0011807557410552384 -0.000866194692715247 -0.039088106097049914
198 -0.001909192753068386 0.0011168678998150008 -0.04749729743726873
199 0.001320601508173952 -0.0013779163570566272 -0.04155914440440352
