200 3
0 -0.49909217549813195 0.4215756553418907 -0.07973436814292519
1 -0.2842048801393419 -0.10286275525815197 -0.5023424060308631
2 -0.44672860479021037 -0.2305211146765095 0.11543563608250294
3 -0.4112925536087043 -0.3262959515655766 0.15205768849190887
4 -0.4273939161290986 0.357256709227145 -0.37935977144019845
5 -0.38372805248749625 0.23659484742575196 -0.035562264377436155
6 -0.4373106394706974 0.445613595859054 -0.19310969642154305
7 -0.4673171685584171 -0.43881420334529075 0.28788528507472216
8 -0.4150130092637629 -0.35705421689610695 0.19235741391980285
9 -0.40827744801722904 -0.3175591853893487 0.07504539743530207
10 -0.3969433248452245 0.42146600114944466 -0.09862114886038313
11 -0.2554263312439558 -0.09040856172814717 -0.4418138332359964
12 -0.4018325830449376 -0.48981700723263266 0.314118768365489
13 -0.37085019403423103 0.2057024423812742 -0.14146449819564372
14 -0.3932132987690912 0.3388140037096341 -0.0685709844488423
15 -0.37170108160213045 0.3478805168877486 -0.15965317490396494
16 -0.4155195910972669 0.4066507653625291 -0.13514971838164383
17 -0.4434522490053456 -0.2567943344665572 0.08406116189278315
18 -0.4528274537187947 -0.4380973750838105 0.1715800080584214
19 -0.4291923849183865 0.42490283455407024 0.0914914890473396
20 -0.4496634582211924 -0.2448891520719385 0.08738204286086611
21 -0.43321367644667613 0.27484374116065763 -0.038610090513203764
22 -0.3994587054823503 0.3248642579886924 -0.1047296273131125
23 -0.45030906297357653 0.400851390622836 -0.2619635787633915
24 -0.4465494721162892 -0.4033608210389476 0.04484389383379152
25 -0.42402251216676956 -0.3915023944223464 0.22830241753462246
26 -0.4613072026811421 0.4037507639249935 -0.17546684534381837
27 -0.46182638477663535 -0.3809771759736379 0.050499778441415816
28 -0.4103491601473633 -0.3872412736326517 0.1650395347115371
29 -0.46272484916125023 0.27905478953800295 -0.31847380126127006
30 -0.45670902593691953 -0.35745163654556594 0.24111867398214168
31 -0.46039626167984254 0.5175245053415424 0.00869401399212481
32 -0.39003872159323055 0.44920035620279497 -0.12503767260229484
33 -0.21112830058075055 -0.07787595748947859 -0.49083678188052765
34 -0.3174599431899514 -0.0788561882186319 -0.3432160878589031
35 -0.4129638317505224 -0.27524323311764515 -0.04513767544223834
36 -0.4638704426237252 0.3754470450257397 -0.10135988886600165
37 -0.4196606392776999 0.2826350819179748 -0.31876491052266426
38 -0.37480476285323033 -0.24837420160512813 0.30573896632054837
39 -0.42992359456655227 -0.36279446545033983 0.1291571354468961
40 -0.4625582724496726 0.4823745859796533 -0.1375689358189827
41 -0.5352973450193823 -0.4440814634562472 0.11933507621142815
42 -0.3474583071451797 0.35309239679732574 -0.08388425272517026
43 -0.2460056376501686 -0.05176565255360046 -0.35437037034660596
44 -0.43140343225364464 0.41158348730332656 -0.085329754010255
45 -0.44629786112821174 -0.39043239906809846 0.16949039691920753
46 -0.43222554205586117 0.2771149120609648 -0.10730173542691802
47 -0.4177061141031001 -0.38547996274673907 0.2640930084884374
48 -0.42607252723194683 -0.2408835079374605 0.04754716650277295
49 -0.45373014205077206 0.43593982171744744 -0.1897770645284856
50 -0.29119068585830077 0.019046434135160245 -0.5996649326517964
51 -0.39975321354859594 -0.3416838783162962 0.30078551475932475
52 -0.27439907185995926 -0.035760414010430466 -0.5447005952693421
53 -0.34324629029409987 -0.35718268154554433 0.2469079374832174
54 -0.4460370341254269 -0.38209756585836363 0.08269639897832867
55 -0.20398277737680706 -0.03724373910874626 -0.5884146299787482
56 -0.5016733438742349 0.47973360111064006 -0.015293750547789238
57 -0.34445210151618527 0.31800618409765613 0.029117782497054847
58 -0.40744813888938214 0.39857872571800157 0.003973588311695676
59 -0.4257769329651483 0.2719063276353206 0.006975021182633062
60 -0.3732857456121438 0.40896082901536684 -0.15414904932385987
61 -0.40100611741819475 0.42548995064765954 -0.10668519984355489
62 -0.45633752172379377 -0.3519668868133185 0.22824660263139762
63 -0.41506191540587906 0.16173148469513543 -0.12428595792959993
64 -0.42262603983353225 0.3851682414756951 0.09864868854072589
65 -0.44954784372315243 -0.2953030270229603 0.3516801064193799
66 -0.4685658017410177 0.3721609849476323 0.07127993877351099
67 -0.45761661839089807 -0.3064660565568446 0.15422907916418765
68 -0.4282488098864246 0.4423019777405419 -0.16222490495353395
69 -0.2803546725226655 0.010814448243820541 -0.3057088261638653
70 -0.44107916490510723 -0.35702771721989324 0.1522849305079898
71 -0.4350850979477958 0.3584498678508898 -0.13749892585488838
72 -0.4935061691395094 0.3609708917215427 -0.19818387578284716
73 -0.4277135359969449 -0.3346923735341811 -0.0005737852658606046
74 -0.4654463140041657 -0.36317626611338927 0.23775451819346477
75 -0.4628001785385575 -0.2552136558345272 0.2598793140099594
76 -0.39792985920494983 -0.36485809588190116 -0.07566562142318642
77 -0.4524871593883224 0.44662505549964066 -0.023742007998051068
78 -0.43557120795621496 0.31866629034180544 -0.14808597532587353
79 -0.4094427608627673 0.41472189992037817 -0.1720039599883623
80 -0.3704033493878724 -0.4085215969566048 0.10109774665908874
81 -0.4431389439670354 -0.32450964891260825 0.08011213931374113
82 -0.45713681048521554 0.536170410994163 -0.11858617977799717
83 -0.41744873818633405 0.3798361489603848 -0.024824875000974092
84 -0.4067804492655528 0.3589099304274944 -0.15370045496704116
85 -0.38814002380487195 0.4123352754606184 -0.13732819906899638
86 -0.4252304533639347 -0.23157099702735703 0.13608079537509274
87 -0.4369059856818854 -0.3348068659826247 0.10002267060478473
88 -0.4457301871792993 -0.2864908534975202 0.016664500531366148
89 -0.44949093692617065 -0.27327763567562413 0.20253560949504415
90 -0.41252708475520994 0.3675545423088459 -0.1581272227433886
91 -0.42136872819856 -0.2535903780720704 0.0855544258944016
92 -0.5118042021319269 -0.39555934073689847 0.24690481743425655
93 -0.42426120214398066 -0.344472611200083 0.17065315664832187
94 -0.426818587230735 -0.33711201186604206 0.19633255706695282
95 -0.4505723409069416 -0.4626679506954687 0.13441409463697956
96 -0.3570302499264041 -0.3283633150421122 0.24650002476983646
97 -0.4475163509555654 -0.35658902059871 0.22125961788242754
98 -0.4133975069094163 0.3847504430596388 -0.15500863555831354
99 -0.3945283683525081 0.4250131328802411 -0.05295546389150258
100 -0.3972056438174237 0.4253113535619705 -0.13602455830421112
101 -0.42958441204591996 -0.3829882794538405 0.20259186848655047
102 -0.508459568010741 0.459512304106835 0.030036463696010682
103 -0.44892240712342835 -0.2940218031470351 0.23637123638313395
104 -0.2931777696482834 -0.1380780819892863 -0.541576856196993
105 -0.41241972047826303 0.3104250104772657 -0.046557578938883855
106 -0.49807795332383453 -0.35866257944745084 0.17812041251240004
107 -0.42636248107569474 -0.3218771852090444 0.10484383017938675
108 -0.4019806194994186 0.3454432750037977 -0.11933321559286596
109 -0.40032488399211985 0.28705476550895087 0.012971379056063085
110 -0.4340153519405541 0.34987914041199886 0.034917219697473384
111 -0.4694064894674155 0.4027762331749786 -0.2215195620158131
112 -0.29920577896493683 -0.09435771004936255 -0.488955761275286
113 -0.3986837915562881 -0.37417975875275034 0.11597496282060868
114 -0.4403012031449795 -0.34819438294791105 0.13758666973327904
115 -0.4566014439782261 -0.3596044502174232 0.23150926549666898
116 -0.45506212351415154 -0.3710618866836747 0.17874670724727118
117 -0.46843347383062917 0.39503615506864836 -0.0836307731841281
118 -0.4634018036174011 -0.42671252984063224 0.14390111367891595
119 -0.42826328860270796 -0.443103735755506 -0.05618036195900441
120 -0.4308931449004243 -0.3637537271464787 0.11710514746160283
121 -0.42473457514046126 -0.22687823820124053 0.266389286624714
122 -0.42303576784762376 0.4442769233749634 -0.18751880475647503
123 -0.42149244617805687 0.3691461960748546 0.08961960316511408
124 -0.4548249743556234 0.22587977165595136 -0.1505284387945503
125 -0.4894893392949527 -0.30042286917359234 0.14205900365164098
126 -0.4397954058472076 -0.38664243083969413 0.1385908560931008
127 -0.4294707712333506 -0.3451071920447453 0.15672352200676018
128 -0.3770459129911377 0.3538467487517467 -0.008858975615942483
129 -0.44030428518177317 -0.38527760852684045 0.05942057290789316
130 -0.4058043419971906 -0.30705671990747724 0.08534909911769588
131 -0.4333764284098199 0.37442252884069194 0.10866532011055492
132 -0.44965802859728776 0.33221834288886437 -0.1527009153584978
133 -0.4651761746645876 0.3062723947693677 -0.00826690890149104
134 -0.2589684598363639 -0.003946289128079808 -0.4365245026874767
135 -0.41118916673657757 0.321150265457146 0.05201995656362926
136 -0.4076727411203137 -0.39812584811010115 0.1312715137033215
137 -0.45963714667439837 -0.29088770486946697 0.03798754516018849
138 -0.4710043090740663 0.38534289164921265 -0.05106821182629672
139 -0.27497774808715536 0.010055987014261228 -0.3568573983738393
140 -0.19896189650131332 -0.029887523304768838 -0.5491954962214194
141 -0.40522464187991414 0.498300002852312 0.09898400217014791
142 -0.4018749778702579 -0.33346773432556837 0.09822325043450233
143 -0.4219316854107242 0.32983054012079327 -0.05063410260338388
144 -0.413833167862481 0.35881854421109016 -0.006788477557171776
145 -0.4252978943426824 0.4014762352043163 -0.04810834902675642
146 -0.49932497527385733 -0.39818664121871156 0.1467081610478975
147 -0.38944798541336667 -0.2709485991418926 0.1130513137297949
148 -0.39215606349872345 0.4557752993595616 -0.12699369021373189
149 -0.42853634661322193 0.39043277282746885 -0.0503781252844483
150 -0.2814369215522053 -0.1070919435529822 -0.5810327680570588
151 -0.380474618610273 0.445244574640718 -0.0680133488895534
152 -0.42777056837838756 0.48426887581021955 -0.022319406063076284
153 -0.39869702678167657 -0.3103597775780668 0.19233739737501843
154 -0.2616303564127487 -0.0034321238838610824 -0.4590725913919894
155 -0.42692748363174243 0.36879594036171676 -0.2212655944637652
156 -0.4668448580366405 -0.3450849991904428 0.2518469834040639
157 -0.46646764395964196 -0.2525279188774901 0.3305597800057873
158 -0.4216313338930631 0.46991236130553005 -0.20125096201295248
159 -0.43889605541578336 -0.33514798685410246 0.1115149122254318
160 -0.4360514735495133 0.36116377678924577 -0.05798012421064935
161 -0.46421996387743425 -0.35033059980431147 0.14780123324253316
162 -0.4020820684321221 -0.23742759171520175 0.1664840276106481
163 -0.4547209824014185 -0.39745284026294314 0.19461185535050726
164 -0.421796332926159 0.39701702665329314 -0.11141201567627744
165 -0.4285765827499593 -0.3177431815163496 0.18228281586990963
166 -0.3794038655592073 0.41460602860959084 -0.026751590036627915
167 -0.4290506399697581 0.321015796588631 -0.007632742589560693
168 -0.42105298888828596 0.37318265537624773 -0.08167691138987478
169 -0.4029818760675308 -0.34765009283354226 0.23516804297643926
170 -0.41987493387012814 -0.2535480503988169 0.09245511949601745
171 -0.3913147833418889 0.5190496133508626 -0.13744816752336134
172 -0.38313096841642535 -0.39980101105527777 -0.0036005913353739038
173 -0.40768276829609107 0.3937894914343778 -0.23132882930264942
174 -0.4168291942606971 -0.29029512821324743 0.20997987358012743
175 -0.45243603888663986 0.35387636979556436 -0.06356115668809147
176 -0.442839363032671 -0.3672584085949115 0.16387070225931696
177 -0.43406656480362454 0.4715265302603927 -0.09845033355879526
178 -0.24058712566196602 -0.08977193113235121 -0.3594831137096454
179 -0.4387465667620973 0.3693842961979952 -0.07177218191277003
180 -0.4465521947604594 0.39231273987223436 -0.09486354514984117
181 -0.4381057863395848 0.41679132822116854 -0.16442243062210182
182 -0.21289286605357247 0.019862093737607917 -0.42246593503491603
183 -0.4553299313394027 -0.2521508926884342 0.02022230744101785
184 -0.46408802472970606 0.3455955845616715 -0.026948067695801374
185 -0.4688204665478446 -0.3388503867054583 0.1610028188182545
186 -0.3954779224993392 -0.2746000563226247 0.11823344691315955
187 -0.45072436396445814 -0.3207071006497859 0.19317379609656388
188 -0.4434624250532163 -0.3001546615926997 -0.16261486531766806
189 -0.44139125807670043 0.34785189878368195 -0.06306750307249573
190 -0.43733511313829987 0.49020320866315376 -0.10247859477237686
191 -0.40134038068328665 -0.36122527005193833 0.23371162588710323
192 -0.2586944296018682 -0.1138907443852997 -0.5262379471240888
193 -0.4328865215267562 -0.4576636006191509 0.1380054314538383
194 -0.4676911878846487 0.35315373514246096 0.07715868378670739
195 -0.48007791642888453 0.265489124299766 -0.15709222599107087
196 -0.4225880064746592 -0.364587523060466 0.2906728070400039
197 -0.4295745033305901 -0.39223610342998605 0.27523330735812085
198 -0.5183889616826972 -0.40993264741973395 0.1057139392402437
199 -0.39341263688747496 -0.334743821758067 0.09551103709369252
0 -0.7007075038161636 -0.03451269899278686 0.14635732292908268
1 -0.2637760373563115 0.04019741536803284 -0.30691285817239633
2 -0.6677616229830675 0.045645663150195 0.23599856576141037
3 -0.7484321606172492 0.015130871873445499 0.25195529365751745
4 -0.6591401681505082 0.03231047249632003 0.3037092688006074
5 -0.6402380512528177 0.07386082381336535 0.1262291330214451
6 -0.6845550757047849 0.16594173550974495 0.2477928764558409
7 -0.5853206286086472 0.05925966603574465 -0.057460602209842976
8 -0.6897923241802432 -0.046250685553000756 0.0876308171106063
9 -0.6347089322333176 0.031732577955623696 0.0880872928989742
10 -0.6650164592555532 0.03173126586134378 0.10042773152567519
11 -0.21017758612909762 -0.08005193421747626 -0.49136018465407616
12 -0.6232947665300738 -0.10581893987403929 0.05862459147880833
13 -0.6368282698355316 -0.010827237664065905 0.22253068223454045
14 -0.6363310904168391 0.052070115990355825 0.10503892666159698
15 -0.5749609487157331 0.08594947379536083 0.17659877986348246
16 -0.623754167865748 -0.1575521263594012 0.13035789193090155
17 -0.6183110514169581 0.09781344917397417 0.1294969082331938
18 -0.6788094166117178 0.08000236178269902 0.2862187315259332
19 -0.6605607731575571 0.05025113277576091 0.09339346814635001
20 -0.6116069275123008 0.02423458015751465 0.08633101095036055
21 -0.7259427739178007 0.123352425741672 0.12218638011769209
22 -0.6791461529220016 -0.004686412118795155 0.10698210781359344
23 -0.6752979415649077 0.03507273009394097 0.2481718169914637
24 -0.6094053826831007 -0.023302385058734585 -0.01411936193930129
25 -0.7005216900548532 0.05732886683312627 0.05397737593254742
26 -0.7002544533148628 0.09090212777150632 0.1561353762343375
27 -0.7089301479093582 0.04786543240803591 0.1269011142823054
28 -0.6534769906951214 0.059882196759714186 0.2407363419774758
29 -0.6060645573750146 -0.04905863213372035 0.1748216472930853
30 -0.6696243816295 0.2593590021607693 0.13071648698980215
31 -0.7539533185285449 0.13591947294568965 0.01527215463169248
32 -0.6623199225304638 0.00019586913595593265 0.1763643842944139
33 -0.255873905873114 -0.08343419153621842 -0.2860989614125635
34 -0.2673038911333431 -0.08162389682252548 -0.3084772007099838
35 -0.6248685444974824 0.02106951526866788 -0.023051914437180063
36 -0.6217446694527562 -0.010906661624593498 0.26286681041877946
37 -0.5878068208215567 0.04886117093564786 0.1484793825119773
38 -0.6647982881441074 0.013861111664696647 0.15352742062890898
39 -0.5699862205729128 0.10674549620201716 0.16225714235346586
40 -0.6725529256488877 0.05428502787676987 0.12233465975438879
41 -0.6914990301585168 -0.013004703110300083 0.31817178383740236
42 -0.6380540262872633 0.06565007836756198 0.07081916188653951
43 -0.2786742456177074 -0.0019314155256667876 -0.36446116580533106
44 -0.6765455858469979 0.06301662691351198 0.05594991213209345
45 -0.6410290199426415 0.1061568558892736 0.18011806956951887
46 -0.6847137605243473 0.08760531823882632 0.2899567459704897
47 -0.6984014528598299 0.13489666567607 0.11452614057766991
48 -0.6865812167615094 0.05029155709272246 -0.01038460974742428
49 -0.6836518394155991 -0.0010773479057182346 0.15083458024406518
50 -0.26666941699544067 0.07785597908618126 -0.11556202109222467
51 -0.6952250292674498 -0.0024802672167259566 -0.12641465800373547
52 -0.258761514571547 -0.04934422311179939 -0.30341129690418817
53 -0.6195683816953164 0.1574795194611154 0.22472971931555935
54 -0.6228838258164405 -0.04383042931442164 0.20396407724877555
55 -0.270354102554335 -0.15604884801055824 -0.4285482904173621
56 -0.7165896516065907 0.0916375253279053 0.29855517214154265
57 -0.6782476031111714 0.06555737312163265 0.1480849801956154
58 -0.6482597419070912 0.018436864614863133 0.15000564713839099
59 -0.6426772285863848 0.039012345952168834 0.16938118266891541
60 -0.6827603843206489 0.12099318104643696 -0.0031868033493321125
61 -0.6101138515444919 0.016769816157991224 -0.0560960373763883
62 -0.6898839591837296 0.17933389549592868 0.20238470249092186
63 -0.6729130143172853 -0.014413249043714566 0.17316468199357077
64 -0.6296881487975488 -0.07135914567862645 0.11574074126129885
65 -0.6143001592442267 0.007284652753277692 0.1804414882104895
66 -0.6617992667149616 0.009910526454419435 0.18903171914332514
67 -0.6383087384759792 -0.03488430542932282 0.1262545836093091
68 -0.7036547018374231 0.06959394376542527 0.14426133402796748
69 -0.30174109052126763 -0.08905498572789687 -0.39254278655082353
70 -0.6370932993774063 0.15365963138050617 0.19844802607691528
71 -0.6591252442769521 0.010522679580670375 0.14652368433041588
72 -0.6834247973538609 0.018094641052919004 0.1970014201103581
73 -0.6616853557702591 0.05564703642527406 0.06474398063266742
74 -0.6298198104036599 0.07871354482310712 0.08336410807584474
75 -0.6394548983366705 -0.15065062374848817 0.22284423953051516
76 -0.614538674615794 -0.036813422239754444 0.026570498606513292
77 -0.6705002832864035 0.08119037707922255 0.20129685381903198
78 -0.6543243322769454 -0.037837799206860465 0.21785283388379995
79 -0.6704800412706341 -0.02602589828232821 0.09304689665739298
80 -0.6273849080906843 -0.036334975625225474 0.08144841351515113
81 -0.6660445212595906 -0.011143676870432107 0.08501450245911288
82 -0.644311593933027 0.07677892974797625 0.14686043339622762
83 -0.6159943635118595 0.06225741317892042 -0.0015144863259485201
84 -0.5301888605781705 0.05433523895645256 0.008367765527387652
85 -0.6698991786639912 -0.03207670959491013 0.2621077417922267
86 -0.659179032525679 0.09207971355234239 0.2753498295063314
87 -0.6397348464010317 0.02571179093813653 0.20289721939743957
88 -0.7208657184836514 0.0291821443089178 0.16452704666704585
89 -0.6415250859680236 0.07945124118498814 -0.05453639830929793
90 -0.6289845284680786 -0.03256587349833117 0.15522560900287133
91 -0.6174176742992566 0.18749740665965986 0.07773583063654928
92 -0.681291052134955 0.04350273046272683 -0.05492027050656749
93 -0.6488322106744064 0.07736265656112068 0.10842277410961114
94 -0.727606961152476 0.0669625371506773 0.26502492396997585
95 -0.5879883322774798 0.11954024959115186 -0.018021634339643922
96 -0.6380388525025706 0.1827577989700322 0.1535482815052736
97 -0.6993097432379123 0.05780778605186373 -0.016429074862185398
98 -0.5920636337940449 0.01885321455994454 0.174370257208296
99 -0.649346781823431 -0.10836099028903146 0.015830082138786495
100 -0.6962777736120281 -0.019229041224119028 0.22447951587782777
101 -0.6728504001817918 -0.03349479709883922 0.15704887001333398
102 -0.6202858091984494 -0.062069610141863595 0.13039478101510227
103 -0.6173699624424427 0.1237811964465959 0.23380947761479734
104 -0.28582137532872487 -0.07573777620139373 -0.41234269567791637
105 -0.6792144962551943 0.06490729602727072 0.33057353372494624
106 -0.6888725687439979 0.10228304263127143 0.19423646468896444
107 -0.5543391009521194 0.03762125154900665 -0.03315931034612564
108 -0.6331794013367874 0.04906766896778204 0.20657322163788888
109 -0.577356633781088 0.0995358620712588 0.09487361100409791
110 -0.6593985445296776 0.04553718207541676 0.20076958193140584
111 -0.7015000375227097 -0.0013132493928354788 -0.08921215766294777
112 -0.2954914429938518 -0.030026914427002237 -0.5363319361244953
113 -0.6507772453850439 -0.09637862740438637 0.11716601036616596
114 -0.6437253586326531 0.08478136808877718 0.2633058216194113
115 -0.6843161436930717 -0.05331195068111339 0.165129726873853
116 -0.579755880079 0.10874512419697659 0.11008100749973956
117 -0.6732855157678863 -0.03335747791458536 0.0277261344268826
118 -0.6796315761416309 0.08740763880821752 0.1443332278170664
119 -0.6381546599468196 0.18186818371452743 0.16956760460534606
120 -0.6763526884292459 0.07080053829365793 -0.03690517646524624
121 -0.644435282165576 0.2183329724074072 -0.06586434817214352
122 -0.6941870066392107 0.10945416210446986 0.02739197410982364
123 -0.6255413283675367 -0.04232896494322943 0.12999589601224934
124 -0.6982702758059433 -0.0453870369022193 0.12960882788835335
125 -0.6979923455389784 0.043518078366237195 0.012588115365337148
126 -0.6216959884743471 0.18912932285525386 -0.025757644866482073
127 -0.6221574675174064 -0.012846882882560497 0.12263717990127372
128 -0.6616537355816112 0.04732548263994175 0.1787554340938704
129 -0.6945474473715161 -0.034401261868067703 0.13735821928196587
130 -0.6449608662900185 -0.008593799745775411 0.1699119754515426
131 -0.6754627071200046 -0.004695384313264708 0.1753180773184805
132 -0.5799586514824874 -0.031103884147571138 0.23939836572780723
133 -0.6456304836068959 -0.06405541210019473 0.23875357862295934
134 -0.2389735989997338 -0.14360196580322687 -0.5317074654054488
135 -0.6092417752700888 0.014809097466408714 -0.07875113924445311
136 -0.6202835909520411 0.18152239777689178 -0.08374956531292574
137 -0.687498977468498 0.1057011571662775 0.1545255563989993
138 -0.623943387640604 0.11312408601843887 0.1364529390546705
139 -0.2759402747890414 -0.031101932973654052 -0.38921886838858544
140 -0.216779277317428 -0.031087123290223388 -0.37716247773282097
141 -0.6392553787952456 -0.08288622815591935 0.11096322296753469
142 -0.65610444502337 0.1474474284706467 0.19664006412302945
143 -0.736474536197464 0.09046257518728097 0.08241069111165715
144 -0.6396956800086682 0.022940634584044373 0.16128846134743605
145 -0.5980520531981552 -0.06383049313461654 0.1940906987372739
146 -0.7186089612407104 0.07433672505788527 0.16003756550787387
147 -0.6558792188779984 0.06504238826480492 0.16799472784279046
148 -0.6756534719780254 0.06344702511234704 0.115792550527984
149 -0.6424322990067459 0.037827770260847784 0.2676963232901285
150 -0.19785391902716504 -0.02542208713896505 -0.3249631520935717
151 -0.6651117785019481 0.04153311478314416 0.1816647261603269
152 -0.6430268153563562 0.021156645474432592 0.25248562875404795
153 -0.699816802071789 0.025460266296292985 0.034740349759978376
154 -0.26751854810215603 -0.052446397632792 -0.5285869899933446
155 -0.599801961693557 0.02439496060483116 -0.05339243404865045
156 -0.6569535964527425 0.08811931468375765 -0.021083053364168634
157 -0.6787903344029981 0.055100021532364346 0.1272887262271522
158 -0.6523104426815027 0.007983685553509439 0.06614279597130121
159 -0.6605949377346845 0.08481950139887787 0.2112199388915628
160 -0.7096477945766768 -0.06921252376199638 0.1517445570966554
161 -0.6591779344467886 0.06594569681842866 0.2282949794009184
162 -0.6756732852147433 0.06938992941023556 0.18140086914786588
163 -0.6371168035905768 0.0765655055450559 0.04315449137688001
164 -0.6074614104542414 -0.03464265293166042 0.16897663156433393
165 -0.6890079615116032 0.13279255178858168 0.20144814020509264
166 -0.6465637871704291 -0.04046810717915895 0.3226772401112455
167 -0.6956782545418851 0.05970400808233668 0.11599194060324011
168 -0.6402540038044772 -0.055488373615335825 0.04295234151018017
169 -0.7030131916490582 0.04448107674900342 0.1019460888793114
170 -0.6529203851674757 0.023583846513504772 0.2849059005993427
171 -0.611547048694759 0.0065803527772337065 0.06510303957565851
172 -0.6634009992771502 0.06849021514904956 0.0543615477001077
173 -0.6595731900666678 0.17525248925401138 -0.07072367049336245
174 -0.6753525570134787 0.04509391288545437 0.08470864185102578
175 -0.7278992644766372 0.031055320304728483 0.2057578478756325
176 -0.6278875500983807 0.15505464246395934 0.08328995076176925
177 -0.7109421744791832 -0.0666020058881461 0.29358315619570874
178 -0.2871290528708122 -0.06625157946952358 -0.4206995419726539
179 -0.703945316698503 0.13359054875790125 0.1365304903559313
180 -0.6516444570313926 -0.01171064636096932 0.16302568820922858
181 -0.6283896670747101 0.0030471326062157366 0.14607972902368008
182 -0.3140880970481465 -0.009558383113071271 -0.516848181394108
183 -0.6805252517501801 0.14719180389646783 0.0809732282871641
184 -0.6407994174890662 0.02252746742765943 0.15936457797065345
185 -0.6457815347037535 0.08439293555950804 0.1568108692261129
186 -0.6730391338645645 0.10251652942647699 0.19017543904192752
187 -0.62035564804777 0.16759488718141366 0.2608961901591786
188 -0.643174928544896 0.036354091844450855 0.036706394686523904
189 -0.6600882912988821 -0.07384563279832883 0.12345362025660367
190 -0.6489447584233093 -0.05206205450410374 0.23758872084089985
191 -0.640048484544797 0.06147429078242134 0.06215853467829289
192 -0.29730244272301565 -0.1095022561667361 -0.3491926176362915
193 -0.5918250039870949 0.04850909419432274 -0.005536240404831666
194 -0.6482267460399848 0.027171703271777904 0.1715850154287805
195 -0.6558050513317397 -0.0593328966293555 0.03209934927588363
196 -0.6072988931756717 0.04181108320508499 0.16426051743849684
197 -0.6354439815820623 0.07310634888300292 0.19642143803484444
198 -0.6954298800599703 -0.04311752779275128 0.12298019971442846
199 -0.6504430717087428 0.043488504524224265 0.13726732914990006
0 -0.500489625222334 0.47923577549346275 -0.16558886065100076
1 -0.47826029427022954 -0.4856693251744794 -0.2208121483824483
2 -0.47191363356812144 -0.3791864983474368 -0.09903315577501552
3 -0.41150988375336806 -0.3606556702780813 -0.21701945888255883
4 -0.44509073351029754 0.3281015031683802 0.057126475807345305
5 -0.4531883212602807 0.4122514118551731 -0.37558301694679913
6 -0.4411379226965938 0.29847150877376316 -0.02965228775974986
7 -0.4431030291963822 -0.30384785649698043 -0.34209545655430074
8 -0.4107843898487065 -0.30472289620914506 -0.13441714807758784
9 -0.4468452032989995 -0.4392817159134915 -0.30133860572553794
10 -0.5131985563739028 0.4385189710026516 0.11668630284455059
11 -0.4885362258289891 -0.4377331477040163 -0.23812378709113827
12 -0.47614799578834727 -0.33941688921596763 -0.2401561294590435
13 -0.4477262982144083 0.3228311228083725 -0.23878622621098494
14 -0.441965101608173 0.3617215822527222 -0.09550201864500446
15 -0.4837359509522616 0.3084935641574937 -0.1737464810873332
16 -0.5046407264875523 0.4324065164255746 -0.23320793665921577
17 -0.39753633698535495 -0.34440037427977643 -0.17364458273616842
18 -0.48017417470026885 -0.4473860732145048 -0.32861315191360135
19 -0.3665424045805648 0.35638531836975423 -0.0019012376040322633
20 -0.5092018517752218 -0.39248714932260953 -0.1830767610096703
21 -0.4207161287251576 0.3108506225724957 -0.0502582205283594
22 -0.4554090667939872 0.36619597081444977 -0.021421653574817224
23 -0.3733642626730485 0.3012859012831314 -0.1625547800965615
24 -0.571964307234603 -0.4589475353550995 -0.14336851495152847
25 -0.5723614002929001 -0.44500174350546806 -0.11994476810526003
26 -0.40853007416538906 0.2949769726128514 -0.12885682953839236
27 -0.5009639018700378 -0.3653094675263303 -0.2774479302068406
28 -0.4701133081844624 -0.4506401874793497 -0.14824007720269622
29 -0.49436274584776496 0.23726099543224427 -0.008418633515546661
30 -0.4496273205113963 -0.40705893917387503 -0.24842163845231696
31 -0.41215343771391655 0.33668104325157927 -0.2386502157992463
32 -0.41656195826370757 0.4342395299474402 -0.05543133420340231
33 -0.4492631950057592 -0.35037988398622116 -0.3178633949893039
34 -0.43701795345553507 -0.38159295323891307 -0.19224867787641367
35 -0.42767406213984516 -0.3765709195578718 -0.2563745886114212
36 -0.4091339745066918 0.38259203079898957 -0.20454765898421157
37 -0.47111671989499093 0.3776206244105747 -0.002718502753397265
38 -0.4284825872583701 -0.4286092791737883 -0.37397773683629176
39 -0.5215185538894712 -0.4074468170286955 -0.2928806019421782
40 -0.4494671786001655 0.2581433473183758 -0.09538194132171254
41 -0.44567205168021945 -0.29632764657121846 -0.21652804793629546
42 -0.46283613826797465 0.32623845997773415 -0.11719995116784095
43 -0.44993470570499 -0.4383357632002933 -0.08570948458495913
44 -0.46110793220673313 0.37448262480553285 -0.07910375910570622
45 -0.4202765221366515 -0.3631131556665965 -0.17996131973263155
46 -0.4996468146129328 0.36294029154359697 -0.018198947156020242
47 -0.5413293303069032 -0.3610784083412263 -0.14485708283111123
48 -0.4631924350536218 -0.29123992303674096 -0.14796849426932648
49 -0.44053543279474594 0.4493820693717256 -0.06240034901445343
50 -0.5092889228201353 -0.4344185524385733 -0.2879899811860634
51 -0.5286978095893132 -0.36299527731068065 -0.38257572304274395
52 -0.4993999908097263 -0.382097269851091 -0.10029528537142499
53 -0.46766522731446314 -0.3799637638478428 -0.2218569210346166
54 -0.45777583085087165 -0.32587204590016916 -0.22193709492331068
55 -0.3908797119625559 -0.35816010728247627 -0.017140080546100347
56 -0.4076166660673597 0.35466497781823075 -0.04574164169239733
57 -0.4486007364977679 0.3788305534724592 0.02741913051828306
58 -0.43205136827632723 0.3205018793054866 -0.2095198999298782
59 -0.37851996998394993 0.3232927455034597 -0.03499500348908154
60 -0.35652956305574707 0.3622274833141293 0.04107821780533996
61 -0.4176248167179613 0.31426095949299143 0.038399882168657994
62 -0.42495214966497463 -0.39575002151791666 -0.18343779491113427
63 -0.4176036195947313 0.42739019642364723 -0.05181275178484547
64 -0.483367918928553 0.3437415108035243 0.08301881487579453
65 -0.4650783491134507 -0.3645140700566491 -0.11051316825469892
66 -0.41980932082939176 0.39903751769125345 -0.19998660199576768
67 -0.4309900824857762 -0.42282116070187725 -0.2741161439593592
68 -0.42170200395693297 0.3775208713075439 0.035392778228866675
69 -0.4529114263008992 -0.26171542935211733 -0.04580819370977624
70 -0.4719263075897564 -0.33954760964644365 -0.3077539371538635
71 -0.4558588441300152 0.3634738072029526 -0.0460626025765301
72 -0.4377897186050017 0.25382298627349503 -0.0767370481086573
73 -0.5027521122938572 -0.29685603726502224 0.004075860444952603
74 -0.42536421661893886 -0.27335907036972423 -0.35450603400927955
75 -0.5172158387497049 -0.4355367203057968 -0.2666240570043855
76 -0.5003863492950927 -0.41285733718583345 -0.3205134691528481
77 -0.46539075568102417 0.3939928535129959 -0.04035591823768546
78 -0.4198637021450388 0.2583870126043763 -0.24866493613591437
79 -0.45029762444743204 0.3568351163989161 -0.15076262453137024
80 -0.4841727470846893 -0.3914540897104069 -0.2626373038020616
81 -0.44513517237379785 -0.3491394553739145 0.09232074002096492
82 -0.4303711373828896 0.3825181281233287 -0.07371217441172798
83 -0.35584910237385087 0.33380216601768686 -0.12149104259999126
84 -0.41574576751306797 0.4293811264754397 0.055236283272927296
85 -0.3950732801729119 0.3480788738579113 -0.14061325503968733
86 -0.5153288575849139 -0.3360816991611864 -0.09136949315578057
87 -0.5253233960460493 -0.37506048699973293 -0.238175484308466
88 -0.5768455766410151 -0.3052251725278917 -0.2605912398366568
89 -0.43474738911368027 -0.42833856503192136 -0.08513144183061286
90 -0.45544307739421414 0.442798240754773 0.03620830709809007
91 -0.48802635324072025 -0.4198143011254341 -0.1672924055682148
92 -0.46780373753687543 -0.5408675888873756 -0.11050675528638357
93 -0.43408396937198135 -0.5382097184612947 -0.19523112716420954
94 -0.4477258769779236 -0.4623874976334405 -0.23954476901853214
95 -0.4439661851283181 -0.24885841344212925 -0.24735470441029464
96 -0.534236074917675 -0.33920309414956495 -0.18683882975765295
97 -0.5494677210299331 -0.27237167138932317 -0.11908583020774494
98 -0.4111962851490402 0.420921336195455 -0.12101032102116048
99 -0.3813432835112917 0.38614355429052205 -0.03139843739173809
100 -0.43807335042777 0.31152865211513936 0.07983590674737902
101 -0.46367782179582556 -0.35975242887155523 -0.12963092047458355
102 -0.4021611043625925 0.35947611017070313 -0.1372896453328805
103 -0.42603439958310124 -0.35873398032640724 -0.2054195098283734
104 -0.44360546001376894 -0.4406676482159057 -0.16701882019051814
105 -0.44361899249439096 0.4275243082079582 -0.28313388440726484
106 -0.4571055205380292 -0.41838325222853157 -0.2919784057564596
107 -0.5025280813798252 -0.4028514909459722 -0.039741736342273196
108 -0.40449811471188524 0.14922702135373198 -0.013310959547386324
109 -0.4132185958033231 0.32057726616473037 -0.1323642613048622
110 -0.4361074468283435 0.3304663686932322 -0.2483543450618766
111 -0.46058961368463547 0.4095229136875827 -0.3366396989303878
112 -0.4795774509865333 -0.328324488493742 -0.1857908359918563
113 -0.47417687071936343 -0.36543490246320504 -0.13661769028155502
114 -0.43957427968177165 -0.37356006627834193 -0.08622843471580616
115 -0.40316953873329325 -0.3544234835333756 -0.2701518422869387
116 -0.49868800946877473 -0.5061219581170012 -0.1534954325969098
117 -0.43813698401174206 0.3912317408878309 0.08928213452307505
118 -0.488043384830595 -0.40274620707119385 -0.18516448490965035
119 -0.4975174375161647 -0.40979577029527764 -0.36117473039494674
120 -0.47240440670210165 -0.35399690498310915 -0.3317635696812876
121 -0.3905272157736609 -0.36731757368830514 -0.33745360179237105
122 -0.42052855519032284 0.3305809417137141 -0.239413514039758
123 -0.43309240929428927 0.30282093627804113 0.07862982982084862
124 -0.4734956307588418 0.40564766054957513 -0.05856388993544659
125 -0.4283610954123527 -0.3026754921787967 -0.2049599922213414
126 -0.5151840378773216 -0.3620099547727125 -0.2819238822415795
127 -0.4504746076641717 -0.30171743540942964 -0.23139466100918132
128 -0.4953241205807899 0.36908527571431893 -0.11155253972960114
129 -0.44829211837946403 -0.3615935949956536 -0.14471640898671714
130 -0.4902594455439992 -0.32823537185932833 -0.2557190830320679
131 -0.38452036956891894 0.4001702726957972 -0.07617244702644596
132 -0.3713724767344038 0.3595192281937367 -0.04926102560965625
133 -0.3975521861946046 0.3709585031658156 0.04323310548571048
134 -0.4749184585343621 -0.4248683977420931 -0.1990457313969252
135 -0.46099451396637414 0.3703495929929241 -0.03071718103683454
136 -0.44301210412635794 -0.4218537874907835 -0.43196397146384696
137 -0.45126977911848626 -0.38852279111049615 -0.24938879339055253
138 -0.4321161865056652 0.44660682514782973 -0.17008743767824414
139 -0.4749486141652588 -0.363454297901188 -0.19852296663936486
140 -0.4946207402541182 -0.3403716538809868 -0.19999228545537157
141 -0.4630484080755156 0.4703170411862806 -0.02550048832008365
142 -0.4448017044747243 -0.2527562435933418 -0.22413684817305463
143 -0.4468406539271016 0.3160604159145748 -0.0011103260394580644
144 -0.4207164662903375 0.3916793081368048 -0.08998424331387014
145 -0.4413294304667377 0.34594564498340225 -0.1374452724537329
146 -0.45083072958193826 -0.4110254094496855 -0.14241163812453198
147 -0.5066931845997109 -0.3629427738268687 -0.5366623249971012
148 -0.47492996845865987 0.33403866443490604 -0.17570008705618043
149 -0.40764946626407866 0.3665014856464244 -0.13119387249009812
150 -0.49439582363976575 -0.5058138232643343 -0.25608873034991625
151 -0.39039252520595147 0.3793341544449854 -0.033752188706684484
152 -0.4183101721567846 0.4695338237464276 -0.12115720930639086
153 -0.4566279944254615 -0.31633403603809146 -0.2725204934745269
154 -0.38952871177126847 -0.4693988999461538 -0.25893945073987473
155 -0.40346050089773333 0.3063530642372666 -0.03144587010638915
156 -0.5365905631035521 -0.4112003205282365 -0.24844100048180406
157 -0.44386890714842037 -0.46974215575594325 -0.17501820431600323
158 -0.4587253785118829 0.43560851899341835 -0.12894258315635937
159 -0.5836810592791967 -0.4061154398467094 -0.13559907176308356
160 -0.42678131830022603 0.3387728285119446 -0.0031772086084898288
161 -0.43834922479654687 -0.439283126372451 -0.24330629069487328
162 -0.46291072682038636 -0.44049095552280165 -0.37803276598870594
163 -0.42615015750818624 -0.4127515554111169 -0.28102236565574357
164 -0.4769530327613363 0.3933457775433428 -0.13869246231517401
165 -0.4520047449398365 -0.19481794882242534 -0.20921820357605012
166 -0.4827843373742496 0.4612779460340977 -0.039193884849856864
167 -0.4119814120416077 0.30420194620491814 -0.05274070527355313
168 -0.44443053490043694 0.46229422434300677 -0.07936450775225508
169 -0.40972972384772066 -0.20274386656965668 -0.29461154100753356
170 -0.48451712238508643 -0.38618888070478086 -0.08368740052503364
171 -0.3595294976945625 0.455668174775771 0.013982503024687148
172 -0.444318247926441 -0.39982113245570666 -0.12699213598784967
173 -0.38530706984890906 0.43858667114310984 -0.09561376142468307
174 -0.423421804136367 -0.3280293590856265 -0.12089799982721995
175 -0.3908852604252527 0.2652835535307879 -0.16186598734000243
176 -0.47074597407624674 -0.292852848201959 -0.041589452451036346
177 -0.4317494704632276 0.36754593998125545 -0.20024536777434218
178 -0.4855839940770906 -0.3795160601373417 -0.10214028255856072
179 -0.4419331553409039 0.41196348226717366 -0.07003000676119349
180 -0.39952397037289805 0.3671646509310584 -0.049828217711859406
181 -0.4316523684298554 0.39850759936509095 -0.0412659489387551
182 -0.5208817679206537 -0.3367663313622006 -0.1274726277105306
183 -0.4431723633170478 -0.3699764859947351 -0.1944927722262167
184 -0.4442528742899115 0.4750629231440331 -0.022207710285051658
185 -0.46180783443736684 -0.3467597871525528 -0.03383877118959286
186 -0.46558856688263983 -0.35312286526343073 -0.27277940635869197
187 -0.47373066256579704 -0.4096281976925587 -0.2725965040407174
188 -0.4391338267946518 -0.3941762395662393 -0.337514263625267
189 -0.4532612106120056 0.3589796929256592 -0.20961328765743764
190 -0.3975297863899362 0.36612930594978077 -0.05309824030117918
191 -0.5301403422606922 -0.408328001820095 -0.1523176124175697
192 -0.47479075267245935 -0.4734649629583865 -0.07775043368440611
193 -0.4726398649036803 -0.3753774027797901 -0.27865154293862027
194 -0.4233626836894348 0.2678238059566984 0.010143546698448365
195 -0.44291408553605827 0.3989458505408572 0.027572847359672276
196 -0.4329598325394446 -0.4166654041705998 -0.3546699568824829
197 -0.47516109031904863 -0.47780767285386094 -0.2011300991356633
198 -0.4731823780028932 -0.43176510082018776 -0.11207737331199646
199 -0.47894027538535805 -0.3496538194687854 -0.1197271531568555
