200 3
0 -0.32236407230757413 -0.003258242240235104 -0.20188094705377377
1 -0.3340730551628952 0.10350532322254925 0.07694963522055849
2 -0.326622484296721 0.14966037977114682 0.22045568380445657
3 -0.3516270378915788 -0.051888909160853654 -0.2265120006605076
4 -0.30949258657142664 -0.3162486767626083 0.19549968933301073
5 -0.3963976176524358 -0.25453745849225723 0.21522508200916232
6 -0.3199551463007702 -0.1028185598057473 0.1979153576760665
7 -0.30343999580686615 0.15165782853400744 -0.028313546355225098
8 -0.3963888061238329 -0.14123921803105002 -0.2280739398389622
9 -0.3587092375522704 0.2576834422819183 0.06549682372365735
10 -0.3627186478449513 0.02214508443910465 0.3284818034285954
11 -0.386603610281534 0.12262280207078968 0.15461709473802243
12 -0.36650853122263843 0.0861165417648253 0.1747482915526732
13 -0.34241323328490564 -0.19428825143952697 0.21671443376623375
14 -0.3466931604673 -0.18401418482259113 0.3447413995967991
15 -0.23580322434067086 -0.0350261730715464 0.1733737499879275
16 -0.3591607181677285 -0.013976034164694147 -0.23588086101192035
17 -0.3743925792767475 0.006949665777355217 -0.2766431416893014
18 -0.45157860217745577 0.022810741002644016 -0.3376604647988233
19 -0.33156546291276207 -0.2726293721012853 0.20560618111844867
20 -0.37443954678075564 0.03740176933712045 -0.18321251809739666
21 -0.34072268104861664 -0.29973759639846337 0.2616518687032367
22 -0.33096378250464736 -0.10718247250444475 0.030419132827555227
23 -0.349108443300347 0.09509814052578366 -0.23566163311820665
24 -0.37471247486424025 0.07537326565833187 -0.29821162117557704
25 -0.33584548504739387 0.13050208278070116 0.21333322889305667
26 -0.35259627582282105 -0.1735797107021016 0.36176648534445915
27 -0.4268066558165364 -0.025476071901770408 -0.4454972286485052
28 -0.42727126414093186 0.017218249953648734 -0.11688335742946504
29 -0.3982725372020523 -0.2559767510583807 0.18770659459554956
30 -0.43892870141204027 -0.009180344577862069 -0.4484812121412005
31 -0.36345646577059554 -0.12302571773233967 0.013036767934770377
32 -0.3568703818709938 -0.4051186595078274 0.18049434938159092
33 -0.3857573655632271 0.09015908103401418 0.3180543898997401
34 -0.32234769624045073 0.21917678731793755 0.2999748682853923
35 -0.44111773520305814 0.07360034740427443 0.1854168090518652
36 -0.3823507932698817 -0.0671389149034238 -0.07233131436629502
37 -0.38190633090930654 -0.1617810600048292 0.400775466855307
38 -0.34674310197516134 0.05808102581284257 -0.19421636182753893
39 -0.41451701568833654 -0.020890880289639098 -0.22034307392837307
40 -0.3125006299810981 -0.06376656034463639 0.15189071618846894
41 -0.31723309342592043 0.09704158291933156 -0.2650384229841672
42 -0.34468603709513085 -0.13426962521247182 0.1565010633965893
43 -0.40201447858304046 0.4194017267198152 0.2516509718514839
44 -0.40944854465323416 -0.13827830113862022 0.23940677564144147
45 -0.3322480015675848 -0.06449635042956763 -0.2765873729529479
46 -0.36204510437936177 0.12459399571076325 -0.3198975628789197
47 -0.316525670609212 0.07999893867270957 -0.23650868013371043
48 -0.362429421182587 -0.05118082351446761 -0.25216811438333403
49 -0.3397111554842647 -0.03380862373473909 0.31433857859074665
50 -0.3893952850655988 0.339201322083123 0.3729964117527566
51 -0.37161813879410044 0.3475500876165372 0.3364453937629409
52 -0.383755243079459 0.26082481427725107 0.3066487480764669
53 -0.3585797076299484 0.23807911758373013 0.3560438256062138
54 -0.4046795071190067 -0.051263335442888046 -0.15188189363660984
55 -0.4025125400285682 0.1658583011682883 0.1811445039622094
56 -0.3760989420863963 -0.14110765127363917 0.2826932376778396
57 -0.3816459727963223 -0.18523602409468382 0.25275352212594626
58 -0.4412379346336445 -0.1398553145042664 0.12213782458572488
59 -0.33084640949464733 -0.08623090781690046 -0.1913581892521748
60 -0.3832053223941507 -0.05116874529127992 -0.3951639452912373
61 -0.38784062619585596 0.002011493807988543 0.18756786785058718
62 -0.36441555198011644 0.1694316347077836 0.3579390861153823
63 -0.4166669344647821 -0.08223037359439866 -0.36668859599456977
64 -0.34773721310696504 -0.08506987730712276 0.41113422149270534
65 -0.36647834484266967 -0.03184430237357016 -0.26944319128909716
66 -0.3600764188483241 -0.04569210820289094 0.03330866303179412
67 -0.317901230064652 0.22828116773168872 0.2991744322575443
68 -0.40411876241970784 -0.2192366686030726 0.19795678625388927
69 -0.38957436540060286 0.29626318816221026 0.35325463126159506
70 -0.4073255631943952 0.36947630924239033 0.19347170909399522
71 -0.4402204618679423 -0.2885883530722301 0.18551813801788294
72 -0.34006276763603116 -0.058986530980922734 0.105644647273832
73 -0.37271816288332726 0.2705187747942132 0.2608865701349086
74 -0.4072094749270921 0.2972722949181949 0.1912015332578622
75 -0.31559564762351133 0.08461422552158437 0.04428896925586619
76 -0.40207943365562493 0.14931313532387971 0.295242537959387
77 -0.3888387218351245 -0.129783218771484 0.18342727285247867
78 -0.4488239043813169 0.0664424713528926 -0.17141477451635145
79 -0.32477697169382674 -0.08825310285025775 0.26124481446095066
80 -0.3516331007314556 0.23569272198160415 0.01687238679539152
81 -0.40427464907229427 0.031002409460577605 -0.4113323380266266
82 -0.3996411291744914 -0.025848731912187454 -0.2675370430754372
83 -0.4071767821452527 -0.1829707890202011 0.4255848596414115
84 -0.35438672081088674 -0.0013997698289505915 -0.07958454886158893
85 -0.4254637468154786 -0.051888455002414006 -0.43162953500396967
86 -0.3933181950278434 0.24466656098939418 0.35041708986025805
87 -0.2613726535703909 0.011806520681093906 -0.18139359560958632
88 -0.40508569289096985 0.23347975969767246 0.23961560731458165
89 -0.31957351191467553 -0.10918910753722952 -0.20077335650383724
90 -0.31598016003197665 -0.3042929584920876 0.09693888316674182
91 -0.2842279979657649 0.1561085167337614 0.25946659986949644
92 -0.3793889368430609 0.3074848879084793 0.33267908658006473
93 -0.3418699480606256 0.021943927942587493 -0.2180080715687496
94 -0.3656294354415058 0.2455076644443454 0.2565642284637121
95 -0.4100513354985334 -0.00021022114656700906 -0.2983748841544613
96 -0.44737010504749664 -0.09209460315369493 -0.1833112619584972
97 -0.3821229118330083 0.06624226884947546 -0.3333041940715793
98 -0.3994042184586911 -0.1513312034876621 0.36612312295559957
99 -0.3019655212038494 -0.11774293454886227 0.0022900867663028677
100 -0.3734824438288005 -0.14623223402269478 0.08490258776651707
101 -0.36547690416081224 -0.05292635249282446 -0.3937609744274379
102 -0.42786500629677193 0.07621350369669966 -0.2861175650750518
103 -0.34324816130394514 -0.07925426433448446 -0.2362412900565869
104 -0.3568733701810577 0.18549567664731725 0.1282318344207732
105 -0.3382971946312039 -0.30967025217528005 -0.015034876813276294
106 -0.32294395769842615 0.11036438557705755 -0.187827572568225
107 -0.36267272646525306 0.15372672010741972 0.20626748457413144
108 -0.37645351306076563 -0.1597800670597524 0.20382904540292177
109 -0.36844183476057574 -0.22461447993497355 0.06436265811022737
110 -0.4000284123626952 -0.12334547648523693 0.052233644114462505
111 -0.2912281893530122 -0.22457988792836883 0.24728601540389103
112 -0.33731615329531706 0.3538059843690758 0.24040870161876068
113 -0.36838322676886415 0.20534895369373432 0.15614399312894753
114 -0.36694384571379307 -0.040756127376792246 -0.009981789486426716
115 -0.36253213063050155 0.3148551631741216 0.34862242854808495
116 -0.29868372459864456 0.12330152512342704 0.08041449054782701
117 -0.4044625060606357 -0.09986806128804787 0.20455918112882493
118 -0.4066390263007653 0.1623850879178667 -0.18787305563901194
119 -0.3518969868716047 0.07223049094727235 -0.17095601507194338
120 -0.40674277872868636 0.12459015700741778 0.10275122147839985
121 -0.4103390690099061 0.3916186081575515 0.32656451608135195
122 -0.34058124375457177 0.12762484042169894 -0.2925706432185384
123 -0.34154195798991577 -0.28667181579951456 0.3620420715573418
124 -0.3591425240726684 -0.23953679732171018 0.14403390914166236
125 -0.39311866569084364 0.08198576815087975 -0.28997176264260793
126 -0.44022250902839094 0.32455324205816327 0.2140225738828457
127 -0.39159032898284607 0.28538295913443146 0.21352670892201717
128 -0.34480172278136906 -0.22531316256245706 0.1686436281709072
129 -0.3887242883538382 0.04607219591355788 -0.4274109510938935
130 -0.4515856014587445 -0.10157972050101532 -0.3416839231539597
131 -0.36760540550579646 -0.17662519990448644 0.1783967606896231
132 -0.2604147749423738 -0.0549328647286525 0.12241103851913589
133 -0.4039783568728998 0.06519780882746068 -0.267517265621111
134 -0.36599233762380573 0.23489945844409812 0.4324451797601507
135 -0.39192756408310264 -0.050595651879583946 -0.23113449409147716
136 -0.35372359569517675 -0.044695628346777025 -0.1109683116123546
137 -0.36185419317627004 0.2854614507876741 0.25120881919836374
138 -0.3459767131475745 0.07182979197410642 -0.31988135898485437
139 -0.3292307876933112 0.06874857310894002 0.17326216736791764
140 -0.3831500538645745 0.2533455349459333 0.22371767873818144
141 -0.37126484530433385 -0.18610435019029176 0.41617551954501253
142 -0.3070273477912485 -0.025026589850486537 -0.11588839724479594
143 -0.3238624199582379 0.0641797677289021 -0.14704437487909378
144 -0.3876564711883221 -0.09576418734894608 0.21976762858797344
145 -0.3545999995825893 -0.22319105783149046 0.2837372551794845
146 -0.3958098210417044 0.1020789035412648 -0.2006306463713884
147 -0.4034582072992841 0.020185654353671905 -0.33470909507372726
148 -0.3982430010218068 -0.16906799825331204 0.05460799211074294
149 -0.419938091309073 -0.15613019753086396 0.38052093821203054
150 -0.353100937833779 0.19817417178284835 0.2999746057733836
151 -0.39741207961888286 -0.1574281987495786 0.07153592874996055
152 -0.30800525944077656 -0.044362994926373474 0.0626382328182005
153 -0.38330453853747054 -0.04142918342424788 -0.3959970927978292
154 -0.33116064421621333 0.05793365031478868 0.023089633425160218
155 -0.3402265565755101 -0.3043074888324085 0.07042593740457645
156 -0.4159960318252313 0.06259403385418315 -0.231821992126264
157 -0.3676609439509942 0.32874216865716543 0.17123030750958967
158 -0.3683034855424882 -0.24089151758799046 0.027838332374357212
159 -0.25412361556658886 0.09804852495388988 0.10638020997340981
160 -0.4611134879323173 0.007809594324041885 -0.3746444675571846
161 -0.4203104552713705 0.07147323457013463 -0.12225826773539117
162 -0.44015014958113596 -0.19369606548377996 -0.29361508059234015
163 -0.374332820933796 -0.022242235320905492 -0.14797725512978285
164 -0.29745425641799506 -0.15484319589415937 0.26225821334158655
165 -0.3389188583438252 0.16099646094938067 0.1089820619864033
166 -0.32382346971965953 -0.03228101408751779 -0.21644493218257846
167 -0.3246460944638182 -0.14947177224739044 0.11005201974452172
168 -0.379809286986162 -0.1340972911142597 0.20625241474328074
169 -0.3813758486923933 0.07087207081013332 -0.1759369825455613
170 -0.3781615739330445 -0.11024689634671134 -0.2537839022011281
171 -0.3730794145975847 -0.1947152129777946 -0.02484425292716027
172 -0.4022155978073006 -0.08880066621168614 -0.40210042236544263
173 -0.3172178967273585 0.036252511859335285 0.018723774455983683
174 -0.36169826393793164 0.15227052960757018 -0.37147501587079923
175 -0.34188840874209864 -0.2153844447033144 0.17101184592284244
176 -0.4688587802268504 -0.08096613212787972 -0.12046157123733113
177 -0.35805986239883475 -0.046323416691596474 -0.19940285451838677
178 -0.35839394773852 0.22190117149442948 0.41963084648110455
179 -0.3698207064115054 -0.12960247273718675 0.08889026929747558
180 -0.36488011231787254 -0.09094000334151037 -0.055955489915510775
181 -0.3624041832085401 -0.13010489821296345 0.19712268290929308
182 -0.30849221305639934 0.08403922455843629 0.2550611343091716
183 -0.36190666258108545 0.1715635392899127 0.3135460988228296
184 -0.3441709010185301 -0.14133211304675206 0.19846100566801916
185 -0.3580227203375097 -0.0006803670843892507 -0.03328720691075431
186 -0.3193016173933938 0.25121220061361793 0.1742799690652984
187 -0.3586972262602911 -0.006759080943408001 -0.13799229602476495
188 -0.4554313809842023 -0.13831863381474646 -0.2896660094059633
189 -0.41499800367845896 -0.21068784399160004 0.3531568010943035
190 -0.36758764927712506 -0.09513399207231288 0.17925976744131983
191 -0.34450243811589293 0.34141062766936786 0.08634731949158472
192 -0.3522313790027765 0.1930847040917721 0.24514236843836107
193 -0.3838382036365176 0.0661447016331891 -0.1893379827394078
194 -0.256571069902709 0.030576847327392978 -0.030676215783621896
195 -0.3775570911200727 -0.11480353619849927 -0.16234753746689662
196 -0.33994317346000597 0.29270931526940064 0.20986927972070116
197 -0.3425424805068076 0.17361733445792268 -0.023156688908536283
198 -0.28733060324969406 0.16541303370462473 0.30793910008521974
199 -0.4434749174693536 0.35699505594493247 0.2786044653515261
0 -0.4738359563163498 -0.12524133249989702 -0.12434582720606066
1 -0.34776127127526135 0.20629978926752948 0.047337225019548804
2 -0.4238587077196477 0.09546999727678912 0.39381271044492205
3 -0.49171083187686665 -0.20212674935918873 -0.061592968297983414
4 -0.4858259495092278 -0.18139621138680992 -0.14019218296242272
5 -0.43055756767710407 -0.309153198250906 -0.021658583012147497
6 -0.4685339236091082 -0.31514756609882894 -0.1799688464827154
7 -0.3197848509504531 0.06288696311484966 0.1732358320812988
8 -0.5358572526112804 -0.2662407096620579 -0.02306345056350439
9 -0.35409975796940907 0.11966570812061435 0.18523642783922972
10 -0.4440639482158176 -0.2541768597569549 -0.04316624179794592
11 -0.35210535131885573 0.07493934119343465 0.05995974762289205
12 -0.3469911596005691 0.4119391210301201 0.24187716783259994
13 -0.5264447622100665 -0.16326644442706284 -0.015424673742257871
14 -0.4996881438465808 -0.1694731345819558 0.0305623238550477
15 -0.398217872095763 -0.12330740692013001 -0.1134969230602013
16 -0.43342215228036196 -0.14489222696682166 -0.10103832707146769
17 -0.43017170512799885 -0.07495393097744267 -0.2089789247321108
18 -0.4301661992059889 -0.28126190387924255 -0.0010958325547098145
19 -0.40141232485442163 -0.11767006703035533 -0.19279517410413202
20 -0.4106539170681527 -0.06505317931482607 -0.0878684591478896
21 -0.4530561126787338 -0.10153981459186545 -0.2817015916917441
22 -0.4809024929829445 -0.2695045595507904 -0.036995144060486214
23 -0.5139966849454436 -0.2939673661992043 0.08287568837887797
24 -0.526872832268455 -0.1659119790105295 -0.09194625655612734
25 -0.32809296688140643 0.20669396412563473 0.10382556548824129
26 -0.45477982893761026 -0.24837815465709465 -0.2553939451736806
27 -0.526319115308044 -0.16120008390941645 0.006176612652524454
28 -0.4852097973429535 -0.29215695198225594 -0.1994224478177073
29 -0.44151034554515695 -0.14964779772456885 -0.2590418050110569
30 -0.4643180655467475 -0.14267251435845052 -0.07713796244263163
31 -0.4453417779286504 -0.044740155506863055 0.0003921963935727089
32 -0.4891251389674719 -0.2030998880787936 -0.08314542108678014
33 -0.29677974907518406 0.2218436673274631 0.19781182533066824
34 -0.34244613169301585 0.425009641212061 0.17729945223372154
35 -0.32756721922861587 0.1339472953710574 0.14911077013263915
36 -0.47744158724183683 -0.26603656670231246 -0.14919221263850313
37 -0.5531283982517347 -0.24170289298776157 -0.05919833594326191
38 -0.5056534214939487 -0.21069148838684573 -0.09181851699328702
39 -0.4395369195287152 -0.23646921580869268 0.02968300366371563
40 -0.3807902378775875 -0.24316458092423154 -0.024173444242401407
41 -0.46139827486724505 -0.29445806282244585 -0.2909061819659908
42 -0.4326908557075386 0.01846573492927366 -0.04879321917093129
43 -0.3024160290356753 0.2997006883393805 0.26514239796539274
44 -0.5176024165128306 -0.26539312924471736 -0.2063077619202962
45 -0.5057072904741601 -0.22664078439887858 -0.20533222533052228
46 -0.5028911623511764 -0.23732756287845175 -0.14707393444049943
47 -0.493663782398275 -0.27421345045806134 0.08862952477992202
48 -0.4613185934339136 -0.16207146462755423 -0.1316095515360734
49 -0.42643544995155147 -0.17067067894777277 -0.029576792954347956
50 -0.3375866964030927 0.21238074398088028 0.14077718721940313
51 -0.345078194556043 0.09373980817898055 0.17169771611748286
52 -0.32789168545837694 0.34948941978053705 0.24382749372046345
53 -0.362246131470028 0.3704799712101307 0.19436417580274368
54 -0.5196913348310757 -0.18625425383134636 -0.10418376717657707
55 -0.3084758231997381 0.23839625614045135 0.22355541541762777
56 -0.5152197820714698 -0.2375584785321007 0.09450869274215813
57 -0.5144875584211728 -0.10823804294836088 0.013785386158833696
58 -0.5090160485191841 -0.38360713138407765 -0.06176195259177386
59 -0.47490093482245715 -0.37691347664663355 -0.1777384004470353
60 -0.5218425909400379 -0.1705861222921428 0.10426385881414696
61 -0.5035225040145166 -0.2800792362964574 -0.004740961966521565
62 -0.34995884223931645 0.11412655341480364 0.09669583950083377
63 -0.5004506742360668 -0.3645539931366979 -0.0989806530844597
64 -0.3693529247273068 -0.30730013476776447 -0.06357944671686126
65 -0.5257880275118136 -0.09684538077966107 -0.08391760330122139
66 -0.4523162342959957 -0.24809442175274304 -0.07776041043258759
67 -0.3619704406320591 0.3297710577959055 0.3186330914406079
68 -0.4440613604652288 -0.26782221657957495 0.01331881012436725
69 -0.43911501052099555 0.2408766531001369 0.02947210071653095
70 -0.31592692439837594 0.33592258825738247 0.15396824346952556
71 -0.4800951424053651 -0.25040365074913534 -0.0416387909258325
72 -0.4925891213515271 -0.05311566478844633 -0.11190931245212554
73 -0.34336862223361286 0.19565062326416194 0.11568228473091387
74 -0.37166830729606193 0.2591804188655824 0.2846786437823588
75 -0.3525375147391994 0.205358271334114 0.12487919181743071
76 -0.4268350845752355 0.3173937002951736 0.23376140251763453
77 -0.5111987950942868 -0.1367138801358508 -0.20945971676887032
78 -0.4512012472748282 -0.22019849957085016 -0.2332922950383191
79 -0.3670525295817891 -0.21686570471138442 -0.22305387077511196
80 -0.4278261856648997 0.2100902756505109 -0.02986405564155988
81 -0.4393541404438674 -0.33770295427567665 -0.07394662382159999
82 -0.4411073748304864 -0.24296419606594882 -0.08724223936512687
83 -0.40648478753310796 -0.13009366003959733 -0.1487086324536177
84 -0.5079402989936695 -0.29556528200940807 -0.10236343911384387
85 -0.4877787725816618 -0.20612172771200815 0.08487066433914504
86 -0.28460204987782695 0.38849562749204497 0.14164353427460652
87 -0.4676541224200383 -0.29653346356538207 -0.07980597189685773
88 -0.33720003048061514 0.07069044252653225 0.03359508171431954
89 -0.49664251532012893 -0.228539072808356 -0.21200386637043062
90 -0.5454562514268612 -0.19815890784830056 -0.004407200684779511
91 -0.3277813390896929 0.21656580641846987 0.11459827820567883
92 -0.39103119898803085 0.12468301269793168 0.28654231812198505
93 -0.4485068947601349 -0.3186529985256358 -0.14644877770960774
94 -0.3777807262991229 0.34556208428857227 0.17246330050541905
95 -0.47041832188332444 -0.4047368538497924 0.05935004571698281
96 -0.5358584628639743 -0.0732550494475339 -0.11387055447715101
97 -0.456724709817837 -0.23500978400140368 0.03862552460405066
98 -0.45415899356001443 -0.1773281045275057 -0.09018025312746726
99 -0.4430260058134794 -0.29397259915275 -0.1753828597006442
100 -0.3918107755757019 -0.09327405235631209 -0.00961243802152122
101 -0.41183971090155136 -0.17426947375308025 -0.07211472483476192
102 -0.45473888976746957 -0.21541592828369985 -0.02488542842520924
103 -0.46429402030232053 -0.13964053392760442 -0.09332524444492268
104 -0.3385176092144734 0.028545253959562377 0.0452602523863956
105 -0.39419310712141736 -0.01894297197610316 -0.11280167289899444
106 -0.530144404129659 -0.32954715172673404 -0.19978296158064904
107 -0.4030926086882204 0.25316619702285764 0.29769117469456224
108 -0.5142563586196854 -0.16421472442739762 -0.015454334524265121
109 -0.52663052397276 -0.32168892700172486 -0.21743414141002496
110 -0.48350714088638425 -0.08369495666557673 -0.016468192671210427
111 -0.44302604309682286 -0.09826626208031837 -0.21536780825403595
112 -0.348629614549204 0.31094235658602987 0.2689811392081879
113 -0.39591892400381 0.15066506341233254 0.12413590385949204
114 -0.41507712701063176 -0.24342193001103968 -0.06921052011079691
115 -0.35054357771530387 0.19710468636538894 0.29352605089110423
116 -0.41451341274229836 0.2390087756404907 0.25493999081799273
117 -0.4710200646624538 -0.28547337475226664 -0.08299590115404445
118 -0.2955416764721464 0.057694452524011924 0.10987899934122128
119 -0.48051850133705626 -0.05191460773060385 -0.3325082443302996
120 -0.31173731179151765 0.15297628202209046 0.3398675464245459
121 -0.3913295857236322 0.2903793338178217 0.2868409894505333
122 -0.4699358109078711 -0.3041812859417452 -0.060484396549323895
123 -0.5214454135363674 -0.11547517632858059 -0.2731903968130075
124 -0.4242669957418534 -0.1717095977045571 0.10419292167617743
125 -0.471906676383074 -0.4102685611864182 -0.006275323211375816
126 -0.3733081513367165 0.03393948205149893 0.28074667979901397
127 -0.344446506845284 0.21271935767776776 0.19784556322249622
128 -0.5015110323998475 -0.1794213842239098 -0.11343447774242346
129 -0.4380093550765963 -0.12963559731631014 -0.030609168898267255
130 -0.49611263713210785 -0.14305115354102088 -0.28151004349430003
131 -0.463994091342175 -0.09679852803687776 -0.18998392073252496
132 -0.35310293506487445 -0.17218771427284332 -0.0036726667036153966
133 -0.4956822470467233 -0.34589262945463184 -0.19128901565367287
134 -0.33082661646515216 0.20944222372966192 0.23087415839652123
135 -0.47741255776516384 -0.16818808151295347 -0.20005406916770932
136 -0.5336447435244672 -0.18412707482601978 0.11246082962205431
137 -0.30551040876086233 0.18866494668756775 0.18939743852267193
138 -0.45970518962044016 -0.3518168633368457 -0.06941710264114964
139 -0.3717307333811962 0.20145339804761905 0.16356459484964966
140 -0.3643797243568729 0.12434308943573778 0.13345024783133302
141 -0.4550676345447586 -0.2353343494652577 -0.07721593232099415
142 -0.47705592929331625 -0.16750193393861879 -0.1276874681114085
143 -0.570408580480516 -0.17704095205010098 -0.15950104834949963
144 -0.4270371581859712 -0.18389294584696866 -0.18988277694780364
145 -0.6128767347334336 -0.20744983725486532 -0.08488133253751469
146 -0.40577375663693177 -0.1642366906642354 -0.12644135165981893
147 -0.501532429885829 -0.24699041714593825 0.1214907073731893
148 -0.4675266279113901 -0.21728969468382078 -0.10219047377219077
149 -0.511160625988877 -0.2970757107505527 -0.009894949406399452
150 -0.3365949184589075 0.3796560395834346 0.29458628472757836
151 -0.4779159652779929 -0.3003983261524285 -0.13872757339089348
152 -0.46451457435833476 -0.15261127050119064 -0.13645392100070192
153 -0.42908181600846956 -0.14660760754156427 0.06723744295608812
154 -0.3545017129637709 0.44345443017695413 0.2976958006060824
155 -0.4869538902251502 -0.030698149489739122 -0.2282373310865118
156 -0.5159497914645961 -0.31219554927782445 -0.05503610254208821
157 -0.3304667922310429 0.19961786623916847 0.11375683330267275
158 -0.5116981968578076 -0.35172201153552823 0.03939980498937794
159 -0.34236318555353173 0.18072166849762109 0.24261969881432383
160 -0.46386195937389463 -0.2183810428541671 0.1079655875278298
161 -0.614901685113747 -0.2877216412004606 -0.16332102403014653
162 -0.45393303252671613 -0.2723661975578014 -0.1926480596676077
163 -0.5047252096009632 -0.225937513199894 -0.13556100625530737
164 -0.45005947631601123 -0.3236740185623299 -0.026539197882761486
165 -0.30647606001132444 0.13451759381568223 0.1632873214996716
166 -0.49516534162106773 -0.3083118345579713 -0.09539579376943655
167 -0.49021324556213325 -0.10870999399854442 -0.13153313107043782
168 -0.5433467802238874 -0.35396851766588167 -0.02376527996781871
169 -0.5371928843103221 -0.2003164468781657 -0.08030573373886661
170 -0.3418697786002028 -0.21550153929811766 -0.04981848466128105
171 -0.42592973604910206 -0.1484796702927602 -0.053928733697491106
172 -0.4306589831302347 -0.20473367364026612 -0.025477217349039624
173 -0.5013114482896572 -0.01266898613770217 -0.10130892140248811
174 -0.4764498415395102 -0.0447043739767083 -0.09488012227345922
175 -0.52237944449348 -0.1847332385494694 -0.3082593937175399
176 -0.3835653278803506 -0.23782446335475316 -0.06108653403593182
177 -0.5192285849254428 -0.40077565602882587 0.09176224747153323
178 -0.40537666092433494 0.20939078627048668 0.2528432519976397
179 -0.5366536485336443 -0.21975650835918187 -0.27049287445428377
180 -0.5200025917693808 -0.22425206973814457 -0.2621450547412492
181 -0.5328437137397823 -0.5281384481693547 0.005174019175869309
182 -0.37108214181841875 0.22751411532348906 0.24647256765618716
183 -0.36839477655676756 0.3271863592326276 0.1631977230439616
184 -0.4477362459746173 -0.14581247358497512 0.03304628619066727
185 -0.5215831140795056 -0.20037709580733 -0.06081570185603318
186 -0.31879091388831554 0.2683012919155979 0.33776468092870626
187 -0.5075938952103956 -0.3130909607059595 -0.02619456177643086
188 -0.4657877561494277 -0.07442227151803339 -0.06604776153670325
189 -0.5001285632654674 -0.16977982943425826 -0.027991675608571118
190 -0.48781665225494286 -0.11458594905526884 -0.01616447128047447
191 -0.3134322292298852 0.2579026944411835 0.2401317848867637
192 -0.3220708050568951 0.1945245760126615 0.20415581095682309
193 -0.4744885735014727 -0.2689695333145521 -0.012200865442214333
194 -0.46397097031263673 -0.1558740501149284 -0.16969640662857957
195 -0.4303197768084849 -0.24021314740973232 -0.08476984530403693
196 -0.37356401595471034 0.2504411521981004 -0.06549641592244175
197 -0.2902897909009658 0.12908191222027407 0.17737959232273282
198 -0.36463540339764294 0.2701045560937631 0.1688015558516759
199 -0.4221557033703926 0.30412183029855944 0.25499394806139813
0 -0.4422460660968429 0.3144213741572012 -0.19212477282318277
1 -0.5361311178471274 0.30278222211727474 -0.10232456184914356
2 -0.5511571604437755 0.32854970135321926 -0.1697540271939607
3 -0.5152306167128639 0.04580020225647397 -0.21729850784624605
4 -0.38359570631097684 -0.3579077935936426 0.2094355091014245
5 -0.37672713252777806 -0.2537441644090884 0.3089979051948348
6 -0.3894151670467357 0.04983961050119765 0.16135718892036202
7 -0.44382626633844513 0.21062661244461908 -0.13127809691260628
8 -0.4801464853230066 0.0984377507624883 -0.012120235077317723
9 -0.4989922897992154 0.09717919964637559 -0.11158114550911352
10 -0.30008546959338056 -0.32084844008380176 0.21165492138274122
11 -0.44242978600059146 0.16582774213267248 -0.198615732578333
12 -0.4709290647192597 0.29719581412268786 -0.09356475582789686
13 -0.408474955533965 -0.3146471561603274 0.20087099318034976
14 -0.46081747177465 -0.25888585843749856 0.24971080951990463
15 -0.39635767900930885 -0.43137952563044446 0.327666772908237
16 -0.5614460195023707 0.15643867124482203 -0.1602788379475176
17 -0.4631064568586359 0.19696742832910036 0.07624326673535466
18 -0.46403055089135203 0.1403836527021143 0.09901899614165449
19 -0.4495706213938049 -0.11654752201776836 0.3022630764327577
20 -0.4588342416496555 0.38801892539539246 0.01386139708348527
21 -0.2655368838829297 -0.1903272893831795 0.2559068490383859
22 -0.29746306110386217 -0.1822127912084522 0.269244567313941
23 -0.4760194513931603 0.13608027633071887 -0.01091858954794559
24 -0.48927740942708986 0.2713513911390929 -0.07086966882596547
25 -0.4506126734354219 0.06871515588742462 -0.17779259389737032
26 -0.35406422718464425 -0.3424643840911758 0.17738588751562934
27 -0.5457238380304149 0.2500218959120517 0.03871029184477726
28 -0.4422803859066915 0.07967786033162168 -0.06939029485266382
29 -0.39684669342185147 -0.1583156085203641 0.22194752005751653
30 -0.4663509959991609 0.17618223088338558 -0.1348810125040761
31 -0.3821133788726229 -0.20041282936948948 0.34397037945796005
32 -0.33314185401966256 -0.14938779207314679 0.20039706681071898
33 -0.41719330389405535 0.302108996718404 -0.25765706032214897
34 -0.47816270355666357 0.2444379769667886 -0.30883751994779784
35 -0.5262087716296194 0.37437719008776243 -0.24103009378803886
36 -0.5161721705424545 0.13267729628147373 -0.2685081061115835
37 -0.33999783802361777 -0.2883491068126359 0.1976170326910131
38 -0.4520385600877842 0.1422825471042035 -0.17351910294663547
39 -0.43849012084773464 0.2803135132382758 -0.033014680976179434
40 -0.3482324631534541 -0.29490731027416484 0.16776277419746036
41 -0.37553157789230174 0.15466931348968024 0.013621714334733366
42 -0.3291141073147237 -0.39237600714987225 0.17993213764086624
43 -0.36819663473570624 0.23109021565255503 -0.1021090651378004
44 -0.40255427820941114 -0.13110180024570953 0.055876173297456484
45 -0.43093347402408894 0.0326078215772188 -0.10827118632886859
46 -0.44076040393972077 0.1312067461882539 -0.25676867336412973
47 -0.4181711697394084 0.28594143935951366 -0.07134358874131026
48 -0.383149746118209 0.2186423183721001 0.12555595625977115
49 -0.3287563818721946 -0.2941627124684837 0.29285677530618387
50 -0.603502170962255 0.3499965580243805 0.05472416077568083
51 -0.46554262536609153 0.12875314462466328 -0.12409898131791644
52 -0.4627418766994039 0.3037075134986566 -0.11348286578555641
53 -0.4410332733166771 0.37753259622155183 -0.06693357369359876
54 -0.45008611926576425 0.15093594214438794 0.030980320051589922
55 -0.5469330361431627 0.4137552988887467 -0.2670835525714018
56 -0.3954431135194933 -0.16321148311302022 0.3112547238953283
57 -0.4272855915006316 -0.21616705237601302 0.2185089309089731
58 -0.31544277775289725 -0.03311808424762653 0.1609277413475152
59 -0.4346417565082437 0.27348670603581665 0.049202205641667884
60 -0.3830373789009299 0.3047651623856765 -0.03418178882418258
61 -0.3132211319649307 -0.24849698915206214 0.21219886345452263
62 -0.4439115993149887 0.202859949307029 -0.1524743272461525
63 -0.506155739830482 0.12635119592748925 0.03895497952088079
64 -0.39960701172545365 -0.33823111296234415 0.23325182366057048
65 -0.4694394246638288 0.3268698735321088 -0.06889596314234975
66 -0.3344196321411561 -0.24560935780938312 0.07417910299843765
67 -0.3955948294614726 0.2970509483954418 0.030600323071601106
68 -0.3562649166728686 -0.04175327088184166 0.18410414309898437
69 -0.3794542537479222 0.14911154843860966 -0.04150093364558704
70 -0.4016701927220617 0.27514458645220635 -0.0072095563767877015
71 -0.308169512056032 -0.235130876416127 0.19566553019519614
72 -0.4084032204970881 -0.21858171366702844 0.23022715759051082
73 -0.3587262540182106 0.035657602940915224 -0.16018764370806526
74 -0.47636963100645047 0.1403358026985237 -0.14129624135736144
75 -0.4588244325867443 0.24941005832583835 -0.15316722784444403
76 -0.4461097604780194 0.20952718526317546 -0.22691145021017325
77 -0.29791224795147125 -0.15832195510985353 0.2771065849428097
78 -0.496751617694292 0.3305934497756766 -0.1286742124475305
79 -0.41704173662767396 -0.25421489579796686 0.3853377373335075
80 -0.4805187996306276 0.21366307067384707 0.0020169702683120335
81 -0.4172041492903446 0.24410887530855543 -0.10002113322731751
82 -0.46505027320961606 0.3014085399819392 -0.19596438588899484
83 -0.39417636439948434 -0.20404342280769805 0.22835486792601978
84 -0.48981767246454444 0.19856314632322744 -0.1579256545772192
85 -0.4698508483665351 0.41847224423203344 -0.05660489936415538
86 -0.47938040774057955 0.17714608235256118 -0.12178056706124363
87 -0.48817097685625377 0.260691365230436 -0.21192727733299357
88 -0.491719142247372 0.2816715214471756 0.11715123425889745
89 -0.44515780503644714 0.2542725093569869 -0.06375995142455315
90 -0.3094373250501662 -0.13565384288811194 0.07977663328545247
91 -0.46896097241746204 0.30403325799770736 -0.1927228038404166
92 -0.387780909667908 0.2810994796634862 -0.09818173539374922
93 -0.37326926631610263 0.2752871243284078 -0.11638118368966034
94 -0.47428616858560024 0.1906632730866279 0.004018476739704123
95 -0.5419585328837888 0.3652763632759018 -0.11287178229220009
96 -0.46249931691527746 0.05778250621956816 -0.04684012543497231
97 -0.45439008980735107 0.26317508399261563 -0.03156016949756219
98 -0.391371339762317 -0.20480818551672292 0.19182838256302118
99 -0.35498559640775845 -0.1672876397728486 0.2238770303232974
100 -0.3696621661533387 -0.1514339359027877 0.22820360265224432
101 -0.3977280877909975 0.195453043396804 -0.07541694786831056
102 -0.4176977131651075 0.24657692708290213 -0.1229138509527246
103 -0.5065596428120227 0.20170896481419506 -0.10997838948338237
104 -0.49123854598550915 0.2878889321222507 -0.16819081006228123
105 -0.45360564429605954 -0.07988616986601649 0.20334607267302995
106 -0.5046284751073138 0.41548648382659165 -0.13817696123749387
107 -0.5022547032842171 0.13131013785128187 -0.23225211997478662
108 -0.457022342812586 -0.28688041738404896 0.3084478462735138
109 -0.47681992874735596 -0.3022412447082835 0.23744915248528722
110 -0.37789981083279034 -0.3111829337243769 0.11713373306455634
111 -0.3566960686643627 -0.2083927569202157 0.3250197076658757
112 -0.4482168779846706 0.18775467370586343 0.06784355368913167
113 -0.42625126599676594 0.11543677626550265 0.12256937542659234
114 -0.5261903599227904 0.3729160771505692 -0.28118900227794424
115 -0.5125669181337298 0.2121457785356964 -0.06575712985103317
116 -0.46832631499633864 0.12121511598215409 0.1395775617127765
117 -0.3076671323542478 -0.36860035154772325 0.3686673819019403
118 -0.4560243977655792 0.28310923985948366 -0.1638601252466053
119 -0.43490670150912236 0.1576037397793677 -0.1402117505685628
120 -0.48823556279662106 0.1691197174143039 -0.012389519665075082
121 -0.4431377311430289 0.11878477740951422 -0.21706337410240184
122 -0.5618777440223559 0.2744960243419101 -0.15851541526458046
123 -0.3806610189307505 -0.19180652635388162 0.24321960713403235
124 -0.32939821333286984 -0.2659884813073327 0.35250917353782035
125 -0.4387183142534923 0.09020302599918642 -0.10400877158009418
126 -0.42758360712902993 0.09728009820276307 0.10971707360745246
127 -0.450934154144813 0.22745793730665606 0.048639012897297836
128 -0.3544721052580686 -0.12487811173319749 0.30175553631931523
129 -0.395924726388503 0.21812084595334255 -0.19949049691462606
130 -0.5501523837141273 0.27744776508983343 -0.16085561603928217
131 -0.4108617663355181 -0.10171466484410016 0.10975154169107632
132 -0.3288476911584841 -0.06063967439039937 0.3338864663422676
133 -0.4404566741056474 0.40215717085295377 0.004660837822999047
134 -0.49584671637095146 0.13634173546417322 0.0783551423078295
135 -0.45309017678020114 0.3761658808687695 0.16347839499206895
136 -0.5376399771390212 0.19731523351946514 -0.13051113120088506
137 -0.4837654075083649 0.22088052559968813 -0.04975129163916441
138 -0.37234589958612196 0.14105102631648397 -0.06687876954223922
139 -0.3721748463310955 0.28124932540291153 0.029578882580326985
140 -0.4688163736783767 0.1765084129435214 -0.2148926504983983
141 -0.4423515024624804 -0.24309007656276999 0.1363447320185765
142 -0.4643578115313008 0.2769944646153145 0.016459876647929174
143 -0.4482890599982024 0.10168666213640067 0.07926898902201393
144 -0.3334027400281821 -0.29398328229160764 0.24335019182489734
145 -0.41226486268362644 -0.1736783675303997 0.12189837232854345
146 -0.5335028217104959 0.2437215523199306 -0.22274311822019993
147 -0.42988860423365804 0.33616422030255594 0.010456359335919608
148 -0.42077523381003645 -0.20043164901614924 0.14355843866280368
149 -0.35429817775402733 -0.18099551971663067 0.2809104281240149
150 -0.4703676761959665 0.29909289221542273 -0.04021011118408248
151 -0.33870411248991367 -0.26747308258392405 0.18769050581823776
152 -0.3406035992772147 -0.09192597333919442 0.28617613754564913
153 -0.5527128302523258 0.1894639573366257 -0.265608268799702
154 -0.4565130657025009 0.3905596900809964 0.10051681757527575
155 -0.3106888163489318 -0.039090940394035524 -0.007892649403381238
156 -0.36948223218506204 0.18858234165738105 -0.26066442366426024
157 -0.47160622099901006 0.33667472044743435 -0.0026206140681681975
158 -0.3736317862810523 -0.25730552802069406 0.22909818529845483
159 -0.4542425227339605 0.20567374544765843 0.008154648989989199
160 -0.35329455589557723 0.12911548250931523 -0.04130161012823688
161 -0.42169521387604253 0.24255817095156443 -0.1261314161406462
162 -0.5085263524968325 0.07449857905824528 -0.16695557859228807
163 -0.44812527964961485 0.3021403829362262 -0.10546479361535381
164 -0.3151067832874351 -0.13958570356361402 0.18713880057252105
165 -0.49950469434850314 0.24161524717478028 -0.048571548800298674
166 -0.4432705082670311 0.26228909144001333 -0.11852474247423374
167 -0.3798603848549181 -0.20862960747887246 0.06388040194892501
168 -0.41394370058760366 -0.2275464532313354 0.2472468262995908
169 -0.47237897933140144 0.18364364500587213 -0.12994942373642765
170 -0.3635399400246198 0.27554026990843833 -0.1405297350950792
171 -0.3401782500413931 -0.10853168823021947 0.2240038243290944
172 -0.47945059069212975 0.2824969541973775 -0.08277681186608674
173 -0.4303875615033335 -0.21115440494705545 0.21714594352544092
174 -0.39874527505090773 -0.00544058639986313 -0.048900679377378055
175 -0.38324101266412475 -0.2915622320095888 0.3056311385938061
176 -0.49384741336964244 0.21814577367707946 -0.17068328028498622
177 -0.49158784683309475 0.261195046753472 -0.25735178633856837
178 -0.5145967701922397 0.17591744030310422 -0.19868858924600113
179 -0.3291630459714207 -0.08295017140100575 0.17380799943915967
180 -0.47509537209755215 0.24458151295336733 -0.11279747364074136
181 -0.3826752314235582 -0.15696072947062353 0.2628240189312279
182 -0.5364704780701566 0.2293747592334982 -0.10445744633093068
183 -0.4706470258401245 0.250193950931528 -0.1974322726278305
184 -0.3678990713281005 -0.27734699160215237 0.24239728592815643
185 -0.5335768458166296 0.1961418096153123 -0.13489286784095977
186 -0.42360929426335536 0.29609016237206925 -0.14357405340230678
187 -0.45945062238564777 0.1697978505721401 -0.2699017916072652
188 -0.5715176114374296 0.11881277180734892 -0.14433734886740615
189 -0.4481621329248411 -0.24582096716933222 0.2390147469255141
190 -0.3873035031152029 -0.32589332239813 0.17694974788178539
191 -0.45126268245065315 0.09446976800500241 0.05791308917047671
192 -0.5135152964332564 0.08787654234305563 -0.00967018426866563
193 -0.4565349015434118 0.21311482422119807 -0.16144918913295705
194 -0.32787818666206625 0.2536221688801418 0.03698316325435791
195 -0.4885829380511731 0.2347954844371596 -0.1461831875530441
196 -0.49466330136797926 0.18583454278396622 -0.16337037765646945
197 -0.39824693186614024 0.27724949796090204 -0.12262980647040111
198 -0.533327110606097 0.3574856567463894 -0.26274563876137685
199 -0.5277595750672492 0.1621615408917209 -0.21350779998822156
