200 3
0 0.03837509474318564 -0.039877907132368356 -0.002180702465450438
1 0.0312091779599674 0.0012807204803453175 -0.05588119290866124
2 0.03755423449708786 0.026302980256606105 0.0018216455549482243
3 0.036997556602284515 0.024080929659178744 0.017226101393921604
4 0.03699706805298205 -0.02860671626735834 -0.004830503379388794
5 0.039177967060696886 -0.03069320196339466 -0.017827361321957183
6 0.03755440431316951 -0.026914378465891443 -0.0005925585593819582
7 0.04073822547566257 0.024725473579843886 0.011732712850115725
8 0.03996626954115007 0.028121767313087145 0.02140850231101513
9 0.037829525121236475 0.03663292331360651 -0.0019167658648359346
10 0.038103452267213185 -0.03659932980766465 -0.0016398176285570935
11 0.02768300507093322 0.013803881479151904 -0.03869125712327529
12 0.04022539209307434 0.013810806365828232 0.01858624386685922
13 0.03837520889299858 -0.027791736619152498 -0.000833648100004591
14 0.03891205447129288 -0.01886225610433049 -0.014692178181350206
15 0.038912255602325876 -0.02154048863727542 -0.011479978511449144
16 0.038644787770021526 -0.02518278467965269 -0.0024234134665468234
17 0.038375324872117034 0.023627460261656845 0.016068273040223596
18 0.03996531186284569 0.03642112511107485 -0.0033038889851888286
19 0.03970476835928525 -0.022775482538180854 -0.008795487700152788
20 0.03437830942854729 0.025861443257979743 0.011428971544774532
21 0.03891249870257355 -0.022858632453334863 -6.409786038901084e-05
22 0.039965563196211425 -0.03170429403752369 -0.008867680388756679
23 0.03996605894904465 -0.026484891886225062 0.006818178989053298
24 0.04199359680597814 0.024802586180495446 0.017673304072389432
25 0.038103888176011055 0.028661403621166374 0.020128501803863292
26 0.03891261988712671 -0.036212192969845854 0.004894429372227007
27 0.03837482282160513 0.020884006091805046 -0.005613273444432449
28 0.035273142956274026 0.02512434600979829 0.01474608018539311
29 0.03944252471019774 -0.03202884406065642 -0.010199538831053756
30 0.0394427515130674 0.026976482044117876 0.00720032479617333
31 0.03970531267883844 -0.029149844860557456 0.002811352996333543
32 0.034977351683675086 -0.0339767565849666 0.004255955476988422
33 0.03154066730336201 0.010654466896955428 -0.0419593417277936
34 0.034072504506246847 0.0102575610538529 -0.05877498684922398
35 0.0375546240711598 0.023398964041511764 0.016144554918123017
36 0.03699714693993016 -0.026066289702502812 -0.0007126809497405923
37 0.03891168360927154 -0.03593736129303138 -0.027398314875192734
38 0.039178574987188367 0.02283312135366908 0.007918260387087763
39 0.0369971885266001 0.022814229736351863 0.008076281375964599
40 0.038912300243346964 -0.02591131404316193 -0.005342342013030137
41 0.03944317679298987 0.023341441161325704 0.019382882583808235
42 0.04099166369993124 -0.027031282601795926 -0.0098175806367663
43 0.028055616242505056 0.007167933257638115 -0.03971464800242616
44 0.03864465873652441 -0.03145530046712868 -0.001644856680656242
45 0.03864530741077153 0.027705774721028226 0.02335571807487897
46 0.03556611718256573 -0.030366227338099697 0.008425456402264312
47 0.03556611532795138 0.038389371448143784 0.01429733349475295
48 0.038375844114500214 0.01792046278901837 0.02627540811895712
49 0.04022412470601319 -0.013440301161550353 -0.02341110801226837
50 0.02949850399591273 -1.7035891991220763e-05 -0.06034766648812868
51 0.036997569979186566 0.026215025286683007 0.01726587652409295
52 0.028786762386285802 0.012968596802777541 -0.03437424563772
53 0.039966221557499286 0.029443053070889392 0.01826275741028722
54 0.03944326925236076 0.019540108336313797 0.02359092517091004
55 0.029498677333522634 -0.0007372954332701417 -0.05506762315100396
56 0.03782990098250295 -0.037315838411653986 -0.002756610864979194
57 0.03810318625736749 -0.027126354751239205 -0.010738823308389423
58 0.039965838076235 -0.03208321385242497 -0.0010672295404452509
59 0.038644639249657206 -0.024932643097148433 0.0017983752360479768
60 0.03944235689141656 -0.033536320122930785 -0.012224941846492355
61 0.03585659439643994 -0.03730939362095725 -0.006726559165647421
62 0.039443616024719484 0.02168223155440544 0.02553276185298877
63 0.039704640040392744 -0.036861209743465136 -0.014881555033315348
64 0.035565765720501075 -0.021318511767410685 -0.005623922275186849
65 0.039705874946708346 0.027808337596629408 0.02612691470317018
66 0.04174482877281629 -0.033698304278315064 -0.014194919392780747
67 0.03727671336216309 0.020076530997447797 0.0034555730144879434
68 0.03891246351048932 -0.02444982970456689 -0.0036403194694544566
69 0.0308749132129654 0.014595858453586323 -0.04312189246099794
70 0.039966417554391113 0.016904158044016567 0.02058976212803137
71 0.03891226732710922 -0.03509702824433455 -0.01126404905012025
72 0.036145256452734635 -0.02359059015162013 -0.003939022760503199
73 0.037554876728516755 0.024608655024581275 0.022351893943880492
74 0.03755498031692131 0.02402847028153194 0.02419478682298532
75 0.03837479199259111 0.023904308583782122 -0.001140568898075923
76 0.04048246291209395 0.02770876907463483 0.010936533196652054
77 0.03699660981236646 -0.01951769960426145 -0.017009928545520796
78 0.03944232602728643 -0.027673698141036172 -0.010429353513674262
79 0.04199361241933888 -0.033568687497582524 0.006645033450876825
80 0.03727732534541043 0.02783059424965923 0.01769788471891981
81 0.03699763628967804 0.02255662649148013 0.014806205606264734
82 0.03727651627641806 -0.024790506288367695 -0.005613078872401702
83 0.039704383511596754 -0.02278670319675363 -0.021548218995229088
84 0.036431523538346486 -0.03295640505394643 0.0012635659972329168
85 0.03810346489976596 -0.020446318336021885 -0.0038408215675780778
86 0.037554412161859174 0.03305243978342425 0.008291907019966077
87 0.03782993193131172 0.024744463035814984 0.006117768669009036
88 0.03671620596581972 0.020970496142706525 0.025844674743058942
89 0.039443209805175544 0.02839802352115084 0.017974706921043804
90 0.0389129165890618 -0.02292867491309339 0.010733334845357103
91 0.03917914042659407 0.03693345818507593 0.028471473004588344
92 0.03864513670399326 0.032073415629404745 0.02020913085699203
93 0.03970530450677363 0.017179948544420908 0.009784559523081701
94 0.03810382224537082 0.027191073419193197 0.014579813087006436
95 0.03864544111653184 0.020246781980324376 0.02691674103746185
96 0.03755527267177039 0.03329953079669392 0.03169204590837875
97 0.03917928324955742 0.02117288066382079 0.02977314827436877
98 0.03944255995391823 -0.030659687438475344 -0.006898900343659932
99 0.03699672355157599 -0.022922819824219037 -0.01108422350292855
100 0.03643180812577267 -0.034385190672160774 0.006574733891251604
101 0.038645084493507405 0.025911333897963684 0.01621115055382453
102 0.036145396295650764 -0.02904077741778048 0.0016541183759309457
103 0.03782966500943823 0.02077039740141745 0.005128825399705468
104 0.028056340050430464 0.0077167086150619225 -0.019685093792245943
105 0.03699671681757185 -0.029314907813151908 -0.015594500621680685
106 0.0402246348306126 0.029173460814432995 0.003930297963780084
107 0.040225410476519084 0.028698409554811913 0.023629174371949255
108 0.03755453516773269 -0.028093338286753727 0.0017797399366705818
109 0.0378299970268479 -0.037694355723893194 -0.0011332002808696448
110 0.03944271999658546 -0.016845768224208833 0.00428776436665733
111 0.036145130179833895 -0.03177998630874461 -0.0032670084320387312
112 0.03407312319881051 0.014249385563400455 -0.0360872786364345
113 0.03891280713533115 0.02543932711861056 0.010197120939178456
114 0.038374820081169825 0.02998754216379499 0.0014945578964177869
115 0.03643153969707847 0.033913889167893875 0.009513346923545205
116 0.03755474996417535 0.016933529286971633 0.02044443841687977
117 0.03783004737998194 -0.022176823731755734 0.003702627386070211
118 0.03891283064096285 0.021392411759706065 0.012921742959264656
119 0.04099250049964266 0.023087908564424973 0.018564659384675566
120 0.03556681016778495 0.026694980651833785 0.02731684788228776
121 0.04073862075113819 0.024983006210779 0.020528314157580895
122 0.03727635901016381 -0.03440573164861121 -0.017188995147265414
123 0.03944237947466187 -0.03351335784404139 -0.011122598700738668
124 0.038644832572507025 -0.03745605976891129 0.002562542118693719
125 0.03585744552530999 0.015150435310345422 0.018990519388570246
126 0.03727717985891107 0.02414863370203356 0.013911770462386475
127 0.03783053884311093 0.02959468578910692 0.026749584558615824
128 0.03837450810628708 -0.02204498197645841 -0.012267056585827755
129 0.03783041285313586 0.0352000437058938 0.022582528333308437
130 0.03944343041660519 0.025555812916876655 0.025435618106913534
131 0.03917822135610627 -0.019762145513046753 -0.004651321732192951
132 0.038103930828969665 -0.030125039686037986 0.009614178582735385
133 0.035565522886204536 -0.035329886832607404 -0.015320057353992106
134 0.033766465692912986 0.005540456001925821 -0.054199525916370596
135 0.039178548659585914 -0.03524698070623716 -0.0012298574939238734
136 0.03917905031053085 0.021988370289876966 0.019347365623426503
137 0.03996652391456629 0.027782575707960135 0.022342905038126592
138 0.03585645532214829 -0.03335701266954199 -0.007896772474085037
139 0.03087452905487189 0.008150159485472822 -0.05888431063775656
140 0.031209587628302837 0.003224789344924725 -0.044828518573552224
141 0.038103186156082054 -0.02360000868923417 -0.011084793521894553
142 0.03891287277259228 0.024945700918673572 0.014992302906336692
143 0.039177886503101354 -0.024678052463575323 -0.0186331269122679
144 0.036145167133978834 -0.03186918224016913 -0.0048084554030000115
145 0.04048198705650785 -0.02030462811364926 -0.006119990369866498
146 0.03970483404281878 0.034968477066074026 0.0009862763414996696
147 0.04022518584992727 0.02796205438662778 0.014850230263077814
148 0.037554093850177744 -0.031043225441776488 -0.010080012153253534
149 0.035272462793557516 -0.034095844525749396 -0.0031266602064045244
150 0.026139589940304003 0.010270269558852825 -0.038567846682628554
151 0.03783004320281162 -0.026464414769496767 -0.0002244134804159339
152 0.036431482291553914 -0.03019444114167241 0.0005371789503053484
153 0.039178783074764134 0.02685128825735795 0.013835305945883423
154 0.029848804171733297 -0.0027936114978712643 -0.04868597509245731
155 0.03944157759585354 -0.022913989092195074 -0.031444983780555026
156 0.038103901278435465 0.027643142630764287 0.017644349795593938
157 0.038645374511839435 0.030657585437767792 0.022106410054443797
158 0.0375543552001787 -0.02417406111599902 -0.0022912302487142645
159 0.0386450753013006 0.023685682095787804 0.010057437649527845
160 0.03755386038423466 -0.03330267284365693 -0.011833985213591889
161 0.03643141303834389 0.02448065944036043 0.009828165822117372
162 0.04048255777685978 0.022871902163396293 0.017006079201040265
163 0.03755496312913673 0.030029161868741636 0.02205232177049998
164 0.03671566085544279 -0.026512641548062564 0.00748765805191608
165 0.039705636310411595 0.029943335842913574 0.02465325812565714
166 0.03996574466455314 -0.03225901999524643 -0.0010427747997778184
167 0.039704602408705617 -0.03148565238985684 -0.013701229377099415
168 0.03944188295933104 -0.029653166517130798 -0.021943601204556577
169 0.03917869556249853 0.026593297775006935 0.013285520416810413
170 0.03783033424634967 0.02395366147687557 0.01905983320010176
171 0.03782972909920835 -0.03515146276027003 -0.01005775368275633
172 0.03864524967591474 0.026743643995780404 0.021136964745103043
173 0.036430940378167374 -0.031240363168525336 -0.017400367015105653
174 0.03864539353538519 0.020559397322755222 0.024431234243460567
175 0.03643166952238397 -0.027340822049186118 0.004485656581636442
176 0.04073865868852354 0.02504682589383229 0.025396245229269112
177 0.035857097682434884 -0.03080802958535659 0.0049792112392875185
178 0.031869069570783 0.015078257536097662 -0.021135891814154838
179 0.03891249405766895 -0.0288713178189492 -0.0013904323601252998
180 0.039965267533288454 -0.032548199474742336 -0.013312205422443074
181 0.039443087645747395 -0.01885234847888178 0.008269679965893293
182 0.03019538343138352 -9.265141790778995e-05 -0.035947079520109455
183 0.038644958453737464 0.03369346043127998 0.009584299259994537
184 0.03837496291872532 -0.03427274797014089 -0.004333805209845398
185 0.03996583039608476 0.026715006589922125 0.00284252242441515
186 0.03810390122152532 0.03135017844084427 0.021916633910179145
187 0.03783017272308633 0.02093586448287142 0.011823490162347251
188 0.03970557659495726 0.030560856824069 0.01914681421235332
189 0.03643143718260551 -0.01900903675661166 -0.0011605480510346832
190 0.03614552691755893 -0.039541833944020485 0.0038112865320967144
191 0.03783011226766611 0.015819728339506647 0.01284477182713625
192 0.03154072863273669 0.005802219446544035 -0.037380020787248364
193 0.03970519462406911 0.025893444934475672 0.005717223099633896
194 0.03891168896945804 -0.025226771948365593 -0.02108243432717365
195 0.03891252962115962 -0.03607180274370911 -0.003407765870873557
196 0.03643154674739237 0.024216617249910994 0.010067423385461854
197 0.039705406968352265 0.02643916382521586 0.010828100908961493
198 0.03837544976354853 0.02957820645393685 0.017558855510643304
199 0.03837511085684749 0.024733992411891455 0.004181468624181268
0 0.04600582172008329 -0.0001404988478481112 0.003949837900661459
1 0.03376603859134262 0.01809631034675765 -0.06338560249639448
2 0.046678043434020086 -0.009119473675723336 -0.00019791461510639747
3 0.046231285913089386 -0.007587320387168802 0.00838386957168022
4 0.043927122760675126 -0.004725386777697009 0.003824642843632191
5 0.04577980592154827 -0.004133852306957306 0.012155876264064829
6 0.046900423552809684 -0.00888851149456525 0.011525794963866614
7 0.046455323797450605 -0.0039013422857932605 0.0074412193578131626
8 0.0469003783395161 -0.002644821572135602 0.013006387500923712
9 0.04842568283375659 0.00814168002169209 0.016608079487424085
10 0.04623132791169922 -0.007553373177421726 0.012363952650921486
11 0.031209819338147992 -0.010617676279934672 -0.03350500440791061
12 0.04577965230647796 -0.006072804944913743 0.0014476219538057849
13 0.047340955307582276 0.0009260747524023067 0.006732515559002714
14 0.04199379695633264 -0.005558626288839021 0.020776681575496184
15 0.04667838943222614 -0.0007997599064323788 0.011019243993088238
16 0.04799467318025604 -0.004527631565026993 0.004228094188276295
17 0.04532416972501832 0.0010232866002461369 0.01943749570338896
18 0.047777685645038176 0.0023973224722342733 0.0013157524514939452
19 0.046231259101928365 -0.007526102933458535 0.008884857627951718
20 0.045094237114067896 -0.008609112512325509 0.015201796914852472
21 0.04555227493266491 0.004747426003592416 0.01211548101967828
22 0.04645541310505609 0.002606783775564576 0.00619364817951758
23 0.04321263576959165 0.011202602472232233 0.015540477404404061
24 0.046455818831278216 -0.002500687259512451 0.021544023686973262
25 0.04623162948452188 -0.0048533630278689635 0.015161938909809086
26 0.045779857803439815 0.014338614990505308 0.014803962348691944
27 0.045094363954404845 -0.009775741797293527 0.015179841739718569
28 0.04645546603456894 0.009826964032914401 0.01302487642454751
29 0.04712165717447079 -3.805905244806665e-05 0.02245654144321934
30 0.04863954395396592 -0.009728969649214823 0.007081623570883351
31 0.045780154533579524 -0.001349018843075285 0.01473906741156177
32 0.04439790340736025 -0.013036100344098085 0.012565588336826174
33 0.029498576237401757 -3.748062033010112e-05 -0.050414164760349656
34 0.028786005512507384 0.0034927634195247815 -0.058502018656334906
35 0.044631031606733575 -0.002349744770060318 0.007884062706177978
36 0.04509400728589256 0.0025367851578080294 0.010017292914659774
37 0.04439768677848073 0.0016778659059780046 0.006423631491645811
38 0.047341147120027946 -0.001979574341291635 0.009815152882850313
39 0.04645579644144804 -0.005972216701612054 0.019421752860755908
40 0.04690018039970584 -0.012345821433046059 0.006082216381145372
41 0.046900628591894276 -0.0075821460213204095 0.014593486093031086
42 0.048852032185774795 -0.005513196974092653 -0.00660265501616604
43 0.03283107937409914 0.015465517457401644 -0.04248597195883746
44 0.04555246553124529 0.0001307257738112771 0.012284741757083575
45 0.04645596390085871 -0.0012523347981546673 0.024827705155469112
46 0.04799519117827477 -0.0011694407558715445 0.021085501976814258
47 0.04439800430451926 -0.008769295107871614 0.014925266398062487
48 0.04734137366101169 0.00430930576276167 0.01720145414660157
49 0.0460063407158435 -0.0006917822744444174 0.020540247717032653
50 0.02878635414103376 0.009572095913016346 -0.036894125957553474
51 0.04509379618834293 0.0030013991854838692 0.0027586967247398603
52 0.029849010265283322 0.009275526725439014 -0.04609530688618344
53 0.04734109456395545 -0.0030176441139760585 0.00908921839176414
54 0.04486336229302883 0.005812822137275985 0.015341179913109964
55 0.026923120286558692 -0.009903343703173731 -0.02527862997832828
56 0.04578013762512066 -0.007268125172098143 0.01860585289843574
57 0.043690701300800175 -0.0014853256828840306 0.019887730868023198
58 0.04416361874734176 0.0002649595031670299 0.016073039174700883
59 0.04555238483482183 -0.0006168233880517498 0.007856784239454656
60 0.04099277412387454 -0.0018237944306654726 0.018963216380636715
61 0.044631183130540465 -0.004540896923225119 0.008603039255463603
62 0.045552347868513685 -0.0018451921253229528 0.009440880647396592
63 0.04555242761515171 0.004027489197064142 0.012962923174606393
64 0.04777812186360925 0.003924383292369603 0.01703763980912951
65 0.047341361483655635 -0.0027145658995510655 0.011651177781448236
66 0.043452384635638275 0.005225651204049883 0.01922971864905886
67 0.046455008806961566 -0.006239966662669699 0.003330395151862221
68 0.04842563190929496 -0.00866631087581299 0.008991346269055876
69 0.029498868851531048 0.01271662211641453 -0.04601749554957365
70 0.04600640085041587 -0.0037530036258706955 0.017179976879300805
71 0.04369024647482742 -0.013836462132435556 0.0014306909995842041
72 0.04667884717326481 0.0013398578551500335 0.020328620136488097
73 0.043927296426592564 -0.0023898767055718683 0.0011913986818296626
74 0.04532406499559059 -0.007792960662073077 0.011673754401484613
75 0.043927484943309635 -0.00406373277137453 0.010242820121468233
76 0.04863940250221115 -0.009580019865286204 0.0037440995051474385
77 0.04532416423342739 -0.0045280600311337965 0.01788783352753891
78 0.04927597675290134 -0.001777098124996356 0.008183383904735903
79 0.04532399335677002 -0.008484728166207737 0.015613300353422791
80 0.0488531149649879 -0.003058614385220301 0.024597499024339282
81 0.046455089051501926 -0.01301072513787988 0.005849994742327536
82 0.045324099322918324 -0.012670929250591895 0.01574567174679507
83 0.04799462369825295 -0.005414536608181927 0.008959127145425154
84 0.04463086647338301 -0.00874692144114473 0.0011126392525007687
85 0.045323801768352476 0.0015874778480679539 0.008995360747691356
86 0.045323517700380525 -0.003186336514265343 0.003561400384071349
87 0.043690611403564596 -0.007744106929914265 0.015322390052486989
88 0.04555225596060426 -0.01581850288994622 0.005142624198582376
89 0.04555180855702386 -0.0026402574741836685 -0.0027610199261200344
90 0.04623113614525508 -0.009009292995670264 0.006372880065873041
91 0.04463137563316187 -0.012143551222155111 0.018287531421654665
92 0.04734142219964911 -0.002817122072336833 0.016607026190325357
93 0.044630612364929635 -0.0065216647166848945 -0.0028865018802519135
94 0.0443976421273315 -0.0020100796972368166 0.0025511464944052943
95 0.04623135050470627 -0.0055818351527156355 0.011854165572782151
96 0.0466782998069291 0.0016276338005967244 0.01080605397402018
97 0.04712121206590142 -0.001212418782156012 0.012124500560213131
98 0.047560281543263756 0.0021194985198935493 0.019244182062940925
99 0.04906508566717359 0.004179337672023061 0.019449112748877728
100 0.04863949136606226 -0.003812869667347914 0.005840567728494715
101 0.0486400002561592 -0.011811589813102374 0.021059728194464257
102 0.04623113570647148 -0.004516604841087104 0.007843914149387019
103 0.0443980109441412 -0.0032799676237308217 0.014073064894796932
104 0.03219213335547347 -0.001464865450580711 -0.05205766616195466
105 0.04416378153442748 -0.006340472814020458 0.022952935361436156
106 0.04509409176286929 -0.0052758799906910524 0.008745949841255965
107 0.04600595466136955 -0.011668761714913819 0.001901566977734143
108 0.048853255531391665 -0.011412588647963228 0.024640289999667376
109 0.04690089358576766 0.0006876255567437745 0.025091654444961708
110 0.046231304078190906 -0.0008905801509806714 0.008741464707749612
111 0.045094120049012996 -0.0037036769981282163 0.01039760909488419
112 0.03251296183475528 0.0022228207205668045 -0.05561153793871432
113 0.04756024615610183 -0.008582270462965905 0.018181347560597277
114 0.04623154578910171 -0.007758228302296 0.015907473614786526
115 0.04756032800768383 -0.0022824766683817413 0.017431926323885624
116 0.044397659978146715 -0.014737209878050318 0.0059147647799678744
117 0.04863956578426505 -0.007515280886734557 0.008155298195150571
118 0.04799491013132561 -0.008787390386501266 0.012226156981668103
119 0.04532401546342122 -0.013995764509191447 0.01203559338395477
120 0.046231142327129555 -0.008134983220922133 0.006455972936249419
121 0.045324332785010586 -0.006381996844266585 0.023102830609794928
122 0.04712134093181206 -0.00107200029753612 0.012415340968351138
123 0.046900473678369026 -0.003913253536749544 0.0108605871490155
124 0.04577987937455195 -0.012640926142509919 0.011334126818444715
125 0.046231351123031277 -0.005336323286768223 0.011228385531120178
126 0.04532352787441942 -0.0017310980483740274 0.0030929705534649137
127 0.04392742666217849 -0.004869551131757577 0.009558471873261094
128 0.04842597968397506 -0.002839923433532209 0.023110695197750303
129 0.0446313062796884 -0.0033477402447089524 0.016215806599817726
130 0.047341415196977196 -0.010441203345759513 0.014259793964857988
131 0.04712102547534732 -0.004381369160434825 0.0009199540588870412
132 0.04486334817324586 -0.002743717914869547 0.012200046604837105
133 0.04667884258907812 -0.010376684983346226 0.02212010309051976
134 0.03154027268791723 0.018579341941420288 -0.05177747164907199
135 0.047559949110221586 -0.006128512133849692 0.008330119608795481
136 0.04712165092221814 -0.005084573732723557 0.017537734806316336
137 0.04863981664306692 -0.0005150873241554096 0.016484107460794158
138 0.046900499710047096 0.010518132142752363 0.017564249897049366
139 0.031209525006210374 0.015328768818351685 -0.043606149300060223
140 0.03087477855697198 0.0076056564076031775 -0.048385217893769907
141 0.04623053931396707 0.01022078596725122 -0.006070037197621203
142 0.047994846353826504 -0.008192581562352187 0.011782539726048034
143 0.04821113758830875 -0.004806237209528469 0.02025702555586934
144 0.04532428867543699 -0.013934874229124023 0.02283659781562119
145 0.047560333873471736 -0.001663297608603064 0.015379733680084573
146 0.04690039621239774 -0.002299542504697893 0.008909137834322452
147 0.05052473637133616 -0.008350730810755918 0.006993397095548368
148 0.04799512658930411 0.00241658891010539 0.01729301590827049
149 0.04799446516825589 -0.002880631129347325 0.00018578387298418325
150 0.03407252422793793 0.008481562729013105 -0.05663346284927218
151 0.04690043046785035 -0.008312849492253804 0.010507867976027683
152 0.047560031504440305 0.001412180767986535 0.013759296121693982
153 0.046900604991637444 0.0029973518815537494 0.018048673531586148
154 0.031209346071722883 0.013822094059438133 -0.05354625934592541
155 0.04577990680687833 -0.018681147422550313 0.00945885315527652
156 0.04577960473533957 -0.0008508748156084215 0.008267748527056208
157 0.04463144145961773 -0.012056509954099551 0.021089111345996753
158 0.045552316488683325 0.0026781217223570426 0.00993100460198271
159 0.043690406709978175 -0.00661056723255357 0.008629584783591661
160 0.04755995786562258 -0.003002925694682312 0.009528343332191005
161 0.04623131689830338 -0.0010310761678078786 0.011486675114663326
162 0.04486328718929168 -0.0035050377405766785 0.011360130189390529
163 0.044863816755862755 -0.006124751098400615 0.02240584317786459
164 0.045779958842053915 -0.006903760041572466 0.009453951710224128
165 0.04667828289678706 -0.003695014026769234 0.006925731769757339
166 0.04509425337126378 0.006826301456782613 0.01265805547083153
167 0.046231232712021786 -0.0022182201577734366 0.009467926279045762
168 0.04645550129354309 0.0007658114186952499 0.013322253699657652
169 0.047560103829926065 0.005640815161593215 0.012118213515692044
170 0.04463118464053843 -9.030746857503147e-05 0.014516853540108189
171 0.04690030405533464 -0.0009603939556861666 0.01142689036681572
172 0.04667868537162574 -0.001601957596353764 0.022543877859205776
173 0.04555263758117944 0.0025355149690729404 0.021059657813526776
174 0.044863399446129375 0.006717171578948351 0.014949161071376017
175 0.04369061062168204 -0.011324986355121821 0.01347300192170127
176 0.04799519515680904 -0.006494504756875375 0.024520397586656816
177 0.04667829821934642 -0.0022150375340738546 0.010907748803727848
178 0.03019433426455599 0.007671262305239237 -0.05808577381203119
179 0.0486390471675229 0.007719897419381572 -0.0013726661670792884
180 0.046900380845345827 -0.009984470827513947 0.006142680662974886
181 0.04248546087845668 0.006702647613344372 0.017168373168366204
182 0.03219152025235646 0.016811847920682407 -0.06218158905672433
183 0.042729271840587425 0.006031472501538916 0.018929238846935884
184 0.044163696566249945 -0.01070898153463005 0.01989699015960372
185 0.04532408869772744 -0.003910941623621226 0.015589031462750818
186 0.04821088069950545 -0.014815804073891914 0.015085755865520306
187 0.04734128743439575 -0.002729482616670249 0.009360747287851589
188 0.04623142106789457 0.004733885823958074 0.01480641631496894
189 0.04756036091485163 -0.0010081650068577723 0.019471424758543673
190 0.04885238678783542 -0.0013925316433376178 0.00631267383687749
191 0.04667858598868593 -0.007063058031628831 0.01607483876965462
192 0.03314568610236632 0.004860306105934026 -0.056143065161115224
193 0.0464554861623115 -0.008673164982972109 0.00893023030008042
194 0.050525053726225476 -0.01313018462660708 0.014807621872799312
195 0.04690011109409194 -0.007779456112107142 0.001931476168511407
196 0.04623141121556125 -0.008442275695577069 0.013583089304621087
197 0.045094634209319924 -0.0014975216089042588 0.02411979500076642
198 0.04578021659874998 -0.004152775739142523 0.01846420284695986
199 0.04578012061347928 -0.011119163191646535 0.02086174174640199
0 0.039177927710869406 -0.028936011163367272 -0.016672837501920775
1 0.03755369644234699 0.027091946035012096 -0.015648821291773467
2 0.039965433086528175 0.0269818357766146 -0.008119732166111582
3 0.04174410894266561 0.037089723789134055 -0.017810527839817143
4 0.038102938957853945 -0.030857233246354376 -0.016103816849887573
5 0.038103105972300134 -0.040471849408645906 -0.010295920804678928
6 0.03917793031971773 -0.03431497144614827 -0.015383041947076072
7 0.038374504428655296 0.03565083860433379 -0.008829075664575697
8 0.04099126831269536 0.04873822942482294 -0.010264946597056016
9 0.04048192831147562 0.029951106713206423 -0.003572273904616383
10 0.03407504486003338 -0.026963826548107098 0.006126531576838545
11 0.03917737806073663 0.028546420509795147 -0.02495232325394806
12 0.04199205132547394 0.0378854447610783 -0.023099392722661972
13 0.03345928933895397 -0.03336053995268685 -0.007754085002950913
14 0.03755367665529145 -0.02364092827433937 -0.01681018126745825
15 0.04248526503147631 -0.03467616324870799 0.006168940310872175
16 0.038102958780625126 -0.03137270746165822 -0.012251647721734482
17 0.03864392563116887 0.029043944793768834 -0.013825139498478755
18 0.04022372004913227 0.03676680096519149 -0.021826929899397673
19 0.03996559318430158 -0.032162069712254965 -0.008219848653427645
20 0.04022442846255016 0.03346828633005488 -0.005238437902890161
21 0.03970505797981466 -0.022245989159939902 -0.002591993760325862
22 0.03891232489271949 -0.02845589285381176 -0.004535287636036312
23 0.03810330235553566 -0.025777082610243696 -0.009278241791972744
24 0.04022399301401816 0.034430123178675436 -0.019256821202109035
25 0.03891123917248175 0.027379268647619602 -0.02216461581168332
26 0.038103451396344155 -0.03648178529032182 -0.0014481638527476983
27 0.03556490337027097 0.02707703974457022 -0.020529563447610248
28 0.036144127194908435 0.026757392669327112 -0.023056687612711617
29 0.03699718005954756 -0.03638904562369204 -0.003912005339426763
30 0.04073722843657955 0.03361496056812415 -0.016284680318170874
31 0.03891224030887301 -0.030651026390228247 -0.007522881203255984
32 0.0340742049384484 -0.03545520646310576 -0.01630673153603424
33 0.043211355340138376 0.03439591670818282 -0.012409346935545452
34 0.04174470766943282 0.038064123189196955 -0.008708110137927048
35 0.039177593178516774 0.031733776165650276 -0.015932117420787255
36 0.03917781846643555 -0.027621906113096773 -0.019850827154874955
37 0.03810300448679655 -0.024947180962215668 -0.008383956007720914
38 0.039177964970222835 0.020213959767941537 -0.010587358784596882
39 0.03917802625570607 0.029144814411273295 -0.009643918354584457
40 0.04124350662932734 -0.03161826427061684 -0.030797379823857426
41 0.03944225808784867 0.027935884606777393 -0.004256466933212298
42 0.03699704246643769 -0.027473389908083002 -0.0055554552694459846
43 0.043211392194625484 0.022749852314067755 -0.014316386664176757
44 0.041244308217490186 -0.03234260997051382 -0.012993589551974665
45 0.041495339709945504 0.03002647453616009 -0.002871914593380046
46 0.038644690103424015 -0.03565449813533214 -0.004748091080728465
47 0.03996521398991313 0.032868999062182776 -0.010034010651097726
48 0.04174474756040294 0.023964609362034886 -0.006033549374070669
49 0.039178760856373486 -0.03547289715935617 -0.00014578093629740466
50 0.041745162187338015 0.03140971375010503 0.0033802174813449336
51 0.04099120243490014 0.027416683770907408 -0.01684162061703496
52 0.03917859492484478 0.03341966786749521 0.008734964229769245
53 0.03970393214463816 0.03642561045093933 -0.024343012934569443
54 0.039178176058246514 0.03796427967179308 -0.0006027188314002751
55 0.04321080169265561 0.029119442232845936 -0.02814459268209912
56 0.03643132116713575 -0.031907505447330474 -0.0050260169668823376
57 0.03891256273707338 -0.033943701573369435 -0.004599837843453326
58 0.04073728247358594 -0.03676984991419693 -0.021076951681906625
59 0.037829909308281236 -0.034662528300802194 0.0035598543352871963
60 0.03864481553829168 -0.027681603639850873 -0.0014693857976577282
61 0.03810368805655298 -0.025388499489650045 0.00476351117267191
62 0.041744558687493286 0.030716439025809235 -0.007369018335546754
63 0.038102740201528415 -0.033632164389854266 -0.023010170248610674
64 0.03970505329441945 -0.029578243181647614 -0.007069700531700583
65 0.040737412452160525 0.028877438808288337 -0.0096168705054895
66 0.04048203219934945 -0.022253658804176922 -0.005250489153383112
67 0.038102656472940914 0.02826650831921744 -0.013124654905070315
68 0.03837490934972385 -0.038766890593642835 -0.00927340989329234
69 0.036144006895053815 0.03187556413918719 -0.025529588738823692
70 0.039965243700247524 0.031737330607679075 -0.003009320403037604
71 0.03585679472934986 -0.019204030851315664 0.006759310183572887
72 0.037829946675783675 -0.043455615093773464 -0.004675693481172543
73 0.03643115038929893 0.02019235591484743 -0.0025950725813225915
74 0.04099129383889375 0.03238800650602607 -0.015034724429688066
75 0.04048195140935596 0.0320677259133106 0.0014442438136611185
76 0.03755313698636498 0.03752060767665984 -0.01957253345540227
77 0.03527293968991151 -0.031264103941506055 0.0003897370951564338
78 0.038374676992811906 -0.030961240643574632 -0.015300559524324612
79 0.03864467304874128 -0.035130032596834 -0.00224129104921051
80 0.04099123274625873 0.027109448304279176 -0.01779954462788384
81 0.039704106217917395 0.03301575663503606 -0.019062996809352233
82 0.03944225681314085 -0.0359744313338557 -0.01603959680914042
83 0.03837553425738229 -0.0430032182146179 0.006483809867238216
84 0.03585623582738664 -0.02546754219458703 -0.01621521861433023
85 0.03527288758574208 -0.030155606301001527 0.0004284576173917986
86 0.04073626856477214 0.03067507886416323 -0.03982310221073223
87 0.038374129546478244 0.025695907309167588 -0.01753903563466507
88 0.042483903911181446 0.03554602758754324 -0.015439933535813624
89 0.041243779173165636 0.032240704529198284 -0.015907164701713584
90 0.03837498378499639 -0.026335028462585387 -0.002569556592042712
91 0.04199198841856291 0.02613614463919503 -0.027837745944007494
92 0.03944156909810281 0.03488213349201635 -0.02251919928847622
93 0.03810268136445078 0.024344925136426984 -0.014755551327385184
94 0.041744570147516646 0.03741699313000253 -0.009077984420685598
95 0.041992476326744944 0.0412272676803067 -0.009763183731192676
96 0.04124414382171242 0.028865615923805085 -0.00839356072044109
97 0.04099197550683743 0.028051889294147966 0.0054942409161433375
98 0.037276887200936616 -0.025930787017368277 -0.0022373426296836475
99 0.03837484435402062 -0.023768223251543166 -0.004917950329477666
100 0.04022504333921952 -0.03550098986585937 0.00542378673051574
101 0.040991009649193146 0.020903861536547486 -0.02741059425377875
102 0.03891252238092519 -0.03934314068428496 0.0034672898594206056
103 0.04149518769605432 0.02939820817118383 -0.007390714244775683
104 0.039442110498836794 0.030724800725639552 -0.010021654309393621
105 0.03810277385612417 -0.028061432362356635 -0.01721404732579845
106 0.03970404804927482 0.037747093188014495 -0.021358128594732798
107 0.04073718029821636 0.028376128087433207 -0.01267254468220869
108 0.03837494683530246 -0.02669299453618375 -0.006102079260669589
109 0.03944259516315355 -0.02986889296776921 -0.002822299550541344
110 0.036997065892946324 -0.027309629995216644 -0.0075767000809621255
111 0.03699667617273548 -0.038250348855192746 -0.014590742627093773
112 0.04199250336223996 0.03941496021628157 -0.010953080675411085
113 0.03891174609727612 0.027806452416963116 -0.015727606846790032
114 0.04073660422474273 0.028949039955380472 -0.03233644996878658
115 0.04223912468639623 0.032587707718437525 -0.014575768019491078
116 0.038911714987254244 0.030640829426617708 -0.015076205197626652
117 0.039178350204949135 -0.030659535598587015 -0.005209846556168269
118 0.04174415042548016 0.036408894041583845 -0.020552871174640882
119 0.04223858571715756 0.03500438674995471 -0.025825240648045655
120 0.03864363373363498 0.027884149900556925 -0.023654234212936324
121 0.03996570084037582 0.0386183779271154 -9.997167969306715e-05
122 0.035272698263803554 -0.019579181500279416 0.0019257646286742146
123 0.03970480412158599 -0.02827028929771711 -0.007991004681531771
124 0.03944203379644536 -0.0323095920161485 -0.022689270771417393
125 0.039704311251874624 0.0403175402992392 -0.016630084759350832
126 0.03727544022035962 0.03855731320439114 -0.026640814990234317
127 0.04022383316591606 0.022977385083748563 -0.02319056408116636
128 0.0394427394057323 -0.02254244609421946 0.000784458886836776
129 0.03864383509753433 0.027458730058774996 -0.024005313317141733
130 0.0429700990146508 0.034749415653687596 -0.018002036468073575
131 0.03864433826446727 -0.03666287996214697 -0.015971384052582752
132 0.04272868441923811 -0.02905659347671299 -0.00017391639933801524
133 0.040737727579369595 -0.022271469243344267 -0.005351632255942441
134 0.038644395988684424 0.025355161647515622 8.564202698729217e-05
135 0.03783029464515314 -0.03166447716368401 0.007407558783222232
136 0.039965148331720074 0.03475487720532931 -0.011708213243299568
137 0.03782903607702515 0.027101806207481035 -0.018565158195954955
138 0.03782979155757259 -0.030548284122732347 -0.0043110285217270675
139 0.041992002392940236 0.03231402502678984 -0.026721199918032023
140 0.03944215153233915 0.01756844583502818 -0.009307260377840562
141 0.038102323755857474 -0.030105078843646275 -0.03699490446904742
142 0.040481751662813155 0.01459850293226634 -0.006547944133912082
143 0.03864486012428122 -0.04085471628755359 -0.0039372538800013695
144 0.03917849705747139 -0.03490906303095803 6.451982539080994e-05
145 0.04073705506579781 -0.034609945207135624 -0.02268681443724446
146 0.04149534396683549 0.024022732329655374 -0.0023676711904037644
147 0.04022404511954477 0.03245486958403655 -0.016413340135735185
148 0.03614532768640758 -0.030041773588430187 -0.0028989423524315786
149 0.03782952923999692 -0.03418690644242107 -0.014483794354439646
150 0.03970465443700533 0.02603072122574575 -0.005720717947986282
151 0.03970510750826792 -0.028119166450251473 -0.000289008289129977
152 0.040482676325545836 -0.03447728454423871 0.007710794884747785
153 0.043211605188814436 0.028730675322196753 -0.007384144593731947
154 0.03996498947718594 0.03403490199827687 -0.012693001104811101
155 0.03699680476049413 -0.03245777652180892 -0.012639766696786625
156 0.04174433059169452 0.03124785380139809 -0.017173781994187957
157 0.04199171316848381 0.025656870781465918 -0.03529334750381298
158 0.03917836314264352 -0.03409620116241694 -0.004738015702575127
159 0.03970433325966882 0.03929274503429176 -0.01103642370704039
160 0.041745128962513 -0.02804216064659388 -0.004275580364897081
161 0.03996484858125003 0.03330620686640447 -0.02106153151350655
162 0.03891191830523855 0.0293430465590279 -0.015887539515970096
163 0.040223748891254005 0.033513545116232724 -0.019674209932450944
164 0.03970478787127411 -0.026685141459174284 -0.009281073449577867
165 0.039704602440792734 0.028851886008149176 -0.011579911946520654
166 0.038103551352916314 -0.03765447310961938 0.0010824405153126914
167 0.036715500064484145 -0.029834950769293767 0.0007090714081927751
168 0.03643112687162664 -0.030945569448360143 -0.011104256356942028
169 0.041243984826038416 0.036428740495035576 -0.012104893271552336
170 0.03996474955363728 0.02922747925351774 -0.021695220469554112
171 0.036997752827404674 -0.027619544265509628 0.012494677914766559
172 0.03996463184705682 0.038602850248113725 -0.02192378744620215
173 0.038644371574942056 -0.02324208326002173 -0.006099018346612276
174 0.03755398454460799 0.03978763817578921 -0.002198827819033125
175 0.03783007631021786 -0.03403971217723584 0.002758449350569811
176 0.037553273902062194 0.030456769822427884 -0.02010196700065227
177 0.03643105476736149 -0.038162516860061765 -0.011902060084571994
178 0.040736909662907245 0.04138957220893437 -0.016901672758370196
179 0.03671550694057468 -0.030945224137443977 0.0033009701542642644
180 0.04099163945577355 -0.026807885713575584 -0.017371979812789803
181 0.03944343714932436 -0.03673609988025658 0.012598718320969739
182 0.04099142040279021 0.027006921704482253 -0.01083212683040897
183 0.039442540014350526 0.03600259959101393 0.0029842259170425028
184 0.037276081353049786 -0.03141742892171327 -0.021917496089506095
185 0.036431053520488706 0.027046121736799593 -0.0024622895096263124
186 0.039703822796773786 0.040294377557431496 -0.027858260377784588
187 0.038103425231052694 0.02943357113329345 0.007262339126573971
188 0.03837441266276268 0.030119533275980295 -0.008328966891342826
189 0.039705132780996584 -0.03655864681755475 -0.0045945571358453376
190 0.038912465372835464 -0.04169717871376329 0.0023707190995576532
191 0.03864404573045681 0.020931886706311048 -0.013521662435073734
192 0.03917757607777739 0.0347538051103432 -0.0183814717039699
193 0.04199270373764348 0.02459039420298969 -0.007495352590670877
194 0.038644766683905415 -0.026506339580898975 0.0005668966591456001
195 0.037276602891634876 -0.02561765807775627 -0.005138843966388078
196 0.03699654443682594 0.033176042472367794 -0.010991419712119262
197 0.03643108846434662 0.039369992025785845 -0.001196019506228118
198 0.04073684048908843 0.04141189353967906 -0.02248916744543782
199 0.03944218859156628 0.0391083568187436 -0.0058241508983444224
