200 3
0 0.03943802297532582 -0.031444656960184045 -0.0007457013200917443
1 0.03264605991096819 0.012239553689616512 -0.026068034908216676
2 0.03741159148200623 0.03311389078242584 0.02602916897663044
3 0.03887013020132465 0.004361022764081917 0.021225981281686634
4 0.038292607639750564 -0.04160544661405025 -0.01584234797684123
5 0.039719329638914225 -0.029647731749773695 0.003955346811540664
6 0.041365426304496106 -0.021311194288920775 0.006121096832768295
7 0.03711244469437706 0.028341522488218057 0.005429836878377808
8 0.03800110347353042 0.023729849409327163 0.003739493977419952
9 0.0399986371421922 0.030064047419575777 0.029511647506553357
10 0.03971805180240881 -0.02528975219264272 -0.033329887236925225
11 0.03160566781963201 0.013058406312985944 -0.08551114104794688
12 0.03858280558145959 0.014382946150512105 0.017556427982136743
13 0.03858230021003832 -0.026270997844463354 -0.0018043149415958458
14 0.03620159350930445 -0.019283589061555854 -0.013637470408864663
15 0.036508200016364685 -0.01893179081937969 0.007066997000974233
16 0.04268866294508707 -0.020184527441257632 -0.014530187517107378
17 0.041899595307847294 0.02220475037837154 -0.006149900320286972
18 0.037707257982520524 0.029521726101526913 0.006197810314572919
19 0.03430865197534687 -0.03644369024735192 0.0014972619951748394
20 0.03971864311957035 0.023045351316449744 -0.0030115976409093837
21 0.03971936562888176 -0.03205191276522846 0.01078845421450872
22 0.039997878418925145 -0.02398714681565164 -0.008375261815785693
23 0.03770731520887622 -0.03947502374678169 0.0012848441949095412
24 0.0365084138123667 0.029841966745308604 0.01878954280232694
25 0.03999816776045491 0.02577097842514233 0.01145091112102318
26 0.040824187931339385 -0.03270829875843088 -0.0034320914742262025
27 0.03800121373227187 0.01829712015674698 0.007066770662840131
28 0.03711297148654299 0.03514512939018341 0.022593642726502508
29 0.04027508794277326 -0.023268408934835224 -0.008299672658879957
30 0.036811595858900446 0.027904940827484126 0.012676123377822977
31 0.0365082369581361 -0.030721675065053942 0.00783783032677606
32 0.039155079764802064 -0.038057738954249465 0.008058503064305531
33 0.024005427263582367 0.00973087114750623 -0.018109413701279973
34 0.031606873091626006 0.009521796172355235 -0.04029646290093637
35 0.03770780061511219 0.024552472849844884 0.027633568476591815
36 0.036811079180138956 -0.03320205737537824 -0.010830367742879734
37 0.04136552520146925 -0.03477558094355771 -0.006607733303638574
38 0.039998397825977645 0.027475996346699973 0.018170286944497516
39 0.03829305940684636 0.023520759900714647 0.01604884761677201
40 0.03650811442895107 -0.0325304700087502 0.003633473908436033
41 0.037707697418671714 0.01880529650470141 0.017135922879423955
42 0.03650815355187043 -0.03015844952348398 0.00013256364131386674
43 0.032644743193782605 -0.0015167803977300933 -0.07490325674836977
44 0.03971901295836297 -0.03370693974058253 -0.0031612422199261575
45 0.03526856942918534 0.03220689681917891 0.03004173704473725
46 0.03943824985371322 -0.0350889604909529 0.005155037338280598
47 0.0397194065350218 0.019700677939185073 0.017773925311008666
48 0.03886936383333553 0.029453579386539988 0.007682342944629941
49 0.0421646808367557 -0.039445038993567924 -0.0030520120036825185
50 0.032984791739825645 0.022355405333681622 -0.03486482540145441
51 0.03943785912749607 0.027961448831603508 0.007999895676720908
52 0.03195703603465813 0.009649579465516048 -0.03919710136221597
53 0.03711228695819504 0.022164675410800947 0.0015472409765615721
54 0.03770789224393825 0.02252416383040045 0.02708096642819657
55 0.03332019025077682 0.01805562543076979 -0.04038444562768271
56 0.03915412249294391 -0.031362396177633776 -0.02255372548025784
57 0.039719097965534744 -0.031833187876189155 -0.0026858160561119776
58 0.04082352816831624 -0.02941622166414185 -0.021808863730529763
59 0.03741055542780604 -0.025619993814645012 -0.018364621315732976
60 0.04163361458180278 -0.02315151072564195 -0.00416308915985367
61 0.03589268179644016 -0.030291721401004928 -0.01869929045569276
62 0.042427655278891294 0.02811470828858902 0.00901047772583916
63 0.038869776706007275 -0.033337916225532574 -0.0007136704736061028
64 0.03943786805475047 -0.024498616907660684 -0.003827889438512887
65 0.041899684985323135 0.02352149815879856 0.002837556384327686
66 0.03770680383615561 -0.032449779294108555 -0.02367963959425239
67 0.04082444414276518 0.025447905496350925 0.021453870274875796
68 0.03971891763203169 -0.02374975359597388 -0.004806304400529786
69 0.03230323368136147 0.007441640491882129 -0.03365262457618663
70 0.038582313289833275 0.020241897620175475 0.009159476565769048
71 0.04216427643623876 -0.0353413143551168 -0.010026740519615279
72 0.03650803347072118 -0.027715077298363453 -0.003399446448852431
73 0.03943801203955702 0.03716153962937189 0.010615088416280588
74 0.03971882133314827 0.0376721652235095 0.0012509215648606707
75 0.03999817660406871 0.017027961554044742 0.01234647534353596
76 0.0388695703074675 0.02274507439644129 0.008829136379119026
77 0.03711177977463148 -0.027915745184725317 -0.025508517624685964
78 0.04027499917330151 -0.03356193437666615 -0.013869904557184835
79 0.0358935455431787 -0.030872333807192034 0.002776156844553278
80 0.038869747534678666 0.029879718140524588 0.009993587999734186
81 0.038582157483502924 0.030327516131425685 -0.0013127608389385725
82 0.0380010598849206 -0.03571531149362843 -0.012469811627952306
83 0.039718223721376726 -0.0406383509197674 -0.026099066533821085
84 0.03829309317027995 -0.02751743237784563 0.006864614443841971
85 0.036811516133190655 -0.014750558669933665 -0.007013653257996777
86 0.03741089784299858 0.025060951705810047 0.006387829610853934
87 0.038869669880308814 0.022867146273289757 0.014587396663595644
88 0.04109630042265825 0.028819677497367864 0.03173191531311685
89 0.03858205005769877 0.03048060878788098 0.0007218305590215715
90 0.036507789468077055 -0.025213021049391784 -0.00949821576586072
91 0.03943807083837974 0.030501117169789056 0.0166984089086497
92 0.037411504852975945 0.01505178604907051 0.01869485837095778
93 0.04242794030480151 0.02397120518240997 0.019235642135102267
94 0.04109600730011355 0.033920270162008936 0.02517980264683993
95 0.039437483026620306 0.03729200407266325 -0.00486854289186821
96 0.036202062747844994 0.03178970794121688 0.009005126243684049
97 0.03971920875108795 0.025852506357123547 0.014894822056615383
98 0.03943782777883679 -0.011116159605563258 0.0005244645156233506
99 0.03999833714286254 -0.028231736716900643 0.002104341032550937
100 0.04109559122532604 -0.028462276638849503 -0.004867858922059807
101 0.0365082031851201 0.013167078366336231 0.010533645721646334
102 0.037411223322399115 -0.038085268679227034 -0.0032163786385397716
103 0.0374114288670974 0.01765475294136042 0.027325229966604442
104 0.030532792785233052 -0.00038157631673409095 -0.032261580922605004
105 0.03915499684056779 -0.03295317837510953 0.0017332823867858454
106 0.037707306099108384 0.028887248091463945 0.009901592039046678
107 0.038293244768789064 0.024388500671612107 0.020834358111398936
108 0.03800140303686184 -0.034360498576802845 0.0034458958054698736
109 0.040275311144770176 -0.027018670108703565 0.0009571839466379451
110 0.03741131594077394 -0.022490379551479835 0.006476225195419135
111 0.03971905374928111 -0.03207586163387544 -0.012301357681810572
112 0.03398141000667367 0.004547907320214386 -0.04153293268505302
113 0.03829303984793607 0.024275870954900355 0.013142047141253485
114 0.035267665251324666 0.028618477444865852 0.004468951662317187
115 0.03858270291108378 0.022423667482268574 0.017712294348090244
116 0.03943803096586828 0.030026887219296163 0.01207607725752089
117 0.042427849139217946 -0.02591972634406253 0.007050983582644771
118 0.03858188260240361 0.023879219677561552 -0.005557829986538956
119 0.039719266059742256 0.03686743789427146 0.01929834081375574
120 0.038582496626414844 0.014952662763354494 0.008843749630691657
121 0.039438063590863666 0.02390175431558091 0.019363189036037613
122 0.041899588513467874 -0.023165924924347547 -0.01486441223040747
123 0.04109582053141638 -0.023773154676683405 0.0010177827336957206
124 0.03858210241449355 -0.037084256957060045 -0.010899476086013606
125 0.03858247372201625 0.027600691067907766 0.015723994205352785
126 0.03943833828774258 0.017591723803407223 0.018304398914569198
127 0.03681154947966056 0.01594353129974028 0.0051193887453897195
128 0.038869623493393075 -0.023433430229413625 -0.0024124545486336685
129 0.038583047559331035 0.015010143971194925 0.02936736946944329
130 0.04242777008785096 0.023170502709641966 0.008675972132031565
131 0.037411247266963196 -0.03483318425077616 0.0027784860431187084
132 0.039438203173095765 -0.036304114145888064 0.008600344840915422
133 0.04027488576469003 -0.03512377229564954 -0.01662203787448776
134 0.034630238267903644 -0.008015876912418394 -0.038157091735020396
135 0.03800080614034098 -0.023484505335622713 -0.016934460308485808
136 0.03741118096530031 0.03440603643640268 0.018732439581214448
137 0.03770763437667771 0.02611528084482493 0.017266624087763867
138 0.03829328219642493 -0.025162319124018565 0.008081946943489328
139 0.035581238558152005 0.015259525676101813 -0.022846488807811528
140 0.033652639806551934 0.008044408421903846 -0.03715191457745589
141 0.03858278610123859 -0.03767175810003452 0.01220623323156007
142 0.04190021627887567 0.02373697200455989 0.012480927830979198
143 0.03620127307501258 -0.02619271854347798 -0.03283902183756759
144 0.0382930494103679 -0.037352428081172756 0.0007959080346143988
145 0.03999774972418861 -0.025745750160530906 -0.015033337156607752
146 0.038293189201721825 0.029992842095450764 0.020308919036004354
147 0.039438298179559926 0.019731119128632322 0.019198973753225993
148 0.04027480499376548 -0.029164450603486446 -0.02015467183262924
149 0.041899664017706534 -0.029608601995963112 -0.008100453282559664
150 0.032303616069778184 0.0029822044444392706 -0.02699149716384873
151 0.03829252333245161 -0.030333393894588057 -0.015017736551328046
152 0.03711257196582686 -0.03774182237440653 0.0023496006820260783
153 0.0382929251473773 0.03320763897877903 0.010949581502755967
154 0.035581491754873684 -0.0008689419050674923 -0.015917290556281733
155 0.03681162016390471 -0.03578190489518194 -0.0010507988625892883
156 0.03829313435794349 0.02704105359571002 0.013533478748910636
157 0.04136535032282612 0.023715727339260424 -0.0013370375735163192
158 0.03770720267166942 -0.029027510171864106 -0.007797709917313898
159 0.03915494165842579 0.02709858838042394 0.016988872470632462
160 0.03999831989924519 -0.025940291147352322 0.007747105925065824
161 0.0405510150665863 0.031581410843131284 0.02221448316852524
162 0.03858244426418424 0.025634760475455137 0.011653006635993581
163 0.03915469808150863 0.02165143337869838 0.008250124299159289
164 0.036507695532565554 -0.025852452479426337 -0.01263985386435916
165 0.03915502763595137 0.02581122799613317 0.012080877153512276
166 0.03999775905582442 -0.019025019047739195 -0.013057773505635735
167 0.04055004007822194 -0.03834907478755568 -0.013666632412289763
168 0.03915402087300402 -0.034946622360542474 -0.02334579097894367
169 0.03711243005277156 0.02700732757811348 0.002026535025947615
170 0.03620255112212406 0.029715259109967217 0.024076354483470647
171 0.03741102878782895 -0.028287380685537437 -0.006517588504150967
172 0.039719309584929606 0.03091982252634652 0.014961880255649
173 0.04109584662728657 -0.028331474598873547 -0.0005394606002298469
174 0.041095846519853076 0.015217849610620572 0.00985301209248331
175 0.041365111677071374 -0.025296558820577002 -0.02599222873871711
176 0.035582428992053765 0.02218618846211972 0.01750979137825525
177 0.039437522852479354 -0.02787847224027898 -0.008287042988056373
178 0.03298417743021597 0.013013954007144604 -0.05602370948925459
179 0.03711262459389263 -0.024937494246419202 0.0071944865463625515
180 0.03971914787732877 -0.034039347358568735 0.004642898046183672
181 0.0385821929038864 -0.03299936148643728 -0.006969750069606537
182 0.03298525350623232 0.01361392002848496 -0.021355031198897312
183 0.03463174755130329 0.03519269549663508 0.018641064342081386
184 0.040824192836531006 -0.01642559671232563 -0.001134571704689092
185 0.04082423088704802 0.028968599498027176 0.014946294924292813
186 0.038582607725264687 0.023011368129600012 0.016051718725453627
187 0.03886980408066599 0.018212702594285857 0.01766561239395412
188 0.04136577924968015 0.02769806864254367 0.014153396924841357
189 0.036201839195842765 -0.04369394576265431 -0.007025415672819815
190 0.04216456032304264 -0.02552417649798116 -0.0031206866470547576
191 0.03915474844085828 0.0363851820860769 0.013209100887775707
192 0.031252581779732794 0.024669976793270373 -0.03928233139851341
193 0.038869843645767184 0.01811412902606673 0.008842127491911175
194 0.036811804344341205 -0.026087981297102564 0.0037287732850002234
195 0.03711235859438617 -0.0266725609535543 -0.007144431359923543
196 0.038869707395618146 0.021587464850262462 0.016385718608401052
197 0.03681134264915434 0.03660794592353492 0.006790612834348758
198 0.041096401225092796 0.01820969466773226 0.028486365424063274
199 0.0410957474189798 0.02105035738909388 0.006668862254586797
0 0.0429496451182642 -0.00179102159122743 0.03366821065971191
1 0.031606828533384736 0.005389838231387199 -0.041322882504264004
2 0.044225428354526905 -0.0005961067288804642 0.014944692176820136
3 0.044476261610340524 -0.009387752853257682 0.007130737111453105
4 0.044225744479418135 -0.0019009977694268312 0.02669553492871394
5 0.04216544515330078 -0.009438693145878335 0.02506176268396648
6 0.04571039590207632 -0.006256065391121447 0.026484645763943687
7 0.043719773903578694 -0.010232097009933149 0.025933291786624915
8 0.04216540869157303 -0.0021330800444878317 0.023022089115655543
9 0.04619403876289341 0.013372596084392629 0.013046912785209079
10 0.041633393603657955 -0.005093388074507476 0.0006069269308912348
11 0.032984384067662735 0.014781119033902178 -0.04878434828291512
12 0.04570999430100631 -0.008663816892145602 0.01269490701158179
13 0.04619435008875029 -0.004886464092094328 0.018237470669900023
14 0.04472502966798899 -0.0018833199249086454 -0.008128591338823302
15 0.046434183006753185 0.003347001241054329 0.009691586750000421
16 0.04371968049988094 -0.010280935469366828 0.022954299280549036
17 0.04619374322886768 -0.003239017744212563 0.0005345104317907164
18 0.04190010017094055 0.0052352875411637275 0.010913251900974192
19 0.046434385070299684 -0.005312859324569739 0.012422416217590486
20 0.04472521378155687 -0.003722761531146174 0.0037733479509299197
21 0.04522008151577663 0.006650084491937364 -0.0025725873269791893
22 0.04497333386856214 -0.012852823448495653 -0.010617771135167816
23 0.04346458825915558 -0.013617972130795533 0.020649783527475297
24 0.044476422932268625 -0.006979906099373034 0.014630115694789694
25 0.04447630351568107 0.0029849758761604757 0.017619298811350628
26 0.043972796160571564 -0.0034315146390427142 -0.0021252710241284833
27 0.04738276841875102 -0.0007591046673573228 0.004490280591266878
28 0.045466433800545436 -0.005785293845131085 0.025823100053670178
29 0.04497365340515146 0.004961049844139029 0.009445040210542951
30 0.04522051952848416 1.4360230644349283e-05 0.013396527959211507
31 0.04546610054775268 -0.004242159559796372 0.018984781689993277
32 0.045709843006441334 -0.006339144356142116 0.0068959279745572245
33 0.031252886283353695 -0.0004061087612622328 -0.03206273027010438
34 0.03160610602842243 0.007439752074330416 -0.06467136282699502
35 0.04761746976653806 -0.002021129707906357 0.011303783657534296
36 0.04643428418401264 -0.003511141685323977 0.005108723096289245
37 0.04785025871302091 0.0024555584768203367 0.009727249191351033
38 0.04522025542909131 -0.008612466854124683 0.0036459024607570396
39 0.04619426393546413 -0.005996000667448058 0.009172581373086934
40 0.0442255601697718 -0.009015561107013816 0.00779005166181119
41 0.04422541093846218 0.0002178556204778831 0.006752139502402212
42 0.044225443567122075 -0.00843990519567136 0.011573986005278232
43 0.031253437621552034 0.011605891032404923 -0.020574128777349
44 0.044725912044650706 -0.004457482152629657 0.021319614989724178
45 0.04472585945137499 -0.006631251707244347 0.016508337216072658
46 0.046910971114808 -0.005493819245375428 0.0037131460083316904
47 0.04546555204639033 0.006081523435956074 -0.0018506406404329209
48 0.04714807898976712 -0.00807620022451254 0.026747400399123947
49 0.045466014329551 -0.0010672478078246107 0.021212829139542592
50 0.0286532027534579 -3.728342562049816e-05 -0.03875710027459309
51 0.04447652743652064 -0.007698539763637752 0.015728156917327207
52 0.032984129702883475 0.01166179206103313 -0.056433557311445844
53 0.04397347618178937 -0.005724374776455591 0.02182127748253535
54 0.04397293244822398 0.00019533932317879728 0.002491921313305627
55 0.03398097182580942 0.004679202708911065 -0.04800666920374481
56 0.04242801290761027 -0.004814811710605755 0.014402994275690122
57 0.04216521630186489 -0.004731089569674869 0.018631267857115438
58 0.04714750368920868 -0.0006583279413790786 0.010735934983709942
59 0.04546568255506564 -0.009393738396137562 0.008720379786022144
60 0.04397314695203671 -0.010304582629404554 0.015545948622713307
61 0.045952802617767546 -0.003928636920865073 0.015576103359571982
62 0.04546549680470695 -0.007848009272342176 -0.006256563183518439
63 0.045952559713864014 -0.003157132046696294 -0.0007895161030762077
64 0.047147580723979204 -0.007698354739098066 0.009087290127037495
65 0.043973294314994735 -0.003749069596379892 0.012107543840308876
66 0.04761738398425908 -0.005119505997442269 0.01645643430069335
67 0.04472583775030804 -0.008108649232352586 0.012694424364794057
68 0.04619399571983349 -0.00249171548225714 0.0064668256058134374
69 0.030894154820788344 0.002313683344342505 -0.05825939999422062
70 0.0480818204623008 -0.00040711068337447796 -0.00911688805586029
71 0.042949494583509315 0.002150247749495732 0.02131917968366699
72 0.0489986033616471 -0.003884364349809673 -0.00475633891951273
73 0.04371938694269636 -0.004941129217167987 0.008105908676595781
74 0.046434240913447083 -0.00873810824427728 0.003785013797236471
75 0.04595255967233064 -0.009328476476877214 0.0067191043988778
76 0.04320726766054334 -0.01566695800064735 0.008090762865336292
77 0.045952600730457566 -0.0023536350851531295 0.013514617616326182
78 0.046911283594354466 0.0018612578889269317 0.01936465080215383
79 0.045709906469864045 -0.0017899409721709662 0.011044761880059234
80 0.044476237345409876 0.005332099488406087 0.009917736572655133
81 0.04643429830684811 -0.002382584984070036 0.006357968590718359
82 0.04521991909094419 5.533767625861634e-05 -0.00309432012143542
83 0.04785032167870456 -0.005978955691742423 0.018345822637317395
84 0.04785015211692286 -0.002619199538729856 0.008763851906751318
85 0.04447635193219525 -0.010424248556361277 0.008223227771396797
86 0.04546582339841671 -0.006444931435442042 0.013170139299359389
87 0.046673507017031754 -0.014751018239487866 0.018920342272870833
88 0.04667353862082843 -0.013499222859794916 0.014258620604778015
89 0.04691127377292955 -0.004526362030714133 0.016376630086624027
90 0.04691083577951225 0.004582587852778599 0.009170618685531507
91 0.04546580273378239 -0.0012263866929558634 0.01038338282385333
92 0.046433989634883856 -0.012292602969772078 -0.002478022613822027
93 0.0442253035174258 0.0008514853061122146 0.005858086784438664
94 0.047147971151665954 -0.01388110933449327 0.02165435505804768
95 0.04595247694414787 -0.005425974129060496 0.005437421109242522
96 0.04714767518534598 -0.004165269911648789 0.013439761769747033
97 0.045952530886208966 -0.00585259491613141 0.0024495721574443368
98 0.044475950445994325 0.004075975905932055 0.002162722559525565
99 0.044973368340104944 0.0019808170528993925 -0.00293706420812617
100 0.04447641884593616 -0.0028235364830513083 0.014484067430684809
101 0.04472563374604502 -0.0016176616295517142 0.009185846791727452
102 0.045220196406617806 0.0026220904817472568 0.004836133964260463
103 0.04397292673306021 0.0038472794099672194 0.008937093871211837
104 0.032302787510639315 0.01586220367039697 -0.04721528188978447
105 0.04595314190855453 -0.005362422178727472 0.030589398713780518
106 0.045709884193937844 0.005477819736340942 0.015560651354616886
107 0.04738284045433637 -0.002234106251256578 0.008536857976266157
108 0.04346430315357985 -0.0012938494683702912 0.012154092210836919
109 0.04595277875972322 -0.003916914283764044 0.01218160028141194
110 0.046194362931123716 -0.012194350988649556 0.019389752246187202
111 0.04268929698289907 -0.0016442935418919124 0.010824529034174682
112 0.03089480236482801 0.01574190494773189 -0.040271117562181456
113 0.04472627682982165 -0.011439004640835948 0.022667713482427403
114 0.04667356110345425 -0.01630271593533576 0.013530743012026492
115 0.045465900601395326 -0.004513774950100731 0.011217151038314443
116 0.04831331668364401 -0.0059947161598527575 0.017677860908203044
117 0.04497380999220348 -0.004777576502070419 0.011353051689219676
118 0.04761708939046712 0.001215994108379095 0.011991714472072262
119 0.04595261495946773 0.005391379594358582 0.007391111755694343
120 0.0447255797133979 0.0007698148892588441 0.005072988265956029
121 0.04422542757553387 -0.003446043636525227 0.015587879988216652
122 0.04422557605388524 -0.006187744942925832 0.013104546264532392
123 0.04320763104669833 -0.006402648250655415 0.017836425774576677
124 0.04691083516165719 0.001109110067476819 0.006116380206611483
125 0.043973216950390935 -0.005309426277816854 0.011673055116328435
126 0.04320750916527362 -0.007923390571074152 0.013889359195021544
127 0.04242779782227957 -0.01215305607228064 0.009721989140213579
128 0.0457094226122772 0.0058426977065615966 -0.0021468661433261937
129 0.04497369882745519 -0.002921982901903338 0.00966852692360377
130 0.04397383956928453 -0.004393681748946515 0.032214922562069925
131 0.046911056035651044 -0.002905995959603996 0.007780378722512488
132 0.04422553370315846 0.003041327455135639 0.01121349689358178
133 0.04643425815387712 -0.0072044131094140445 0.009872654545207943
134 0.03125272844585411 0.00884838541122445 -0.048978372945471825
135 0.046673398621061325 -0.0012544625355038939 0.01800461397665812
136 0.044476224090924214 -0.010365183836448884 0.010107801538583297
137 0.04447662426696162 -0.0024561745682707093 0.021838973966479294
138 0.046911211490267835 0.006897110831424501 0.013204967281013799
139 0.03298436999152327 0.005549203679552273 -0.051527551092832774
140 0.029418674755959266 0.014320364010483656 -0.05480359996469952
141 0.04497392365071614 -3.879298328014418e-05 0.01800194259717846
142 0.0442254390951967 -0.0076287967169508435 0.013101698157421732
143 0.047850307310498066 0.004787267351063931 0.006777416949531257
144 0.043464373964509945 -0.0018104115450235647 0.016645777856756007
145 0.04877155522834795 -0.00610478181560602 0.014004786406293712
146 0.04497403906592492 0.00030007915403000297 0.021607207808058606
147 0.04346438492011261 -0.01305795215402393 0.014913341394824964
148 0.04522062506909721 -0.00996471503856069 0.018950868897147994
149 0.04268985813195638 -0.0067054409228147795 0.026588424699502955
150 0.029795427774355704 0.002319681787190373 -0.02621423884416339
151 0.04397308867398518 -0.006014925650843309 0.008912765528749101
152 0.04595226878529402 0.0019471706443630447 0.0036870593661690503
153 0.045952543563446815 -0.0024793604824991456 0.004512565154639763
154 0.03365230791575859 -0.0012527249298506923 -0.04812470925681486
155 0.04522061619280843 -0.0005663148357701679 0.016359553850671327
156 0.0459528472263861 -0.006603185368743274 0.016308714857772563
157 0.04447663142926709 -0.010950009721242573 0.022774041446025035
158 0.047383055860513196 -0.0011030399471990671 0.011961572943811593
159 0.046194145736577735 -0.0031161832433335875 0.009463794059619541
160 0.044974004007829 -0.009516040571289639 0.01773703820592536
161 0.04163305871297836 -0.0036991755281738465 -0.01741979073063961
162 0.0444760846331007 -0.01056892138166453 0.005359582152979139
163 0.04346435796613771 0.0011131172219647064 0.017828887835085034
164 0.0449736712612694 -0.0004397910670601706 0.007980189288372437
165 0.045219764950387355 0.0028528168594129785 -0.0032344637404064062
166 0.04785042130444617 -0.0039185124548321805 0.013049050678342054
167 0.04595308815855852 0.0009333968766248522 0.025725699754314286
168 0.04785055066772766 -0.009810869888696542 0.01930722940933837
169 0.04570983954450289 -0.010748119095573197 0.008811667966732554
170 0.04447583662603591 -0.002949542136766097 -0.0015267140241148995
171 0.044725386026772285 -0.004563457929637751 -0.0022391535798580533
172 0.04522033187744842 -0.008785100366077912 -0.0005230885279029404
173 0.043463864490343236 0.0027466458636688745 0.0015427556132338567
174 0.04294936800693283 -0.005807830280555353 0.014705251129951576
175 0.04346413655722844 -0.0037985507885962147 0.007047968806501563
176 0.04497384119467252 -0.00660722838367231 0.011452661833000337
177 0.04546603043198246 -0.011126019934825612 0.017057566337123152
178 0.033320229073419985 0.0019499464444584027 -0.041489240285918626
179 0.0419002251674348 -0.0013541030924327537 0.005107453166473596
180 0.04595294845264767 -0.0035763518290780247 0.024193936388095232
181 0.047850603938481714 -0.004943853794411213 0.014789371637557266
182 0.036506566342757216 0.01515852158752159 -0.04373385574667896
183 0.04571001208857776 -0.00588061125190615 0.019274308318106274
184 0.042949610353783294 0.006552804541576953 0.02501849801726174
185 0.04397301414516718 -0.009077723458651021 0.0070347623576667295
186 0.04422574280062519 -0.0078571663382146 0.02047874533656315
187 0.044725969218781955 0.0040166273159970775 0.018855668826098675
188 0.042949179829454814 -0.01281495539015922 0.010761221188436717
189 0.04643435099624582 0.006111519388260583 0.016371756569302977
190 0.04667324095065469 -0.015964928884914326 0.007659687044061633
191 0.045220557488014165 0.002067213831844216 0.008818382797609622
192 0.030531867789045153 0.021488268515222144 -0.06479547849781579
193 0.04691137172094167 0.0021496451282533515 0.027336220550037968
194 0.048082301412842594 -0.006372889292318824 0.004980926836534003
195 0.04922560647981297 0.003039095244203821 0.0120559555991667
196 0.04320725098041894 -0.00516509189675233 0.005369564654912665
197 0.04546597886498487 0.001352535684071878 0.013665209543468042
198 0.04691132516872472 -0.011189785879696641 0.01686698963884355
199 0.04371968054991632 0.0007149973785250348 0.020601299239643642
0 0.035268149166145894 -0.03089906041907516 0.003397434164628797
1 0.04216382434533881 0.03002254430275281 -0.021176787292882443
2 0.040549599555872624 0.030955948989263887 -0.02646274497674076
3 0.03858182583071474 0.03429797566224821 -0.008078922909376679
4 0.03829328762446301 -0.02153267338906916 0.008344791324382648
5 0.040550265857424904 -0.04114060880009474 -0.012320465935267933
6 0.04136570849636616 -0.04216765846680183 0.0010794208459916365
7 0.0437184341490723 0.025626502753548958 -0.01452198555817975
8 0.04055024991171083 0.02872411369679093 -0.003570228028232535
9 0.042688399526211215 0.036251091342766786 -0.017532600505863506
10 0.03770723364294007 -0.0333526541870584 -0.010563463914188664
11 0.03915325653124007 0.027678965382472682 -0.038805624729226045
12 0.04136500841705432 0.0285167375578789 -0.009559369081108098
13 0.04136558342056348 -0.031428011047581215 -0.0054059844345391225
14 0.039437594472868875 -0.03234883559649047 -0.008424860798260084
15 0.03829256279600031 -0.037955519334612976 -0.014288882441856854
16 0.03858237602061171 -0.03355137659467027 -0.0018843882847942464
17 0.03770652355086113 0.02271909036405174 -0.01691002477752264
18 0.03915419120841177 0.03668817484256483 -0.007148720263359597
19 0.03650793578607578 -0.02121020181667836 -0.006615832660553724
20 0.040823587881788505 0.021647251765233164 -0.0015960073352593357
21 0.041095744038275525 -0.02246623414068445 -0.002899579454698301
22 0.04027563412006468 -0.030830223764659416 0.009540011195277491
23 0.03620216222845447 -0.03687359708039074 0.0026997268311063265
24 0.04346305900709175 0.0354931897320043 -0.0195197328204238
25 0.040823223397660896 0.021055756357687038 -0.019843528683486916
26 0.03463155517637261 -0.022370733665904648 0.0004655870478344952
27 0.04109468131090979 0.02404477218973088 -0.0239124847840597
28 0.041633158245767916 0.018058488723343948 -0.003567903641135481
29 0.04268911120628849 -0.015196501468603171 -0.007085478709661071
30 0.040274731328206505 0.03441241205911071 -0.0059369697951509506
31 0.04027498891868716 -0.030900799907956307 -0.008804474438079397
32 0.038582591717515484 -0.0341473532935396 0.004750964887261988
33 0.03770646746271218 0.027429248617097498 -0.01960359729938582
34 0.04242719194103968 0.022461525716268242 -0.011797726993501885
35 0.04054993421915459 0.028251181738663752 -0.015912153670371264
36 0.040824091409019006 -0.03375257376928126 -0.000762423565910901
37 0.037707134234022666 -0.02133802543875708 -0.007250812891622589
38 0.04136441297651364 0.02990816784717439 -0.027184125195637118
39 0.03886972984918164 0.023631317393149887 0.014686555163161684
40 0.03463114373492819 -0.029603315299356683 -0.009792721179443452
41 0.04082310009374082 0.028263582559611197 -0.015384083945978025
42 0.03886933664723847 -0.024849719904069166 -0.013172971449405376
43 0.04136513489173246 0.024767804601399806 -0.012728341716470123
44 0.037410893726596 -0.018045417755413067 -0.010765750001082066
45 0.04054962852742186 0.025949571618648658 -0.026159495268432496
46 0.037707233547624446 -0.02870207543058333 -0.00605547979282695
47 0.042164261520930425 0.0287557444029577 -0.006173388768850454
48 0.03741053485860506 0.025153942315892734 -0.011869720203495136
49 0.03741056158995898 -0.007645539766649788 -0.012766634139885576
50 0.039997520321643616 0.04292290918830401 -0.007573834442644896
51 0.03858208915884838 0.02919253013296285 0.0026237070613899373
52 0.04082321546460624 0.03906929405658034 -0.02014463089370084
53 0.043462645413652405 0.02519856629000535 -0.037012320392947946
54 0.03770722038339178 0.023157373487678736 0.007476810665408479
55 0.037410304724787284 0.0251626736930723 -0.021292796946929912
56 0.03999809025046111 -0.03471815651180041 -0.007647747823281808
57 0.03829316082021589 -0.03401501172717558 0.011175085941926918
58 0.036811013015448396 -0.024286191858056524 -0.01525223781945054
59 0.04189973176386903 -0.02040937049961452 -0.014319924114371428
60 0.03741115430236408 -0.03147382700302303 -0.005106637416230208
61 0.036507983408560526 -0.032024095603230815 -0.004916205316525897
62 0.03858124238088549 0.028860243479512937 -0.02127990088944747
63 0.04082387883080494 -0.029511475408185172 -0.007982231312923787
64 0.03558209932561477 -0.024349380182612856 -0.005678163269454904
65 0.03943723698259043 0.035099988578417854 -0.012492518254009656
66 0.03800110644306273 -0.033946646791291626 -0.012750285064902177
67 0.04371831519770255 0.022329587348547484 -0.018896940863417703
68 0.04027522239365166 -0.01901039770958654 0.0008946136113707984
69 0.03800099242645513 0.03533712500694165 0.003360141662555217
70 0.04109510681786939 0.029908862918413406 -0.011154160384498563
71 0.03650793797263849 -0.03348624939496208 -0.005772092395098535
72 0.03915509166896582 -0.02588932476475793 0.011320936454502148
73 0.04082333036247348 0.03469847734703559 -0.01621373030854997
74 0.038868522827021704 0.02466648841631242 -0.021990170124714575
75 0.042688311652492456 0.032087990751397184 -0.016548221479848933
76 0.039718315912878305 0.028957027078417234 -0.01627635956514757
77 0.03741107296966695 -0.025845720318777122 0.0003842718813772615
78 0.03858213359746609 -0.03303362718904087 -0.016566759415674613
79 0.04027514171071077 -0.026156707832053695 -0.009060704866574234
80 0.04027480142874965 0.02690926784978809 -0.0074642655910394
81 0.04189935912986082 0.02865432012489016 -0.013165977263888441
82 0.03829244232118417 -0.03408686109748693 -0.01309859376160918
83 0.03886943966316998 -0.03848516179163955 -0.008743023743566315
84 0.03650813239006542 -0.02622233139578147 -0.002870923333172656
85 0.03943780328077049 -0.026714370817647427 -0.006988856896727556
86 0.041095171589002756 0.04035471631600649 -0.005988026103158852
87 0.0391544754534533 0.03237883971664275 -0.0018038417879297551
88 0.040550291711866915 0.03006731486001452 -0.0006674581021519358
89 0.03858194492672804 0.028857506324011784 -0.008342395078514836
90 0.03858245928801051 -0.023732353250477047 0.0015786719796768887
91 0.0413650627187494 0.025567852742807533 -0.005093414473033701
92 0.03943708021881868 0.02601929677775755 -0.017117636395120983
93 0.04082357667269488 0.023370235903094803 -0.0047683321869520364
94 0.04268842613403198 0.023396435090632658 -0.008834789418736189
95 0.03711246612127021 0.03596473073236021 0.003025617965945689
96 0.04109517975180605 0.031118567195278387 -0.005975827987234128
97 0.04055001768121189 0.025606168935590857 -0.01207308224951729
98 0.03681159239935991 -0.03190136129670846 -0.0020019440309270204
99 0.03943735257378182 -0.029939508010497343 -0.020530120595138347
100 0.03589347360787845 -0.03811949817728062 -0.00062622365484334
101 0.039718919870067135 0.028951225738053834 0.0120241509787401
102 0.03858221620217114 -0.022922833692201362 -0.0007941473962159215
103 0.03915425995474854 0.03634720537130358 -0.003861577234431013
104 0.040550096456076344 0.04027930599145541 -0.00504311330059114
105 0.036201744614496205 -0.024883205266356127 -0.00956051849216604
106 0.03800004958965015 0.03008328125201307 -0.027427458525295458
107 0.039153814733764065 0.03161279843050412 -0.026497740501192534
108 0.0358930697872272 -0.03528806025802785 -0.014621514434910542
109 0.04082381068307494 -0.02548793933239389 -0.012602810160699774
110 0.03558223626193008 -0.02567056344355094 -0.0011659492593900959
111 0.037411005227263115 -0.02976581187919145 -0.008472979538586204
112 0.042163697191101086 0.04054961476963203 -0.013836537503363193
113 0.0424270949505566 0.0365885917132235 -0.003086421568699735
114 0.041365740074374956 0.017049109823485842 0.0061894682843700545
115 0.0380001087014483 0.029575456518298973 -0.02018073261897777
116 0.039154144803875704 0.03528096512246299 -0.00840016037764929
117 0.04082355833112672 -0.03121210281392292 -0.024194554026606994
118 0.03711126232117246 0.043761328063185924 -0.023326368325029864
119 0.03999788851738265 0.019959139943554992 -0.0022314874383719267
120 0.04320639392872662 0.0304300449058253 -0.015849195575295766
121 0.03999706338134347 0.028681774043984632 -0.027329630407077025
122 0.03886977990995006 -0.030215461469086262 0.0014345670041267305
123 0.04109548893531796 -0.02625444067878799 -0.0038792931999695668
124 0.04163328460800221 -0.028229764044532733 -0.010611808951204341
125 0.03829269737872621 0.031595607289484635 -0.0006513493185630714
126 0.03971877648442406 0.02529605567627202 0.0031708378214856865
127 0.03858156826768229 0.039170279346478064 -0.009398408167032867
128 0.03943788483865975 -0.02875165095316933 -0.0007058151810102936
129 0.041632596571520374 0.03705496796672446 -0.018744044550026928
130 0.041095079466894516 0.043681246587697634 -0.005580997363126928
131 0.040275397533384535 -0.02489449348855981 -0.002209607334454589
132 0.03858236690683553 -0.029467705605921775 -0.009570781466016543
133 0.04027521446139151 -0.02100215782527305 -0.0014266211714095939
134 0.038292555000762854 0.019427425272191417 -0.0032475084225894115
135 0.03711225848959066 -0.019488627086248215 -0.01402659877942068
136 0.04082312464286101 0.036724863173137424 -0.022547633080996655
137 0.03858162776608105 0.04195110003110517 -0.008947788838914186
138 0.041899885441681294 -0.03498896458298459 -0.0050382116689970564
139 0.040823250637038906 0.03360602301433479 -0.022114643754320994
140 0.04136549751435856 0.013485156922469235 0.003374722385350469
141 0.0374110632695159 -0.035626270867678875 -0.004398029481093455
142 0.03971861916805071 0.0348958199490161 0.0038244665251427755
143 0.03829179537909265 -0.0305822733742863 -0.032125625008093184
144 0.04216415001752151 -0.026452545283808308 -0.011266192523424376
145 0.03558155165012238 -0.014222924257176821 -0.026967196207071352
146 0.040550134058420104 0.014484694814778602 -0.012004671750742608
147 0.04082350452044564 0.04219066399431361 -0.008002044081281889
148 0.036811324893107025 -0.026855142818258456 -0.004072947769580421
149 0.03681145433352293 -0.027697471351798682 -0.00203875843938312
150 0.04082362922924924 0.03639671229964909 -0.002565109308925055
151 0.03886987420808233 -0.02432089017222797 0.004444390449480786
152 0.03800087769291549 -0.02570833995611453 -0.01568041497989692
153 0.041094226583397946 0.032214679703865136 -0.04155774740040073
154 0.042163832552051805 0.03090036637489136 -0.020298004437503715
155 0.03495105353834983 -0.026106800811208274 -0.004454947957443751
156 0.04109513840696602 0.03489169953385572 -0.0080311121976336
157 0.038000460989967545 0.024192396903500342 -0.015085919616159975
158 0.04027498388370524 -0.021880930510759327 -0.011596792642542495
159 0.04320664096185493 0.022140691006500218 -0.012857342721467957
160 0.037411486599619806 -0.03023630436344 0.007289887328775996
161 0.043206795699844085 0.020148084281284243 -0.009494035260950376
162 0.03971840908261484 0.041935051833689736 -0.009343428094397765
163 0.03829165211570303 0.03441119915528564 -0.032408789586117794
164 0.039436941076872185 -0.01477410290018545 -0.02619685248740458
165 0.04371885334683299 0.035254204782795014 4.838917019741951e-05
166 0.037410848725114014 -0.034784937746682204 -0.010138403565481369
167 0.03858232827936911 -0.026865952736579397 0.0029730773749734127
168 0.040275053327471555 -0.0387509918464729 -0.008154761838928166
169 0.03800039158671575 0.022975122126723937 -0.019637745656409585
170 0.03770771008312358 0.0239129764549091 0.020528363517506715
171 0.039719345636966635 -0.03201816294434599 0.005365758030015859
172 0.04082381850839934 0.03461634557007842 0.007029767329825596
173 0.042427814018500196 -0.03661611362174126 0.002431314093614561
174 0.03943675669371094 0.032400555224036356 -0.028209003270692076
175 0.03829295611171065 -0.03338959505820619 -0.0026419836588359663
176 0.03943764221943316 0.031807543067813984 0.008691708728029034
177 0.03800138491592435 -0.02719252130271184 -0.0042713426105957224
178 0.04371789462126593 0.03312437499617959 -0.028238452685337426
179 0.039437865031547906 -0.035457186615378486 0.002362038026032071
180 0.03800124387954017 -0.03978547206452409 -0.00474614034100404
181 0.03770730225615709 -0.031375644546803985 -0.001389047897045175
182 0.039154473817641894 0.027721547534069527 -0.0028356439369358433
183 0.044972858933400355 0.020766573834266153 -0.011661729752127375
184 0.040550775016711234 -0.02597772577075777 0.0073271089146910925
185 0.04268843755216232 0.028546110432363166 -0.012504157671222748
186 0.04027490837765112 0.02556577745970843 -0.00711892342466931
187 0.04371833481558583 0.02381551690700881 -0.02222255200624725
188 0.04054949361421741 0.04006605855952042 -0.01927281875233883
189 0.038582071767086765 -0.022283243601683378 -0.0055873480453896
190 0.03650831981796917 -0.03129950182323624 0.0010447879763185338
191 0.040550223506131314 0.03123469047798028 0.00011278821994022278
192 0.04136505236042767 0.026490371565570787 -0.00537366218826719
193 0.03858191357672451 0.029885749131213737 -0.007092727591684129
194 0.03999761409070996 -0.03060474084896583 -0.02147862071773989
195 0.03858201750042306 -0.028087003794414558 -0.01663298858004672
196 0.039997698814595334 0.029855725556241424 -0.0031614407274581963
197 0.041365270317216214 0.04018211457381949 -0.0008380794460179378
198 0.041899087002094076 0.03515583428033761 -0.01919787928933152
199 0.03915430104627544 0.0391761543986284 -0.006205555880835191
