200 3
0 -0.007796694827169735 -0.023238490331275514 0.003247559798829236
1 0.011382987279418826 0.026626912517110482 0.027551167056919026
2 0.008443519024138667 0.011166359378960974 0.01932466675864636
3 -0.004866460682597835 -0.030472646405507578 -0.006732351220179462
4 -0.0033764600421091855 0.01464935034960023 -0.022495697218597503
5 0.004709827262756122 0.015393580738739174 -0.036813062199639465
6 -0.00784302680679616 0.01667725637714075 -0.030002226088434635
7 0.006628665140671924 0.024235268838801817 0.024786652256758794
8 0.003145963435881808 -0.031046725979798358 -0.0011675031934728786
9 0.00431504125698517 0.010272160319026145 0.020957268352200603
10 0.0019134285643636062 0.0027439876964619817 -0.019466662028270354
11 0.010454315584094431 0.03000708721213441 0.03571112286455548
12 0.004084108657855058 0.021848365045268367 0.02888404634655728
13 -0.009047684736808642 0.008386056209486143 -0.025001012021423297
14 0.0038700826319009868 0.01594946488295801 -0.03137499000385112
15 0.008674284498093588 0.007946834262219222 -0.024268375759171915
16 -0.010963833685769662 -0.029918326841043917 0.010416615100022245
17 -0.006938057790335156 -0.03310575410860825 0.005241668938179259
18 -0.0023313783981639656 -0.03291777527864358 0.008436850348112923
19 0.019156145965986686 0.010580891214616934 -0.021400919778711433
20 -0.005161687168425799 -0.040378498662529766 0.00369644722544704
21 0.004358679172883687 0.01298192701423055 -0.03790149456226496
22 -0.009683955478332139 0.02516956430724057 -0.03481679413164704
23 0.014795033475393918 -0.030985683304249563 -0.007260117350430366
24 0.0006236814118490419 -0.03723563825637806 0.006549920089939621
25 0.008091303228661036 0.029726394894385277 0.03043202499583207
26 0.01149145500216996 0.02136812528859688 -0.026812986068335043
27 -0.006554720548270103 -0.03880889472000152 -0.00983796663502281
28 0.007067851313675998 -0.03370485321779741 -0.0024763182774768036
29 -0.006556816359781559 0.002748090671644665 -0.025258323969306357
30 -0.005336676741953346 -0.025240262384643906 -0.005437869366953953
31 0.0016975465010753213 0.010319631703650628 -0.026325157302079218
32 -0.0009437966301088421 0.018117872420740623 -0.035157812043518706
33 0.006804618361170342 0.017673680740118616 0.030988410189639784
34 -0.009453201504189074 0.029881353168508644 0.02558265312011903
35 0.0052848617608977425 0.012859835269245286 0.030179207868954394
36 -0.014664635894993741 -0.030772209459802875 -0.0007808614081269219
37 0.003153761207797619 0.011579176619295285 -0.02368671616367094
38 -0.007877757822663596 -0.02945373498115092 0.002552739760944651
39 0.0067242344070096854 -0.0172302532905907 0.007005347400245816
40 -0.01436569412253258 0.019951626337870856 -0.029841524599290313
41 -0.003039139155284268 -0.028908884372196075 0.0027425968218268114
42 -0.002757145525480696 0.022490310117613696 -0.009887508538682005
43 -0.001694116532559603 0.024293117508524177 0.03375851675465519
44 0.0017055388013281735 0.01355363505001201 -0.03777143075463213
45 -0.002293562363963473 -0.03847740161681727 -0.0011447812804487052
46 -0.005731744647626453 -0.023625508609555906 -0.0012442683805646351
47 -0.006551039664358042 -0.022986597773947147 -0.0016656188136293278
48 -0.006329111250567419 -0.025580665862237516 -0.00011330911459408316
49 -0.003704884433231524 0.008662608446606983 -0.026121711435056538
50 -0.012927957267633225 0.020909486339313187 0.03437633839241688
51 -0.0024762036096236395 0.03101332534245642 0.03132392465092129
52 0.0058366395437766845 0.025244266353215188 0.026613868776874786
53 -0.0007205703666562542 0.01973841469401664 0.0363545567935339
54 -0.003694185807696041 -0.03930706607347907 0.005094992145894367
55 -0.0055822670740127145 0.025790036606871236 0.044110514065896396
56 -0.009465790179557287 0.023432393922445064 -0.029369400351001593
57 -0.0032007917072491565 0.020957296285805678 -0.020463344486924058
58 0.0009874698033690912 0.019168728121530837 -0.031678092586359737
59 0.005248959747773785 -0.02953089987140875 0.002955754624093858
60 -0.004819614963154246 -0.03317053762078728 0.0004270171338820001
61 0.00416922885737472 0.016133358910162512 -0.02357265936235195
62 -0.012246620922460351 0.019122338614630318 0.03837609160283853
63 0.007351238775764426 -0.03619935215847032 -7.522720868860088e-06
64 0.0035488692000500074 0.018079203353226027 -0.013777572129421961
65 0.0003170364285057514 -0.027493904024861224 -0.008303081905971732
66 -0.003850190276784444 0.02071706059294915 -0.026033468032709214
67 -0.0032705874450900674 0.009731830225523704 0.027768581302735983
68 -0.0060394434009871725 0.029860525801876536 -0.02332661234790752
69 0.012790196391592235 0.022016400420279452 0.03717504296293558
70 0.007421369782512531 0.014313009484509417 0.018970928497406538
71 -0.0099154837389311 0.018588650820442726 -0.019622001993527073
72 0.004088133125498421 0.012855372223566718 -0.03573512792918783
73 0.003452420112321365 0.016074699449105098 0.029683448107664136
74 0.012049417139567135 0.015106552673087588 0.03251787942477397
75 0.021696414108516304 0.017539884866920687 0.026150905139221123
76 0.0014135806946534227 0.01736098654337273 0.027974031902418255
77 0.022678608000755718 0.006635423414803476 -0.026278909242610546
78 -0.007384698414774711 -0.03627057095629555 0.008134052738625334
79 -0.0004217385162394874 0.008110561504904556 -0.029766316518891132
80 -0.004885533282017837 0.02158434046859562 0.02538076064195304
81 -0.0006721765744373276 -0.027447757462899153 0.005293320355855304
82 0.0028123997447145124 -0.019480615373685783 0.002591012262104367
83 0.007601749751451836 0.014607850287697233 -0.02710553068021246
84 0.0023495558117079193 -0.022274203154090184 -0.0004676317235616824
85 -0.006376492030476782 -0.03762112345655429 -0.0017655479880358468
86 0.006987603639326816 0.02605551555285147 0.035738067876343316
87 -0.007386661365698127 -0.02151494764093781 -0.0032629246514993947
88 -0.01131520315546504 0.01765342196420492 0.02380860801289436
89 0.0029357497260956962 -0.0362761388396928 -0.002476495839014945
90 -0.001680906859023109 0.021888298922214958 -0.007151549734825319
91 -0.003057514525362008 0.007865168364180091 0.022595791432339744
92 -0.005372716191723949 0.02037222288993521 0.02253292029103783
93 -0.006616945181503502 -0.02771915895178117 -0.0035912323845265093
94 -0.0026802962920902257 0.01700845921904767 0.03139667248530875
95 -0.011104635925395082 -0.01613727080675644 0.00928906005528918
96 0.006922245067614903 -0.034578265193114695 0.0033848595758007942
97 0.0035668380655196757 -0.025285190095103403 -0.002556079115666919
98 -0.013700232704781365 0.011654961328867806 -0.018909063933766297
99 -0.0055240649420621145 0.024748245737469966 -0.029957505272207467
100 0.006207647013679457 0.016800239830803886 -0.033674995177634344
101 -0.00017813908983118753 -0.031982766996502064 0.003302335718501149
102 -0.014288336368481605 -0.03216522611001529 0.004927628727117181
103 0.0019553544230653114 -0.03276072939109094 0.007520587534805874
104 0.0060059551410054125 0.019260345911028917 0.036727593177947625
105 0.00399538217529658 0.02116982358872995 -0.03049080537662146
106 0.004516230397891015 -0.019597775570563976 0.0004353708699657899
107 -0.0029738433541252277 0.007201108069103127 0.016105722338971
108 0.0005808302950855229 0.014140389183079416 -0.03301592734879054
109 0.013200142358996525 0.002619300945614512 -0.03601722457127353
110 0.005245411270466812 0.0182729729540982 -0.02540448152708215
111 0.01304506074102961 0.021311493605017853 -0.018046024487311532
112 0.013717407871922382 0.025524576321091633 0.03361486473187372
113 0.00600506209848287 0.00994208905694896 0.0332492847203199
114 -0.008628763962179653 -0.01647954616302394 -0.00881803025539849
115 -0.002210894385800545 0.023206754218925416 0.016554244683958746
116 0.017271918640142506 0.02494775603204105 0.028181454663204243
117 -0.009741232850024581 0.028398378982131274 -0.025733424335728672
118 0.005646227230630346 0.023190757418668696 0.03636370364012436
119 -0.00011658746056717514 -0.03164709570189808 0.003955258898931266
120 -0.014938077594886523 0.01829696707270246 0.024882808801141604
121 0.010723808562883234 0.021046543587048987 0.03459609439837459
122 -0.0016740641626594738 -0.03115364759293234 0.007384922224328908
123 0.002672263293765735 0.014408322578806247 -0.02397855701182612
124 0.0023969905370831678 0.021361792650090985 -0.029989017664705686
125 0.0021709167121529514 -0.028856392037189975 -0.009245894902999327
126 0.002961104486401675 0.015394304948490114 0.03044246410795351
127 0.0034499045189566382 0.023816100332807497 0.03138314810190524
128 0.00875216726018141 0.015556542143459225 -0.024143994399599356
129 -0.0022071522964403206 -0.028032001719935078 0.012964855877188248
130 -0.00337193916334301 -0.029856357244409965 -0.0017696630865549094
131 -0.006185640655083745 0.012240320838365407 -0.023244583766835775
132 0.008787838322311527 0.019540068338105065 -0.024916789466399393
133 -0.004559484355238539 -0.027713794138551136 0.012117409774739742
134 0.00018161163345842453 0.015213505648836247 0.044154124093650965
135 0.003099355004404795 -0.034406856933562935 -0.0012837892052650467
136 -0.005222251252218698 -0.02554936997454138 0.0008378385995295324
137 -0.008576966854463831 0.015837968887273107 0.017960390880246466
138 0.0031878289588175633 -0.028767517977495043 -0.0011362484610506476
139 -0.005324686344275367 0.023458044748078853 0.035903784185229
140 0.020753370222753285 0.013033564577098419 0.023881698977025717
141 0.004774797248548471 0.01563810748016785 -0.016188514187743794
142 0.012445879507350335 -0.03538293901760447 -0.002387565265837209
143 0.000667633240384255 -0.03245068551704716 0.0012995817895603283
144 -0.0051581856060154765 0.02099391901743681 -0.028922141861908057
145 -0.01437510746560576 0.016135665671982054 -0.026679217066823052
146 0.004749421499923731 -0.03272255805588681 -0.009857990569395614
147 -0.0005594038396064798 -0.03064364060576254 -0.00038804940757976997
148 0.01023696880144745 0.011964288426883397 -0.03737433934361524
149 0.002477933464883217 0.010654990510530392 -0.030236876838934522
150 0.01514758305718096 0.022374349409581752 0.027088997985111815
151 0.0029250028733709826 0.013677124628860527 -0.020155162947823255
152 -0.010222687650803194 0.0222363465362279 -0.030753228493082624
153 -0.00789564045055721 -0.036944750402423614 0.0023447205650110356
154 -0.0028646356772066162 0.03171412909505364 0.032350670590626074
155 -0.0023280036831702863 0.022879104854920146 -0.03937736440908432
156 -0.0012864384677441255 -0.027261458175720343 0.0007072169860856238
157 -0.0023328713587909763 0.015545862385064155 0.02109403649891991
158 0.0011788945846871943 0.011102358769016558 -0.03715149232749687
159 0.008615747526714387 0.009463539381524656 0.033792304332376656
160 -0.008782075052937904 -0.03298987237867207 0.0006703676556379778
161 -0.001361436791163878 -0.017715158580334706 0.0012823541022972985
162 0.006296749464648788 -0.030011618911686522 -0.006838225023664466
163 -0.008960589355341088 -0.014846519366800287 0.006148488700341471
164 0.0016718862422999622 0.017239219378182485 -0.020901099701982673
165 0.010109560118860605 0.016990153783001748 0.028102651752639922
166 -0.0025804241813232216 -0.02642193425082323 -0.0069278068636262815
167 -0.0039127892075438 0.017101543290145522 -0.034644505209767605
168 -0.00689492334538875 0.02198248768600283 -0.013433924961696521
169 0.008059914320697303 -0.03895405366824427 0.006902310906309998
170 -0.005377483685359915 -0.03663554162663512 0.0017367251291121035
171 -0.00015635881395347634 0.011215391756880633 -0.033761625317455676
172 -0.006816685924327867 -0.026324157882687424 -0.0012064518381156419
173 -0.006480331508471271 0.011964071678984015 -0.032851281187759505
174 -0.006336520389120817 -0.026175335318342447 0.00022622859643428887
175 0.007556896060861837 0.02463542992295798 -0.03345534403344372
176 0.0017190421110722977 -0.021111590472343664 0.004075274189601296
177 0.0036053864743388203 -0.027646525407132944 0.00015928781034155702
178 0.002936342513562857 0.022491147242150466 0.03346741183084087
179 -0.0010875920451903186 0.021553336518960818 -0.03000501858702049
180 -0.0015709638998205298 -0.022943211744638 0.0030693136305070794
181 -0.004028461447734431 0.015683279192975845 -0.027817065748276505
182 -0.005508656328173156 0.01110637255091726 0.026791588602365968
183 -0.011856586556433485 0.016697059802113452 0.03135858007652573
184 -0.00342730653013619 0.012784129580516848 -0.042549812003137094
185 0.01222879704410798 -0.023375521838568086 -0.0004423120721285742
186 -0.009664932489968685 0.008760039113276198 0.027797893367882916
187 -0.009314701015010265 -0.03466254845111956 0.00177494486500948
188 2.7580477009805926e-05 -0.032604811481419735 0.004523201624379634
189 0.009667973295676965 0.011428602194213256 -0.02304965058817271
190 -0.010519668719447366 0.011778387368840043 -0.03352195567240064
191 -0.011763744466644244 0.01705171768315709 0.02078598294928053
192 0.0020377870314384084 0.02826656895239523 0.027740100919528617
193 0.0036165573399295392 -0.029067898151210178 0.0025545965619515817
194 -0.007846251831428279 -0.027337866744466924 0.004192843643425176
195 0.0016726306340293443 -0.021219297182993084 0.0052363163848095085
196 0.004739256084848181 0.007886845370877936 0.024727483432822626
197 -0.01259129950402392 0.025823711013626044 0.023719280872902496
198 0.008847105219244311 0.02834742158248877 0.037320907225580825
199 -0.012339343750349466 0.014271202057937492 0.03112722642279807
0 -0.008033984247960979 -0.011105578857719303 -0.013443232822745517
1 0.0030215167558329467 0.009410972553190122 0.03199950811893537
2 0.0024754131455768796 0.021159533808736787 0.026568531159560545
3 0.0013972512515643618 -0.010384801510451624 -0.01204442214761368
4 0.004760674929128763 -0.011294389538052688 -0.013658760555863715
5 0.003800926237881877 -0.007055112568752138 -0.003955522815503723
6 -0.00992210341945525 -0.003060666618181461 -0.010820883620175102
7 0.011144875213070372 0.02155026454044058 0.030990325681181943
8 0.003312539703618958 -0.014001442291969424 -0.01867453506213628
9 0.005289366236678805 0.014759673748216235 0.03001479171155913
10 0.008521124412266285 -0.006959229520337361 -0.0195403568005382
11 0.022058733709063902 0.01981893775566263 0.02749142598960716
12 -0.0010453618969469974 0.02207884405239082 0.03563127232537158
13 -0.006531917753751865 -0.011508355732889365 -0.019493508824447538
14 -0.0039076621704229215 -0.007862120930180606 -0.023355924897314917
15 -0.008374881074488505 -0.009526802019855292 -0.019530860429472344
16 -0.0058558253806178795 -0.013272529736572794 -0.006164129781618011
17 -0.002167276289334899 -0.011675687220212741 -0.020815316065298798
18 -0.0007458398424228761 -0.006947114027797727 -0.008759740002201196
19 -0.003450490189023242 -0.0033901546497036167 -0.02015098345786845
20 -0.010376587042951843 -0.008157691850552526 -0.018004162545384318
21 0.008854204605106282 -0.007404935628493918 -0.01143127218616384
22 -0.0015366386062003051 -0.008008254557729792 -0.021842022388921842
23 0.003433376329701962 -0.0014870746505177002 -0.016398415437300456
24 0.002655412170808589 -0.013747458018568984 -0.01617330004690966
25 0.009067630787746105 0.025325008987969425 0.03333171889250947
26 -0.0013284077883343598 -0.007269707848184322 -0.0108679807149299
27 -0.008849365984398283 -0.015818318597536393 -0.016463692386820102
28 -0.00019020716630168202 -0.0038802587979587105 -0.02310556981871574
29 -0.0022760072349888583 -0.010717274817891372 -0.020571000382471567
30 0.0010230534125202527 -0.00940737704647207 -0.008413993718605644
31 0.003038008486982595 -0.012966189560007238 -0.016783471697778433
32 -0.0020020395436396443 0.003284092324310234 -0.01346926985912815
33 -0.0016418944717391526 0.01937468207266468 0.026956062301768814
34 -0.003663266701458473 0.023300316390738166 0.034807841352387126
35 -0.008790127470773752 0.022915460717101203 0.02631856019108593
36 -0.00999234768587147 -0.007976048148099109 -0.015322272892575584
37 -0.008139233826239572 -0.0020166261567807764 -0.02213905525250938
38 -0.00691668327932974 -0.0058667733899779445 -0.01596218065453532
39 0.005389649163559232 -0.004555976337292808 -0.007444067354823758
40 -0.003997481672485051 -0.008690304659410814 -0.013682269917155501
41 -0.0011420965765369141 -0.01778408406941214 -0.01583664625390684
42 -0.0008634848152430756 -0.004481535922759412 -0.01433776812910046
43 -0.0065203035804889675 0.02440401228907811 0.03182061702265311
44 0.0037517283100549983 -0.008297179939881313 -0.023017199518863357
45 -0.00017608922333743095 -0.019787310335365155 -0.013825528004090055
46 0.0033195447246637854 -0.0012728464372303294 -0.00477317076679408
47 -0.006025806912306163 -0.003332645802168979 -0.019996095141303596
48 -0.001284908276162712 -0.0003664163044746552 -0.01770620015310569
49 0.004120373629330631 -0.00789046880727115 -0.013035775899261588
50 -0.003729083985466647 0.025539986620599517 0.03660117295621937
51 -0.00621901296563801 0.03371607423678289 0.041671528620867176
52 -0.004515185402584922 0.013288454933995126 0.023468676130425276
53 0.007702546673030743 0.02775935122535144 0.032117970726006397
54 -0.0016434057526041723 -0.010565018607946355 -0.014752603450555166
55 -0.0008771620672477914 0.02209280344992344 0.025901530394959224
56 -0.011396911499060969 -0.011870650382200046 -0.0157205482691029
57 -0.007950412541665099 -0.0009387391089358266 -0.022193734502136866
58 -0.0025618426164273865 -0.0030423315553261415 -0.004684914870181411
59 0.003140062254996516 -0.0018283722473227265 -0.03090872762356998
60 -0.0005091542767145052 -0.002702045589077856 -0.014493733152748912
61 -0.007317141667590656 -0.008019579110380808 -0.011966660844811627
62 0.007224092864242249 0.018054539267418866 0.03176580224154299
63 -0.004200160250719576 -0.012005528063685267 -0.017982284044084966
64 0.006701569421662019 -0.015690517201507485 -0.019548163077494032
65 -0.0008514840214945887 -0.018899905091867855 -0.022249760642449715
66 -4.331051487585155e-05 -0.005492832166864449 -0.0231594873082675
67 0.011394876804995235 0.0113017195125923 0.02279323219306413
68 -0.0045371304695045744 0.0015568664534492543 -0.021617144028857886
69 0.013373381236332124 0.011429032488296229 0.02384113664469227
70 0.007294464774737747 0.023902093209455254 0.029050242940526855
71 -0.009706106686847259 -0.008610244511941409 -0.020103647573691576
72 -0.0014608627237423302 -0.011558168426487728 -0.014997786378578265
73 0.007376715393854882 0.02789373577446472 0.04292801501872669
74 0.001585657846550223 0.019692456413715254 0.035616178106752945
75 0.020473397122744957 0.018992723340536585 0.032287467973937854
76 -0.004478139927954299 0.005523113934302673 0.014181786704707898
77 0.009810889430530573 -0.016046316470689787 -0.013279346075536921
78 -0.002455342578769672 -0.009562002292788238 -0.013366573319101512
79 -0.0006922886799068427 -0.014258378829000905 -0.009155623080699032
80 -0.010887989129854635 0.018356426171743198 0.024661362612293188
81 -0.0009059814686296977 -0.010948869034725847 -0.015117271603699517
82 0.001755533284045473 -0.007956794678054019 -0.011332393002845312
83 -0.0006660469465523122 -0.014376068646756052 -0.02204685211037679
84 0.004170031359772591 -0.016328971598606593 -0.019856799634835585
85 0.007441325040281728 -0.009311375882070982 -0.00318239344492453
86 0.013082364506047932 0.016375023098742794 0.026644066791631005
87 -0.005674773553318309 -0.008522365054758306 -0.014934396345413513
88 -0.011461759996187301 0.019579077994189065 0.02246986390369965
89 0.003075411141263501 -0.01215815550474561 -0.012207552158832959
90 -0.005379322268892536 -0.004332578932281686 -0.020405508317516544
91 0.008700389694078166 0.017557778548430936 0.02321401197904415
92 -0.011298792327416748 0.014133425792877675 0.021646855043009866
93 -0.0019818855805219734 -0.006922583032016136 -0.021438004909979973
94 -0.00867261152852751 0.02037413864456855 0.03807054962010014
95 -0.00413535478705522 -0.01720783975957267 -0.011543035405156454
96 0.00010735072145653425 -0.01760780168937555 -0.021037160740517268
97 0.001338478241907158 -0.009312055462549096 -0.015232199159114244
98 -0.0038313913134167127 -0.012819423080593754 -0.021006216728798592
99 0.001406467555838755 -0.006551299080041706 -0.01914603453700907
100 0.0065914986114143995 -0.006844375184948195 -0.014826160426601537
101 -0.002663588012902767 -0.01145765738822778 -0.020248592795785118
102 -0.007709314204448939 -0.006240718063224515 -0.01045685390686084
103 0.011424244225432569 -0.00824759702283144 -0.014526042920334582
104 0.0034524779511195987 0.025055389928826353 0.02687093206933644
105 -0.0060319894482282685 -0.0028634536930559618 -0.015879721818054512
106 -0.0069263694872426645 -0.012569702208803733 -0.021823172721657094
107 0.0008733567848216266 0.013245258244159813 0.023916033360712116
108 -0.0012441612499525922 -0.007430098735383528 -0.02576685194088338
109 0.010175568754305642 -0.01066550402129234 -0.008464874887244775
110 -0.0021509197024904385 -0.017105392250766596 -0.008379067172627083
111 0.006672921374066693 -0.006660626342393644 -0.007624275083543096
112 0.010896543627062702 0.01383962514401249 0.02702520494338366
113 -0.011770595653984918 0.01915753262425802 0.026802385754727077
114 -0.0018923840835173705 -0.008977366366288118 -0.017230338615999204
115 -0.00315285775525272 0.026378322292537268 0.04126871093553921
116 0.017149177010516395 0.00862361414712382 0.02863386144157328
117 -0.002390990393951936 -0.007422879855258566 -0.00987421993099423
118 -0.001747643421703614 0.019760825289962154 0.033703994815346375
119 0.004135327703630256 -0.009002877603399254 -0.021941903790584315
120 -0.016800351167348168 0.024306409123291045 0.032222878376394454
121 0.001274737960303779 0.017648873576240932 0.03289213147288876
122 0.0009275666598290017 -0.021009706566474814 -0.006679909801923345
123 0.007611617588132717 -0.001909507977997181 -0.008664034407253142
124 -0.0014198003142901778 -0.012029107512249261 -0.023938548481606092
125 -0.0030591106243849867 -0.0033749273676062924 -0.019377733757312533
126 0.011872973228483283 0.01158813386941818 0.023624979665100486
127 0.007866185652145322 0.026743605393829452 0.030643685555035716
128 0.004375616546826715 -0.015692084831713488 -0.022713353169345023
129 0.0024670699414857137 -0.007373964617917145 -0.011785908885262635
130 0.007882972157822174 -0.007055861825407295 -0.01421810946158202
131 0.004565589836945359 -0.004153777503754112 -0.016019186251446924
132 -0.004909151836989725 -0.01112293324266609 -0.010218506584752714
133 -0.005802819827661612 -0.013282556471299632 -0.01337111246319381
134 0.002845899229908697 0.007053366907850163 0.03565697991382968
135 -0.0005864433685179148 -0.0022757225869669342 -0.016850415711159535
136 -0.0029516690384175127 -0.004344046524906754 -0.016163242822319925
137 -0.005212799769775553 0.016390539746857554 0.042279110287230776
138 -0.0002709123357072171 -0.008818422468426096 -0.017703793200598113
139 -0.004851679178575624 0.018130966147049322 0.0363388660091526
140 -0.008591706916066696 0.017133543017574887 0.020227771387117413
141 0.0022178128983523226 -0.01925527876165173 -0.019170370568191375
142 0.0028252044037433005 -0.007409388571847239 -0.02053888365614144
143 0.0018389553193375457 -0.01177078184139102 -0.014893939748454961
144 -0.011087831295922002 -0.008405076433454388 -0.003100932658891893
145 -0.012860946745484839 -0.02106590860100469 -0.008026971835253083
146 0.005886322285654555 -0.005267763108733163 -0.015535803906566508
147 0.00012497156015085602 -0.00881225598999013 -0.01657928552731252
148 0.0037651457591747067 -0.006142272513835992 -0.019975655839077205
149 0.002810660791221768 -0.0111024231808892 -0.020290911015456603
150 0.0054734970794866195 0.02160187169829627 0.01814192042334703
151 0.0001272779588942785 -0.014818507851074844 -0.01801576555653634
152 -0.003855962954636659 -0.0016320339280029433 -0.019633095119985525
153 0.008294680741370505 -0.013666349552473492 -0.017418298406997892
154 0.0008572616908277507 0.012907874673244606 0.02516938793259628
155 0.007342417442506964 0.0024385017120021613 -0.016059047182476152
156 0.002656278302152891 -0.01884079825798006 -0.01013799140599446
157 -0.0029705384139392527 0.02928022827309043 0.02785012820297733
158 0.006702628212408995 0.0004962631725666314 -0.01724346788042705
159 0.005006207580941169 0.012327937397752148 0.03619322549633625
160 -0.002221457170211244 -0.015423834165915508 -0.02434639978908123
161 0.004538291440560787 -0.011944616535583645 -0.012668611798481527
162 -0.008973140385526181 -0.01045561717157549 -0.014455470991444504
163 -0.006545466644823625 -0.010885653795160224 -0.012710110764515264
164 0.006158487085169169 -0.006688688153948991 -0.01550883286285356
165 0.012955657955682598 0.02051825604429734 0.02991268615227003
166 -0.0015270457108557556 -0.013696637231566847 -0.01969579150813324
167 0.0027556988302383616 -0.004858672199329332 -0.014041067938937099
168 0.0020480356472443104 -0.005787891895584603 -0.013553367181131634
169 0.01716784008892129 -0.012444724596667608 -0.01697293821848301
170 0.0034755971091533656 -0.005414755832618079 -0.013815566621576517
171 -0.005276341822713353 -0.0005284597532037374 -0.010463093966727968
172 -0.0038347566367807617 -0.011395894027296932 -0.017907669238464295
173 -0.007976377306353491 -0.010033179824845272 -0.01818792111279456
174 -0.004373444662612996 -0.0055517127396022894 -0.024124329780410726
175 0.008504623206956899 -0.0062076447707316434 -0.020843816660795017
176 -0.0002789038824409229 -0.011053112093310835 -0.01939848894568922
177 0.004859981121091192 -0.012493074169682275 -0.023006098797359216
178 -0.0021475842119505727 0.02011322732510928 0.031026741480314146
179 0.011170254223521015 -0.005982192968126049 -0.019444032057510677
180 0.0017720425441670044 -0.0028574411972397407 -0.01468865573740807
181 0.009027773557210308 -0.013630061016645066 -0.019152394252094113
182 -0.0018220006431811722 0.017223474694363868 0.03297623493092604
183 -0.00741575152265464 0.020093687574133184 0.042124700026349576
184 -0.004216600083178736 -0.0048040858065279204 -0.02105404041450061
185 0.002451970592020361 -0.01106825658703657 -0.008448768904560634
186 -0.004605320405684385 0.01886828260099974 0.029065046097497924
187 -0.0015784074910693974 -0.01141987660607309 -0.016882614472286853
188 0.006875546451949606 -0.016455762467898705 -0.004111833566267615
189 -7.383269992176922e-05 -0.005815829684675984 -0.010767607771290738
190 -0.001976287746784766 -0.005885388385353227 -0.012959744522771044
191 -0.011636580183605263 0.009914605688428627 0.024147887171070394
192 -0.0015653821353516315 0.020648330627190896 0.024808115624088134
193 -0.0008487224887065692 -0.010131091039369794 -0.011365805804832752
194 -0.002187200890696253 -0.0023844572110229625 -0.02642771199686063
195 -0.0005137285379006838 -0.0041620298091913435 -0.013697501795777224
196 0.006414911840477794 0.020757203186892406 0.023979150419296512
197 -0.008501252557202285 0.028431244822893435 0.037020271932067556
198 0.007886218962900357 0.025588966627411974 0.0329895344131822
199 -0.008025057075727746 0.013754125084448374 0.02841380096079922
0 -0.0022453220913261143 -0.009730596948895893 0.021790988469835876
1 0.0005567148541969283 -0.0007756136108239414 0.02409105749495684
2 0.0007084955642031807 -0.014279535902979507 0.017902756076214575
3 0.0010245426681629727 -0.010951823411573053 0.023717610251043585
4 0.006355872783778686 0.021063503094073045 -0.03612162923065989
5 0.023284187221041724 0.012024061577142761 -0.04470035529159683
6 -0.015178532045857479 0.020960909637690074 -0.027452947692633074
7 -0.001775281159534535 -0.008813437289720366 0.022972829558781535
8 0.0008763386766752722 -0.012957785890734763 0.027809272939360266
9 -0.006964908257109569 -0.006687449481713265 0.01178760723376901
10 -0.0019341714203961122 0.027787638754668713 -0.04064673553620967
11 -0.0015533034445345678 -0.010529630169509377 0.024658873720424537
12 0.0021170386115819673 -0.007212216934613394 0.016465610340506392
13 -0.007868264217316553 0.01946252433932519 -0.03560581338550508
14 -0.009999301701042816 0.024898725383789847 -0.031466386215132335
15 0.000178206443799346 0.011105327725695268 -0.02866887839370702
16 -0.0036034765599293472 -0.003444993744826666 0.02153837675580205
17 -0.007339220625449679 -0.0070985946686256685 0.017055783774906314
18 -0.0055747913455501605 -0.018811374998161018 0.029704747077720896
19 0.007754076476115715 0.016558914025469308 -0.027769602391430823
20 -0.01070434503993449 -0.007685226695580388 0.026148788052307095
21 -0.006157899191331164 0.013207252983294795 -0.033190598852512423
22 -0.00778091729446144 0.020515879447770065 -0.02906578542605885
23 0.009745198743564928 -0.008164209781249522 0.019190868096264153
24 0.00640544854769038 -0.017526196919764647 0.025024289625519624
25 -0.00384573135756347 0.005675121931960236 0.017909224095808737
26 0.0017965249047226517 0.017653122183794945 -0.03313316178130794
27 -0.003922111363108473 -0.011346688472509511 0.016117333798580664
28 0.0008473181326641051 -0.0052978974707609955 0.014878444307779104
29 -0.014063830815464945 0.00997920034465193 -0.025190931813718363
30 0.002995870271405205 -0.01867044111031807 0.024058548838107752
31 0.008119984006418203 0.019667095994847606 -0.03183682636403085
32 -0.0002535695678297957 0.02461760943782127 -0.03525475843092828
33 0.009080846485244203 -0.006511170064936296 0.015750722493998198
34 -0.009936148419770571 0.00051249691616502 0.012962445782788809
35 -0.007250328997141519 -0.008733728239481167 0.023615834089482826
36 -0.014706002640982166 0.0013252053166336944 0.020078477215100355
37 0.0011727052429757901 0.01947321498141855 -0.0280685918648651
38 -0.004857160916595611 -0.012146782546272529 0.02097860298674227
39 0.004634927453631595 -0.010585579841584598 0.010075381440375576
40 -0.013845754621066506 0.021625552663980033 -0.035604796171644304
41 -0.002981722701693966 -0.007532511145882909 0.02909340532064464
42 0.011241202345252463 0.01920197492260208 -0.029761830937188056
43 -0.012228250091288306 -0.008696264567783565 0.02031875948886154
44 0.0031368177007212172 0.022000684979418383 -0.02597889253231571
45 -0.0017094605099057959 -0.008875477139755575 0.022809679770055633
46 0.004801047138287845 -0.011857580400170945 0.02580409328447719
47 -0.004071295389641891 -0.010139243301091207 0.011400099371333308
48 -0.011576473128279932 -0.006105370492696625 0.021379412898920962
49 0.003311088176099035 0.02417973648709843 -0.027072098934657493
50 0.0007330531716582336 -0.0018580719527335893 0.023283859476545335
51 -0.009263618450290688 -0.0037328617590813157 0.01807973011863044
52 0.0022986765725073258 -0.011915234502698088 0.02086839851686198
53 -0.00026083469578211047 -0.0027212637473474077 0.020972010804672092
54 0.007055188017141424 -0.013195984071111541 0.025904023096450957
55 -0.0001600192444499854 -0.006452486711418681 0.018183646605962098
56 -0.01316535107893034 0.020761515712451353 -0.030704394611650997
57 -0.0038549353565952016 0.021054331834816975 -0.02680317186835819
58 0.007490134778641274 0.018800964827049363 -0.04290044174935594
59 0.010295586161262207 -0.008815640339562836 0.010340568552986321
60 0.004118238856471423 -0.010764489868923248 0.017654564023046635
61 0.0022898944200918365 0.015026657459128782 -0.031140192635811643
62 -0.010585276692130788 -0.0138698157450306 0.02392844578499187
63 -0.0012244055143970584 -0.005927457724699409 0.01372835993058693
64 0.0013274184554523047 0.01828591818887628 -0.040109048166078805
65 -0.004078659992543679 -0.009954536738002798 0.024061535890003274
66 -0.0014133167358720972 0.008511052892400683 -0.03429210193575733
67 0.005701891560825574 -0.0011461606247890749 0.03317819685175592
68 -0.007765160985962374 0.02695721832279259 -0.023804710931563063
69 0.002057109425223025 -0.004426376536166406 0.02171430961120706
70 -0.0010036092267237257 -0.015366558610401815 0.023266808364947413
71 -0.0007465509628494099 0.0158711704690368 -0.03225305892070132
72 0.00665815646380075 0.025969941656859324 -0.039519584686163185
73 -0.004978637069356178 -0.008864228210421814 0.016867652616968987
74 0.0015278657047948022 -0.004334045522725663 0.01925853852284949
75 0.009928230019342288 -0.009871268473736164 0.02014613400548681
76 -0.0010724670009117573 -0.007233325578323124 0.017885399039680443
77 0.019274110870687977 0.015816430539351743 -0.03526912556603683
78 0.00620273454216228 -0.012594290382117568 0.01727433575544802
79 0.0026488889598548014 0.021750954146372244 -0.045941870184384864
80 3.495625227878385e-05 -0.0045246803623892815 0.01840500459915568
81 -0.005474317088538693 -0.014742480160126525 0.020359704153556292
82 -0.0011474049515015992 -0.02578012784637946 0.020286552940946577
83 0.007224274829593508 0.008888840414525813 -0.02062316680856783
84 0.0017637719076855733 -0.015871905888604515 0.025740278504042594
85 0.003769802566937007 -0.011691365504172699 0.023770103440803343
86 -0.0018406360558235052 -0.007711687017130521 0.025398843122663398
87 -0.0008814657784302488 -0.00837634797408858 0.020889211151941173
88 -0.010938845994661467 -0.0024639277292147904 0.015214032937065122
89 -0.004736159443504536 -0.01282267028381473 0.01206753675611775
90 0.000409501890872771 0.019937281384246185 -0.03434802608919563
91 0.010995620518790036 -0.007547467907308425 0.01780389614304099
92 -0.002382745381776949 -0.010569114171388165 0.025168951737165546
93 0.002094436172603329 -0.012015679407817594 0.009692361548757269
94 -0.001239754943195212 -0.007954476059687673 0.01960100822391675
95 -0.005775602931352722 -0.00816105406000095 0.023005255758759866
96 -0.0036181356426215026 -0.009572434796922352 0.02027151907913086
97 0.0012918348957798656 -0.009655717295365615 0.02381260071993767
98 -0.005725325434867742 0.013902271717113845 -0.03230348689687472
99 0.01081576110953495 0.011827416314035631 -0.031162790138957383
100 0.0012508313814440647 0.021245080174141697 -0.02825662349842701
101 0.0029400146088240887 -0.01264980642620571 0.024855373771760877
102 -0.0005636382711983329 -0.011464335307376256 0.014904312952360034
103 0.003804979263433206 -0.017013240872042965 0.025227595985951975
104 -0.0005392726544122921 0.0056925110247259825 0.010201595416773485
105 0.0076951302396355056 0.026249960637080738 -0.03079768457027056
106 0.009299512424935655 -0.007825289130441754 0.02168634515054203
107 -0.002341935663969374 -0.005222517077689726 0.01568139265344423
108 0.004906859304322447 0.010302810509864566 -0.028344025224004518
109 0.0006809875782427671 0.01650770746421793 -0.04022284922738823
110 0.002391256653158428 0.012650547041822453 -0.028192287377372754
111 0.00731145176662347 0.017969575039283096 -0.027708801518156786
112 0.00941035304750025 -0.013071292652514763 0.02534989499483481
113 -0.0018391375520717505 -0.006401791615200922 0.0132044294031149
114 -0.013053193268921987 -0.01590361499485906 0.017924999155782106
115 0.0034317409647083574 -0.0051883167768661115 0.023588051263152998
116 0.005457987186488919 -0.016810391971865353 0.023409154119920665
117 -0.012657996739361146 0.01217753300404905 -0.021648665215717115
118 -0.0012019153535776225 -0.006750282742745153 0.02347355780016537
119 -0.0027973280280333378 -0.0097652991138093 0.024250511549879526
120 -0.009251914884360057 -0.008350079151596669 0.02331057441216528
121 0.0010983872997603339 0.004216167548432584 0.0269929835280045
122 -0.004179773299414357 -0.004944724877441242 0.02589068773465167
123 0.0066098615163683525 0.018043710184500676 -0.03205881885546091
124 -0.006000457522342573 0.026653950298375913 -0.03606278251092134
125 0.004323729825297263 -0.015019090616277209 0.015377245408957064
126 0.007702417289678867 -0.013016874591575328 0.026462591730049154
127 0.002541574160856229 -0.01068124188574724 0.0185074027086862
128 0.004869913298230964 0.018585209826017177 -0.03106283759617269
129 -0.002740394202792557 -0.010770590662221552 0.0241213797397926
130 0.006423607786851193 -0.002549525324656403 0.02146565542852421
131 -0.0034064250896749092 0.016535975346052022 -0.036329832843894495
132 -0.0038816012315189764 0.01094328240576516 -0.03232544295192016
133 0.00439460300489964 -0.007888329980831221 0.021065210498221527
134 0.0013255072490939417 -0.013522012738899188 0.012759695486571215
135 -0.001547706035346254 -0.00011856224687948475 0.011277898830784757
136 -0.0011223536347807588 -0.013351578206651435 0.024447635402870233
137 -0.0035385850212687336 -0.004360351160582462 0.02496057814182416
138 -0.0038285464179808096 -0.015925228131763502 0.015406987273126397
139 -0.011645945067017625 -0.014411580020802381 0.0114441212190394
140 -0.013256507604861118 -0.010506945335668316 0.021560877002051573
141 0.014016503823890518 0.01129357580130337 -0.03163368109385848
142 0.008772751133620083 -0.01840172118447532 0.019072965901188788
143 0.0042803421696525415 -0.013491745647634501 0.018538835435819582
144 0.0017810043049174482 0.013158833048335861 -0.02773409372573194
145 -0.002561947777268009 0.013632117193191257 -0.03605537155982862
146 0.012350528650517556 -0.006070077318084649 0.016719976417801007
147 -0.0046429500100722 -0.004054068295771228 0.02681122865357141
148 0.0063563843791328845 0.01902466711242311 -0.03934511729996926
149 0.00515232684430568 0.022110331752975394 -0.04008720308914242
150 0.005475432752362341 -0.0059121242919071 0.02339771900868677
151 0.01238278833873234 0.018511717784029776 -0.03121997335843653
152 0.002345348573249223 0.028356880257026276 -0.03924112322255345
153 -0.0019444754289582077 -0.012607083318332532 0.018514718533365122
154 -0.002465707456012 -0.013602318966907667 0.030668759133012702
155 -0.009270691315050083 0.01854668131004894 -0.02442966015717484
156 0.003938467394849031 -0.012061092205934806 0.013830942342888581
157 -0.004762906219828968 -0.01147211349890704 0.02109437006137211
158 0.01020501883566928 0.02082156782894891 -0.04549731024260341
159 0.009326461621938897 -0.00991199998969306 0.01252997378926883
160 -0.007907274241737261 -0.0034036841222293973 0.016595802318359297
161 0.00133934014070098 -0.005424361807886149 0.025285008378938417
162 0.006164926481359604 -0.009346302494498138 0.019884050694621857
163 -0.0004356837327100585 -0.01234055073883443 0.014522615387162308
164 -0.0038587943001390165 0.01296047705920397 -0.029643829539674524
165 0.007163086254585671 -0.011914530181336341 0.012269124894688468
166 0.00031033187065603214 -0.006212343532933415 0.03003002669769065
167 -0.0025063719084242493 0.01933671059903056 -0.0333933752352299
168 0.00991304779876646 0.01604245460048205 -0.03854387749113573
169 0.01248351436962783 -0.020677851839829467 0.015482771651761804
170 -0.002488103585390167 -0.016157935643030932 0.011965382139517752
171 -0.009205426494453967 0.02513794964020838 -0.037390945402285464
172 -0.00519426892602147 -0.023400814359074804 0.009953531954794748
173 -0.00891824154835745 0.024010791936359844 -0.029387144630091754
174 -0.002442330721016371 -0.009592861971568847 0.028253753526575772
175 0.017015205925515017 0.02010646702273996 -0.0192965210169354
176 0.0023486328430156293 -0.0075885623838225225 0.019760646242435963
177 0.005373966460180672 -0.015687789734964 0.015318541675961531
178 0.004272965322531129 -0.014894915462934505 0.02376391423660354
179 -0.0025949146851260707 0.023389503264310336 -0.0340762832022105
180 -0.001158230347679089 -0.007669173721703795 0.027828551992203875
181 -0.00678485524837743 0.018580313423383073 -0.026509518859077576
182 -0.005150586687432637 -0.007967266135590297 0.014469185414709262
183 -0.014405893050741359 -0.001080489378621735 0.030390799193718662
184 -0.003330337773865946 0.024997657271988213 -0.03053381109258868
185 0.007311103655846779 -0.010862102162735705 0.024894431877010143
186 -0.007593545926015688 -0.007874348312736694 0.023219987050301268
187 -0.004715439185714758 -0.022749377575875918 0.014092937212789241
188 0.009464633445491602 -0.01606572240737017 0.018484722791384776
189 0.009583985398788984 0.013799369910896917 -0.035835533223894996
190 -0.008646432690895614 0.025710281690497626 -0.033466513029534566
191 -0.011631283183662078 -0.006386125917537823 0.018225959883721082
192 -0.004663251011221581 -0.006479254160756065 0.015264756179308468
193 -0.004726108278331686 -0.007387904885781102 0.024421234948313896
194 -0.0028287087435459324 -0.0020575931009063006 0.010858528127266304
195 0.001812851714457788 -0.011860732540457754 0.016433246962336605
196 0.0031344309910066523 -0.02032989264444235 0.01252285355295659
197 -0.011130748321868889 0.0016970919507332122 0.02615157481456093
198 0.0055317311735454955 -0.008315639339167083 0.013046532385396437
199 -0.005175831606046621 -0.009811459085951144 0.014811836236178037
