200 3
0 -0.3650309296038391 -0.1276766180933665 -0.3123527754899703
1 -0.35166539529986085 -0.1706971674098406 -0.011634646395647302
2 -0.3370929452391598 -0.04200490543541436 -0.01016673590035793
3 -0.3827806613082461 0.3157272791901611 0.19498443917035868
4 -0.3669108415003679 -0.25763756124147646 0.3036732171767352
5 -0.24795201991083501 0.056381801500047964 -0.14086200537041385
6 -0.326199399219306 -0.09920317189550462 0.0458483374741055
7 -0.3134086558280866 0.09912408682004728 -0.14733248701251625
8 -0.3709269502247571 -0.14450684424909835 0.4493829188890313
9 -0.2908319889704534 0.19822582159758845 -0.11127396525087842
10 -0.3312642029012188 -0.10850761763032706 -0.3827051179070964
11 -0.39450041986557455 0.12438664404899974 0.23333966486341365
12 -0.37593898071701315 -0.008698979556030852 0.15623863576551186
13 -0.43709834725726876 0.23804043237953795 -0.07301393234471906
14 -0.43332950069896314 0.16519279992407176 -0.045543487128954334
15 -0.37926514185144455 0.008324990903912829 0.04402029148582209
16 -0.30988457817135756 -0.04190755205189984 -0.06285826572978581
17 -0.31606287803215855 -0.24854315821153505 0.11662493888981894
18 -0.3200936463905781 -0.15559501688742358 0.12532999624768745
19 -0.3635131656830734 0.041455445042711904 0.06008150803512002
20 -0.41248519865571187 0.21573863690474485 0.09874203675140072
21 -0.31899122540138347 0.08248813630229353 -0.022871969729518382
22 -0.29203577379890633 -0.20731548616915182 -0.01690688330382521
23 -0.3008912450568036 -0.13099585084475052 -0.062311457780579255
24 -0.2878413458545833 0.2695120650967512 -0.051087897852348824
25 -0.3279507628145284 0.16412222348681096 -0.11696674776628432
26 -0.30717389428241415 0.06343497147696438 -0.03164847079698939
27 -0.3375893138671016 0.017511391485855284 0.06808627446282632
28 -0.3476604762704222 -0.0387834543105196 0.10214899585547381
29 -0.31979264256129775 0.16641335275985716 0.05908930960246239
30 -0.3705663588479192 0.11980129461755186 -0.11612229306890227
31 -0.3312547598180155 0.2584433493289538 -0.1481247144026094
32 -0.33998844365953745 -0.08035413927745337 -0.09566304046454334
33 -0.29164332202573384 0.12055150104490402 0.030135171050857567
34 -0.3754359243976045 0.24945558780096627 -0.05548782076557489
35 -0.33636326888135787 0.21667138918293222 -0.24539751721022982
36 -0.3386609696884603 -0.2120764120138913 0.03616662635084519
37 -0.3622004504686667 -0.350497958604937 0.09187186480423154
38 -0.3183247177871002 -0.14357937827817513 -0.19707605984570603
39 -0.23106182792635857 -0.0971628111812 -0.0025905433174402076
40 -0.2822023238803595 0.20200631717264242 0.0037028153958439387
41 -0.3590303893624674 -0.02527820720518475 0.04019111448788715
42 -0.3749846108416447 -0.3832065715870356 0.12118665658735735
43 -0.3560750503502226 0.04439586363446831 0.02045489691194841
44 -0.3530203953679044 0.2698867102047474 0.1305474859577418
45 -0.3680933216720446 -0.06509358751334415 -0.167397769578307
46 -0.29345157239173325 0.018273101674976845 0.2517601334346148
47 -0.3507788353391481 -0.07645417986126447 0.32894803789975074
48 -0.36957519203239353 0.05437611178303249 0.11884461294780743
49 -0.3180966210832234 0.0064328960257450975 0.03335170759850591
50 -0.41711854755716876 -0.037244552584904445 0.37884334375898593
51 -0.2958785211393262 -0.01368122633392207 0.16129678485198035
52 -0.34034727399712117 0.22857270761476642 -0.1155840887407768
53 -0.3153871536768757 -0.1763218633924746 0.18135306528671816
54 -0.41713988813130787 -0.007945873042826186 0.30748882255628274
55 -0.3285706813005607 0.30658508749678653 -0.2590780540723355
56 -0.35722500940349106 -0.15154951119478277 -0.10252800474338504
57 -0.3236169824651505 -0.10251017209350988 -0.18097772527401418
58 -0.30567757436678483 0.20649150555385196 -0.06672200200575987
59 -0.3348941197644022 -0.1610875097853878 -0.1311059435682446
60 -0.3787438020629683 -0.07251191532455334 0.04293295837665691
61 -0.32435490613071405 0.06648956189902859 0.24653554655553325
62 -0.30639946037847615 0.08537799067196081 -0.21179786603879014
63 -0.2596766136487588 0.005915028296522465 0.07928895425592422
64 -0.36186364743090943 -0.1683707358311141 0.04020009474999142
65 -0.341857279393404 0.13862893787375666 0.0809558701495229
66 -0.3329570906960266 -0.19602388749229102 -0.2692115790473324
67 -0.3305575680818152 0.02440454085093282 0.12528806636477038
68 -0.30183300713150507 0.1418542514406146 -0.14296584084133343
69 -0.31630199902684764 0.05235154375367116 -0.18033208223454308
70 -0.2776950354347485 -0.1782335033000092 0.1676012427417948
71 -0.3659038706684629 -0.18898689107111477 0.0782257390590301
72 -0.3398467774912922 -0.020134093480704 -0.11314288402254237
73 -0.28226888058586863 -0.19115636844797518 -0.2390923115958824
74 -0.3453284949127712 -0.22079537372580985 0.06671768540127761
75 -0.3379104635084593 0.026786216398384403 -0.06533907331513575
76 -0.3628493790722443 -0.06899457754922023 -0.08478166266436157
77 -0.37452991386252515 -0.15278628425145627 -0.17594497174764942
78 -0.33744943474092887 0.12933006867894076 0.17152322811943696
79 -0.39437954535089575 -0.07356089048084535 -0.0887644522214464
80 -0.2236746293313998 -0.07815752688011673 -0.07382033641186642
81 -0.32216470775917816 0.00497033138430943 0.09592629440144985
82 -0.3509935043276684 -0.12827647296887312 -0.11837944449023957
83 -0.37118315663693013 -0.2917843304523625 0.09779248557684873
84 -0.3595747524629177 0.059697491761173775 0.14331056349258148
85 -0.41207500665063923 0.08894851468376329 0.13236312077243761
86 -0.3050422609097466 -0.20194628325907432 -0.07853203950168783
87 -0.3364210931518382 -0.16040520032159764 -0.2344207106459646
88 -0.4094139997116284 -0.035079690651577615 0.32314859165773674
89 -0.34880465831986734 0.21969868957432176 -0.012233940530067374
90 -0.4547004102472479 0.13712157528004004 -0.17452797839933465
91 -0.2770599632132647 0.26833617617853467 -0.02894395506049041
92 -0.3846519570259854 0.059028786348331634 -0.010386746612530303
93 -0.2997940389964165 -0.1251897726295113 0.07649515948166662
94 -0.36161916688024953 0.08507520280352297 -0.21799245087562844
95 -0.38585000018946203 -0.0200671886738136 0.02526992345840419
96 -0.3293929810736498 -0.04845406579442749 0.30271459911682075
97 -0.36261852068271444 0.2720596603627432 0.0487836921637203
98 -0.3119771543505878 -0.1356923005489346 -0.01234578692267515
99 -0.2874666861564187 -0.09539374566355646 -0.07833386357618873
100 -0.4229100872959264 -0.016333457844782035 -0.033531284560607874
101 -0.2949275477120893 -0.24482713345832074 0.1274390598461356
102 -0.3047890937751664 0.06309529682412054 -0.1656375060005853
103 -0.313998464390669 -0.07472553799710863 0.18029086850180986
104 -0.2562488449653338 0.20136832448451716 -0.049243765081009125
105 -0.3029007949079069 0.03049879495601213 0.06212894658513984
106 -0.3098510338708789 -0.002982762515802043 -0.18730180483162062
107 -0.36975584935474193 0.1579538014769208 0.05322034991332338
108 -0.4076718981658035 0.3124143816245267 -0.05341838506352843
109 -0.3039972228640182 0.17652649377052076 0.19793159206693006
110 -0.2698533074587775 0.07865930662522602 0.11105132131018004
111 -0.3674466802402725 -0.3605753823774756 0.22509814194921954
112 -0.3336904310310898 0.00375681027925365 -0.2585571570730387
113 -0.37134429132290586 -0.09400863240819456 -0.26712517906876415
114 -0.3757956270696487 -0.06643926558737157 -0.23284061834715472
115 -0.28706169635293266 0.10807094146899944 0.18757870559840897
116 -0.30208593582711324 0.3283600756879292 -0.172354684012562
117 -0.32339899107223785 -0.20554081701109023 -0.24447520823940683
118 -0.32127987291955284 -0.05021555301328643 -0.22133150669806947
119 -0.3208274123260901 -0.08932088799752841 0.005375379840780268
120 -0.35005666353210335 0.2480122812708781 -0.11569740180790343
121 -0.3774213294428612 0.10446734222539439 0.21411752714814852
122 -0.3165440867208097 0.05255271857401827 -0.027065350219253048
123 -0.31238688351766286 0.028028279335380896 0.03553284302442092
124 -0.33253661584912475 0.2940990045843281 -0.3689331797309236
125 -0.3092779221920783 0.0767987744241415 0.23131902955989925
126 -0.28866665505248584 0.069384141887072 -0.06497592720550331
127 -0.41440753191531304 -0.1922355107650332 -0.20661568966907254
128 -0.35849835689741943 -0.009443697746603379 -0.19821392992179926
129 -0.3651269067159217 -0.03370129880684492 -0.16333908728172297
130 -0.33540424665342305 -0.05021494257570949 0.06096731086074148
131 -0.43088331594602347 -0.12127670424964213 -0.09686765462772305
132 -0.3835870501524354 -0.02009436865157119 0.025781152779596563
133 -0.3382288502990237 -0.014859677205423808 0.09196360631942362
134 -0.4501896065325208 -0.1395596480197246 0.1325274280370569
135 -0.30082442592156877 -0.23281401595887535 -0.18778400379406432
136 -0.25339259677602993 -0.04424979909226069 -0.14179564769680614
137 -0.3084586276575475 -0.050542955137500775 0.16963117680888748
138 -0.2913858701769054 -0.23827191021039779 -0.16117209828356543
139 -0.3045977863481528 -0.03375225544196121 0.1339580502698994
140 -0.38203218780799847 -0.047810274552088396 -0.011457418002963864
141 -0.3787521130184505 0.21143759770393247 0.15979327105408148
142 -0.3770548648394037 -0.058732912578478895 0.4726310761733536
143 -0.33182560302844805 -0.13120202621028307 0.2717730432120841
144 -0.30745411292871067 0.08997665751700991 -0.08183938697443949
145 -0.360912072794596 0.10018430090154788 -0.16354604466358158
146 -0.34108774027945044 0.3676337443664692 -0.19896370040001463
147 -0.26494819691433696 -0.01860399337882654 -0.10215320651525306
148 -0.37576368626166484 -0.07334854717751664 -0.25329118236973097
149 -0.33334022734908647 -0.19402958547386037 0.05267331476865963
150 -0.3655774021423319 -0.08637323149234437 0.11040881037028746
151 -0.3352498369362003 -0.13579806899508398 -0.1445580284755191
152 -0.31150650864416685 -0.10223111077691734 0.21981847394021853
153 -0.3741974567657697 0.06397097097596775 -0.12846405036584088
154 -0.2725048138683273 0.16590145844421764 -0.03166453911755579
155 -0.29370284690699217 -0.35438636583108724 0.20887662660847078
156 -0.36182437391225414 -0.0022554183554312204 0.10100832591013251
157 -0.4200354802543657 0.22277871407445926 -0.12939275103692988
158 -0.3268463795424679 0.0010318525909470927 -0.10534997968499195
159 -0.33149215501128326 -0.0010301295505458477 0.17091568697380016
160 -0.27251350783462547 -0.021616833768383026 0.15636156991499203
161 -0.40803555719499707 -0.10709587523292113 -0.07745109369214641
162 -0.31507778512070184 0.29884720984090596 -0.05912947958826382
163 -0.3480099682713195 -0.09142429130944688 0.05098586164571251
164 -0.33720959178281884 0.059010122203771935 0.16750793778940312
165 -0.31127135623856106 0.2583429753861604 -0.2529575940879135
166 -0.3114865605334398 -0.05305351134669075 0.15440676768573214
167 -0.28681822342289914 0.21946389114275375 0.0721922957827508
168 -0.3934784957735221 0.07144386996652177 -0.042226869041749035
169 -0.39239173997721594 0.02445580641343968 -0.14972635124983105
170 -0.3576878066036387 -0.05166754090120123 -0.0747536584599163
171 -0.248342491260055 0.1223526799679714 -0.31677093193615874
172 -0.29080065425338086 -0.08676164078933878 -0.15810968617506566
173 -0.38145420011727244 -0.3123193179724408 -0.10982115205634267
174 -0.3781662850664187 0.0381010743369946 -0.20198133027293247
175 -0.3602014012801971 -0.21587502949162954 -0.0850810056161982
176 -0.380133946986773 0.2236058212022307 0.24973058235178844
177 -0.3495205804749358 -0.0738745473093215 -0.10391310826120356
178 -0.3206883391798566 -0.1862221653780817 -0.3320028243051238
179 -0.34817631355497947 0.20748532134966646 0.2923334367026698
180 -0.31414976881295753 -0.09128345048225213 0.04868521135048529
181 -0.31671044914994356 0.031262816282897454 -0.03570338822813002
182 -0.40441303359714464 -0.1430840429926074 0.08913025167778137
183 -0.35213080257802104 -0.13283822536516468 0.12870754900689055
184 -0.2636262251641649 -0.13564056381102307 -0.11595962877852857
185 -0.36370285046850376 0.046563242076160964 0.13146204947165846
186 -0.3836422651986505 -0.07676555478782202 -0.311851314194424
187 -0.3158880856038024 0.04977918791565507 -0.22664526357180861
188 -0.3603552503299451 -0.12372053695351853 0.24587439828366367
189 -0.38501139389892314 -0.18008238801149548 0.0016999500639298443
190 -0.3985662964628344 -0.24429174290239478 -0.10617601274541269
191 -0.2527824648201685 -0.01849233730444844 -0.04946204772375787
192 -0.3636262241671699 0.030547951564869134 0.10590997533333286
193 -0.3581836133180382 -0.1432370652400668 0.04892077799015039
194 -0.29624084721293004 -0.037730758121780054 -0.22002852430324385
195 -0.4064989724401181 -0.41221419987357694 0.14755474275924185
196 -0.32846655947031667 -0.049585096991437046 0.061805574439973913
197 -0.27448912728166464 0.11619114466278026 0.04054605559910203
198 -0.32072245499370416 0.16822818626661526 -0.19619670895224578
199 -0.39071221436452647 -0.043200930652189266 -0.06482190661220646
0 -0.4484765103243143 -0.19875119682718964 0.20464350254177963
1 -0.35035740283272415 0.21214703858488482 0.012570983515832149
2 -0.29332713276808 -0.06070933963287046 0.19703198756848925
3 -0.3590710507016679 0.03012117871426353 0.014817283322731911
4 -0.42299463751675803 -0.11239665523012551 0.009904786880703235
5 -0.3099835727685593 -0.03136868949743859 -0.13433323989553153
6 -0.3873373470495612 -0.1659788369793045 0.45821521155576267
7 -0.35589092848187714 0.14954023279446405 -0.10934964671832803
8 -0.396541951837832 0.05632227643511022 -0.1354965616923376
9 -0.3519715490359961 0.10685027038625057 0.022677249134809497
10 -0.3574700787879258 0.11914170819090607 -0.02472904562659116
11 -0.3526809645009091 0.1806691558688571 0.2799905179730056
12 -0.3939982936823824 0.02417246167389593 0.05132117600131596
13 -0.358535694596196 0.17720745723774084 0.007459151285023485
14 -0.40273656694917087 0.0057513974124521255 0.37771574903519434
15 -0.28785221909571246 0.11004026140524936 0.015261646114504136
16 -0.4319559209783022 -0.008790237514589384 -0.007298651836843571
17 -0.33082183064715037 0.13113375642609376 -0.1425871825487539
18 -0.3444716857697111 0.03905528635239056 -0.01915356412956741
19 -0.319318672777011 -0.13196575888003123 0.08295099838667509
20 -0.38993805098899903 -0.1763761851565924 0.18752937310483464
21 -0.354112105039262 0.08074299485374471 -0.14282771242833192
22 -0.4009090019619311 0.10183646214432492 -0.16033658052786498
23 -0.41852126696849357 0.27398510115328045 0.14642436042553042
24 -0.33447288826012933 -0.2604008788679504 -0.06883411052153829
25 -0.33476323809373115 0.1391628191370928 -0.03192044027929955
26 -0.4182420972665235 -0.2132105214822915 0.13479537781700726
27 -0.4564693200258719 -0.060559255191770196 -0.1549090530798441
28 -0.37306594791099607 -0.18811058598319957 -0.04299148012724753
29 -0.27431175068344305 0.10177015170217603 -0.23068308859682826
30 -0.3351034653726804 0.147255078200251 0.00120806556127454
31 -0.331071353338204 0.20657853690824715 -0.022923954727734407
32 -0.31042516387282876 -0.08651665293489341 -0.009339641616809174
33 -0.3414007543266956 -0.11171755894058008 -0.022020536821702626
34 -0.4001832636634414 0.10943402125668933 -0.041576895382992834
35 -0.26815301374441536 0.01423779576263812 -0.3438355496443463
36 -0.3489596239565347 -0.23090162898192398 -0.015294049606935117
37 -0.3187674670573825 -0.11102093779074713 -0.35223145176922566
38 -0.366856382174199 0.0013540924490942593 0.03500043213676216
39 -0.3132160560067117 -0.11888689993224284 0.024966987295752627
40 -0.35452548568791903 -0.18285867699773461 -0.04612984083352135
41 -0.39343718618089907 -0.10406255461066545 -0.26236072589371806
42 -0.4048325707298059 -0.3433210165374923 0.03907599851809228
43 -0.42621546960677814 -0.13227514011227487 0.2955516392958036
44 -0.4038336877480359 -0.18770272913805947 0.19325700591428735
45 -0.3657468571400592 -0.02701929109530257 0.16840824366521948
46 -0.35830634489452107 0.13225999650268128 -0.02579597999334366
47 -0.39956770368754807 0.07133450604452249 0.08214196338671129
48 -0.37098749040277046 0.11463593675586713 0.1429662863255503
49 -0.3430150916375447 -0.1357037718730757 -0.02512905497362042
50 -0.3290113164621527 0.15065592308862402 0.3274541396716782
51 -0.32971076311135294 0.08133147398264669 0.06705683332568453
52 -0.2817685316753837 -0.12248283775520533 0.05691356276609277
53 -0.20187649712922476 -0.11038755502262688 0.019726420061332052
54 -0.3580824658666006 0.10582741989079748 -0.05921735790884578
55 -0.40991745742050745 -0.07637747266852052 0.1407157669497907
56 -0.3806581947074223 -0.2236544670709621 -0.15141579005047348
57 -0.435729338843077 0.0414781990178292 -0.13223730363498995
58 -0.3724795618675912 -0.05236868689732373 0.1996780842100274
59 -0.4427947719627498 -0.23861035004138392 0.17076031378419115
60 -0.3628202035750215 0.12661905460555836 -0.03757238694588448
61 -0.41045814252077684 0.5059496005406441 -0.062272803068621777
62 -0.35257819830180737 -0.053406120216416636 -0.051295985442715915
63 -0.33775506992672466 -0.08587489565072288 0.02911064811546087
64 -0.3881976508708273 -0.038945189358252835 -0.3656470086481796
65 -0.3548958748707471 -0.04298601741205958 -0.11556877025263204
66 -0.3509863062827165 0.07958991797750295 0.0849005957821461
67 -0.3662548103542323 0.29003675523149813 -0.03135105114035552
68 -0.32534204328911537 0.10583874333918199 0.11155634896820386
69 -0.3281567027128432 -0.12239145427262609 -0.09734259215359028
70 -0.34164677313813874 0.42141059304918466 0.1371905258529031
71 -0.31606601668649476 0.08095151921958657 -0.13448942269951894
72 -0.3616450311715495 0.18906268817942004 -0.043762543027586316
73 -0.24820858441724075 0.1061330841872629 -0.2749977569063411
74 -0.356972964720791 -0.007686019641951969 0.1330693649991875
75 -0.3110614631648657 0.11067503561836517 0.011977919962941449
76 -0.3395067295155513 0.33699120532365284 0.2132341962477441
77 -0.29965563758040137 0.01906297720603524 0.264275725858452
78 -0.322803573294785 -0.0993236776904081 -0.18980661531524562
79 -0.3656441996379613 -0.12469516559844483 -0.058082202900037946
80 -0.32506523822248307 -0.04455937745661823 0.10898996208101071
81 -0.4207386893182016 -0.08019727136846028 -0.14924229415676032
82 -0.31766638162407546 0.08694117816831186 0.12659758757455397
83 -0.42806096380844827 -0.2740460910023903 -0.1989324593463934
84 -0.34650935347871764 -0.014858577398843484 -0.16396087785615412
85 -0.32438499083649325 -0.05020232714892577 0.128353912632796
86 -0.39806010609653364 0.09018003374818297 -0.2880451729526942
87 -0.3619961029845804 -0.19440577867526854 -0.239153278111284
88 -0.4008429365015992 0.1408766277759649 -0.1519166126843631
89 -0.40802936793943295 0.061545667106757455 -0.037986636519282496
90 -0.3476837265307109 0.04976725040490727 0.2035846380452991
91 -0.38183573315198216 0.051828168068888514 -0.08938899544086804
92 -0.31130606423160756 -0.1918629455295729 0.06569743494204053
93 -0.33586747984566323 0.04396144063966538 -0.14627229240340042
94 -0.37426988289132207 -0.006143089603343659 0.12606914379254322
95 -0.4364142870487254 0.0019661524884263207 -0.11255439095543081
96 -0.36597742669388816 0.3483962742931232 0.17806210860070384
97 -0.33041191622049715 0.16045674330102996 0.13770453957764775
98 -0.39307317893137045 0.026486341629389214 0.27757602752526045
99 -0.3519620648750593 0.028345342675067428 -0.19192139633948188
100 -0.29080094116421173 -0.08608414782162581 0.0960076116168222
101 -0.3643885795700917 0.06957289327294224 0.04006128052236217
102 -0.3274717340646904 -0.07113325378186913 -0.12351148218744547
103 -0.26855228228527345 -0.0722127376008989 0.09856641839789401
104 -0.35485833064084016 -0.11950707635093195 -0.23274088384193312
105 -0.3924442853570328 -0.14013375422154944 -0.2788275615260831
106 -0.38717569627704995 -0.08922285481563996 -0.10392479046453398
107 -0.3562641912522736 0.18963993035624363 0.046624532304920425
108 -0.3968350789092974 -0.11274690994385882 0.0882171063876236
109 -0.3362654933859414 -0.06503038634823662 0.07034937761222687
110 -0.2897630119737051 -0.2242702861392446 0.20967764700652033
111 -0.3077510384840484 0.050383451868428866 -0.026168520051227103
112 -0.37786254286138793 0.35341169355008445 0.09279329700482536
113 -0.34685580919813197 0.08665585290736624 -0.19592056042121053
114 -0.448023651341368 -0.047085077132593064 -0.17725493272609916
115 -0.27208314079842694 0.1637596969433465 -0.12044687293330397
116 -0.3256863779893608 0.11448878822391076 -0.06502595968089536
117 -0.23518756220790235 -0.0726928046423209 -0.10551357598488584
118 -0.365776360969558 0.05791115005713884 0.05218766632589526
119 -0.3820818456900182 0.2646032153926041 -0.1402358660005938
120 -0.3077247182280257 -0.2031016625524672 -0.04336458118390044
121 -0.3800588208657546 0.17089593823456273 0.07254451170447838
122 -0.4425744588319258 -0.09145760122244216 -0.28422424595506374
123 -0.3536804958527539 0.12340837934201185 0.04037437780043041
124 -0.3469714272400997 -0.23147679295675064 0.16701363252292942
125 -0.4624893939377742 0.048846609528451726 -0.07134228905261095
126 -0.2825385364894072 0.2777050472849928 -0.04593410583127468
127 -0.36703626221888835 0.029357850867265074 -0.019448347350251798
128 -0.43047783871625617 -0.09643467626241255 0.00918746953976927
129 -0.3227024452457489 -0.010084046014088788 -0.23995230416481358
130 -0.3965857439741979 0.23484390916738387 0.1906320982033559
131 -0.34700721488172054 0.11356841285074806 0.021066013712109213
132 -0.441621313193973 0.018632454953498634 0.06553531137300103
133 -0.38433484829120346 -0.19350874121593378 0.35109184379216374
134 -0.29959342949376827 0.0116232761434407 0.06441285140287328
135 -0.42184215170655326 -0.034347710050384124 -0.012638646962091942
136 -0.34146985505996047 0.10003673639132075 -0.1662282033063752
137 -0.34376262141127145 -0.10495225703410331 -0.23780869743355942
138 -0.3403500352486551 -0.017695052617371785 0.006970847125607631
139 -0.3715138924553838 0.12850183712014954 0.11413877714798283
140 -0.360990904139645 0.2570801419353266 -0.10863351637413185
141 -0.4580232011088695 0.01979880167436581 -0.11403042893599524
142 -0.2708759568833919 0.018662753468448666 0.1157490987020076
143 -0.4379259045360226 0.12786027159868096 0.2772125895144997
144 -0.3802003911888268 -0.054398886551507375 -0.31200919764225216
145 -0.309974459982785 0.13439156517092019 -0.14690322062209882
146 -0.3198243173185966 -0.11483810710218612 -0.17556549475952077
147 -0.36444561086429683 -0.25566885424120883 -0.05772699618464548
148 -0.31220088341361973 -0.37832803764828915 -0.08569136006892972
149 -0.34690419367750636 -0.06839044467908645 0.043703778195696735
150 -0.2438900045409731 -0.1484826778708841 -0.013258158737833418
151 -0.33188562001356536 0.2112670110150689 -0.05933985055676009
152 -0.34238561565851966 -0.019827188572951033 -0.007948343844424277
153 -0.39172987738723714 0.22207117137166973 0.48929541638858964
154 -0.3333794144763632 -0.10259093980586168 0.03319684203885234
155 -0.4534155683390562 0.10450726430980929 0.046359241712958944
156 -0.3135817079467561 0.00029075805095544295 -0.014718163370714086
157 -0.36039858701903926 0.10821911309064927 -0.16019583989815722
158 -0.3900110276061613 -0.09209015693400283 0.2066499117890728
159 -0.33484920791788253 0.16799556181890377 0.014496022217104398
160 -0.34306678041776145 -0.18400133933575982 -0.021114116301846075
161 -0.31974658904884623 -0.24197269367601187 0.03781009123596964
162 -0.29194679999931616 -0.19809986159612242 0.15414748774139334
163 -0.4984750579869736 -0.14427917756109906 0.09882643706955671
164 -0.41606195741910845 0.1500215100801354 0.054219545122188934
165 -0.3201450902388319 0.10465255789164396 -0.17923920081318287
166 -0.2791327063328016 0.3117957967946293 -0.17420251377465737
167 -0.3570319384841443 0.11918674711376033 0.01818624399793013
168 -0.39555310177673936 -0.12765116057275286 -0.05676710392675165
169 -0.3640007157370369 -0.22046478423081406 -0.20075633808284918
170 -0.3228001544776813 0.03873526733568326 -0.14870204786206115
171 -0.3345605856201671 -0.059839193442588944 -0.24915577841461953
172 -0.3508904863032871 -0.09480949577244163 0.3489913613389475
173 -0.29992767578323465 0.16449210481278212 -0.07627559861590116
174 -0.4221200871891873 -0.06875123171105663 -0.14521971984933033
175 -0.3354180153477382 0.1639123498698913 -0.02988105898447196
176 -0.38139366699331373 0.01028703892087156 -0.182252736921218
177 -0.4398139538846396 -0.1412256489526474 -0.05296385026180566
178 -0.3396494446740908 0.20510405747919747 0.06741370183961753
179 -0.385273430731835 0.029199855463354168 -0.022678339274514125
180 -0.3337861370003832 -0.2569945615071946 0.09991205864433779
181 -0.44426701383767264 0.4414833091690011 0.13708625707452513
182 -0.42539404063831604 0.16631344421566754 0.030962376074415255
183 -0.3742373527451317 0.3266103706142234 0.052403330668098394
184 -0.4325238322137246 -0.13391098308781163 0.46285632167699703
185 -0.38696612310694983 -0.18019293807884745 0.19091938962993732
186 -0.36262275788587905 0.12580954880664172 -0.0021724647476247423
187 -0.3065194405101056 -0.012197137299797664 0.04382054938275939
188 -0.2764727207480006 0.1172731084942327 -0.009766629173868797
189 -0.35388329829291665 -0.2057948586880253 -0.11104863731860717
190 -0.3140857227937576 -0.039680356989452686 -0.07338104053441848
191 -0.3340464929514148 -0.05758382006323272 -0.31587465597791947
192 -0.47554038446902586 0.20838615109133796 0.18618556014273002
193 -0.36739151866343106 -0.23642227286612996 0.1340148814001611
194 -0.4139413317326893 0.2658802772650483 -0.15915174398497786
195 -0.31795680156741835 0.04112155625712438 0.04585310527309862
196 -0.3016998153796078 -0.16154430460772196 -0.10233562099232157
197 -0.3587679350926925 -0.006000248262185056 -0.1961769455247052
198 -0.32965923799538216 -0.07288743992968041 0.29325317358569397
199 -0.30236627544546935 -0.22567469055652553 -0.370511226323894
0 -0.4292251359247227 -0.11112162386731925 0.02371334888594286
1 -0.35200879275302227 0.2492148018327754 -0.03464079272282913
2 -0.38938703424175175 -0.05642760826978424 -0.09581688518498824
3 -0.3873687112480667 -0.24879278573448016 0.08436996287945518
4 -0.3445217921986588 -0.020282423840945998 0.11697103165203313
5 -0.37286128994584117 -0.2440946474967568 -0.061973257275334905
6 -0.3473641711484295 -0.3035900876120445 0.018796163555910503
7 -0.37013095182535616 0.24908471580281735 -0.10145410045624376
8 -0.4450429602187038 0.14002077151354636 0.1660549705310613
9 -0.38607871662045734 0.14524008685081485 0.08724800325120206
10 -0.31442771816206105 0.11622577076387232 0.062294628672435993
11 -0.38858682390649235 -0.050521395341316326 -0.010872825827769326
12 -0.4813358808488045 0.03608226350775732 -0.17440994477501237
13 -0.40651077137494673 0.1783370975585141 0.11769810334915262
14 -0.2683724284981224 -0.07241211986090565 -0.2415282985878813
15 -0.41816192577975075 0.14516531921288806 -0.05114211626746733
16 -0.4255257290597945 -0.1952417630918234 0.06558720672345197
17 -0.31714973607762736 0.014977700303640947 -0.20253884134877642
18 -0.3896439270062795 -0.2598996382588626 0.04304540783838077
19 -0.30107596573646556 -0.23124493678984515 -0.022238821232102517
20 -0.43665675109314056 -0.058784713131158295 0.20756873583233856
21 -0.38706074757695946 0.08906245288384453 0.09187749425577312
22 -0.3048691548383036 0.07096763453327849 -0.028902798790488494
23 -0.3877037572377222 0.10155212251061983 0.1614361509584673
24 -0.35601921508151296 -0.1355263494556156 -0.20651545335127863
25 -0.44008684720421 0.04953215524439276 -0.22377434291403084
26 -0.2932716028108609 0.016026573897987888 0.012698190270053549
27 -0.47128632166243384 0.18212883644148484 0.24135458777500549
28 -0.3659977228029771 -0.024393276196587665 -0.2427062840998927
29 -0.42681145729535985 0.12033700347677612 -0.29751826876581006
30 -0.3006206539727666 0.10223374815759403 0.14072489071070154
31 -0.35413657546574845 -0.07647876988598357 -0.07626338062287641
32 -0.3690564680617074 0.25283867283023526 0.045946532194891844
33 -0.47185861164813137 -0.12031697802766511 0.05414374701331757
34 -0.413631772493454 0.03474994583864274 0.29257164848291645
35 -0.3323011639340511 0.059905198507202224 -0.14749709178912854
36 -0.39571348467687906 0.09024303292410531 0.17862171636524113
37 -0.31736145348252004 0.1956307850168488 0.14370219669131473
38 -0.3963651837221575 0.024567395737867318 0.06105791836206633
39 -0.3835244488913047 0.22640162999619617 0.11495853343623884
40 -0.3199161354216838 0.17430336738903401 0.007174977955266171
41 -0.30792640738236887 0.1624968754310164 0.13096155136285828
42 -0.3047279251649126 -0.36605230473841444 -0.10088506398521067
43 -0.398409760343157 -0.22938652641890578 0.00024243501329971942
44 -0.337611737818768 -0.02231611051172378 0.05090292650287487
45 -0.4841210291493189 -0.010935052652501564 -0.10178057273377838
46 -0.4114798448385708 -0.059655073776174 0.22722629920999327
47 -0.3700493089119347 -0.17044186032378772 -0.24495395187342736
48 -0.38483819422944016 -0.015835976522433022 -0.06075096151034453
49 -0.35518635208964877 -0.028180268183962447 0.12132189301080375
50 -0.3259809594136514 -0.2275586551696969 0.05257008305456486
51 -0.3292887047715192 -0.09006562616959471 -0.09765545582781852
52 -0.3691387619384193 -0.15734979775263716 -0.3700207878880388
53 -0.43826213652601487 -0.12483500697354573 0.27194128473891055
54 -0.34811011795016406 -0.05768859689072731 0.19709856965171418
55 -0.3223082126454021 0.10518581052874697 0.041847020896646894
56 -0.2908238902766535 -0.1417797723967999 -0.19706133838564863
57 -0.2776297984739474 0.05940255977093752 0.01118076527997884
58 -0.3382413235190778 0.18555305894978355 0.2580395513492346
59 -0.38352544500966107 -0.05942905683826911 0.15048330509029367
60 -0.4173055637029234 0.09461920752528863 -0.10750572092321153
61 -0.38124598623335393 -0.22016869882296028 -0.09258775675014944
62 -0.33121392314757175 0.08350248232903107 0.1848655448280292
63 -0.38610887216177775 -0.14674627348969052 0.05217712962652213
64 -0.38036201552623755 -0.09417884886790345 0.11992305341816502
65 -0.34155872942874105 -0.10497435199782396 0.06840503448673103
66 -0.3510421292199272 -0.10086525422764339 -0.14268549718368487
67 -0.4126827136065439 -0.2182183205224954 -0.18647224901174714
68 -0.3201799465262563 -0.18883560544125708 0.06999629229272201
69 -0.5034834047008475 0.007166319611862535 -0.26694401083845687
70 -0.39032430374888427 0.17099810296676538 0.03471809323537611
71 -0.34618072908652386 0.23887652660858955 -0.0798272324485468
72 -0.3017726981662548 0.31295049244281736 -0.03197348105109642
73 -0.3904405542455129 -0.24457455978951798 0.30019555440912454
74 -0.42641227405939497 -0.03653027726453144 -0.15720148194394787
75 -0.40320809287521564 0.21778905100299803 -0.0396086743483369
76 -0.3631025248368322 0.1155993000435491 0.03513960751533933
77 -0.4134861062585059 -0.2639657301196117 -0.11564565144748494
78 -0.43994286978778796 -0.16648707530514462 -0.06618792000086086
79 -0.30498627975304193 0.11235712250127364 -0.26204088024635774
80 -0.3240471358060272 0.32222555194926333 0.04454874847673212
81 -0.3681499975294011 -0.03931520889588141 0.17333059121315297
82 -0.3814783501093212 -0.3067843651605414 -0.057501242584759575
83 -0.39146707426185884 0.2602329837327594 -0.012072952414155668
84 -0.3917335189632503 -0.23529092798545492 0.028957207497402184
85 -0.3560900224402549 0.21760020541181146 0.026754309860294853
86 -0.3870758679177213 -0.3576996346202194 0.1866186462693372
87 -0.4081735916745154 -0.19609485445015337 0.22105216406335032
88 -0.34734527756767836 0.017674095557586308 0.14852166356281016
89 -0.5142374319185544 0.25713606650466814 0.5334068250524852
90 -0.35850293287488355 0.012996091732326883 0.12125842002464685
91 -0.3278574750179438 -0.048588529456013343 0.06832474960011677
92 -0.3761003245903406 -0.127130687525232 0.22146038187600883
93 -0.4191787221207416 0.3108885825416991 -0.10231725006212561
94 -0.34774358826171664 -0.14940451945111144 -0.17694773950125675
95 -0.42407991313281856 -0.11322751734670412 0.14749671727641395
96 -0.337054909014723 0.0026213207631070636 -0.015073646432889483
97 -0.4189295907269668 -0.2529578876583249 0.11674270157664202
98 -0.2701047064316653 0.018571937752187444 -0.1266493597045482
99 -0.336237057488191 0.1486599928809455 0.2320888383534076
100 -0.4152788610277639 -0.0364692978023335 0.12492579886156027
101 -0.3516241609316157 0.059891841312230104 0.22902409925302467
102 -0.4340466798092149 0.02459262178392894 0.21060505684421912
103 -0.3738906809969182 -0.16054566339978185 -0.31397479445562476
104 -0.43767520852500724 0.19284392047318785 0.09431001523064361
105 -0.4315370040329562 -0.1502661539214349 0.11519496580277294
106 -0.3649233802635246 0.1409836816402211 0.08424845964352547
107 -0.37556911310710017 -0.03087963571395173 0.07648704840708734
108 -0.2959157646019019 0.0024976356729823753 0.0012415788986368996
109 -0.3417468863029425 -0.22401552077984593 -0.00788274835303416
110 -0.3451299955671153 -0.19373695142205938 -0.1138273798153265
111 -0.3228754932328634 0.16582687782032396 -0.12916624019590658
112 -0.2497917182440006 0.16643132310569364 0.07725871490629097
113 -0.4074451292348343 -0.050695739071691996 -0.20496455248202428
114 -0.38093632010182676 -0.038869029030385076 0.20590731504667256
115 -0.36507359973316167 0.005126076737027058 -0.12288870208454544
116 -0.36789829790202966 -0.14899484891009773 0.1677348118928981
117 -0.28880179424872215 0.13989254591238726 -0.0652059277127068
118 -0.38556037468068344 -0.1336848076096259 -0.19167314152495576
119 -0.40925601869391104 -0.004640788121626686 0.01405863157471192
120 -0.3716379203795387 -0.24901527809732216 0.24960590737274369
121 -0.4507200584646384 0.23445084319942783 -0.04601233515974176
122 -0.33149081546822773 -0.057534211435836945 -0.04422398695157864
123 -0.32386834663571995 -0.07378531722627342 0.024698791154566718
124 -0.4260783399518693 -0.03101335696726642 0.10560956922269074
125 -0.31936572029759475 0.08892961520368275 0.020516187178373127
126 -0.38445562344376066 0.0026229606977487157 0.09519727334789041
127 -0.3209307490497001 0.18744782882678768 -0.054145105459131426
128 -0.40547998594810547 0.1533063702167297 -0.3005513368122519
129 -0.3518455168204507 0.13822610202805674 -0.3023098361127353
130 -0.30968035305950903 -0.26735344848062903 -0.09295983565037375
131 -0.3758060873077774 -0.11413979436225517 0.099337548218313
132 -0.30045749326366655 -0.12895574609720598 -0.1961600042972677
133 -0.3807135608461697 0.04217586076705327 0.04987645923091031
134 -0.4120125485230203 0.19018060006390453 -0.05756631540913077
135 -0.34286016631007626 0.13165147887970696 0.3226525136629844
136 -0.4362580967667071 0.1236604980146916 0.28807432934859023
137 -0.4311087926168204 0.2793567773742573 0.023676829946349984
138 -0.35557375063633734 0.5865898217728431 0.2011835522285975
139 -0.36617155570224036 -0.13434077696874752 0.00948007213155434
140 -0.3195225628221981 -0.006296765562098075 -0.33421528317692456
141 -0.347211179336565 -0.026539733056551797 -0.1993839428811145
142 -0.3436599952144119 -0.42017389377563663 0.09923933588657961
143 -0.35239589333258 -0.16525393635032237 0.12199887711436708
144 -0.3374803685989569 -0.10856614792757169 0.24773338653635554
145 -0.2762122917208557 -0.16378072623289455 0.06486447163183413
146 -0.3409945946891331 0.1740361858278875 0.1617023091789626
147 -0.4299832744498217 -0.17618845725957494 0.00385572655420907
148 -0.3466463789779779 0.0788972939853312 -0.27358855896584194
149 -0.31719254982686407 -0.35408620094406407 -0.08336322605094053
150 -0.42240687136702054 -0.18460678419806759 -0.10516054600159629
151 -0.39118448312102894 0.08765710113630505 -0.27346291904841225
152 -0.4043750500880231 0.03570533072263529 0.1054920944858146
153 -0.4366718840695877 0.05176155115190462 -0.0038055532154938295
154 -0.3782029194287168 -0.1644416278624236 0.2365505941487572
155 -0.3660885129902672 0.18761851705375585 -0.037067499274734676
156 -0.3825035257932578 -0.17935678857075546 -0.34404262649268774
157 -0.3370202738452741 0.05516502312418453 0.055531326445139
158 -0.3242729006584933 -0.16526458576860592 -0.175975175792761
159 -0.4113801610847191 -0.18743308346346074 0.22039181418425657
160 -0.3502038928257455 0.020889711760578033 -0.03582853953696425
161 -0.371626093781102 0.33692950852689485 -0.1573215945394279
162 -0.3802711396371236 -0.040685929099086755 -0.012091340946289816
163 -0.3235160270536163 -0.010540417938263375 -0.10280448507717593
164 -0.34064404147546967 0.34923884672775013 0.09020472429857625
165 -0.2835707324776743 -0.11540096267505286 -0.08302402686109471
166 -0.45473792341071667 0.012978800412442863 -0.09450996973910802
167 -0.3512189689943041 -0.06456206580074667 -0.025432232075060995
168 -0.42551711947430526 -0.11584075691745209 0.03524289390879559
169 -0.3193537169926943 -0.028890939077076475 -0.22841735523782952
170 -0.3108584462205237 0.10890281798037364 -0.25104370150883387
171 -0.3566473109553888 0.18135172965585222 -0.1911701384659537
172 -0.44346874302790523 -0.08850095056603395 0.13742478021574547
173 -0.3082377272007847 -0.005891313287850584 -0.11601526579184758
174 -0.3307532339037202 0.17835531035440394 0.04470867516926237
175 -0.32611030676538555 -0.005697633435372168 -0.1634232124088025
176 -0.34202472270389617 0.01211631723265323 0.14397465596318493
177 -0.3544104577769505 -0.2700995595723264 0.007111833621554504
178 -0.4166871391945432 0.1894959592281773 0.2885753086808876
179 -0.3223885491291247 -0.14060290371644413 0.03426913051080534
180 -0.4103539869941617 -0.030118720482685563 0.1929488136206229
181 -0.367751498874736 0.09978654738746735 -0.4766320347857319
182 -0.5073622312131881 -0.2543186650596347 -0.2690618800455373
183 -0.3325778002011034 -0.0787202048739581 0.02607230755389286
184 -0.35074866223526585 -0.07121622749611303 0.0896258730630133
185 -0.39515238526135227 -0.1843181971821809 -0.156575801797164
186 -0.39676674064768236 -0.079641093687704 0.1765726843345025
187 -0.2805413081218845 0.3688879313589685 -0.0821181231596215
188 -0.4088671728208216 0.061834322756628375 0.13792743270935665
189 -0.40853458341324134 -0.00310986966780983 0.04244412549670732
190 -0.32809735702675896 -0.07562474777630636 0.06015651030019818
191 -0.33256451861493147 0.38545532555275464 -0.07256321086031599
192 -0.39419917947441063 -0.07174023384737555 0.18462828398080486
193 -0.3566661574222871 0.33933976325145787 0.046105382312359805
194 -0.3281228493017741 0.19290369572540042 0.03594670836319251
195 -0.32902898270182257 0.14365429158967388 -0.10050057768959408
196 -0.4060502539084421 0.25018914543453175 0.06639910202258942
197 -0.3465036169950196 -0.15160905316703613 -0.053304498754403316
198 -0.46213942116429724 0.4676115804563161 -0.04734357902824399
199 -0.3823690761581577 0.007992798632951433 -0.42955219424083985
