200 3
0 0.005819237290715506 0.0036680358373148564 -0.0015944556755921636
1 -0.0016653233529800473 0.01137892855000125 -0.017933174838310903
2 -0.014682603192335775 -0.0026780180664105185 0.011433958565668884
3 -0.025260839360718476 0.012501251669163577 -0.014021076319679998
4 0.0003562468981764405 0.013063829597733202 0.01831113425520245
5 -0.013393468718951917 -0.010519218186348806 0.0049977231928769045
6 -0.004270239436382438 -0.017503250256906952 0.010627856153475536
7 -0.005654480159857027 -0.02347704614073025 0.0027814676560134685
8 -0.0037706176644308614 0.01335939394470714 0.00786422392639801
9 -0.0005406289906928693 0.01000146866071503 -0.01311552021144343
10 -0.009378913102999811 -0.008049583047421784 0.005149634166070574
11 0.006228714576050544 -1.9923559593806872e-05 0.0021266320308127697
12 -0.006898956455542465 -0.0049877781063503625 -0.004481046916106641
13 0.0005065133563199684 -0.0008225345842826012 -0.0011548769933221875
14 0.013344408960537596 -0.014284013866075113 -0.003840327469419695
15 -0.008782955839766278 -0.0005341098686479535 0.011192769040836194
16 -0.013327527150093688 0.00226708519853451 0.01912647461667868
17 0.006323289159408645 0.01331485691247071 0.009203601911026286
18 -0.006977861387140696 0.012758353441530654 -0.007550238932120729
19 -0.0035008011689756854 0.01180408657667118 0.008158801889662393
20 -0.027696462680239127 -0.006627639600304658 0.004566044514181106
21 0.007323348871721265 -0.00778622323266466 0.00681749625451171
22 0.015281018626137788 -0.012643831981823561 0.02223796117504641
23 -0.007249138296477622 0.010428795031778744 -0.02137735617752358
24 0.0033186182966503993 -0.01397176588182581 -0.0076478373787826626
25 -0.0033111375584096298 -0.00786429042402377 -0.0015254081248057445
26 -0.003809738450183106 0.003146798342607844 0.006463875022472587
27 0.006342554184833284 0.00733689378569556 0.024184859774786654
28 -0.012605595139821256 -0.004572605461839883 -0.010192712688110478
29 -0.013311915662731058 -0.009239639108752085 0.0026813428445317013
30 -0.00037176433775660406 -0.01799017653265761 0.008422670794811932
31 0.0082732743181414 -0.020741503624929172 -0.00021811598959784254
32 -0.003349381840246586 0.0071655459625709975 0.023015770240431922
33 -0.007646845787057821 -0.0031185853607862933 0.00019462086103365361
34 0.0018132664528057799 -0.0007454261816542129 -0.0064333440768786065
35 0.0028719238854747857 -0.01407997249705617 0.0036898550852204684
36 -0.0005918943285300807 0.025621105930119403 0.0020489673035186187
37 0.00965506351874812 0.005851900183665493 0.0044389087179252315
38 0.0012388023371566678 -0.0059168518001573266 0.006835706523477727
39 0.010189811712689775 0.0030747601665607333 -0.00043743457503473554
40 -0.006291299976821711 0.004400054242528562 0.00149194335050689
41 0.013810600898969835 -0.005172607895720112 -0.013432158482906693
42 0.0030515383545489565 0.014797892631555017 0.02215217729375149
43 0.006271583668013447 -0.0027371298845091877 0.003255883870321316
44 -0.0007547630664454606 -0.002627557951968014 0.010043100502056694
45 0.008133286155564176 0.004150568396744658 0.0050338477687977
46 0.002153668035693043 0.017000458412398084 -0.023376631634218173
47 -0.006032638974074682 0.015947452841108403 0.008992151956000241
48 -0.011974614197573147 0.0027914129361764073 -0.029127412263146343
49 -0.0019999579164894643 -0.008340763246484369 -0.0014585071233384145
50 -0.009144325496381894 0.010940755500221916 -0.007518602194801563
51 0.007092400934022358 -0.0034700000691485836 -0.007467537677973559
52 0.013289322026367317 -0.02776622472228485 -0.0035322266254114616
53 -0.009985643655590834 0.002936493242504893 0.016092841775164617
54 0.0056885483381530835 0.0072246188532476205 -0.00386600203202591
55 0.008655811486381032 -0.03422796228580206 -0.007655410674960651
56 0.008737891199012443 -0.003259967106172379 0.011150423318538882
57 -0.016154676923208017 0.012877364981608318 -0.00871751376294709
58 0.004328923666175197 -0.018362321524121095 -0.0020590779364191743
59 0.005878237941936697 0.0035358414977796696 -0.008030672769427871
60 -0.001584366083616541 0.006867101511730592 0.003669211162453067
61 -0.008328877148187183 0.007210557653067067 -0.014716717651525504
62 -0.0011063940709707867 -0.012660622572602745 -0.016308357951197335
63 0.008062969165054987 0.006501016899549156 -0.0017525304752668107
64 0.001941927193891628 0.013588719393821967 0.004983329464157532
65 -0.0136485883032115 -0.003319747554223991 0.006003940460658351
66 -0.0132245200581339 -0.004911915724322768 0.009046221338053963
67 -0.004829947970603134 -0.008920272027829225 -0.004342474231870924
68 -0.004882692377917543 -0.010791884383112713 0.0031971582204004447
69 0.0051466013754639 -0.00583840869991073 -0.013164217059317581
70 0.0033539101028875265 0.0015892213219799983 0.007760292813755998
71 -0.00023475903662891536 -0.01658617058205316 0.005813178700872654
72 -0.01150012722001495 0.007996224544899268 -0.01611544979476987
73 0.00667060856370668 -0.0075822286241777614 0.008313674677790074
74 0.01315739933553313 -0.0040099509104484996 0.016735156566969906
75 -0.009985808731239647 -0.010902454405246405 -0.007144126284559717
76 0.009337881750864984 0.009182309423955287 -0.0028890896615976474
77 -0.019877645309533405 0.002738801004877868 0.0019379726894737902
78 0.02171709252065908 -0.0023730173187804862 -0.006857012763783307
79 0.01010300115786806 0.0036478783214647717 0.005864662566818349
80 -0.008360816600139813 0.015255103820508084 -0.008679302222166639
81 -0.008432211828527963 0.012902274444509032 -0.0022427789805700184
82 0.011227917192364191 -0.0004084358850724619 0.005036953767293767
83 0.004884490058038399 0.002989260846427956 0.011174935457419478
84 -0.015557098719856194 -0.010322465809275767 -0.008789769378006906
85 -0.002204319209176267 -0.00012329731694425694 0.0018620552071525152
86 0.00683975140794621 0.006591084025568163 -0.010315471539942339
87 -0.0030110726643975197 0.004041008949761206 -0.01169868825088713
88 0.002610666837276742 -0.0006430897934492502 -0.009239654370368514
89 -0.005672995530289583 0.0009591224546194183 -0.01330588435077762
90 -0.008864930581247224 -0.01517747404643853 -0.0067871695277305025
91 -0.008514821236218186 -0.015856243361366512 -0.016959104660670993
92 -0.013951344752686216 -0.0030563077568571476 0.005601568987478576
93 -0.003995706897215227 0.0020760887530071465 0.007024563067237571
94 -0.004482256342359173 -0.004201749575931439 0.013681910331900221
95 0.0004401688404627414 0.021786310824828098 -0.0023710664499323533
96 0.004870937239381597 0.0076348570681671855 0.0022670766789054473
97 -0.009549096203075133 -0.015917238670499365 0.0034667816481201846
98 0.011807219240512312 0.005120019520840981 -0.016099559630790086
99 0.009496430438603204 -0.008972825650221252 0.005301417829574637
100 0.014087340157737391 -0.00041630802404374334 -0.01582727867480671
101 0.008673388555017467 0.011835830125672533 0.018175113214710444
102 0.019859980080427535 -0.019774630273402392 0.004140628822655368
103 -0.006108136581543532 0.00113398709569058 -0.017180054750716073
104 0.0013318309987377167 -0.011739522492985963 -0.006070067988298955
105 0.019157300771683886 0.027875546512907093 -0.014209872220026204
106 -0.008092563301164604 -0.016598618124068314 0.00529713154624515
107 0.006273646803852631 -0.00909417927113013 0.0032107436931818265
108 0.013447808727286008 0.002405775125498083 -0.012546928203294255
109 -0.0160671907453636 -0.008178064638985787 0.015579452660007584
110 0.01448742447806084 0.002497933366130231 0.0005425978425712408
111 0.006489770448663299 -0.007759007638465258 0.008168218006785593
112 -0.00822070331304213 -0.008293787922103774 -0.019075340659975126
113 -0.008236591663195222 -0.012153457170285917 -0.014914908572231579
114 0.000271573004219745 0.0004280219660203269 0.009364403238474879
115 -0.013902191110359544 0.0015677089579623077 -0.014086976876085844
116 0.0029587756192502868 -0.030448211093121486 -0.01523054560915997
117 -0.005107735904657009 0.014984626279359682 0.013424518585907305
118 -0.014138130587502282 0.0051722203706239325 -0.013333070461783933
119 -0.00033244759799338705 -0.011521651288926064 0.021017782784607864
120 0.0010066950566699085 -0.004611029198388794 0.00625006722704512
121 0.015325908135648797 0.01752010022726195 -0.009665982959677834
122 0.00877432911745131 -0.001402925984884014 0.004998500004020034
123 -0.013717846251344853 0.0014286151624020652 -0.012073872455500338
124 0.0102729370369403 -0.006641168279787394 -0.011316243122281057
125 0.008429868114916736 0.015262878619646286 -0.002299224182538676
126 -0.017092287837806093 -0.016291842904543635 -0.015901000930858583
127 -0.008903942101016499 0.018476551121959898 -0.0015628293459008236
128 -0.022895430877893752 -0.00816005705155333 -0.003390282773574234
129 -0.0070117558786253475 -0.0093181922124193 0.0006075771172535825
130 -0.020716970423929164 0.01356613153514747 0.010016612393163135
131 -0.020332252361488917 -0.003166094833455431 -0.0008264546057615424
132 -0.0027289142230663144 0.005675837658262399 -0.0026809454384965348
133 0.022411391314042788 0.0030815375718276916 0.002135976655967424
134 -0.01923736498108143 0.010783117830021335 0.006629426783984978
135 0.003274129593011923 0.014533000980239755 -0.008006292805604512
136 0.0066129710100244 -0.008064092906595308 -0.0034560709491383915
137 0.004973914613812372 0.009194588786178595 0.008948557996108303
138 -0.025008680161610626 0.008103791581845385 0.010798798308356044
139 -0.0060090347489802805 0.00999607710365883 0.006675570720203403
140 0.013460140191818307 -0.003915638256669227 0.0017483815372964211
141 -0.005438032675535451 0.016568278040215784 -0.006057445725373412
142 -0.0076998142592513315 0.0065816619690536385 0.0007485503133806137
143 0.02205746438054347 0.016474269655041493 -0.0040329000862686475
144 -0.017820209779634263 -0.02030033780317546 0.009759218393886125
145 0.008345666147365718 0.005481594528081318 0.015819470298871194
146 0.013820964400827886 0.0013038419406825458 -0.005977594880181195
147 0.013155373259387385 0.012802684317262517 -0.012044883119651718
148 -0.004570573188195328 -0.0042411256096558415 -0.00029182078619338636
149 0.0016337708094420825 6.594417329092855e-05 0.018395013208572453
150 -0.002821727985867252 0.013034727441023464 0.019584456641609613
151 0.013116440852269554 -0.007436064396727282 0.01825146271508076
152 0.011894730108986624 0.009141221085149247 0.008293973807269872
153 -0.004937843641021421 -0.0009576509376439737 -0.003316727947167919
154 -0.038021795257563225 0.0016362395665319024 -0.0014501186160459922
155 -0.024742471978282873 0.016444450840525947 0.005373186353139887
156 -0.002610167120029306 0.01602250992570811 -0.004230734312927996
157 0.029247510920699826 -0.007832965423737195 -0.012007746556385063
158 0.023242498570416673 0.01107152358850113 0.00306431792937421
159 0.009113899735776976 0.002097337630357682 -0.00782892369057863
160 0.007655345401940378 -0.001875158063480143 0.020789058154504172
161 0.004255259397393336 0.02309899563236241 0.003660285475106405
162 0.018146141120274337 -0.015565342900301926 0.013221792092144372
163 0.013382255112950749 -0.014971284077545756 -0.006728085183616176
164 0.006075601675446286 0.008308317768375283 -0.008705545911646129
165 0.014077544330951541 -0.015962075681261317 -0.003977790972390857
166 0.0010963667127152025 0.0035742295069945418 -0.0005532955094134373
167 -0.00400402651835741 -0.0001847450725063378 0.0011850264619831762
168 -0.008450596105137872 0.005761953747343923 0.007861830051856457
169 -0.0008197997155665396 -0.004980025973969092 0.011643061471548208
170 0.014668646681424626 0.0004414203953102963 -0.002189806935017075
171 0.007317717439860885 -0.017037814766905288 0.005868207053898067
172 0.009824363041307696 -0.006672597075205882 -0.007457997667216942
173 0.00544111729777573 -0.006678173807379083 0.0073453628649273565
174 0.007256615494172891 -0.012162611795710737 -0.007648229499393391
175 -0.011995564745856793 -0.0009285435874544969 0.021217167204715753
176 0.005113046976011469 0.005636105843130852 0.01800083732630583
177 0.0037886196677763516 0.00010292232813438607 0.010740281604629684
178 0.007886248046459758 -0.006765833441350795 0.00032513715888019684
179 -0.007949792969672314 -0.007244672828183498 -0.003207401518643317
180 0.002444155269577494 0.007008456971078256 -0.006310296791892161
181 0.012732275683825105 -0.021370930970586316 0.002359794445618662
182 0.019451662093394814 0.007564557618594224 -0.007649620478267574
183 0.004375586252254584 -0.002977030055989968 0.0005014716306789464
184 -0.005436904103551482 0.010896334558590223 0.02224535903789829
185 -0.013384453515385836 0.007831455376009325 -0.005201834745857448
186 0.012944162348604828 -0.015066405982515657 0.0074472134459607035
187 -0.006639079526480823 -0.00397497952557322 -0.004222439170524095
188 -0.008475630359323819 0.013489193521953727 -0.005102843500488702
189 -0.0130514999502266 0.009950358949293914 -0.008163187326365243
190 -0.004137816939269054 0.005237162026626361 0.006906106108339673
191 -0.00023769656595047227 0.00237668872374093 -0.01701079909491353
192 0.010670042519709858 0.01855987477009171 0.016647383081928695
193 -0.01404330773575875 -0.007695142772751393 -0.005580250702960435
194 -0.00680011980727889 -0.004299012876715713 -0.017766184540622662
195 -0.0039022000410696596 0.0059799758715491785 0.030694148090674493
196 -0.010619488814030173 -0.0009967555277589843 0.0018025112387666667
197 0.017198364580050834 -0.0148004164715618 -0.0033484060533238887
198 -0.008455171754258556 -0.007947247707736615 -0.0191871570335497
199 0.013712581632379685 -0.012671452966020597 -0.009193110515078968
0 -0.008510948708631387 0.009223723427355529 -0.0008499010086117989
1 0.009044772984559732 -0.01629891892448022 -0.021028813660904658
2 -0.005773403640727842 0.007947842453906614 -0.00724799229367299
3 -0.0048050338696192935 0.00850421319444604 -0.009608475783249498
4 -0.005252012421634977 0.007030862302751087 0.012662953946712158
5 -0.01724604180042691 -0.0033281124332097123 0.007711798145429001
6 0.004919411412017025 0.021814364811669092 0.0007006058295255108
7 -0.0035904634476924477 -0.007800477538231376 0.000933715012542493
8 -0.02237625428982143 -0.002395665939260147 0.0020169777200308835
9 0.017808520628145686 0.002296849237200374 0.003253366891036606
10 -0.002364708889323181 -0.013590455192017101 0.00016655803979585566
11 0.0010040177658655475 0.01270931191367965 -0.006981932881699465
12 0.014487031533442472 0.005087263958610717 -0.007723468204507743
13 0.005826162500191332 -0.0018518590122957052 -0.020227298913903714
14 0.019882137911464176 -0.007368156341758164 -0.006164666093933527
15 0.011160785684077353 0.001047211737025669 0.0008251046282387736
16 0.0011245422769249301 0.0006139878233631206 0.0008539845197037335
17 0.001945803401208486 -0.01788125763809121 0.004840604790065137
18 -0.006838138146394626 -0.007989331276222571 -0.01089449696272906
19 -0.010370342236795484 0.0032558815254900737 0.0011507728118482982
20 -0.008433061560739273 0.021172898816282357 -0.010410890579194535
21 0.00578014374501401 -0.002963034170923022 -0.0034869701628337454
22 -0.0014805790518921252 -0.022551531940520342 0.0036157973261632947
23 -0.014751100321348583 0.0015980019032969042 -0.013841367562914486
24 -0.0007112851518522346 -0.0007758577119880844 -0.010775137648216776
25 -0.002096727354734089 -0.000814504390345562 -0.007664951317410048
26 0.024322218787858556 0.016867634563989792 0.014408590417321489
27 0.01163317549295459 0.0023041116569015377 0.019172333158470972
28 -0.0033527328770005527 0.007001744245773326 0.005018694888310263
29 -0.025389852426708617 -0.022740695695713756 0.013272629555443397
30 -0.015044743229297004 -0.01612870688690228 4.516322556567115e-05
31 0.00922576353860572 -0.00971950869990236 0.008938292974503678
32 -0.003417264926681162 0.0028651116321660314 0.005890680785678254
33 -0.014604778243632013 -0.002968704287734507 -0.005648046842051776
34 0.005755829330977999 0.01471191848382139 0.006477881397362203
35 0.005682464151847411 -0.0012793620715096446 -0.024383424810913067
36 -0.013760222199785274 0.0028720508818003976 0.009756775050880049
37 0.021997073415820093 -0.011894394524475993 0.009960022087476435
38 -0.0018563339392947374 0.001541081483307654 0.0012726776149964737
39 -0.005824010325212334 0.0017387322897661137 -0.007127112398418917
40 0.005087621051228346 0.00415268295394574 0.02153314220457156
41 0.00861506545384541 -0.014753461229336094 -0.008659492913890628
42 -0.00023026375454675632 0.011340124737712606 0.02092934203499988
43 0.00961702883393293 -0.002686639706102032 -0.007093326680388527
44 -0.0040704360662658125 0.013299926124662968 -0.001964604882864939
45 0.01597178811173433 0.015409406344483997 0.008898266238240728
46 0.01887462465131943 0.007419170982017498 -0.01738409841620424
47 -0.006213941856875613 0.006033751430581852 0.00889640978971555
48 -0.010960629245772097 -0.005229439883774507 -0.015889122959919552
49 0.01998645577113649 -0.003481182599295904 0.008347039986594144
50 0.00046026553941941155 0.012555881855726245 -0.0015580688785967953
51 0.006329105332347214 -0.006707303253673205 0.007378894200689174
52 -0.0025933272368908883 -0.00996746579265402 -0.003053844126773321
53 -0.017834529341400007 -0.0036089233863224567 0.010969545182027952
54 -0.015688139489402127 0.003412883594789605 0.0007743593340518509
55 0.0031660530558799346 -0.00789080800019748 -0.013403157890093668
56 0.011165416957018039 -0.013770971268427391 0.009084761206082231
57 -0.016591264624045865 0.0034569943650357513 -0.012834893558533449
58 0.015049753392644041 -0.009790522545488303 -0.009329494703329999
59 0.003678505346526896 0.009239960989734966 -0.0025420389045566275
60 -0.0200688394633377 0.006840614730905498 -0.007157998408338602
61 -0.0034051937854682884 -0.011251572723014362 -0.021882375722658845
62 -9.095720071061568e-05 0.0029208929476525064 -0.0044732446426016745
63 0.011207287083493587 0.006639498189829597 0.010670905282472304
64 -0.006368887034815786 -0.0019434822068793156 -0.00042113179735210615
65 -0.018249881370413792 0.00629232384596542 -0.0048321034163299505
66 0.004105075152706594 0.008413486351930434 -0.0036295913716568005
67 0.02035901696360689 -0.019370913290649147 -0.017812597865265914
68 0.0025928895920207277 0.007940313117015667 -0.0051970125453778175
69 0.011352437981107303 -0.007130395994857222 0.014964567738032866
70 -0.013577990562625132 0.0015144481149848513 -0.016173217844285073
71 -0.004366115291118418 -0.013820430720487407 0.007749365763496566
72 -0.02824722387789186 -0.013879563855304998 0.00405547199739485
73 0.008856497294233448 -0.022146065099596712 0.010652868466121505
74 0.012336443598230995 0.01204646981946099 0.003998824996661224
75 0.001887676649059731 -0.003218809664732397 -0.007028218867721314
76 0.0008476102015469097 0.0011853386309479616 -0.0030708318756309787
77 -0.011702744956715472 0.017298234324546122 -0.007874352206089733
78 0.0018193918670212639 0.009251158939187806 0.0016542200626253022
79 0.00857879633902318 0.010155435033875601 0.008800432439707441
80 -0.00339911301893836 0.012453070811225701 -0.01624635010231014
81 0.011377352315083598 0.0064956320190383415 -0.002965939229656104
82 0.00599596396599579 0.0015118293819265625 0.015488676243391036
83 -0.0013554249842444993 0.010119614779119906 0.009767523556281646
84 -0.010651266075886776 0.0026191020117177152 -0.006150053187309143
85 0.0011129735972845983 -0.004818129281314136 0.01111979985892858
86 0.021099547354357297 -0.003396134959619615 0.0007949613918445762
87 0.007360903767363321 0.01046254357254476 -0.011486713875638752
88 0.00010096881691202403 -0.011063438977581178 -0.009752727344933487
89 -0.0055219809805944105 0.0067799767086410626 -0.009610436613092382
90 -0.008926317698060814 0.002262177830533351 -0.008281263895039965
91 -0.0035476467371384802 -0.006091776009485461 -0.007164038321996587
92 0.003332237520125743 0.014183388959413349 0.0030877748862247825
93 0.013034086499037506 -0.0005205527009338254 0.008796912971005436
94 -0.004963972294081187 -0.0035748995446915482 0.0045571626034101725
95 0.001919017915331083 0.012495914945172354 -0.0007295671562798575
96 0.0011151661484744071 0.0017934243724563592 -0.004583632861728399
97 -0.0027678611378881765 -0.011610692126107755 0.001631943196964969
98 0.005611209062686723 0.006750774249198031 -0.0038241285759715443
99 0.0059719544148684744 0.004796252937620494 0.00444118129755414
100 -0.011057597056568006 0.014716936624606058 -0.004309789424143569
101 0.012581356818207018 0.018926626352279846 -0.009034337211957318
102 0.003161592208119457 -0.004994356256545471 -0.009357584151733402
103 0.0011626411240406379 0.009257003943555706 -0.002203060845104285
104 0.006380295941630011 -0.002643234035007512 -0.010625987239702837
105 0.011277182787246057 0.02110102039141032 0.004990652557965396
106 -0.005441410814192853 -0.0009740947960416441 0.008200912865786829
107 0.004390431699880001 -0.0020610538189329147 -0.005550244334309673
108 0.005581158099882397 0.009888434575242251 0.005750891314760325
109 -0.0106067277899064 -0.0027833331680303663 0.012333257097422362
110 -0.0034073713504558373 0.0058881046595784525 0.009479897019787149
111 0.0010233032253269955 -0.012931594927181475 -0.00521003379151293
112 -0.01530948119580805 0.0034375918836678427 -0.0064375580396863336
113 0.003402030445651613 -0.010943593935647464 8.585831882535616e-05
114 0.00597454405612236 -0.0054580204359883505 0.006301261951982287
115 0.010816769441704406 -0.011431272322872263 -0.022420901607657195
116 0.013028690536532241 -0.018873747744559397 -0.0030132995007337224
117 -0.0020690756868757924 0.004842352262038517 0.0037308187039800517
118 -0.0116526534293592 0.005241801317724105 -0.013552592379607195
119 0.001347007500195771 -0.010480869574134369 0.010001046495516072
120 -0.004625937605513733 0.01228341951397674 0.002971161466622376
121 0.007966355901000935 0.002487078195962243 -0.010789421527592227
122 0.006129762100677644 -0.008616970506045797 -0.014097512492396262
123 -0.02039641032533389 0.0007190682749960813 -0.006977082175719372
124 0.0015184651968381258 0.007829300307818261 0.02421534987485681
125 0.005158355265372963 0.010148286395852843 0.002724977829160615
126 -0.006674045136665613 -0.023972726500477187 -0.024624442997018908
127 -0.012163813862852826 -0.019666056820471844 0.005596353564013366
128 -0.019969061546794398 -0.007157871326012838 0.002516278135987808
129 0.0012109228135471842 -0.005786693825366 -0.0012728856408219403
130 -0.011697541788398408 0.0017968598107955744 0.016119013378028096
131 -0.006635671264671544 -0.013460921911997631 0.010708995131884433
132 -0.01586972975247393 0.011380584771472354 0.0006797183358895342
133 -0.003425070209209062 0.010012649295654388 0.012317247887083767
134 -0.010526632547797954 0.007722611361508196 0.0037231326019077533
135 0.0003200096428177604 0.015043467206357339 -0.02066912687241918
136 0.013296989653782027 0.0022298535521130935 -0.006165316525901545
137 0.006875166774646835 -0.0007730641817807575 0.011041768421083745
138 -0.002119958414069187 0.002060928130705875 0.0013220278914581954
139 0.0053021148057207056 0.01794385089145035 -0.0028600404811414057
140 0.016135600072784917 -0.011549267071538534 -0.006074450737235294
141 0.004221285838663348 -0.003992386890331906 0.007313090083435513
142 -0.003824336447854567 0.0006288745827468453 0.02390807863387001
143 0.00603533682475383 0.017325972136997284 -0.006149467497313198
144 -0.007556257016239756 0.002992962167190286 0.004072650621012315
145 0.00702678442262987 0.0020982221158782274 0.0014391724807486794
146 0.0015804069761246181 0.0007107976311259978 0.004896763606605295
147 0.007691167747357813 0.012330736274903824 -0.005752827009949307
148 -0.009390883536523457 0.00544463725571274 0.009019797648382153
149 0.009746406317277807 -0.011939947250502344 0.02066448242010481
150 -0.01212881523174772 0.003533382892936532 0.014460114599741933
151 0.013027805240584361 -0.01768663271659346 0.0008180186042684723
152 0.009698792621400006 0.003825286759832687 0.004212528210097502
153 0.007559113244473198 0.006943026646269562 -0.014089643330312804
154 -0.0018426563055297246 -0.00022368622091893664 0.00871081727492997
155 -0.02658729352692049 -0.00271313758822447 0.016189905048772837
156 0.004808105630802575 0.010967424319359063 0.0008502412230500245
157 0.023877374666629925 -0.010371720379823656 -0.00786337288424567
158 0.010304003948382809 0.012821098721335057 -0.0024803425973244815
159 0.014305099637799211 -0.011370355400251485 -0.010808461514857405
160 -0.0033540013877844076 -0.010244120425056569 0.01777281600935579
161 -0.006408385521679046 0.0036096002292087676 -0.0019543040976567685
162 0.0022510684510482215 -0.007757014881248414 0.028801782468306933
163 0.015720355536518647 0.009235443022695317 0.00824642322221715
164 0.006185075476853003 0.003727515408515694 -0.0026721096351496505
165 -0.00034497568821342806 0.003362630725087551 -0.011742430153562008
166 -0.0029790855335454173 -0.022334177073733967 -0.013024966592655764
167 -0.004805407132132209 0.003880373247163251 0.008790842506538232
168 0.0014989471315435474 0.01657430488036308 0.013060759556817833
169 -0.01766572361210873 -0.001974902012712429 0.007217677165456952
170 -0.0015291159520511508 -0.010699047876602072 0.007828413797231794
171 -0.01103028036318163 -0.00896471084405568 0.014859580073150858
172 0.00779883815591699 -0.004932334324230994 -0.010398835862507533
173 0.005658926506101274 0.0014839110494964686 0.0012165934975473108
174 -0.011013540108788463 -0.016758415398149762 0.003344354979901671
175 0.004436951151951571 -0.0062315828708517495 0.0009728168158493894
176 0.014011340395168298 -0.0008589217228248056 0.0013405001693778326
177 0.0022261493083725326 -0.0024831005646913217 0.015134899501037621
178 0.021986582353004533 -0.00961389092912833 -0.013694142315838896
179 -0.006773103339394373 -0.009835527895962606 0.0034795774271132924
180 -0.004289084510595801 0.01884716285518008 0.008114922389265335
181 -0.0036961812841319885 -0.010627783719257725 -0.00019183635031040473
182 0.01799775599889697 0.008799964344095967 -0.021922202529287282
183 0.0016724081786408732 -0.013588742632517734 -0.004054086445475951
184 0.0040749618806931315 0.02746992161609116 -0.004212698018273522
185 -0.0020835306651952115 0.009389393052157663 0.011137264657784193
186 0.0018807485661302067 -0.01697250882434504 0.0027495778340364714
187 -0.019462616940066832 -0.002261341644815923 0.013968397577674799
188 -0.013427739603061581 0.00601425146258576 0.009939373975726074
189 -0.0176622051118481 0.01966390429299645 -0.024990052909104873
190 -0.00022340405386867684 0.0036548726637341336 0.0062856474098166235
191 -0.004131628860592478 -0.0030598199720260483 -0.00725396702469687
192 0.006089217350530793 0.009774749235103852 -0.001909831929705716
193 -0.0005646774508016317 0.003925388746256246 -0.012306841484833242
194 -0.014358586816543825 -0.005465893452709872 -0.013680956869819502
195 -0.0018125204789289228 -0.0017080503507784991 0.006454522977419538
196 -0.009854407631018677 -0.00393332498775225 -0.0032525526729060743
197 0.02245841217478467 -0.024000546966854927 -0.0027521201582297672
198 -0.0021786462780117727 0.01184257072069352 0.0068243732591234535
199 0.00982107916052593 -0.015998111169698487 0.001268355127740848
0 0.0007149957047527349 0.001546687073412649 -0.0039901984463474195
1 -0.009054011505323385 -0.003274502749865439 -0.02113166116406466
2 -0.004469805449910019 -0.007872656142210811 0.012410616149846416
3 -0.003972381908772693 0.018160608891371055 -0.011067523226873224
4 -0.005150603910787931 0.010977198264964703 0.018466027715839203
5 -0.012134560325576152 0.0037048005659467524 0.00402151700054347
6 -0.005463352926991898 0.0037635389182302872 0.009352044649704468
7 -0.011950558055760951 -0.01298951109418127 0.003278441476929527
8 -0.004148738357584905 0.0043235198830839094 -0.007711507565960847
9 -0.010287007211679244 0.007282753599267305 -0.012447364283330507
10 0.002452156916824152 0.009954803349812816 -0.008595339572173163
11 0.006654687636456196 0.0032086415565422827 0.006137977589524736
12 -0.004824475644035347 -0.007769764892594479 0.003537093659789624
13 -0.004207254519842467 -0.003466200988460349 -0.0071615633373182455
14 0.01329299454388512 -0.0211311730920391 -0.002676099210554419
15 -0.003310702018225805 -0.00956712260311653 0.012644188012869956
16 0.001746826208355156 -0.0015655353016351932 -0.00026775076918515023
17 -0.01279448061143158 -0.019915103979085275 -0.0035687185178558505
18 -0.005678811798852747 -0.003768765681224231 -0.005879188420660875
19 -0.0027130511107087973 -0.0029802662807637166 0.011543121638927133
20 0.006199715759013069 0.014473840635876235 2.2882628972110616e-05
21 0.01039914278625824 -0.00548534340724801 0.01862481670202122
22 0.005070371644070704 -0.017239591145469663 0.0037246941500799907
23 -0.0015027700192750543 0.013746114651948263 -0.01675720929805058
24 0.004278471566883726 -0.0032724889372976462 -0.016880485302863166
25 -0.00960537381187487 -0.005075777835429271 0.0005541035113613181
26 0.007726777481835159 -0.0005908133336474594 0.0035504729062070944
27 -0.004904426553337844 -0.005135379423336769 0.0026863637972838472
28 -0.00542118552636834 -0.011911043448274641 -0.016909509903687225
29 -0.008907016446686108 -0.03258677204541191 -0.006558793949155744
30 -0.0016876471602148557 -0.012162975689490624 0.01129070037420122
31 0.002042542033296506 -0.015039774413568602 -0.0028909305731055907
32 -0.001813806366322293 0.0070919559438619995 0.0021925789352076064
33 0.005466326019170652 -0.00035389990537210494 -0.008650581105283908
34 0.014923226830884283 0.011080997792801611 0.0052597065774531195
35 0.0018035845038108858 -0.004596155603982931 0.005092733654007434
36 -0.003648788679936593 0.007196645053849746 0.004208391168421508
37 0.0028949069359463925 0.014844242173909922 0.009985724343532856
38 -0.002836198085716838 0.01045838986288528 -0.017441314320821136
39 -0.00041466905307145294 0.009747105981320992 -0.006025061634949251
40 -0.0009783879355474145 4.633151262818658e-06 0.0030992501704953657
41 0.005875865226183323 0.0015257324618211457 -0.00744474312978137
42 0.0005968379685451384 0.0074933406351638115 0.0295085156586683
43 -0.0014617336221242894 0.009236171518997796 -0.01441603996333822
44 0.011233928285228388 0.004052488360005768 6.353081545791561e-05
45 0.009942330131393576 0.019241207803761984 0.005967232603898795
46 -0.0038752956007980094 0.008797620035513362 -0.015992186275280457
47 -0.004524343879768994 -0.005001537307852966 0.01866972435481859
48 0.004438036987458531 -0.0020727710267981325 -0.015288026244445196
49 -0.0032610058568251013 -0.010918828846418323 -0.007278899175127928
50 0.00429621085683635 0.01724126345619309 -0.011953254128482103
51 0.007736067173017641 -0.014933540232550745 -0.007536047045837099
52 0.002406396363330541 -0.019395288943086383 -0.008998972329024961
53 -0.013023579224543683 0.004333179844641328 -0.0058058542319642525
54 -0.012253327150969488 0.007316929332109368 -0.011464010914694511
55 0.0029495316779924972 -0.002911004971216241 0.007758505318313121
56 0.005689031683634299 0.001660066971210794 0.025505757000841234
57 -0.00943515858422822 -0.009487355556769215 -0.00735987208304794
58 0.014084660444382682 -0.015064305377574055 -0.0012990200147464381
59 -0.002328105680026629 0.006554039038584085 -0.0147988135945515
60 -0.001902252979171945 -0.003382200352806952 0.0007922908516777355
61 -0.005024951298095805 0.011660614427434027 -0.013865688166828344
62 0.004916389642927131 0.003767550809040097 0.0030820902659406887
63 -0.007496349750372725 -0.0012954241899465792 -5.944245049917252e-05
64 -0.013596150120195296 0.01971448893277658 -0.008541232664406354
65 -0.011052635096087365 0.0033936188328560837 -0.008393933206646755
66 -0.0024398328326223732 0.004774784638543679 0.007259641642429478
67 0.008900143099535227 -0.001779880114362531 -0.005917332334629426
68 0.0012932192224103549 0.005283114183205596 0.0036798809974763714
69 -0.0019569353514072504 -0.012226952595844873 0.00035435713627037565
70 -0.013075904958798588 -0.007924446008298256 0.0056038626931292435
71 0.0017859045972253114 -0.003378389411253069 0.008897284847046771
72 -0.02467626497432754 -0.014065810846553128 0.009693741532486182
73 0.0057269685011996155 -0.003116530150877775 0.003924888743537511
74 0.007090444732031173 -0.002115561943524736 -0.004861785742650962
75 -0.0039208350263879935 -0.014284027729735103 -0.013008492747219824
76 0.003130134140334667 0.00872880487172898 -0.0028301915188483646
77 0.009772462988749099 -9.693964118864806e-05 -0.006732409443743561
78 0.005342496185784737 0.011322961466645014 -0.0069284802792370336
79 -0.005500961259276196 0.006875030199876939 0.004688879690049053
80 -0.017767275128523642 0.004617926547848386 0.00035837864170931016
81 0.011592756274533468 0.023550869185046314 -0.005751507050957193
82 0.006682251860505695 0.006528289776296365 0.021978876594202876
83 0.005507903267207993 0.005895835403310193 -0.004782345666203197
84 -0.015037252652477462 -0.0016975196170610184 -0.003197847714944302
85 0.003222553450561283 -0.014740145150671569 -0.0023477314176882924
86 -0.0017092443728542184 0.018219481765270232 0.005831280988738119
87 0.013435240458235964 0.01197666396641793 -0.02190083128664877
88 0.005795872049335798 -0.004302566101866946 -0.011406893441816807
89 -0.0033965544009293205 0.019428178323898045 -0.014950047198122374
90 -0.004781391678099732 0.003422481227291479 0.006610395265935088
91 0.00029246622655963034 -0.011929542117073325 0.0005862753747199329
92 -0.003371065613724515 0.010408024792706909 0.00357733484140272
93 0.011228379895030192 0.0057198476833853346 -0.0008308872616308929
94 -0.008417713554141622 -0.0018020097390586062 0.014972353263667637
95 -0.0006505906246938404 0.010781151706287073 -0.01796475785959316
96 0.0038338180821300034 0.0047069103279673286 0.007440979353880965
97 -0.006933019516861871 -0.013718793477415392 0.03020165029574677
98 0.005951573809169171 -0.003671106020064721 -0.019771815469425663
99 -0.005906617398982197 0.008145524171027818 0.005401361580003965
100 0.006921928200920975 0.002144825005482281 -0.002663231058925207
101 0.014391528817352492 0.00625875734263584 -0.003931565393375065
102 -0.007366306853981312 -0.006221288474693429 -0.0044920024346710805
103 0.016888593120409558 0.003742005188443819 -0.015807947304808417
104 0.0012063257002966656 0.0011595262312298002 -0.006333524643186442
105 0.012471569978531272 0.015516340767292358 0.016966771491354768
106 -0.004666539471375998 -0.010223884657697219 0.008672793974073091
107 0.01127287097604851 -0.00560519639826286 -0.009721823214984264
108 0.008998666971788444 0.009222836748356271 0.0023973094940525526
109 -0.005833305498551031 -0.010115258751789376 0.013515635884874144
110 0.010337213105687783 0.01103049566778739 0.008017314074946356
111 -0.009173959840037098 -0.007624222714854259 -0.007155514101526988
112 -0.012813730061195475 0.004507808541239934 -0.008729328445933632
113 -0.009767963292940766 -0.02190759722958746 -0.0014682978732208952
114 -0.00958001644983928 0.001034802159046385 0.006218155733933722
115 -0.008870713999807146 -0.0030804335843715065 -0.011764349663142493
116 0.0014992873006855131 -0.005106778409507726 -0.0010445384285244844
117 -0.0009992206369599174 0.003741932496934379 0.0034639453532377892
118 -0.009085909353840668 0.002998404849080545 -0.014172230488821824
119 -0.010777179218173701 -0.008830788150961041 0.00982963914798339
120 0.001357400364619719 0.03031319554013607 0.0031802112654286396
121 0.02016431654905322 0.0017012605843243211 -0.0036982641589511436
122 0.003772050922391905 -0.010860744895981246 0.009980523967352854
123 -0.010482591033018795 0.007932581477439124 -0.00036163318720615345
124 0.01110650674401506 0.0039335860307717595 0.012069234755611252
125 0.01798643974878187 0.006133193588057806 0.004286227610423901
126 0.0033351257854073793 -0.007153187568683869 -0.015237055297701516
127 -0.007525393508205358 -0.0026266059150148588 -0.0134885256527124
128 -0.003031207858902138 -0.014713636308092727 0.01106719664887149
129 -0.006941245655283951 -0.008986585602599233 -0.0011328545435498015
130 -0.0015642626256117953 0.004006038427527996 0.017476529332172613
131 -0.010017620197227128 -0.006330795653461119 0.030813754559620286
132 -0.017947312159879186 -0.0063269704843737645 -0.0038156683881311586
133 -0.0014222152517502917 0.005411674535295924 0.0004977545820115878
134 -0.02357650352376399 -0.0021689594143656926 0.0011701235922664567
135 0.0019652084039982476 0.003219506282368445 -0.004470203695259731
136 -0.0041310400194416105 0.006756634955792287 -0.004693258659118717
137 0.016689919732334843 -0.0003416871236145945 0.005496237587710694
138 -0.0013686922246417266 -0.005725506054485132 -0.015893425064720596
139 -0.002204618059294188 -0.0010395991702371737 0.021058450463360627
140 0.007186797753711005 -0.004328464599136585 -0.003036955175267364
141 0.00042877491759001725 -0.0016582159366705512 0.009881260193251213
142 -0.0007004934260608046 0.007476966143972075 0.0173615434961773
143 -0.0002689992722291201 0.017359380235230676 0.0009088159734558128
144 -0.016365989536596126 0.009810143859269439 0.009622054829184268
145 0.011809565269032318 0.0005129984451767537 0.011915836507165566
146 -0.0011098429220459047 -0.009127971744547169 0.0009210945612110359
147 0.017156306316798098 -0.002167492682385558 -0.007045169215275426
148 0.011776950121125812 -0.005226210378119718 0.0019431657926579395
149 0.004592817071509478 -0.005723539557211291 0.02335202388569832
150 -0.002451047118691242 0.011578747273722989 0.007962230137304932
151 0.012994158401534131 -0.013492813453804445 0.009635537161343903
152 0.006803355366932537 0.006484106850169237 0.00614177958056613
153 0.015663018807544005 -0.008233953145341023 -0.014222285452482428
154 0.0014737352080675808 0.0195627817691192 0.016165750542727952
155 -0.0031168291415467064 -0.004965275454121638 -0.002481457927667338
156 0.0015843781068105005 -8.258638475341223e-05 0.0005321703236926094
157 0.0207777319507938 -0.001016978731658437 -0.0059369270876249575
158 0.007595682826380845 0.006937771549043924 -0.007652512494874432
159 0.005391611995112754 0.012340932448055843 -0.010532004976818853
160 0.006784588129423959 0.0023842119222332522 0.016585207082761205
161 0.009407815478317087 0.01203663314392446 -0.017130958237098433
162 0.009110827041191503 -0.01515126282597519 0.011767732941699319
163 -0.0040243526378139285 -0.007374264412096484 -0.013615030097300362
164 -0.0007172420148659001 0.01326315247298443 -0.002133338537795862
165 0.008917144760619382 -0.004642054587260067 -0.0015890585160620793
166 -0.003742840990037773 -0.011632466581186121 -0.01706953827484408
167 0.0001822477906947874 0.00639339926095445 8.348713670632002e-05
168 0.011912656515229315 0.012190709037176728 0.004089477575480213
169 -0.0026101330100934267 -0.010229750086622528 -0.008052194145451289
170 0.01058069578048778 -0.018044180182075605 -0.007289932417265072
171 -0.005696485974430197 0.0038032570461352874 0.0016135493508572657
172 0.0068587035612836175 0.011486078516509554 -0.009168465517047988
173 -0.001981714312727211 0.0007234060822978762 -0.004059399030333231
174 -0.004636717825915184 -0.02059594758583695 -0.006787191002677585
175 -0.015375128519021404 0.000478421064377732 0.02380106415966704
176 0.002793286562162406 0.010102627586568824 0.008551652968480844
177 0.005441670978486749 -0.003277690862386764 0.02034296074618279
178 -0.01040380340682353 0.008629662842019305 -0.0007317741993488336
179 0.007900299394791251 0.0030200344917148125 0.0028610062432672207
180 0.0030524900177966753 0.01270194623184362 -0.00541464575371987
181 0.008756993747369754 -0.021193025734681348 -0.005383672091062942
182 0.01719247449027192 0.008210842835517686 -0.023562880382883206
183 -0.0001502893182395177 -0.007849008393740059 -0.0018903594665752362
184 0.00064029176107551 0.016176780488395853 0.0034481300052459085
185 -0.008636520485410429 0.00048125113536091196 0.01051792222332705
186 0.01137150968983975 -0.002096402123939828 0.0025610063626020398
187 -0.012345041437328758 -0.021461402193387318 -0.012353555174242175
188 -0.008895181727511497 0.001335051000649387 0.007064569080422686
189 -0.006271123766520878 0.003734572586349308 -0.012076211684920624
190 -0.008752623379610538 0.0035860787991374814 0.014223067542202573
191 0.005299069577051046 -0.004129304404260694 -0.021544000595660223
192 -0.004632088265362804 0.002003049824809866 0.01605971179489981
193 -0.018367363001475324 -0.010457303108825006 -0.001825294433750048
194 -0.010782998284629947 0.004295010501196073 -0.015766947655155697
195 0.004895527092669342 0.006341694894412726 0.002485722132517132
196 -0.0133106030114276 -0.008777687519772235 -0.0007457008283324462
197 0.004281040113805798 -0.024997074480008957 0.005468937145851081
198 -0.013966884824184685 -0.007034287583868104 -0.01643341538851833
199 0.0012736906485148539 -0.011610736788616363 -0.0033074366048302384
