200 3
0 -0.5223042304536504 0.5153682849769784 0.19803627182312827
1 -0.2351341408419615 -0.0596750406847486 0.6160966143595396
2 -0.5374381534575455 -0.5306288955549977 0.028166872366952873
3 -0.5266568294366812 -0.48947438052173337 -0.2289059942192993
4 -0.5030725286415175 0.5421642341676925 0.14471081828730337
5 -0.5156052870634398 0.5295082273540088 0.17637566103578556
6 -0.48782347058996395 0.5597883308910262 0.309611030396123
7 -0.512581791846254 -0.5107524726480537 -0.22617575336556228
8 -0.5333865284704108 -0.5028544757044647 -0.10874917022786373
9 -0.5315511672449821 -0.48478854192000714 -0.22492581916221865
10 -0.5037888692079169 0.545974189626279 0.06749352082575319
11 -0.2063672248526552 -0.06439002948949495 0.616777710914876
12 -0.5683706049847924 -0.44025900513540034 -0.14068164964269184
13 -0.5234303812464043 0.5191875394013463 0.04742972229097915
14 -0.5303634489931361 0.5064804322152198 0.15349742404159217
15 -0.5036426967470752 0.5457304451203963 0.06453589439738262
16 -0.49167810237105747 0.5613547933003699 0.11982587237207801
17 -0.5244655130562832 -0.48470071944580223 -0.25268586714261493
18 -0.5563942787563285 -0.43256243723442434 -0.2510970416281773
19 -0.4969797460080004 0.5588638611064389 0.03624551619215803
20 -0.5245415658060003 -0.46836849306513223 -0.3173258637264501
21 -0.5150691752505777 0.5255803934357233 0.17950835909794033
22 -0.5108396485815064 0.5316738898858017 0.1699725634553803
23 -0.5226648821828394 0.5163152450540222 0.124746268411247
24 -0.5104698993029834 -0.5237935370710799 -0.1908740392256645
25 -0.5474362123799345 -0.46351763994377765 -0.18388002911251827
26 -0.50853345498283 0.5391484234788066 0.06490237861542751
27 -0.5242574738081324 -0.4827986531234594 -0.26821152398833825
28 -0.5468023104030302 -0.47980508984845394 -0.10308736066002792
29 -0.5033301029244285 0.5436004150106369 0.1436770713928353
30 -0.5454527198382725 -0.46081973891559896 -0.21783437934357347
31 -0.512896109408057 0.5301797432647759 0.21260307358932296
32 -0.5199086622500003 0.5195717979318591 0.1702336009456266
33 -0.19603798459831737 -0.021367956557164156 0.6375675465829226
34 -0.26364512581762434 -0.10049761939794469 0.586129184435089
35 -0.5475225351237957 -0.46433733803065386 -0.19301566056239114
36 -0.5032569060164969 0.5440404323067363 0.15046319886381546
37 -0.4866043780280818 0.5678634853122293 0.1168929577787349
38 -0.5703840561589636 -0.410878864662381 -0.2534851899921722
39 -0.5473171384832441 -0.46416541009454027 -0.19455310183769883
40 -0.5443099561570366 0.4877806221900127 0.15030257156353696
41 -0.5479013163574775 -0.43229193331939314 -0.32745829417648575
42 -0.4980840763881732 0.5501265401241033 0.15023433067531458
43 -0.20647204532534416 -0.035140713238619024 0.6404443830895177
44 -0.4935629648225117 0.554844313512481 0.1494088538090628
45 -0.5228127169959216 -0.4983882481549566 -0.21865270872526946
46 -0.5127613907270981 0.5295788825883082 0.21596134050095092
47 -0.5202443980999855 -0.4950527783486011 -0.25122408526815176
48 -0.5474610711520335 -0.47994290372049914 -0.11764146190932112
49 -0.5085453818263129 0.5386029036641448 0.06827239550428191
50 -0.2622739732421581 -0.016479234076096392 0.6248851200618224
51 -0.5270822066242842 -0.45657662371516394 -0.36891514859276103
52 -0.23577531996852205 -0.13134039248570462 0.594003792828852
53 -0.5270546208988718 -0.4906905148208119 -0.22804107613438776
54 -0.5012933937328536 -0.5387720087703406 -0.19616182298282564
55 -0.20649836006440397 -0.0627126819584744 0.6227154266508861
56 -0.5422876986354954 0.49177154042461035 0.11509080533847718
57 -0.5033512893327123 0.5433099950711745 0.13761841570164252
58 -0.528231112991704 0.513968737178852 0.039152886734696135
59 -0.530310245105973 0.5097939188697185 0.08208491997529731
60 -0.5016664301105197 0.5514200327994508 0.03061038645394949
61 -0.517103941887605 0.5221301047924476 0.20250315851296488
62 -0.5675979663456925 -0.42186732125070114 -0.20760589428726564
63 -0.5177831755805076 0.5235775182474766 0.12581280727267236
64 -0.5348040697393259 0.5008152688679762 0.08057111094304006
65 -0.517684613053723 -0.5044651524127942 -0.22139869417557287
66 -0.498489356548246 0.5500098715056659 0.15188832127105784
67 -0.5567936743345022 -0.4329093034091911 -0.2582927346000545
68 -0.5391670311371719 0.4943427862606977 0.14445173695067795
69 -0.16379557283697183 -0.047020604691848 0.6411665715410897
70 -0.5217560579500232 -0.4958693501780038 -0.22405270541208772
71 -0.5299662948633852 0.5057170007746539 0.16170699752169992
72 -0.48375388981049766 0.5689739994227598 0.16803848943489447
73 -0.5429777885930968 -0.454841990015757 -0.2569675649072045
74 -0.5357514605578637 -0.48998329870252577 -0.1546507673965125
75 -0.5107001813530658 -0.541143433815871 -0.12671365187466668
76 -0.5219781925526928 -0.49798619183838616 -0.22810202980426764
77 -0.49172920738981585 0.562379388094602 0.046798492442006956
78 -0.46994268264156897 0.5919458645068549 0.09767497420757953
79 -0.48833159311216634 0.5602223638809507 0.2367800237541776
80 -0.5242360924633921 -0.49971862605625655 -0.19106001385122956
81 -0.5284056297792796 -0.4916611146103915 -0.18205323619258904
82 -0.47958091142067216 0.5763503264300212 0.08473469108015334
83 -0.5184921875274034 0.526542370561044 0.06803237353424876
84 -0.5281864159419992 0.5150830294409839 0.04896661548448222
85 -0.5153052040898237 0.5252890353926273 0.17293522269497572
86 -0.5339826751156451 -0.47113583002517667 -0.2597204174459751
87 -0.5243680076965387 -0.4842906034709194 -0.26532624948328126
88 -0.5380929953048244 -0.46285336647454256 -0.2494970740964819
89 -0.5340166436143489 -0.4705347871572974 -0.2681890899270926
90 -0.5469519476684293 0.48513015346478305 0.10549486205196404
91 -0.524115207514529 -0.4827092253574982 -0.2654577087117379
92 -0.5224732274446191 -0.4813450017052627 -0.28926645094495496
93 -0.5451041497855726 -0.4429301113026213 -0.2956736620201886
94 -0.49712709249940756 -0.5293006330021789 -0.2605780026652501
95 -0.4995897626506289 -0.5013968182146703 -0.3613738433985324
96 -0.5129425515511691 -0.5108220336573506 -0.21589576944981537
97 -0.5497433921126866 -0.45161099180949926 -0.22096711744987166
98 -0.5004220409608121 0.5464049287052561 0.10186115051831134
99 -0.48403118700132636 0.5700703308667769 0.16260922713956055
100 -0.5175044838605074 0.5222949407666668 0.12967041168991997
101 -0.5477500106125378 -0.4319904129675029 -0.32455424447526604
102 -0.5328626751912138 0.5066699153619331 0.04561411575827625
103 -0.5334355000748396 -0.4695398345836105 -0.265840239057813
104 -0.21236249923565875 -0.125921058969259 0.5954738932618813
105 -0.5390332130897829 0.4926931090289792 0.1530114043906744
106 -0.5133232708730219 -0.49565629810136086 -0.28483076831329235
107 -0.5542753367825699 -0.42629363314561464 -0.28002220145073936
108 -0.4845551079573958 0.5717637384063957 0.07911158637715768
109 -0.5415294421727407 0.48784695594760125 0.18058040716509793
110 -0.5080928141712938 0.5338957753329452 0.21349267409952064
111 -0.503416867553164 0.5453273161816671 0.06910170355970449
112 -0.21326462929941525 -0.1692985989746569 0.5903012386242796
113 -0.5356451291759698 -0.47421098307123843 -0.22182763580579254
114 -0.5269174050901306 -0.48969174707908364 -0.22248394313802616
115 -0.5432224792506805 -0.4395336183346638 -0.33290258179616394
116 -0.5519918267746412 -0.4399178055419012 -0.26354521463257563
117 -0.5276109581757018 0.5094290444986052 0.1232832303444437
118 -0.5311998417417259 -0.4994086641771075 -0.15650306916868
119 -0.5472260337707295 -0.4471199883369913 -0.2532427094454127
120 -0.5676414962055389 -0.4221161753306052 -0.20420658158771707
121 -0.5546707429947184 -0.4123069811400521 -0.3563129190130392
122 -0.49605069720013384 0.5538853656903981 0.11366464696193858
123 -0.5035251134424813 0.5426848908101081 0.14408010803984173
124 -0.5368133873380103 0.49534029513856065 0.19086089969979433
125 -0.5588416552365169 -0.4202347509839464 -0.28789657241547717
126 -0.5084671472145887 -0.5197206267096658 -0.21940339791296062
127 -0.5196065875643163 -0.5074997604170779 -0.1927132478144675
128 -0.5010436369741309 0.548000518951614 0.10328160035988909
129 -0.5383127007347533 -0.48012434765171397 -0.18771067666932165
130 -0.5286720323223063 -0.4941739227321766 -0.19909726610786363
131 -0.563448858157422 0.4611008062564694 0.12367551946569168
132 -0.49633310204609 0.5553842680882012 0.11266452304022614
133 -0.5110223616831265 0.5346142897565036 0.09221773077537365
134 -0.16847640590293783 -0.06846271677592101 0.627667378707381
135 -0.4786744276914599 0.5751582305169083 0.16221296861823853
136 -0.49648422378340207 -0.5450581354268536 -0.18612561127406343
137 -0.5240901687652673 -0.5015757616174791 -0.18884981863072098
138 -0.5180865531586653 0.5237628925521244 0.1386217307089026
139 -0.18761234476632294 -0.07871320040520385 0.6084620955403907
140 -0.23396470155663907 -0.001670820710223214 0.6396715076158003
141 -0.513454335850984 0.5307988512220436 0.13586456658062684
142 -0.5360642427946539 -0.47438278404353074 -0.2215453362354371
143 -0.49408026821091605 0.5575846975455476 0.14877152993067597
144 -0.5126693624278602 0.5302731020357233 0.1307957375529189
145 -0.5101011557476096 0.5303802874510201 0.17129574349292037
146 -0.5175008811555193 -0.4877291040133185 -0.28996420258697514
147 -0.5360285561403787 -0.4571968249624727 -0.2876147162571282
148 -0.5009681537214661 0.5468813526497739 0.10897280374031504
149 -0.5054208609279908 0.5399028764772568 0.1838693103916533
150 -0.23506176467944853 -0.08944690091107133 0.6096989397068028
151 -0.5080448418205065 0.5344539765637255 0.1324224094807376
152 -0.5008057394864551 0.5464473583194415 0.18189591024940402
153 -0.5568921854727595 -0.41699906789503555 -0.3316299500586088
154 -0.24789579210509688 0.018400843277982942 0.638993998712121
155 -0.5218678774309023 0.5138905859047236 0.20444935683469076
156 -0.5315315964149953 -0.500309452865908 -0.15366200447071196
157 -0.5338305812495967 -0.4712491430455071 -0.25697027729654165
158 -0.48808314751555937 0.5587417509016673 0.3041247764484241
159 -0.5361649867438156 -0.4764708146947512 -0.22617119613882464
160 -0.4984818782699905 0.5508607019106906 0.14650624385173122
161 -0.5683808627448621 -0.4232605505318609 -0.20446583909901248
162 -0.5287709912960465 -0.49278111423083726 -0.1889932962998038
163 -0.5525786601191464 -0.4419347804195191 -0.24270167564004688
164 -0.5184681737257303 0.5267278760787927 0.1350023733563721
165 -0.5428020618563286 -0.47100028549498063 -0.1724155974282768
166 -0.4913773072573481 0.5603433119890115 0.11972376538213052
167 -0.4887772447344453 0.5621133272979156 0.22490040727507127
168 -0.5124923823705122 0.525826772158705 0.27868380868114767
169 -0.5014475839134275 -0.5232038737525245 -0.25994847337855204
170 -0.5149652745530071 -0.5322058605034332 -0.1161075705953836
171 -0.5160080132989497 0.5293019346863668 0.023270898549139652
172 -0.5383138039527988 -0.4938174279634307 -0.1037190592146644
173 -0.5223559473201256 0.5153251080677109 0.20271810075589142
174 -0.5293525993689138 -0.47689637448677863 -0.25953243658633846
175 -0.5282520231080385 0.5139298940590439 0.049881921268071124
176 -0.5152446400921636 -0.4996362597338666 -0.2590599119188224
177 -0.5442274043380675 0.48553201987297295 0.14676806168234757
178 -0.20615994499320214 -0.049806967691616744 0.6201289535633655
179 -0.5078873188979993 0.5376390620622865 0.14124145053031184
180 -0.4769850337606699 0.5802660416226427 0.13054307814875357
181 -0.5087469909608164 0.5415585421293465 0.06439104900604045
182 -0.20214792716230046 -0.08420725777839598 0.617904989076464
183 -0.5406368743271657 -0.45045607381008373 -0.29640079880233455
184 -0.5027727867222685 0.5416771046042507 0.14552532896664355
185 -0.49914768392286807 -0.5162528338040882 -0.2909537889292834
186 -0.5282281565328075 -0.526259140704038 -0.05256100810928202
187 -0.5472622071209355 -0.42889850281849584 -0.32431603222012045
188 -0.5219873934850068 -0.4950017781130568 -0.22056606997371372
189 -0.5027912081964149 0.5415394324737136 0.1447489621208204
190 -0.5235619776552157 0.5215972774127108 0.0534171664079337
191 -0.5197824122738113 -0.4928690792024832 -0.2619873270365341
192 -0.17813713250733798 -0.06705700148589383 0.6451205518022093
193 -0.5222088349280348 -0.4623889086730272 -0.354094383086434
194 -0.5344472710326702 0.49805796317747175 0.15384498291183912
195 -0.5180513597945621 0.5249793228747668 0.05462848408596204
196 -0.5291483020691675 -0.4779667321223945 -0.26378263560537935
197 -0.5406207797131517 -0.45085931240803656 -0.2889524316752374
198 -0.5286575207663206 -0.49266803448177526 -0.1870805601393839
199 -0.5080842407720588 -0.5357801540925671 -0.15832359671734153
0 -0.8589297029792935 0.05969587090073002 -0.20055910252346035
1 -0.2202029177934299 -0.0388194963068611 0.636467648685405
2 -0.8540570007624049 0.06982909721030134 -0.26496275519512713
3 -0.8612149236364229 0.05538112667844339 -0.1660342947175729
4 -0.8567074418284473 0.0650739776324529 -0.2330766746552104
5 -0.8632603274834814 0.05180967285195424 -0.12546725462855926
6 -0.860883430592939 0.057375406334293805 -0.15783821115888838
7 -0.8630055645641621 0.0524218529809304 -0.12187848331046384
8 -0.8565318766235844 0.06523181784162796 -0.23137625768973757
9 -0.8653246942929836 0.047379729457134326 -0.09093364170525323
10 -0.8587057688042127 0.06151033641944743 -0.19425562104741945
11 -0.20644215665607235 -0.034215884146931455 0.6531480698172483
12 -0.8632475431298456 0.05271593722020855 -0.1233486019154713
13 -0.8628677456856657 0.05182311415459313 -0.12457074305803918
14 -0.8609120517889446 0.056238767860124404 -0.16263864077345735
15 -0.8609091968738564 0.05608144341628385 -0.16188518093424994
16 -0.8609517708626258 0.056873665381044755 -0.15967131488987327
17 -0.8631647338978171 0.0523095262406486 -0.12483714379548416
18 -0.8563452314437874 0.06510243564502416 -0.23157132748584905
19 -0.8564152185690732 0.06408744283071267 -0.2339389463083359
20 -0.865763831576547 0.0459064217553379 -0.09708417057611875
21 -0.8586889309722305 0.06073311024304407 -0.19623814090767577
22 -0.8655113383987785 0.04790274864323751 -0.0901055183606324
23 -0.8588823906373534 0.06006391943610435 -0.19914206875231957
24 -0.8630619751557016 0.05263676732213494 -0.12271103664213881
25 -0.8632254437666516 0.05066796546855187 -0.1296767248863783
26 -0.8566408782959892 0.06482208347939747 -0.23462458166362654
27 -0.8633169745144793 0.05257821661648948 -0.12573139124172356
28 -0.8611561481701169 0.05592617763986868 -0.16423417318959466
29 -0.8609710177692853 0.056470541438698604 -0.16085704389353095
30 -0.8566070090904871 0.0649445228271938 -0.2332689828007095
31 -0.8631073030579072 0.05193807097209434 -0.12571020139442576
32 -0.8677203353870689 0.043433004721334476 -0.054859755426774355
33 -0.2307226218633359 -0.10674956762181134 0.5882308180847372
34 -0.18924088343286005 -0.14960377560083224 0.5897406405472154
35 -0.8587433588358323 0.061105503894093104 -0.1953904738493254
36 -0.8607451099334447 0.0561462977215053 -0.16124804924650313
37 -0.8565777812940732 0.06572952177043519 -0.2303977174983054
38 -0.8655475164360694 0.04667742016020455 -0.09413395170658463
39 -0.8700934246137951 0.03768410246310012 -0.025715115869433352
40 -0.8610584869479075 0.055334437980828675 -0.16540714223559627
41 -0.8627356872504 0.05126875051137615 -0.12546718567888016
42 -0.8589004751828803 0.06048086984397136 -0.19768783722105604
43 -0.2445607548520876 -0.08910249909538748 0.5978708234328177
44 -0.8633533585785369 0.05197691706594025 -0.12599067568507438
45 -0.8567724354359154 0.06486060649950388 -0.23459583132507397
46 -0.8610306645626805 0.056757697977232846 -0.16058989220239245
47 -0.8612298414853915 0.05652115657368397 -0.16290223938618423
48 -0.8520687111367586 0.07418627893578049 -0.30177096001501613
49 -0.862869949097578 0.05167152489052403 -0.12495971128463526
50 -0.2526064727640372 -0.027019362953048368 0.6148856961298835
51 -0.8541483308179222 0.06975162462680748 -0.26595140382554516
52 -0.2810812151590899 -0.013800793013211401 0.6103402106905336
53 -0.8652989187299261 0.04761407234920874 -0.0910677311940028
54 -0.8655097376289366 0.0464337365539229 -0.09414906055587029
55 -0.21112031513264592 -0.0854945787807135 0.6187147126199909
56 -0.8653437520923487 0.046275535548269624 -0.09514932907109025
57 -0.8634702998058068 0.05117472335126752 -0.13064637383345196
58 -0.8563841869474011 0.06564683212412356 -0.23006867279937818
59 -0.8610953532815564 0.056995121755700665 -0.1604502814876693
60 -0.8566051391649027 0.06511254990675949 -0.2319675486336912
61 -0.8629723961720352 0.05288025836126941 -0.12059737775978112
62 -0.8563807190894566 0.06589808769227899 -0.22836314718022685
63 -0.8587176962204518 0.06027864463856007 -0.19759987879804142
64 -0.8677809265336046 0.04167128850641406 -0.06118115299583918
65 -0.8610715821758177 0.056295847868981036 -0.16314431080208058
66 -0.8586593327323017 0.060584932111411395 -0.19574476462712598
67 -0.863042884257678 0.05297113275341983 -0.12235884763352274
68 -0.8651247519508524 0.04881049399623798 -0.08445671612535322
69 -0.21711875382938933 -0.13192051786970335 0.5952821942429306
70 -0.8612708641502654 0.055684841317872665 -0.16598847693916
71 -0.8612606576311451 0.05697225141910676 -0.16144264210951523
72 -0.8608417481060419 0.05673814041147258 -0.15875500111788973
73 -0.8609792848691414 0.056655806021478926 -0.16018534978023205
74 -0.8607929245706253 0.05631997737892201 -0.16052163753244972
75 -0.8653100128700411 0.04784982474233611 -0.08900343521098956
76 -0.8628822571744252 0.05232833141023136 -0.12405817935748838
77 -0.8584890919454012 0.06040321704222469 -0.19568912790191642
78 -0.8657040960238913 0.04746700997640782 -0.09314319547322238
79 -0.8659150565962933 0.046947620502651013 -0.09586939282800956
80 -0.8565448975277971 0.06420272719539016 -0.23535410456444766
81 -0.8541857777790471 0.06950670922589827 -0.26705069101121465
82 -0.8610816533384119 0.056158008574250136 -0.16162936326183933
83 -0.8605113317042558 0.056790378184012245 -0.15659356015138393
84 -0.85429474075446 0.07026681780861216 -0.2650310098650701
85 -0.8609069541911849 0.05575901403898583 -0.1632955328523823
86 -0.8587733919147931 0.06073790516149124 -0.1967961843419019
87 -0.8611291362383645 0.05549963409089963 -0.16583695800462994
88 -0.8676010293728497 0.04336973286155828 -0.05386707481453926
89 -0.8586649153083401 0.06026570106155092 -0.19772806711199037
90 -0.8651754474543714 0.0472589983090449 -0.08921177774092792
91 -0.8566219269394563 0.06608455272243441 -0.23013692746932105
92 -0.8631522494188217 0.05111208156182849 -0.12866574743245648
93 -0.8564301364180419 0.06522747272595324 -0.23080689097694726
94 -0.867611196698329 0.042991232960105936 -0.055453107015468094
95 -0.8694042522653771 0.039341614821790105 -0.015194413110708687
96 -0.8652110951171066 0.0477513165956649 -0.08873080021955972
97 -0.8586303309824652 0.060305501946737484 -0.19699565950257075
98 -0.8672950310061124 0.04263722112565157 -0.05519883550376539
99 -0.8609670275851837 0.056033183298309995 -0.1631429320442247
100 -0.8632296733337887 0.05275942091314047 -0.12325453380957907
101 -0.8632017910128154 0.05230141817485587 -0.12664527119203906
102 -0.8585303051086653 0.06080071223466368 -0.194941621310957
103 -0.8607973159016156 0.05584399032958711 -0.16178032260857103
104 -0.2775416209295763 -0.06233668228754291 0.5984233928552494
105 -0.8565723048976955 0.06583974615205541 -0.22964634325383382
106 -0.8612951101356912 0.05564190776260497 -0.16592393464166696
107 -0.8653279180828154 0.04562708150364862 -0.09629959912044686
108 -0.867521720900571 0.043690142893131466 -0.053253884350089827
109 -0.8589737377241992 0.06036160190910298 -0.19827912816500964
110 -0.860976550945453 0.05651280003846718 -0.16137208635848457
111 -0.8564507963958616 0.06533707569805759 -0.23139613533604586
112 -0.22039065766929214 -0.038456750135355634 0.6185340467074271
113 -0.8587325952736211 0.06046566417654293 -0.1963360555710797
114 -0.8562883771941789 0.06540910841164976 -0.23000911340618316
115 -0.8678036051197968 0.044012870481758073 -0.055055340666140255
116 -0.8606480482757628 0.056075530847166905 -0.16008887014196008
117 -0.8611402968259422 0.055536535479736665 -0.16508437749322602
118 -0.8588432452273098 0.05973765159879138 -0.20107486748040806
119 -0.8564507963958616 0.06533707569805759 -0.23139613533604586
120 -0.8672728146224536 0.04354130638742715 -0.052262841348835826
121 -0.8587867274182698 0.061179751470077044 -0.19644387230495772
122 -0.8611430008693884 0.05539684189622089 -0.16550857298115132
123 -0.8612608247565922 0.05612779621944359 -0.16457003984996907
124 -0.8631560560292928 0.05082275170150749 -0.12818897638394516
125 -0.8561923964259873 0.0647897521276424 -0.2307386363070046
126 -0.8607412487711076 0.05574138959044722 -0.1609530857942419
127 -0.8677515519954344 0.04310212943328158 -0.0563507965904682
128 -0.8588036813294696 0.06141975735340381 -0.1946927014648897
129 -0.8565646846907629 0.06545383961638904 -0.23155258248260574
130 -0.8653969343627962 0.046756635903131394 -0.09355557701051977
131 -0.8611349500118702 0.05603706315121994 -0.1632980691322238
132 -0.867549758476446 0.04303910053579729 -0.054197684591898734
133 -0.8698295747222363 0.038404163944202034 -0.0212205430803432
134 -0.2530780340933739 -0.01504301042837885 0.6254014665550967
135 -0.8584362599822213 0.061180633547190354 -0.19382924712571298
136 -0.8651200575036776 0.04803486359947137 -0.0869341049997323
137 -0.8631783278553682 0.05228901284590617 -0.12478111158966372
138 -0.858775156541571 0.06135555018649177 -0.19574336954985289
139 -0.21697999800564002 -0.10400094134985707 0.6041312189231212
140 -0.2067755485897973 -0.06301640974053384 0.6169636863249682
141 -0.8633028010459728 0.050685058469399975 -0.13112977600040326
142 -0.8586089032585934 0.05982539953016095 -0.1991621238141241
143 -0.8630831948392329 0.05100022208509823 -0.12832621215358742
144 -0.8586543889836228 0.060940573448522356 -0.19574041486532798
145 -0.8543000875685327 0.06976629013712893 -0.266817318226072
146 -0.8542281648014995 0.06978200535490633 -0.2662915964896507
147 -0.8607839708737007 0.05536379930554315 -0.16405518484961165
148 -0.8632278125642068 0.05175850320914141 -0.12645966265196232
149 -0.8633060631432149 0.051561033735030536 -0.12892717219305458
150 -0.20644258778807342 -0.04937911975813166 0.631177509586359
151 -0.8610468378150709 0.055341149349256 -0.16541914700969035
152 -0.8610297109471711 0.05750029622623543 -0.15795275131494352
153 -0.8608258918340462 0.05575986568204514 -0.16255001395534208
154 -0.22056877488197782 -0.0543630868999265 0.6188731494461488
155 -0.8589499676423356 0.06033537312448735 -0.19921335555307387
156 -0.8696845850933538 0.03885522140079012 -0.01879773420353467
157 -0.8564343586016359 0.06508791073193924 -0.23074514074451646
158 -0.8612177345982436 0.056356282760803934 -0.16309125584639794
159 -0.8612608247565922 0.05612779621944359 -0.16457003984996907
160 -0.8612405600935501 0.0554882939956863 -0.16591578682035563
161 -0.860502267908445 0.056296074697487104 -0.15811737973515697
162 -0.8609456426841011 0.05640545075066798 -0.16088626366645703
163 -0.863174246762942 0.05195599275012087 -0.12560544312096678
164 -0.869775338639292 0.03810810689275514 -0.021482630556651297
165 -0.8612486218269544 0.05487705475911363 -0.16817897587450595
166 -0.860929384498764 0.05588879554069248 -0.1622957362567858
167 -0.8632346648681017 0.05098281359642132 -0.12767665957727567
168 -0.8610692748450111 0.05581819047162298 -0.164334917330462
169 -0.8606310449250875 0.055973686713084086 -0.1602053155512442
170 -0.8607578418390337 0.05704413784251424 -0.15801619537375433
171 -0.8565207272414698 0.06555043355094188 -0.2302859350029304
172 -0.856307784482662 0.06534735104593345 -0.23047204030017984
173 -0.8541857777790471 0.06950670922589827 -0.26705069101121465
174 -0.8633118084967412 0.05152633478096719 -0.1286643073310854
175 -0.8565015067611407 0.06549449569236371 -0.23096868011084493
176 -0.8657096615324194 0.04685248207772362 -0.09383801050233248
177 -0.8612343419523865 0.05515661416720993 -0.16619675167847012
178 -0.16865906755699925 -0.03776508840383188 0.6439604222137809
179 -0.8588432452273098 0.05973765159879138 -0.20107486748040806
180 -0.8651969590051364 0.048107708568009944 -0.08678758110186251
181 -0.8565535353086489 0.06577245532570299 -0.23046225979579854
182 -0.25017365869839486 -0.12263032385426521 0.5859967128169933
183 -0.86533544669765 0.04873956094945521 -0.08635318614680268
184 -0.858945929892359 0.06016834324902804 -0.19977481207124564
185 -0.854409501864215 0.0692420722780491 -0.26957822345257054
186 -0.8586843225968224 0.06020394369583458 -0.19819099400598714
187 -0.8606514462991014 0.05660099937684731 -0.158244381145619
188 -0.8567860399783753 0.06409866492795022 -0.23729717715837775
189 -0.8630534588325538 0.051832826395729406 -0.1252813674113692
190 -0.8628641561113135 0.05078182416453463 -0.12746818865932744
191 -0.8588253550090997 0.060655659719270894 -0.1977664873561515
192 -0.16462178427232063 -0.08769177255855534 0.6225964071039246
193 -0.8590346280134437 0.060891712546275144 -0.1981825922594613
194 -0.8612302570585127 0.05667092443999098 -0.16331726020226472
195 -0.8587675291221594 0.05975779753854141 -0.2004586434108426
196 -0.8634339638914984 0.051828363282078856 -0.1281490603643463
197 -0.8587801433775271 0.06027891226279127 -0.19795008346608278
198 -0.8608882008974312 0.05620523673826948 -0.1613207672425889
199 -0.8566692392813972 0.06571650418706003 -0.23155396124046138
0 -0.5108600914782171 0.5326605177030672 0.08943086074843667
1 -0.5736073800095713 -0.5348057297920836 0.30706025978061996
2 -0.5462010735804277 -0.579479032734024 0.30720669870180667
3 -0.5551204538382288 -0.5632946903014887 0.3145411639006285
4 -0.5463077632728413 0.4828037535788907 0.18610335968169536
5 -0.5113316219346814 0.5372512074743684 0.028021316691166063
6 -0.5265393531113209 0.5068572732621935 0.20042470408205332
7 -0.5554736365238214 -0.5651851595640144 0.30910774271906116
8 -0.5642070002782772 -0.5479970287777722 0.30898464305171275
9 -0.5551069552668473 -0.563377365035781 0.29879518598917015
10 -0.49633974048714957 0.5552111130852204 0.1880520561928649
11 -0.5781103963674001 -0.5263062631440858 0.324956184271583
12 -0.5826883341341664 -0.5186811029553772 0.3263313668432199
13 -0.5203545843182167 0.5196052112391784 0.16940751623442488
14 -0.5180185782129874 0.5256463357778971 0.12382560675014917
15 -0.49542518942362224 0.5482855777359243 0.2635140546698552
16 -0.5159553796587646 0.5304957179886531 0.02209041027215425
17 -0.5736620866066425 -0.5343932660390452 0.32711889242911474
18 -0.5871398963481766 -0.5105905077812641 0.32613425244412403
19 -0.5173234467763045 0.5217997167052961 0.2109141147357445
20 -0.5692220925082716 -0.5424962768703285 0.3216070925200608
21 -0.4912311400696195 0.5595200141769968 0.11062944427471495
22 -0.5237986490503085 0.5235977935017604 -0.02464035088291119
23 -0.49444706839909053 0.5609030092342828 0.0011062605029007653
24 -0.5412999909612916 -0.5854393759106441 0.3075203653100665
25 -0.5732609374353942 -0.532452727549089 0.3173913202231952
26 -0.5303531727387473 0.5100090261638542 0.08306542200294631
27 -0.5596893328214938 -0.5559377879777675 0.3038634549331854
28 -0.573964951187591 -0.5359054606923352 0.31331258128375306
29 -0.5077574306796763 0.5373644677023901 0.1447021969354201
30 -0.5643285421865685 -0.5486475396536531 0.31388628417883113
31 -0.5253115642412514 0.5159675754413379 0.09219547467262937
32 -0.506087664237311 0.5423234026441831 0.09749233616921489
33 -0.5371004155970242 -0.5948242864922946 0.3051681899362764
34 -0.5275569058312272 -0.6079527986310904 0.304092472475831
35 -0.5784203062442448 -0.528060015513879 0.31438684467924244
36 -0.5150477702135743 0.5254465881377547 0.16896090620299947
37 -0.5331513264055643 0.48908839092470585 0.3692152820973741
38 -0.5736343604631318 -0.5340781760932835 0.3206773492919414
39 -0.5505632983988725 -0.5711019352041643 0.31174205559580537
40 -0.513030674791426 0.5304165357546736 0.13812494290428176
41 -0.578019945494546 -0.5262597209219306 0.31129399698074506
42 -0.5254700684156172 0.5170024035287583 0.014243295258985402
43 -0.5416535222876282 -0.5872493951185155 0.2964608980478241
44 -0.521707616447443 0.5148285799640916 0.21149311053520614
45 -0.5413662695793474 -0.5856465489771294 0.30468733123870645
46 -0.5277113896301793 0.512001077150175 0.043293360174428336
47 -0.5324668735939542 -0.601693823475055 0.30707263649075367
48 -0.5873643631505859 -0.5114334499763108 0.32289970478693375
49 -0.481907098604106 0.5750674055506885 0.12697770342429665
50 -0.532321396731695 -0.6013426597374875 0.30339559374261516
51 -0.5599411689760986 -0.5572417794162178 0.3156502956599881
52 -0.5280160397554008 -0.6101155819858345 0.3064012523057412
53 -0.5553235699931317 -0.5643422504564517 0.30902207931689496
54 -0.5688657495823677 -0.5410173863241535 0.31392089442200016
55 -0.5963353008929825 -0.49577742994444046 0.31753171049338474
56 -0.5007732104760723 0.5487806254868033 0.10429259209513543
57 -0.5013379260487848 0.5484258875233872 0.03288465456828142
58 -0.5133089659809454 0.5326385323943055 0.053359864996160127
59 -0.5014520256905284 0.5498632501781279 0.02844533210040205
60 -0.5011685010538539 0.5458082830418113 0.10546837252437634
61 -0.49147960473808405 0.5614906509786771 0.12371134034014866
62 -0.5461597517816511 -0.579186357042452 0.311716863909055
63 -0.48437230917998514 0.5720874831859655 0.09213729593882726
64 -0.4984039671008099 0.5502645213187898 0.1547471169142068
65 -0.5553594322424332 -0.5647154277847068 0.30448571540292996
66 -0.5301363041172941 0.5091325998632011 0.0843324345803257
67 -0.5552280695848071 -0.5640244552149469 0.3114491461943604
68 -0.5083988899845128 0.5360259875236222 0.13651624158662812
69 -0.5506528444861643 -0.5713957460416987 0.305255519594791
70 -0.5734262237078874 -0.5332022032656261 0.31870266703441946
71 -0.508170484903823 0.5386260357365337 0.06545216542814965
72 -0.5229781074764442 0.5177430486744908 0.12027561076245218
73 -0.5780280700410941 -0.5256461715072577 0.3177823001561379
74 -0.5550596160751242 -0.5629417390946401 0.3168670773310253
75 -0.5322769237904024 -0.6009358894673239 0.30425609746028515
76 -0.5596945815391863 -0.5561888612450288 0.299535597160118
77 -0.4845919500198395 0.5724324161419658 0.08637447501251103
78 -0.49890557059808016 0.5521375992965816 0.07573119584421309
79 -0.4886674804776822 0.5631600873614766 0.23513443603021345
80 -0.5689878842558176 -0.5415727686014885 0.3154070366309137
81 -0.573661399810322 -0.5347495696374486 0.31178445570336916
82 -0.508290060186425 0.5358727969542056 0.13909034735181142
83 -0.543706533223768 0.4816451637427088 0.21758754363676386
84 -0.5030747747478302 0.5418923516100187 0.21383238955206904
85 -0.4963665290393133 0.5561533251104637 0.11594737109619947
86 -0.5825114560167197 -0.5178977111831053 0.31414388291933576
87 -0.5639871946442268 -0.5471497049918785 0.31508564599566996
88 -0.5276793772416519 -0.608433239183312 0.30561025124162183
89 -0.5644606287158548 -0.5492454770441618 0.30353433084559583
90 -0.5202298700856746 0.5193421955292017 0.1668237309106948
91 -0.564593660187901 -0.5495619521941509 0.3142784957133802
92 -0.5783141371858505 -0.5274201140641727 0.3213888473822813
93 -0.5600266186003456 -0.5576015525512179 0.3161564392246371
94 -0.5643150648624393 -0.5488528037290691 0.31540709488900653
95 -0.5781878070605009 -0.5265211394008001 0.32039465547786206
96 -0.5641285412880607 -0.5476062242115491 0.3057185047780924
97 -0.5735502614886495 -0.5339047913544349 0.31286573596265016
98 -0.53235796220116 0.5048984109077042 0.12035152237148254
99 -0.4991048496058579 0.5538466049504607 0.0818390998105735
100 -0.4986147133260487 0.5513829417447396 0.06629706104253258
101 -0.6147966495838653 -0.4667954422279816 0.3173535271521016
102 -0.493539000838723 0.5552200614682957 0.1497448712787177
103 -0.559550982376837 -0.55504902103754 0.3079136857558076
104 -0.5413559785866565 -0.5856958049272073 0.29728350413303817
105 -0.4888153441346251 0.5631101960416774 0.14942590119787455
106 -0.5874577365901269 -0.5120846808245795 0.31827223142851085
107 -0.5504903101100329 -0.5705275087187122 0.30892023380750633
108 -0.4672080273498479 0.5938109683367324 0.13689439763745154
109 -0.5057762548989232 0.5413443253683679 0.10566367242132264
110 -0.5295616175902051 0.5052065987173614 0.15730234815185298
111 -0.5080325415593766 0.53723383073307 0.14380710604890298
112 -0.5645823691009095 -0.5496328357586627 0.31364168934816056
113 -0.5783574458675924 -0.527831791711086 0.3171229085956507
114 -0.5461601037380129 -0.5792637399952025 0.31234934482523774
115 -0.5645030077494249 -0.5493702689162048 0.30593841021978313
116 -0.5640180145415918 -0.5472087730801426 0.3084817545251317
117 -0.5107924111150776 0.5337816336381314 0.17240450231544197
118 -0.5734552986268727 -0.5336143661950086 0.31330900626960967
119 -0.5876726237598873 -0.5134796498545018 0.3193654457024493
120 -0.559874283094935 -0.556974229675493 0.3088485449282003
121 -0.5736966239235706 -0.5343579031984825 0.3159681909713349
122 -0.4864915335084679 0.5662187073484278 0.11641530148048801
123 -0.49340229782398004 0.5549609974378558 0.22755316791751456
124 -0.49888990758451496 0.5524434168317518 0.072807811577976
125 -0.5919044593886037 -0.5046611381790953 0.3143040649012029
126 -0.5642561241109522 -0.5482608026581597 0.31230469049129117
127 -0.5461067075559192 -0.5788721087589183 0.3156145447755823
128 -0.508367159622277 0.5383585237494783 0.06275905620738546
129 -0.5552006838854282 -0.5636334143378241 0.3048882421607564
130 -0.5368550749574029 -0.593291368483583 0.30935451562264205
131 -0.48631351275761603 0.5668160677457181 0.11918104640039343
132 -0.5320874350901966 0.5038597817561853 0.12092197870680094
133 -0.49844343638468275 0.5494910554960362 0.1497867345780059
134 -0.560253397312016 -0.5584748666613328 0.3127545079843371
135 -0.49893035802426416 0.5529213609794823 0.07526036512879627
136 -0.5733453953254528 -0.5328043852894303 0.319341213295935
137 -0.5689252660118461 -0.5410476249373958 0.3159996063103765
138 -0.5414659099251711 0.487920057929628 0.18981698648297812
139 -0.5461915607672442 -0.5794894893763465 0.3104752420311567
140 -0.573631399468895 -0.5340902830077269 0.32069988787450704
141 -0.5103220737974137 0.5331740134228954 0.1787493341281277
142 -0.5873957911115384 -0.5121510003154415 0.3127200051218775
143 -0.4988617120190796 0.5518981525632847 0.07933393478070028
144 -0.4622049174911641 0.5984536647617507 0.13339793150856444
145 -0.5083101911297846 0.5391103221512051 0.06861656315862842
146 -0.5413036319759227 -0.5853799346339588 0.30198338464429253
147 -0.5552603623396576 -0.5640116125509032 0.30882930748719545
148 -0.5056971006076721 0.5410426683029329 0.17976930295432186
149 -0.5130475240542018 0.5322419099071293 0.06676446388309465
150 -0.5552606969654971 -0.5640288244634062 0.30791120793094445
151 -0.5101476551388642 0.5340687368831718 0.17923528636866598
152 -0.5206634002626713 0.5237164018263404 0.018612249233964397
153 -0.5601026325776424 -0.5580217363405078 0.3173643444602676
154 -0.5553750282072231 -0.5646354779906746 0.31816037185287316
155 -0.5034416171584959 0.5435377574775453 0.1439669534657917
156 -0.5507502244311221 -0.5720099562429625 0.30633073716969983
157 -0.5368844070065742 -0.5933540036980781 0.30877681180825156
158 -0.5373841006385415 0.500152413361891 0.03824921427772852
159 -0.5596296500237505 -0.5552482103448428 0.3154208454063918
160 -0.5221604589761017 0.5174603084633153 0.2064138831534788
161 -0.5597645340439362 -0.5559849030765405 0.3165703397515857
162 -0.5507943198988965 -0.5720396858767642 0.3140869598789014
163 -0.5782793600983409 -0.5268407074050792 0.31606383101986657
164 -0.48356424491441546 0.5670285033117245 0.2302920231675875
165 -0.5642529651386373 -0.5482084452840618 0.3137939756939561
166 -0.49433891860613294 0.5605569728450088 -0.0023622894925462196
167 -0.49920747281985883 0.552474420514046 0.07256589241280394
168 -0.5034398478505556 0.5438633711732754 0.06631418536435224
169 -0.5508123788177796 -0.5720908220094726 0.3112850055678253
170 -0.5508561789330223 -0.5724416605154424 0.3061196451548242
171 -0.5295666545441402 0.5050203075809294 0.16801482175085788
172 -0.5596570897739143 -0.5556541918163383 0.3080456796805059
173 -0.5062535771108946 0.5428670084775671 0.10028857518878043
174 -0.5691701479929248 -0.5427471338393557 0.30651747354622766
175 -0.46710137465470153 0.5922109868277885 0.13344501392849764
176 -0.5551841383566509 -0.5636341705219378 0.30752618228125017
177 -0.46624909024131694 0.590353342082053 0.2168527665674618
178 -0.5690291974679417 -0.5418398270228434 0.31379476066023204
179 -0.5325229453229197 0.5042982884747264 0.11457795986829503
180 -0.49898426372937416 0.5518959346773029 0.06987621488132967
181 -0.5154357959622173 0.5284118172027595 0.1066075001811011
182 -0.5914517634267891 -0.5020431336690917 0.30731606909428666
183 -0.564219630239652 -0.5480800943762115 0.31321595320104323
184 -0.49807881321589786 0.5486640248943846 0.14616700582670916
185 -0.550695375637428 -0.5713254256253549 0.3105796196921703
186 -0.5507178053707475 -0.5717037867011269 0.3152832610292361
187 -0.5824815160074532 -0.518004920138484 0.3120463338872908
188 -0.5598868431711325 -0.5570376352022608 0.30354904719859604
189 -0.5358681403619778 0.5068901485759706 0.006433643968190063
190 -0.5276828627651163 0.5092263554972256 0.11136464669042975
191 -0.5690687719631156 -0.5418613176287824 0.312142848447645
192 -0.5736866924535 -0.53443547995865 0.31457126342309505
193 -0.5967514295718862 -0.4978260941410841 0.3262963125614656
194 -0.4743804074860412 0.5835446853693964 0.08694397361677933
195 -0.4985564343211249 0.5507347216572178 0.15042864325249944
196 -0.5872686942913198 -0.5113811057109869 0.309400375830311
197 -0.5826370951621693 -0.5184705139899365 0.3145217526845746
198 -0.5321587051175583 -0.6003783588659589 0.30493385865618233
199 -0.5597834181599032 -0.5561814928037053 0.31570218851425574
