200 3
0 0.03803279799962801 -0.03387138585266295 -0.012414586621081677
1 0.02733928218238991 0.011709146518913338 -0.05863027686930368
2 0.03835944785768709 0.03574716971817593 0.0024941916880422527
3 0.0373715411971474 0.031794386089657053 0.02105298873759835
4 0.0372035511701701 -0.0368430966504281 -0.009045570760959631
5 0.03770330761545521 -0.035389137565363556 -0.010923069409749839
6 0.03703488136062851 -0.03709064894810847 -0.02118604896589626
7 0.03686716845523269 0.03375067353604927 0.021056320701738254
8 0.03786879320367077 0.033071768682820746 0.012814011916427028
9 0.0375381589189087 0.03144266659706219 0.020997130173623906
10 0.03703571812568181 -0.03787923151359972 -0.0034674310407886767
11 0.025933568189577514 0.013028792580647987 -0.06227189981466731
12 0.039005411967500674 0.02778316887201501 0.01454064837260362
13 0.03770374647223972 -0.03554047517538689 -0.0015348967216028805
14 0.03819669173181307 -0.03349510767849651 -0.008849196171558075
15 0.03703571219673276 -0.03782488003287427 -0.0033941482369415276
16 0.03669702526412216 -0.03899237909131128 -0.007224130665460501
17 0.037204310689186906 0.03132035326354997 0.02326799379276664
18 0.0383604676868564 0.026964296818060743 0.02207560841853658
19 0.03669730754774708 -0.03941665520040325 -0.0011346254032553373
20 0.0370364271156887 0.02987367069087278 0.02775707843345837
21 0.03770327686707792 -0.035010031444109774 -0.011397753762737165
22 0.03753745613893001 -0.03562798654729539 -0.010318353072495973
23 0.037868610528051135 -0.034567056566695585 -0.007270606106258377
24 0.036867040855126 0.03497436078172528 0.018430711940141002
25 0.03819721532146075 0.02960015167040509 0.017700950522715038
26 0.037203834979105586 -0.03725147291513047 -0.0032885941724010285
27 0.03720431851645189 0.031114448241719824 0.02384230808993982
28 0.03835993764197073 0.03121213113322097 0.011529577259802908
29 0.037203579492800426 -0.03705206204169651 -0.008789781747685998
30 0.03803361616239447 0.02932886701963894 0.020225089800579122
31 0.03770317568322155 -0.0351119528856042 -0.013645644172026914
32 0.03786846425474076 -0.03454340859987062 -0.010492016588132863
33 0.025447693811604447 0.009016968579014599 -0.06602898150300773
34 0.02867620434189327 0.014599556201365672 -0.052987736426584435
35 0.03819724497735364 0.029594273802813778 0.018541618445136566
36 0.03720355100659964 -0.03702554098370831 -0.009459247703967805
37 0.036526576465663034 -0.03960179567610645 -0.0072071152719236425
38 0.038845467475306 0.02514147804191745 0.022213300442670256
39 0.038197222018056746 0.029649698392026257 0.0182104893550616
40 0.03868369077330163 -0.03186603138542709 -0.008763815568185384
41 0.0378695610228153 0.026770379051553606 0.027765090276073198
42 0.03703540574491124 -0.03750834994558067 -0.009966687714921431
43 0.02593352166199801 0.010214477767741377 -0.06462737601073801
44 0.03686655079235581 -0.037994101624366505 -0.009642390778877023
45 0.03720419981923209 0.0325720395397907 0.020931703636357785
46 0.03770318160953942 -0.03514121434231744 -0.013694121709681595
47 0.037036169336342045 0.03236753789850628 0.022920743274598164
48 0.03836000028225978 0.031032316451522497 0.012997437563279427
49 0.03720383746788853 -0.0372426822984937 -0.003425489095123049
50 0.028676140734085427 0.007404745756417552 -0.05653222649978257
51 0.037036572953235196 0.028765122697112903 0.031062488020462267
52 0.027339317040112308 0.01825727896757007 -0.05626524683423249
53 0.03737156276175332 0.0318764889825881 0.021377450854862604
54 0.03652693747299358 0.03631254145060666 0.01906392677091176
55 0.025933543863845707 0.012832101508363336 -0.0630255477914151
56 0.03852217433613619 -0.03256933854438057 -0.006074378758622082
57 0.03720357626130548 -0.03695462460664433 -0.00860220196008816
58 0.03786890801345655 -0.03509093430763312 -0.0010006453589635595
59 0.03803318679600529 -0.034333070463945424 -0.004264155839078793
60 0.03686697647526046 -0.03875310087471791 -0.0007184604567768466
61 0.037868318797744493 -0.034348394266829514 -0.013143407620558236
62 0.03884529773921527 0.026219053581651327 0.01875294757941331
63 0.037703453902418284 -0.035205487349679154 -0.007591880542020407
64 0.03819692000934662 -0.03362710962659183 -0.003837886072773087
65 0.0370360674144683 0.033116306821924894 0.021011347702769734
66 0.03703544265221414 -0.037618701584571326 -0.009415155527897685
67 0.03836049910432013 0.026919615638175864 0.022709577482057187
68 0.03852203673814706 -0.032399072622617424 -0.008476044872601932
69 0.023668912221308066 0.01267727545456088 -0.07191901499368028
70 0.03720415499980525 0.0324434991679069 0.020456909053883626
71 0.03819666632625912 -0.033438550520439335 -0.009500295315013396
72 0.03652639688767636 -0.03930638639679979 -0.011144485672511549
73 0.0378693008407714 0.0287738057788981 0.022703638196755905
74 0.03786893128468307 0.03191448240864192 0.015574255848783388
75 0.037035696560951195 0.03648295181905823 0.014102116259552417
76 0.03720416531825573 0.032620229656060776 0.02099588006654218
77 0.03652683035840102 -0.0397761367661019 -0.0020278763580687574
78 0.03583676708400292 -0.04222857218020735 -0.006242282747420951
79 0.036866254886650573 -0.037818602783573234 -0.016007980684888866
80 0.03737141015309897 0.0327372963740978 0.018329677813124338
81 0.03753799685361135 0.032069371651602646 0.01761185214384338
82 0.03618338836970667 -0.040716394747883584 -0.0050293966426687795
83 0.037537823296679075 -0.036198543563130174 -0.0030720717418777806
84 0.03786889187129047 -0.03520170339025876 -0.0015834190973786984
85 0.037703301459758545 -0.03501241696478708 -0.010846436398331475
86 0.03753829878024659 0.030155357637451388 0.02347705118208194
87 0.037204311152741636 0.03131184097680554 0.023638907419847484
88 0.03770414443221341 0.02949158709585188 0.022638341283180447
89 0.037538308967208736 0.030075826240828725 0.023840975418652426
90 0.0386838392287374 -0.03201571955973353 -0.005415258773683496
91 0.03720429517176149 0.031176465087141364 0.02339130984501706
92 0.03703632207182499 0.03103071643539368 0.025900858546734587
93 0.03786943246157233 0.027696928027267396 0.025470935200038975
94 0.03618391026878365 0.03537637459724603 0.024313319848876407
95 0.036011416701769335 0.032781129837493796 0.03177911895035099
96 0.036867178872343934 0.03374199899535938 0.02063805207174739
97 0.03819734276339368 0.0285442650789104 0.020219498952047606
98 0.037035563378834416 -0.03752565051625148 -0.006359882612774691
99 0.03652643209931559 -0.0395125197248243 -0.010463869048726102
100 0.03770344314204129 -0.03513222110945632 -0.007725353523445153
101 0.03786954683402412 0.026760511853766378 0.027501902941859026
102 0.03803330401008006 -0.03437517549318506 -0.0016403453141022636
103 0.03753827313853968 0.030011513137909385 0.02344680928491067
104 0.026173142058705592 0.018681754813934574 -0.05921530011709288
105 0.03852201660215278 -0.03226535941021423 -0.009087857413132394
106 0.03669779084261463 0.03228022883918169 0.0260487015332984
107 0.03819757567345032 0.026336145080611054 0.024308905020423027
108 0.03635545467519854 -0.04025708684393251 -0.004578794258415483
109 0.03868356542164213 -0.03151504563465446 -0.010976554426136608
110 0.03753731192539719 -0.035503796491892725 -0.013583031428106775
111 0.03703569924400414 -0.03779895878459123 -0.003800451086457404
112 0.026173158771112422 0.022830342480407773 -0.05834707815808789
113 0.03770402868476756 0.030510726903716118 0.020471713948321833
114 0.03737154058460712 0.03182776342344042 0.02069399159563867
115 0.0377044307651584 0.02728308005888126 0.028475185106562415
116 0.038197458048035725 0.02751924566599489 0.02278577428228097
117 0.03803305250758668 -0.03399120851827703 -0.007167826777785273
118 0.03770376447707524 0.03282340054425786 0.01560140381559748
119 0.03803372331198035 0.028133919229069028 0.022478466947870042
120 0.038845284974008285 0.026278685681758642 0.01848976067196294
121 0.03803410696133275 0.025036765280806512 0.02970333953279681
122 0.036866665847990275 -0.03818501461158648 -0.00725720082927157
123 0.03720357049994328 -0.03690686282019288 -0.008834946163303919
124 0.038521911127037047 -0.03221694637331158 -0.011448325443236892
125 0.03836060511687503 0.025833910318478436 0.02464990579725334
126 0.03669751245822333 0.03456337525492519 0.020977404560854316
127 0.03720406563473098 0.03342042411671314 0.0186886210318926
128 0.03703558393760951 -0.03772037139162148 -0.00620330675996628
129 0.03786906056657869 0.031070170651307297 0.018096306326682795
130 0.037538012052729774 0.032310748178160195 0.018499818745963653
131 0.039323720096575795 -0.02968836653899253 -0.006603603911261007
132 0.03686668068919197 -0.0383896676682474 -0.0069267411067283555
133 0.03737109069833676 -0.036520145577656066 -0.005148201871361212
134 0.023931138184120817 0.014769062180290586 -0.06962579402677702
135 0.03635513794035057 -0.03980914370010095 -0.011058991119412174
136 0.03635566099863365 0.03692071821885639 0.01842615203283886
137 0.037371377883269996 0.03299223659159264 0.017892342946323112
138 0.03770344242967772 -0.0352610895586237 -0.008177198204961631
139 0.024952482056726275 0.014944953505789029 -0.06434096390611402
140 0.02733923241286604 0.006413981497533012 -0.06110722559660227
141 0.03753758050750369 -0.03590134897512094 -0.0079321436256487
142 0.037704031775939686 0.03048716501439037 0.020492234247871846
143 0.03686657677796174 -0.03830889635635207 -0.009320291746184458
144 0.037537562873948216 -0.03582378076142611 -0.007931635275185056
145 0.03753742502535371 -0.03548901233453553 -0.010764003531388988
146 0.03686740342406175 0.03168424841801245 0.025449532759403756
147 0.03753840526291398 0.028883011209329276 0.025364336040228058
148 0.03703557913286407 -0.03764356605689873 -0.006411404090134019
149 0.037370789385925036 -0.03628440775776927 -0.01188869767033112
150 0.02733929193518427 0.014484895689896632 -0.05777267978097816
151 0.037370951216643175 -0.03619889911550489 -0.00800434326358689
152 0.03720342762319129 -0.03685565248132734 -0.011856814899996477
153 0.038197735572150615 0.025444187081055378 0.02800431523749283
154 0.028015666378931922 0.004471753830359025 -0.05920246477239561
155 0.03803275226781083 -0.0336572438087027 -0.013192770934208946
156 0.037703784261640935 0.03282428643240948 0.01579859200655909
157 0.037538269155706724 0.030221213506267386 0.02293685355439176
158 0.03703489569882256 -0.036985930000690066 -0.02066502490577958
159 0.03770403017355424 0.03069607756902404 0.020668915598509873
160 0.037035437179139895 -0.03759324961714739 -0.009389134731065367
161 0.03884532863802196 0.026275759501591937 0.018980380432828788
162 0.037538018113749246 0.03211982134421966 0.018125558773438175
163 0.038197458700809886 0.027754142344270528 0.021951544541699584
164 0.037703471871638895 -0.035600363806015924 -0.007649282419297111
165 0.03803347805745922 0.03025632076311903 0.017158669305406857
166 0.03669701107020736 -0.03887477926391605 -0.007444988703732111
167 0.03686630395687619 -0.038017220301363015 -0.01484919306557844
168 0.037868093511885303 -0.03408204093182576 -0.018198420728688557
169 0.03635594246980105 0.0348943674927566 0.023930331781054987
170 0.037203791718094334 0.03567916136689384 0.013301511654500614
171 0.037371340410833655 -0.036724540927654946 -7.154567885238737e-05
172 0.03803324289242687 0.03223152330555723 0.012558428238337175
173 0.03803279347487456 -0.03392355773691324 -0.01247581023624485
174 0.03737168671888555 0.030566010967936486 0.02358667638267582
175 0.037868888510711504 -0.03511358093925052 -0.0016908581535938667
176 0.03686729732937098 0.03269467982837251 0.023411126217034117
177 0.03868370056878608 -0.03168915004643031 -0.008340914921952738
178 0.025933549932683934 0.011573852843422164 -0.06288169511535108
179 0.037370915113535526 -0.03639176732892397 -0.008929412483101406
180 0.036183243724040935 -0.04080201744799947 -0.008370408076505444
181 0.03720383972541962 -0.03745633633381496 -0.0032459774201945295
182 0.025691792518480996 0.014987212253903915 -0.06312549523505873
183 0.03770427930300407 0.028339845282705008 0.025560788680642887
184 0.03720354631718018 -0.03680548997377591 -0.00934587170496314
185 0.03618402492816796 0.03419852373569406 0.02636535309541918
186 0.0378685307349469 0.03521749284605664 0.008163411286833379
187 0.03786955402810401 0.026413987613033513 0.027574037576422024
188 0.03720418036051812 0.03227704945074539 0.020687427960377158
189 0.0372035386606212 -0.036760361653945826 -0.00934123731447299
190 0.037703733316436464 -0.0357499542772185 -0.0020295519728221086
191 0.037036168942517114 0.03216191028735252 0.023296645015225347
192 0.02444708985306607 0.014276223367630231 -0.06942752874950739
193 0.03686767494250705 0.029305929619524 0.030380393816515906
194 0.03835968307039665 -0.032730782283771916 -0.009165186532510564
195 0.0375378265061605 -0.03599575133853695 -0.0023679397491229194
196 0.037371662556202334 0.03078138456546884 0.02347217860126712
197 0.03770427346844185 0.02842260581671312 0.025159579449117113
198 0.03753801107635977 0.032125510436778935 0.01796211690929631
199 0.036866913336668604 0.03604265789503086 0.016186691968394673
0 0.04790894323996673 -0.00481016292621355 0.015343390707642176
1 0.02664565874563292 0.010100321274803852 -0.06221924264289214
2 0.04764789018098114 -0.005777807714321145 0.018774904268647006
3 0.048038927766949555 -0.0043704698967010425 0.013370388276459588
4 0.04777860889878697 -0.005350802871259033 0.01720985277387974
5 0.048168546430848364 -0.003983491505415467 0.011157592588225388
6 0.04803890649668811 -0.0045093051801468565 0.012818478308595845
7 0.04816852929362735 -0.004004268298957034 0.010805954688899139
8 0.04777859786560383 -0.005347733735777806 0.017073853943486005
9 0.04829781786617896 -0.0034897579961737975 0.008924831726831391
10 0.04790892847568712 -0.004940145321808912 0.014879665736723705
11 0.02593352364377844 0.010087764081332818 -0.06523753777379684
12 0.04816854483781535 -0.00406743726191802 0.01103337515632974
13 0.04816852075951518 -0.003917212455191574 0.01074024916111956
14 0.04803890904601769 -0.004397657087092553 0.012990411796240393
15 0.04803890823975769 -0.004389310814497162 0.01299463265704335
16 0.04803891046408925 -0.004471086139516886 0.012938814890660063
17 0.048168540580518136 -0.004009950564401154 0.010997277610300282
18 0.04777858638335359 -0.005287856412639205 0.01684491429415037
19 0.047778590639288875 -0.005222906908488726 0.017104406149499655
20 0.04829784564318569 -0.003435802404588327 0.009608973815766354
21 0.04790892842161425 -0.00486382056167502 0.014989357768016482
22 0.04829783005707289 -0.003579947414261399 0.009136630377896728
23 0.04790894023554132 -0.00483874228943229 0.015251731782172127
24 0.04816853426191966 -0.004018271218439939 0.010812405799836134
25 0.04816854443203114 -0.00386379833307663 0.011243979066390313
26 0.04777860509946794 -0.005310200926054958 0.017179398267405988
27 0.048168549911666476 -0.004049715370348242 0.011101159074769194
28 0.04803892428174364 -0.004419317451347754 0.013314886154493012
29 0.04803891295013297 -0.004443091257017919 0.013061850107165556
30 0.04777860236361529 -0.005329065337109217 0.01717274350675189
31 0.04816853696101404 -0.003956963895634917 0.010963042137051677
32 0.04842676627674261 -0.003118734958964051 0.007099860940955845
33 0.027110096650185954 0.01602669741173174 -0.056723691213307906
34 0.024952543691201364 0.02204933971910012 -0.06166733705380224
35 0.047908931772583326 -0.0049057261704535775 0.014984161165948098
36 0.048038897289576936 -0.004371076315151741 0.012835820142072431
37 0.047778600439754716 -0.005397980123145832 0.017029648533652603
38 0.04829783281089153 -0.0034589474083847613 0.009248148863250184
39 0.04855537062176378 -0.002553996553766536 0.00540802910852251
40 0.04803891775105056 -0.004333920087780172 0.013195023681330109
41 0.04816851242602322 -0.0038366992678582003 0.010662853456307022
42 0.04790894132133834 -0.0048788902906737805 0.015200684897550902
43 0.027792073844440747 0.014199665351139487 -0.056004199021023784
44 0.04816855258101931 -0.004002070651193726 0.011163988938911422
45 0.04777861257295733 -0.005341576154764909 0.0173033492077226
46 0.048038915928247286 -0.004489477475489249 0.013127449991562614
47 0.048038928615914724 -0.004481330317963818 0.01325377312517886
48 0.04751685569101185 -0.006266632444045641 0.021050892167850218
49 0.04816852114782915 -0.0038960002296598464 0.010742908526109205
50 0.028237545743732433 0.008284877580407683 -0.05703548829371999
51 0.04764789673289343 -0.005773973836273205 0.018848258389165422
52 0.029533804803302727 0.006860370879449728 -0.053877534517615004
53 0.04829781644926055 -0.0035120788218683204 0.008932629509778904
54 0.04829783014893184 -0.003433566881878142 0.00925461440890653
55 0.026173072907278702 0.014915197302470885 -0.06188772195354053
56 0.04829782002005612 -0.0033851427138451976 0.009090751744227441
57 0.04816856015682642 -0.003931711068028826 0.011345164155788883
58 0.047778587256543666 -0.005360210650503799 0.01684591385947118
59 0.04803892068511079 -0.004493471837270359 0.013047801701635353
60 0.04777860215179083 -0.005342549311581611 0.017133294890820924
61 0.04816852817817431 -0.00405109161155228 0.010784608437544734
62 0.04777858802292956 -0.005384856447580972 0.01681987527599458
63 0.0479089296713052 -0.0048206402523495815 0.015007252160863405
64 0.04842677055826328 -0.002957650179805969 0.007388880157656606
65 0.04803891717374422 -0.004435960972395436 0.013141935890260671
66 0.04790892627281995 -0.00485992525615281 0.015009824573015907
67 0.04816853272485527 -0.004044503514450408 0.010747636669461899
68 0.04829780544783347 -0.0036151072715871545 0.00865295543884494
69 0.026410498295921497 0.0190172560414179 -0.05854965275312538
70 0.048038931512553555 -0.004395897334635314 0.01336752175732842
71 0.048038930243566924 -0.004534322243242005 0.013257529549036792
72 0.048038904082070434 -0.004446616205079536 0.012866063419414299
73 0.048038913274384344 -0.004440697996823545 0.01294447379805025
74 0.04803890005404789 -0.004409593648539196 0.012919005983382498
75 0.048297818658175486 -0.003533709237886659 0.008906753014308788
76 0.048168523418028644 -0.003945697783156656 0.010641811887707815
77 0.04790891543351466 -0.004806506361840938 0.014812445442669155
78 0.048297842431968524 -0.003561678460281934 0.009380164867295343
79 0.04829785484976121 -0.0035517231059018634 0.00962749575236337
80 0.04777859868582939 -0.00524809633539733 0.01720833422783081
81 0.047647899317101984 -0.005759970365590481 0.018949702040776215
82 0.048038919320815776 -0.0044317185721786416 0.01318858472109592
83 0.04803888265539004 -0.004395942129463941 0.012494381444063759
84 0.04764790618540582 -0.005858346874868252 0.01898505826452901
85 0.04803890870699384 -0.004334571466497848 0.012930475091039935
86 0.04790893389327202 -0.0048791349447493 0.015063245156855667
87 0.048038922323259105 -0.004365257545735204 0.013287158322121483
88 0.04842675844224017 -0.0031013860817902363 0.007024643013216385
89 0.04790892584754152 -0.004814089247326405 0.01495325533803061
90 0.048297808934323824 -0.003476728993973975 0.008902918065051661
91 0.047778603217204466 -0.0054405295777686736 0.017055493191997263
92 0.04816853973044753 -0.0038902264943841964 0.011117169820093462
93 0.047778591492878046 -0.005334371149148185 0.016987155834744992
94 0.0484267584524898 -0.0030716157295341343 0.007090943526440062
95 0.048555327241969565 -0.0026293320716751925 0.004628567453688161
96 0.04829781196109106 -0.003518062659554635 0.008855379378944608
97 0.047908923916218475 -0.0048132751811045755 0.014958823462356372
98 0.04842673842652725 -0.002980694409830559 0.006789492093979926
99 0.04803891128874488 -0.004383343513246976 0.013031947863755477
100 0.048168545120099646 -0.004066506042501231 0.011013179372834365
101 0.048168542614566545 -0.00400113202161312 0.010992660580515318
102 0.047908917298031685 -0.004854748106204692 0.014826771446246209
103 0.04803890122146565 -0.004336041027860961 0.01283935668873624
104 0.029321810544219746 0.010955655199057975 -0.05224364006638529
105 0.04777860038568133 -0.005410899991448493 0.01702622838852636
106 0.0480389323313443 -0.004408766863383748 0.0134206586417307
107 0.048297819472426215 -0.003333430369113354 0.009230435416259746
108 0.048426753477688614 -0.0031077270689975726 0.006891048450211439
109 0.047908945595868495 -0.004873719966107165 0.01525996418848822
110 0.04803891297783607 -0.004438191004918395 0.013008013327776104
111 0.0477785933063463 -0.005321248116781367 0.016894399309144846
112 0.02664568269245098 0.010035549880811387 -0.060943156557896616
113 0.047908930547350154 -0.004854754931586195 0.015069103863953227
114 0.0477785819458558 -0.005316156812540926 0.01674864054179411
115 0.048426771563190404 -0.0031916976282528693 0.007194026275326101
116 0.04803889211873841 -0.004345030023342378 0.012744448298361145
117 0.048038923104692294 -0.004361843644581206 0.013245098095323897
118 0.04790893815189215 -0.004786846623859482 0.015239313496941048
119 0.0477785933063463 -0.005321248116781367 0.016894399309144846
120 0.04842673864905695 -0.0030518505311818126 0.006651661686566364
121 0.0479089344257743 -0.004914897531022313 0.014989186447665535
122 0.048038923118626994 -0.004360015013760973 0.013292765026622903
123 0.048038930762323274 -0.004443527549105013 0.013345044522857027
124 0.04816853972333591 -0.003867534029236711 0.011116178280935172
125 0.04777857553221724 -0.005254052221883305 0.01677757650221895
126 0.04803889794621069 -0.004343897624491322 0.012931439918187584
127 0.048426768272998334 -0.003096259440800583 0.007228725838197375
128 0.0479089355848954 -0.004951545417072878 0.015010370662798126
129 0.047778600312769995 -0.005358968229036214 0.017036814979834447
130 0.04829782356489854 -0.0034552007772108637 0.00918650669197475
131 0.04803892242853977 -0.004417406596966109 0.013217708030827327
132 0.04842675580799843 -0.0030661074522011196 0.00701438519156037
133 0.04855535239960663 -0.0026106722766222603 0.005142410068044025
134 0.02823754256978034 0.00729371180991865 -0.05773071144197986
135 0.04790891131840496 -0.004868068521694615 0.01467467635672428
136 0.0482978052994088 -0.0035288484841547564 0.008699872599803045
137 0.04816854135645959 -0.003997383946118495 0.010958921333770815
138 0.04790893320989016 -0.004936389388793518 0.015008158839191403
139 0.02641048577578128 0.016411572692320242 -0.05948709192787893
140 0.02593355700955914 0.01289093917186963 -0.06255671998046838
141 0.04816854906736412 -0.003869973633410903 0.011281107704303187
142 0.04790892216136782 -0.004771285926936383 0.015016117354590467
143 0.04816853568670789 -0.003869404564465546 0.011051685519039912
144 0.04790892565148452 -0.0048647276322225505 0.014852132414059154
145 0.04764790686710521 -0.0058023281071970705 0.019012673025690402
146 0.04764790218064972 -0.005791787456758062 0.018934412987088412
147 0.048038900780094054 -0.004294215501224739 0.012945962848806367
148 0.04816854500719684 -0.003966647021851806 0.011138378538280543
149 0.048168549468557226 -0.003934790719724199 0.011110647066019398
150 0.02593354896076799 0.011525548845594627 -0.06352075977909512
151 0.048038916865308 -0.004333045629725552 0.01320717185467635
152 0.04803891649465912 -0.004550278616474851 0.012978153513229578
153 0.04803890383391068 -0.004348086247949054 0.012995635082701552
154 0.026645681938168814 0.0115945967393031 -0.06083578100091204
155 0.047908944769220876 -0.0048656103749407185 0.015253923621263096
156 0.048555344417039306 -0.0026121833274559635 0.004877623929378595
157 0.04777859163925954 -0.005321587115704128 0.016990794715810525
158 0.048038927911613134 -0.004459314827665146 0.013257252694361305
159 0.048038930762323274 -0.004443527549105013 0.013345044522857027
160 0.048038929237205645 -0.004388230080227147 0.013434269609641177
161 0.048038881869667295 -0.004353442178742172 0.012571390959841581
162 0.04803891103721712 -0.004417942063756787 0.012972880101034511
163 0.04816854184924706 -0.003974804549724306 0.011023183708571043
164 0.04855535067967323 -0.0025595431521763124 0.005084809486403786
165 0.04803892939100589 -0.004333754708224548 0.013502532569732639
166 0.048038909916760075 -0.004358270344316077 0.012955003622631632
167 0.04816854434089175 -0.0038988640277063504 0.011180559169547202
168 0.04803891905471239 -0.004386025317161575 0.013206477079713667
169 0.04803889093144907 -0.0043357499695166404 0.012744766431912188
170 0.04803889893799611 -0.004450510055075863 0.012719743646013193
171 0.04777859716933812 -0.005373806005148059 0.017013261194179525
172 0.047778583806211535 -0.005301821591014298 0.016743748038879486
173 0.047647899317101984 -0.005759970365590481 0.018949702040776215
174 0.04816855025716093 -0.003958731356507814 0.011259840165948236
175 0.047778596245494694 -0.005357306612641536 0.016972082718869724
176 0.04829784206193335 -0.003520368381012247 0.00946456267038311
177 0.04803892906814471 -0.00434855925949401 0.013396781782714131
178 0.023931119521011335 0.01149380420865282 -0.07127952601496926
179 0.04790893815189215 -0.004786846623859482 0.015239313496941048
180 0.04829780977578894 -0.0035521837263449256 0.008773512004762724
181 0.04777859961650423 -0.005385040498406463 0.016976222230527985
182 0.028015770867692462 0.01697628938786025 -0.053735679652962304
183 0.04829781889622361 -0.003635858678315832 0.008869591262072207
184 0.04790894384160468 -0.00485305409730986 0.015310258506111582
185 0.04764791339808012 -0.005771835496884627 0.01920684312541914
186 0.04790892770283787 -0.004799793012060505 0.014948376140832513
187 0.04803889204566625 -0.0044093952435111305 0.012730299887618209
188 0.04777861377538557 -0.00526711308813409 0.017399715034173507
189 0.048168534007209364 -0.0039402546726467575 0.010930404739746076
190 0.048168521165248994 -0.0038219627048003057 0.010884852567027852
191 0.04790893656264914 -0.004886803785095214 0.015159320289704216
192 0.023668974767750203 0.01684204432289508 -0.06940210987110763
193 0.0479089493710935 -0.004935545766371794 0.015290504432668005
194 0.04803892876863415 -0.004491369218081188 0.013258386507789216
195 0.04790893328495037 -0.004780358382406712 0.01517870367636074
196 0.04816855753026106 -0.003993759381022187 0.011284042750351405
197 0.047908932448510695 -0.004836053211829486 0.015076729201590987
198 0.04803890700417996 -0.0044043389994215055 0.0129825233482748
199 0.04777860622982295 -0.005411872277772512 0.017147402074095753
0 0.037371095466254396 -0.036341207040758876 -0.004977251030180482
1 0.04026344616804833 0.036096344379475495 -0.015667441586812766
2 0.03932248852529885 0.03993483682975056 -0.01628618946965636
3 0.03963860232346694 0.03857764629872848 -0.016662879665838144
4 0.03884454472814008 -0.031132227665813954 -0.011093315329078306
5 0.03720397297442174 -0.03743132747199865 -0.0005845708077587241
6 0.038196490179762156 -0.03311601069559889 -0.012619283306352442
7 0.03963861942722136 0.03870081002285009 -0.01619983909684824
8 0.03995223362866481 0.03726756295291822 -0.016312912911109593
9 0.03963862160145221 0.03852463040377216 -0.01582091095050415
10 0.03703532809372536 -0.03777339627361416 -0.012000884704713484
11 0.040418110629309674 0.03548318060267308 -0.01671362480497925
12 0.040572208919156506 0.03487516890155084 -0.016812344855315124
13 0.037868480967329254 -0.03458049356832796 -0.01023957664524095
14 0.037703478054388256 -0.035459078690181445 -0.007066739105026981
15 0.03720315960380006 -0.03642183247305711 -0.017461389062162776
16 0.037371336002084615 -0.036812674406605204 -0.00018426501319541462
17 0.04026340693790173 0.03618173094155872 -0.017010968914605382
18 0.04072572312923004 0.03423130814784584 -0.016878370523531437
19 0.03786832617932741 -0.03440274922424179 -0.013339384455616166
20 0.040108132632793475 0.03681829583006146 -0.016610145204597172
21 0.036697018564778645 -0.038766011519160704 -0.006807699622634146
22 0.037538113531957906 -0.03657001567825747 0.0034400835805363213
23 0.03652697586658459 -0.0399633831341722 0.0011909232414841842
24 0.039163458108132244 0.0404658603129748 -0.016487804170649677
25 0.04026341907354422 0.035967295742473995 -0.01648370715621507
26 0.038033196981693 -0.03441852469811726 -0.0041099864440445185
27 0.03979573723171852 0.03791138448683134 -0.016043314609763604
28 0.04026342455708002 0.03626949772127107 -0.016262495914403593
29 0.037370902281065495 -0.036395782100001974 -0.009176341317224081
30 0.03995223497604996 0.0373182199964996 -0.016459160918286683
31 0.03786873432898644 -0.03491139119496066 -0.004907335402945029
32 0.03720372826418346 -0.037236248403353316 -0.0055060773026895885
33 0.039003807133638796 0.041261055422978504 -0.01613621157517348
34 0.038682478560468386 0.042454131937964074 -0.016419225585682675
35 0.04041812070297363 0.03560654954559519 -0.016211527994927085
36 0.03770330616948218 -0.03504138256333716 -0.010618175489423285
37 0.038843916249302446 -0.030028014876114333 -0.024025505657001785
38 0.04026341645537309 0.036133635868595276 -0.016635058760969254
39 0.0394808639611162 0.03921202877093453 -0.016465533168885264
40 0.03753756605023049 -0.03584930766035669 -0.008169853333481967
41 0.040418123591090864 0.03543480181423156 -0.016024934555586685
42 0.037703838168642076 -0.035633996223666274 0.0005077984394256749
43 0.039163470622512866 0.0406061048216525 -0.015907639840164557
44 0.03803272884257714 -0.033725911274783624 -0.013807302508168645
45 0.03916346183894774 0.04048334711368207 -0.01632747551491246
46 0.037868886776974225 -0.03493349663757414 -0.0014111517210344008
47 0.038843462622882415 0.04192751696812065 -0.016592349105701107
48 0.04072573365691541 0.034291836234851124 -0.016610241086501953
49 0.036355317371096 -0.040314757904071685 -0.007886000187449702
50 0.038843477275848824 0.04184413200829094 -0.016201064713818585
51 0.039795732005979884 0.038046841526978514 -0.016523555567589398
52 0.03868248417202498 0.04264465556649736 -0.016417461773258212
53 0.03963862129320985 0.03861683589302681 -0.0161735836287047
54 0.04010812932799693 0.036682430328200934 -0.01639507697451219
55 0.0410310498400502 0.03303611433911709 -0.016365348180764547
56 0.0370355656406892 -0.037737184248909865 -0.0064491563103458455
57 0.03686696459053964 -0.0384967390430512 -0.0009676062765026967
58 0.03737122096664361 -0.03667962436584211 -0.0023345900574884685
59 0.036866975010512504 -0.03861069057211236 -0.0006147991177020067
60 0.0370355817274329 -0.03753381944980007 -0.0062713624912282976
61 0.03669701115113224 -0.039006898902785435 -0.007531365503772591
62 0.03932247959032003 0.0399379392845861 -0.016589379832792232
63 0.03635543019910299 -0.040321548794998024 -0.005484508941759264
64 0.03703543450766651 -0.037633828049641875 -0.009741144874285793
65 0.039638622826285067 0.038648601891207224 -0.015974649848679308
66 0.03803318776868144 -0.03432515710673196 -0.0042366420836917685
67 0.039638612398180006 0.03861411314712841 -0.016392122755223202
68 0.0373709438101309 -0.03628789942251782 -0.008347151375192515
69 0.03948086929400557 0.0392313445576173 -0.01616007363580663
70 0.04026341098733674 0.036049954927657356 -0.01667741390645664
71 0.03720381396080991 -0.037168600626946754 -0.003599059319183455
72 0.037868628655036055 -0.03472218324007272 -0.006847543132891526
73 0.04041810578819163 0.035438697925697524 -0.01658925266684238
74 0.039638598006172754 0.038552421641536834 -0.01682956990993817
75 0.038843467736415255 0.04183237307908145 -0.01640079290900667
76 0.03979574071119143 0.037921619718987463 -0.01585670151245878
77 0.0363554583803569 -0.040390566360168655 -0.004865040672788461
78 0.036866822052548175 -0.038488412076792024 -0.004089448565881663
79 0.03686628352755239 -0.0381518223902218 -0.015560481799968866
80 0.04010812696349496 0.03673987242517548 -0.016494837150172532
81 0.04026342369310085 0.036152538431808566 -0.016217185329375244
82 0.03737095018047594 -0.03634765660778118 -0.008301218927527356
83 0.038844437943987724 -0.030712011158800685 -0.013393855430648471
84 0.037370679721258064 -0.03615242193472726 -0.013977220048932608
85 0.03686668172883867 -0.03846639847009176 -0.007012420069150166
86 0.04057220838079435 0.034802270778906845 -0.01644017987960809
87 0.03995223722372458 0.03717178015379716 -0.01644303645900157
88 0.03868247363690351 0.04251746984507637 -0.016562834973526144
89 0.03995224837264981 0.03733816066749203 -0.015894707889914834
90 0.03786847357484511 -0.03447018321943902 -0.010289750727116444
91 0.03995223047425868 0.03742842499976741 -0.016572340562336474
92 0.04041811641806619 0.035570374743451365 -0.016501054050973553
93 0.039795739097121224 0.03806441969284588 -0.01641769129657928
94 0.039952240464597104 0.03732038094099266 -0.016402398964240904
95 0.040418107232070344 0.03551783888984113 -0.01664004080757664
96 0.03995223689517231 0.03722296624551197 -0.016144737940231167
97 0.04026342045213068 0.03609479221139209 -0.01632116576020684
98 0.03819678343871383 -0.0336134704135927 -0.00679901182996047
99 0.03686680947301483 -0.03859594248341659 -0.0044992492792456555
100 0.03686683110821821 -0.038390943942024 -0.003566519297489818
101 0.04163498191369085 0.030754296393210374 -0.01599018896332416
102 0.0368665478552966 -0.038030684669791266 -0.009645258643181076
103 0.03979573233499118 0.037848629436504695 -0.016271995710325025
104 0.03916346571534944 0.04047325250688924 -0.016019385970648746
105 0.03669688684191997 -0.038755417062610986 -0.009801289292747472
106 0.04072573925236857 0.03432669320728998 -0.01635834354073131
107 0.039480854359378335 0.039186990584223126 -0.01655725436853334
108 0.035836624798236724 -0.04204330642234038 -0.009197212930768325
109 0.037203684488914576 -0.03708036055230303 -0.0063860895704138795
110 0.03819664912782688 -0.03331010308656469 -0.009498828748460458
111 0.037370919006125596 -0.0363882643614324 -0.009040052057874656
112 0.03995223151628109 0.03742590492102171 -0.016514044302495222
113 0.0404181265642701 0.03556737897137727 -0.01620214836099164
114 0.039322483399183865 0.03993295093479343 -0.016535604162167504
115 0.03995224063626642 0.037378380143235045 -0.016108668293505265
116 0.03995223022577455 0.03719674644725125 -0.016357071920429556
117 0.037537453347695905 -0.03582024001275976 -0.01060804978134866
118 0.040263427310908644 0.03604596904787426 -0.01620024604345581
119 0.04072574158478332 0.034445452289967066 -0.01632383830632059
120 0.03979574261678074 0.0379873987418839 -0.016123541584744387
121 0.04026341563035503 0.03615733670442556 -0.016508632005949233
122 0.03652656833353562 -0.039432662167743965 -0.007249633497426568
123 0.037035174911766 -0.03734733037041928 -0.015033437126200372
124 0.03686682145194804 -0.038477039969263396 -0.004036293444009434
125 0.04087869408219921 0.033691216647794314 -0.015979550243615318
126 0.03995223413839138 0.03728403429991905 -0.01643207104283492
127 0.03932247698834437 0.039911050983058555 -0.01676740141196357
128 0.03720383480583868 -0.03718473125170747 -0.0032845954833105864
129 0.03963861098959201 0.038581432428096064 -0.01621553815053415
130 0.039003790791090044 0.041164620297633785 -0.016572708149222584
131 0.036526545452253964 -0.039455361982920774 -0.007791635053133265
132 0.03819677471338949 -0.033527134553083024 -0.006792499909488142
133 0.037035426008096485 -0.037460530446173104 -0.009650188044797168
134 0.039795734318506235 0.03816067230311306 -0.016416118224892796
135 0.03686681719166944 -0.03851592121362988 -0.00413441737804545
136 0.04026341709718403 0.036003814966885 -0.016580240387628717
137 0.04010812517863573 0.03669553383049689 -0.01655703448878697
138 0.038683563794972016 -0.031571564882901255 -0.01140565079809348
139 0.03932248550474494 0.0399445704185674 -0.01644230394588068
140 0.0402634137057538 0.03613496690746845 -0.01670578318536713
141 0.03753741698790664 -0.03573064553389813 -0.011244532819698798
142 0.04072574595723694 0.0343081320363003 -0.01606388849365395
143 0.03686681799944169 -0.03847664326018507 -0.0042540356095811405
144 0.03566205303538993 -0.042455477314897926 -0.009175940503983356
145 0.037203825861664604 -0.03727755995104802 -0.0034993668404332957
146 0.03916346271960805 0.0404551861838194 -0.01621192395757137
147 0.03963860947319889 0.0386211056136832 -0.01636675108056283
148 0.037370792519247346 -0.03640251206205628 -0.01157915796049128
149 0.03737117335767418 -0.03658200320507248 -0.0036040561398448076
150 0.0396386071171941 0.038627086371581555 -0.01637815302089283
151 0.03753739808589752 -0.03574559665889218 -0.011596428285888942
152 0.03753795087345888 -0.03622041638844701 0.0001254526299332141
153 0.03979574054035603 0.038102884524536154 -0.016430408709860896
154 0.03963861004059384 0.038681073662764055 -0.01666736577486933
155 0.03720356500069505 -0.03696747343834516 -0.009023116166738414
156 0.03948086724592292 0.03928945226352716 -0.01623585427165442
157 0.039003792070288264 0.04116414131903396 -0.016559420482879606
158 0.038197038556378765 -0.03384253085734773 -0.0011361478891443832
159 0.03979572742276532 0.037886188811476866 -0.016613130212920227
160 0.038032768057293255 -0.03403263902416304 -0.013053985218550569
161 0.03979572580319058 0.037956586385655966 -0.01668274795126774
162 0.039480864064316126 0.03930738737731895 -0.016542700411195235
163 0.04041811010439979 0.035544080848912536 -0.016456680070511685
164 0.03669661681292547 -0.03847798629187472 -0.015428940414176508
165 0.03995222993119772 0.03728894159988304 -0.01654466426943565
166 0.03652698263158277 -0.03993175786540986 0.0014525780668657022
167 0.03686683960637797 -0.038517770167504406 -0.003734169478548044
168 0.03703571405701393 -0.037707147616700624 -0.0034012844602977974
169 0.03948086388726554 0.03931536688249198 -0.016445597793468922
170 0.039480865375798584 0.03933680598458527 -0.016252055240344725
171 0.03819664113376414 -0.03336469627809561 -0.010026567166112237
172 0.03979573360893158 0.0379003886314851 -0.01626428427048044
173 0.037203730028817605 -0.03730536033311991 -0.005481752380058863
174 0.04010814715115116 0.036787069776473724 -0.015846533983183857
175 0.03583661854665369 -0.04184755117776162 -0.009103323454623367
176 0.03963860844397451 0.03858962032445205 -0.016341343711268583
177 0.03601002245205521 -0.040921325355524715 -0.015368205489283634
178 0.04010813836780115 0.036736754895563876 -0.016237418808296187
179 0.03819680270057369 -0.03359731134443112 -0.006264279272651944
180 0.036866838794986694 -0.03846281034889971 -0.003610050796858873
181 0.037537659000455435 -0.03592293158524959 -0.00627037822848494
182 0.04087868360481968 0.03349053306386351 -0.015930026009354562
183 0.03995223154360243 0.03727984929375784 -0.01649329421145241
184 0.037035431636085483 -0.03740864997731795 -0.009416535631332556
185 0.03948085927035378 0.039260685358407654 -0.016517753444911732
186 0.03948085621308953 0.03929662467899048 -0.01672321841396093
187 0.040572217331135016 0.03478612102450637 -0.01618552056672349
188 0.039795749795892135 0.03798335089222814 -0.01581960845274051
189 0.038033458959266665 -0.03477832472603428 0.0014133258478849224
190 0.038033077031903784 -0.0339641443910666 -0.006300933056103755
191 0.040108127163320975 0.03677039031764236 -0.016384908702837854
192 0.04026341954037524 0.03615780446684152 -0.016372870309874978
193 0.04103104797459831 0.033225916188750836 -0.016698609531193412
194 0.036010482541680953 -0.04137702215514394 -0.005584487002346001
195 0.037035435249745036 -0.03763911324738804 -0.009487713661300622
196 0.04072574063900099 0.03425379089481107 -0.016046158839310983
197 0.04057220643315483 0.03485998585224245 -0.016492875279665302
198 0.038843462794853637 0.04179542370143158 -0.016504830264775904
199 0.039795728685139475 0.03796308495503453 -0.016604770010683664
