200 3
0 0.009874725342600688 0.09590752301632915 0.09590752301632915
1 -0.06674701704572461 0.0356154742510158 0.0356154742510158
2 0.028170508966937246 0.005260672729962786 0.005260672729962786
3 -0.02271857610499813 0.028762852659653313 0.028762852659653313
4 0.013254180344705933 -0.006064832994866253 -0.006064832994866253
5 0.009707577208934183 -0.06721430979272783 -0.06721430979272783
6 0.012920057999990839 0.10826666271784548 0.10826666271784548
7 -0.015213953497084315 0.13619354670339517 0.13619354670339517
8 0.013668690123258935 -0.019984980100575832 -0.019984980100575832
9 -0.01189747547611487 -0.05116013199242028 -0.05116013199242028
10 0.0031732354584425716 0.058855964317874106 0.058855964317874106
11 -0.19281530470619626 -0.31834563683079203 -0.31834563683079203
12 0.016530538234400653 0.06303277747755748 0.06303277747755748
13 0.01599097539871933 0.019861674579358956 0.019861674579358956
14 0.01004575003410906 -0.12930198958098252 -0.12930198958098252
15 0.013230593924766292 -0.13980426347863442 -0.13980426347863442
16 0.007528750470391299 0.02667692960669156 0.02667692960669156
17 0.012642628633695203 0.22874097790284897 0.22874097790284897
18 0.02057575465447736 0.04649297570353924 0.04649297570353924
19 -0.033083612434802484 -0.05038661062851958 -0.05038661062851958
20 0.0032244037253792578 -0.04591178373829159 -0.04591178373829159
21 0.017892634214680406 0.11485416273731419 0.11485416273731419
22 -0.024160791966113402 -0.07182068905584624 -0.07182068905584624
23 0.018775642502161932 0.032921707573426814 0.032921707573426814
24 0.02032603316245868 0.015472762066981546 0.015472762066981546
25 0.011426411569942738 -0.004150990112853529 -0.004150990112853529
26 0.013251935863817042 0.04980125686293538 0.04980125686293538
27 0.007779925595129485 0.11141650469403991 0.11141650469403991
28 0.04574845510708161 -0.17638584072963348 -0.17638584072963348
29 0.009766693346160168 0.24690211412727955 0.24690211412727955
30 0.01579928774246805 0.0034059600590772184 0.0034059600590772184
31 0.01116942222206454 0.1627511337620019 0.1627511337620019
32 0.0040675220318031466 0.058839741380287705 0.058839741380287705
33 0.012287021116748932 0.10353424557121632 0.10353424557121632
34 -0.03821456966662981 -0.007764803756189612 -0.007764803756189612
35 0.022655035107386628 0.06721705459641276 0.06721705459641276
36 0.0045977125433887935 -0.04284287125542052 -0.04284287125542052
37 0.010488264426309705 0.07902957264729961 0.07902957264729961
38 0.02139169813038893 0.0039970068492109975 0.0039970068492109975
39 0.018876160064558566 0.061118841169807814 0.061118841169807814
40 0.017931252669008496 0.1659841948848726 0.1659841948848726
41 0.020265060518161793 0.08181634187175596 0.08181634187175596
42 0.0191477425896813 -0.14707432714165783 -0.14707432714165783
43 -0.010203947611330737 0.09509022882265875 0.09509022882265875
44 0.012919266889776255 -0.08881566774788256 -0.08881566774788256
45 0.017588510306893575 0.0353854798531968 0.0353854798531968
46 0.01059149964305768 -0.07345752973661071 -0.07345752973661071
47 0.019521628164830596 -0.03501904982296246 -0.03501904982296246
48 0.01553697345079832 -0.06655139731952806 -0.06655139731952806
49 -0.017588970614640265 -0.20474752048102823 -0.20474752048102823
50 -0.096129345944689 -0.11849249832711163 -0.11849249832711163
51 0.018297181990124024 -0.007293090082287842 -0.007293090082287842
52 0.01672156794807023 0.07364248643002864 0.07364248643002864
53 0.010681563955787364 0.009408152042402002 0.009408152042402002
54 0.021190809173055297 -0.056500956359145024 -0.056500956359145024
55 0.019023536586695818 -0.13187192427368044 -0.13187192427368044
56 0.017176088935516497 -0.00609148841130374 -0.00609148841130374
57 0.013886040317037805 -0.08832724928676541 -0.08832724928676541
58 0.005690157746186777 -0.11871168416033953 -0.11871168416033953
59 -0.022948160491342913 0.03649423281788856 0.03649423281788856
60 0.017880209575219262 0.017080915477436703 0.017080915477436703
61 0.00510392314492894 0.16528143966224165 0.16528143966224165
62 0.01583864831673591 0.0027652975948147702 0.0027652975948147702
63 0.016395281204737062 -0.0346269430246362 -0.0346269430246362
64 0.01654545053883671 0.09308769238249441 0.09308769238249441
65 0.01430801828881735 0.09502247977074825 0.09502247977074825
66 0.005887546586516185 0.02290547864345955 0.02290547864345955
67 0.005686460266543498 -0.12430050703999497 -0.12430050703999497
68 -0.02000845592968232 -0.03653026621479806 -0.03653026621479806
69 -0.8808963423661604 -0.8548558974227455 -0.8548558974227455
70 0.014470567833841756 -0.02623107171931814 -0.02623107171931814
71 0.015641068455891846 0.14122847542182854 0.14122847542182854
72 0.018575552383288715 0.10016644115425782 0.10016644115425782
73 0.02112548902788706 0.022328894693291735 0.022328894693291735
74 -0.00846684643960945 -0.016916828380931823 -0.016916828380931823
75 0.018345875647931595 -0.04867875763116353 -0.04867875763116353
76 0.01722169093301177 -0.002410328368089361 -0.002410328368089361
77 -0.0004525153493701534 -0.17490856922025338 -0.17490856922025338
78 0.01151099105010105 0.162512315719387 0.162512315719387
79 0.011936412415007053 0.089374996159361 0.089374996159361
80 0.002444627007235195 0.1556482407477687 0.1556482407477687
81 0.007951563694348815 -0.07224029041215436 -0.07224029041215436
82 0.011435078465836414 -0.20339101619847302 -0.20339101619847302
83 0.0177009068994895 0.012555754168183459 0.012555754168183459
84 0.014242963073025385 -0.09543709024902505 -0.09543709024902505
85 0.01958861054790946 -0.14219533416928393 -0.14219533416928393
86 0.01728422845773522 0.062806689004816 0.062806689004816
87 -0.02858576815012871 -0.07310681198655404 -0.07310681198655404
88 0.004804769511894498 0.006348451204625474 0.006348451204625474
89 0.017097551553078717 -0.014111938624092539 -0.014111938624092539
90 -0.016604985867143793 0.09570033426068798 0.09570033426068798
91 0.015389989472692305 -0.08080630213297223 -0.08080630213297223
92 0.016923164197128863 0.03791214627682133 0.03791214627682133
93 0.022467640539601447 -0.03484948124455757 -0.03484948124455757
94 0.0216216873808322 -0.0810939989995766 -0.0810939989995766
95 0.022006502235281635 0.0319260503492369 0.0319260503492369
96 0.004750835114437871 -0.05928683131441491 -0.05928683131441491
97 0.009511344526986938 -0.06375452163972653 -0.06375452163972653
98 0.016616136472364526 -0.1814747552516816 -0.1814747552516816
99 0.0020795208845040655 -0.1237302996412621 -0.1237302996412621
100 0.0076381841466602336 -0.14995325881450933 -0.14995325881450933
101 0.006288215381713211 -0.0034382217511445545 -0.0034382217511445545
102 0.008634205786873362 -0.01629348849010974 -0.01629348849010974
103 0.00996160870454172 -0.02011416605852178 -0.02011416605852178
104 -0.04187896005826461 0.12543185045698177 0.12543185045698177
105 0.014217507511515213 0.10693076204345062 0.10693076204345062
106 0.01470314221668612 -0.061074536045340286 -0.061074536045340286
107 -0.00819545113764181 -0.013053357098342214 -0.013053357098342214
108 0.009840219928331414 -0.15525516718895246 -0.15525516718895246
109 0.01757092667133921 -0.015167394356965725 -0.015167394356965725
110 -0.01735810584611172 -0.003309704867811432 -0.003309704867811432
111 0.012899365556489758 -0.0015438255476976845 -0.0015438255476976845
112 -0.017062177395524188 0.0017642903069023039 0.0017642903069023039
113 0.00865468058827512 0.07950109335868724 0.07950109335868724
114 0.015754758399429598 -0.08682782995982985 -0.08682782995982985
115 0.004723201918598456 0.058216848329152034 0.058216848329152034
116 0.013891252659697739 0.06506358363934374 0.06506358363934374
117 0.009034249122299639 -0.025016960293566787 -0.025016960293566787
118 0.017394866819338425 0.01713261268644328 0.01713261268644328
119 0.01121952801790414 0.04202882985187771 0.04202882985187771
120 0.015943688711367553 0.06291750424248772 0.06291750424248772
121 0.020915867792299078 -0.09594382885753955 -0.09594382885753955
122 0.012259151882313267 -0.17092683792503774 -0.17092683792503774
123 0.01193455874212501 -0.09533433666146854 -0.09533433666146854
124 0.01136834868754274 0.07178962994076415 0.07178962994076415
125 0.008468872885034106 -0.013576466553224252 -0.013576466553224252
126 0.01656532319692843 -0.08242193537005851 -0.08242193537005851
127 0.012731043864666315 -0.11976877220618085 -0.11976877220618085
128 -0.024449260299397133 -0.0960804039433795 -0.0960804039433795
129 0.013609691855560956 0.1362314161534876 0.1362314161534876
130 0.012548135635278916 0.08656845567517865 0.08656845567517865
131 0.018683211121198154 -0.006728725025538035 -0.006728725025538035
132 0.0042662454921051085 0.07581107818012453 0.07581107818012453
133 0.011902435512058617 -0.10357091059158871 -0.10357091059158871
134 -0.017010236949974774 -0.10528823329092114 -0.10528823329092114
135 0.011849925464164347 -0.02021716179971385 -0.02021716179971385
136 0.01184097292611085 0.09889962753319774 0.09889962753319774
137 0.011485517046897716 -0.07090782037395765 -0.07090782037395765
138 0.018850016553725958 0.1319597491434182 0.1319597491434182
139 -0.09921286161031918 -0.15290934133293066 -0.15290934133293066
140 -0.006425521404729103 -0.1612897191700807 -0.1612897191700807
141 0.016272957870550133 -0.1304221350963447 -0.1304221350963447
142 0.007644879791571524 0.22626264416584432 0.22626264416584432
143 0.005145565247922143 -0.030372245771536573 -0.030372245771536573
144 -0.02129683616801145 -0.012843902333596991 -0.012843902333596991
145 -0.011125644541345896 -0.08415606952102192 -0.08415606952102192
146 0.012418909521192121 -0.03518065002989501 -0.03518065002989501
147 0.023927867550965015 0.07853901533904843 0.07853901533904843
148 0.008764179836900459 0.1066086504337092 0.1066086504337092
149 -0.0037016771978995787 -0.02679907602342568 -0.02679907602342568
150 -0.03495565836563982 -0.2472274942282828 -0.2472274942282828
151 0.014126157998812346 0.08126589019655736 0.08126589019655736
152 0.004911257576008714 -0.030672068336722036 -0.030672068336722036
153 0.015376975425933923 0.013756668227407726 0.013756668227407726
154 -0.01011902892066307 -0.039251323760506225 -0.039251323760506225
155 -0.010411676917984034 0.03586401780634335 0.03586401780634335
156 0.00768451210502518 -0.027757579961798895 -0.027757579961798895
157 0.020552045186999383 -0.0055451609587868315 -0.0055451609587868315
158 0.006897738953578076 0.011842009267135547 0.011842009267135547
159 0.019703743381970076 0.10324231679427476 0.10324231679427476
160 -0.000419119127166584 0.22362553542727975 0.22362553542727975
161 0.016359634986532434 0.0716365827219887 0.0716365827219887
162 0.00749448827435751 -0.05096883866458047 -0.05096883866458047
163 0.011947138987160502 0.09007328776572705 0.09007328776572705
164 0.011662748668233138 -0.04980237902594248 -0.04980237902594248
165 -0.006157788593295443 0.04398876996198044 0.04398876996198044
166 0.014712999902786027 0.011637546316120424 0.011637546316120424
167 0.015546886234100898 0.07609315874019705 0.07609315874019705
168 0.016316229257327362 0.15371618847702467 0.15371618847702467
169 0.010572106957256276 0.07126965285832132 0.07126965285832132
170 0.008957439392544371 -0.023468459494066805 -0.023468459494066805
171 0.008069328806230954 0.13340011056469983 0.13340011056469983
172 0.0068957437501677215 -0.126856479871564 -0.126856479871564
173 -0.025329325897968907 0.11651854501607545 0.11651854501607545
174 0.024070214706603577 0.0423153666015299 0.0423153666015299
175 0.013031245679679613 0.12295252822001644 0.12295252822001644
176 -0.009826614875649784 -0.11428997423022044 -0.11428997423022044
177 0.018528828021794945 -0.04218575170692912 -0.04218575170692912
178 -0.0036414649928825918 -0.0307041028994335 -0.0307041028994335
179 0.014008666384304915 -0.08719583297074288 -0.08719583297074288
180 0.007639621299713079 0.04347393992251105 0.04347393992251105
181 0.014504419762318876 0.014127592876990442 0.014127592876990442
182 -0.282818256026975 -0.32705456834656066 -0.32705456834656066
183 0.019898191336444365 0.06089715908054891 0.06089715908054891
184 0.000965540007562743 0.08898462464442412 0.08898462464442412
185 0.009322912812251305 0.19087506921994363 0.19087506921994363
186 0.01816008346374845 0.06670638853541484 0.06670638853541484
187 0.017306947760497682 0.23728031268708089 0.23728031268708089
188 0.017497050010485845 -0.030281225835657597 -0.030281225835657597
189 0.007055313356692687 0.08225471460623478 0.08225471460623478
190 0.00951655598875765 0.11044881622826246 0.11044881622826246
191 0.014638649317522642 -0.17770358226457167 -0.17770358226457167
192 0.007254871890622851 0.05210500553974688 0.05210500553974688
193 0.00896245090177448 -0.010514480437730745 -0.010514480437730745
194 0.01075872416080371 -0.0911057471752602 -0.0911057471752602
195 0.009650693103874713 -0.023366478858967237 -0.023366478858967237
196 0.009549767281701696 0.06791741755809505 0.06791741755809505
197 0.020051025193981938 0.07851747220276521 0.07851747220276521
198 -0.02320438837574776 -0.08833745042178741 -0.08833745042178741
199 0.025957053604899995 0.014030226658115673 0.014030226658115673
0 0.002659353469958151 0.08707597619181667 0.08707597619181667
1 -0.02550271475012895 -0.1748621593712339 -0.1748621593712339
2 -0.0004805163461214302 -0.045233369669348045 -0.045233369669348045
3 0.004990188396380612 0.06042609003420785 0.06042609003420785
4 -0.0004351562328086621 -0.08068060387867523 -0.08068060387867523
5 0.00219386820454348 0.033093570526188706 0.033093570526188706
6 0.003638941670263404 -0.13478410768497537 -0.13478410768497537
7 0.0027137647151566904 0.09276738793848184 0.09276738793848184
8 0.003978537480909185 -0.04868811372856018 -0.04868811372856018
9 -0.003501973270184259 0.21115727840016074 0.21115727840016074
10 0.004208596662567188 -0.12989257045115996 -0.12989257045115996
11 0.002149806471167474 0.18092344957240541 0.18092344957240541
12 0.0034121785294684245 -0.10466942307012869 -0.10466942307012869
13 0.0029492894113328865 0.020588031721692424 0.020588031721692424
14 0.003540624315877062 0.004145867626553672 0.004145867626553672
15 0.0026417120514755474 -0.04296973828335466 -0.04296973828335466
16 0.0005280402335554651 0.08878887754701151 0.08878887754701151
17 0.0030857563995610572 -0.0993523784971551 -0.0993523784971551
18 0.003733440011698013 0.0028643748443067767 0.0028643748443067767
19 -0.0007007135487131983 0.14398984157132924 0.14398984157132924
20 0.003301683204111574 -0.07520991744693861 -0.07520991744693861
21 0.0025333632468924647 0.0819610522967984 0.0819610522967984
22 0.004061715764378646 -0.01626736680391848 -0.01626736680391848
23 0.002564953130577317 0.018709705423318367 0.018709705423318367
24 0.00038905849930233886 -0.1369334326120862 -0.1369334326120862
25 -0.0007177240937800037 -0.07341325594689455 -0.07341325594689455
26 0.000509704438599243 0.13005900359090236 0.13005900359090236
27 0.003246084613343712 0.035257960926414735 0.035257960926414735
28 0.0020550932382760417 -0.08030799515218577 -0.08030799515218577
29 0.0030745695319143724 -0.22764743866354542 -0.22764743866354542
30 0.0039018537478080475 0.05735541393056535 0.05735541393056535
31 0.003240259433733041 -0.0437642779889516 -0.0437642779889516
32 0.0031667060740333862 0.11693241019418178 0.11693241019418178
33 -0.10617636543309066 -0.006099941784529536 -0.006099941784529536
34 -0.009803826144511581 0.05750598659803337 0.05750598659803337
35 0.00364769564867906 -0.15213245008647844 -0.15213245008647844
36 0.00234633741739571 0.10241435794351254 0.10241435794351254
37 0.003106896460170908 -0.04250314232820356 -0.04250314232820356
38 0.00439701496953684 0.09522166511476385 0.09522166511476385
39 0.0032673629649095704 -0.0003662122099680268 -0.0003662122099680268
40 0.0035796654510561374 -0.1611757158219234 -0.1611757158219234
41 -0.003438216220903894 -0.020222081231917502 -0.020222081231917502
42 -0.00018665615287246748 0.017337616962506627 0.017337616962506627
43 -0.003235239888610184 -0.12224217998677239 -0.12224217998677239
44 -0.00043851967936508796 0.08775964147516051 0.08775964147516051
45 0.0022021719008059487 0.05361404158117339 0.05361404158117339
46 0.0007992761651775508 0.04134273685430005 0.04134273685430005
47 0.003484999863720185 0.10957434003912933 0.10957434003912933
48 0.0018754571638631323 0.11700286730062362 0.11700286730062362
49 0.0037239977106080175 -0.07868381789263776 -0.07868381789263776
50 -0.01799338803555541 -0.12503751920945977 -0.12503751920945977
51 0.0034967110970933945 0.11212068159531283 0.11212068159531283
52 -0.015074892123517753 -0.0028315071943524756 -0.0028315071943524756
53 -0.0034710925831059635 0.01462219458205677 0.01462219458205677
54 0.002708206069796679 0.12982333762493156 0.12982333762493156
55 -0.001945659612359571 0.013255216934754895 0.013255216934754895
56 0.003601919541684649 0.05443307942294168 0.05443307942294168
57 0.0038199082226313408 -0.11025959335320297 -0.11025959335320297
58 0.00010862320876511092 0.20894580568774623 0.20894580568774623
59 0.002683789966723711 0.04103497208215178 0.04103497208215178
60 0.004070230725419078 0.12695397937172082 0.12695397937172082
61 -0.0012366702887435163 0.05081825332123585 0.05081825332123585
62 0.002759363593074876 -0.004061307518814158 -0.004061307518814158
63 0.005117845029310429 0.03917048300079019 0.03917048300079019
64 0.002906879616165529 0.11465459940571836 0.11465459940571836
65 0.0018123476320222778 0.017995496304814836 0.017995496304814836
66 0.0049130970330484944 0.1447991955565866 0.1447991955565866
67 0.0019567618077426683 -0.14843802358998007 -0.14843802358998007
68 0.0015959104118090208 0.061517972421047326 0.061517972421047326
69 -0.0022608020185511876 -0.08443926114849898 -0.08443926114849898
70 0.0031146861329848703 0.11111590178540802 0.11111590178540802
71 0.0029821815266944493 0.03369768020365521 0.03369768020365521
72 0.002033767965980567 -0.09567239191925052 -0.09567239191925052
73 0.0023125158902090716 0.2664548583042902 0.2664548583042902
74 0.0005767389242915271 -0.05735623612612175 -0.05735623612612175
75 0.0035993786731111444 -0.04952104551298828 -0.04952104551298828
76 0.0006303852131588265 0.12796348794967907 0.12796348794967907
77 2.988813506631438e-05 0.07037703504703324 0.07037703504703324
78 0.003762547409450766 0.0625090300462201 0.0625090300462201
79 0.0019758187794164947 0.04838468385110668 0.04838468385110668
80 0.004064875500330393 0.21805474587571405 0.21805474587571405
81 -0.0001934471323970879 -0.20118991364910918 -0.20118991364910918
82 0.004082095247675464 0.012440970144059068 0.012440970144059068
83 0.003322940274195362 0.1004238447820174 0.1004238447820174
84 0.0031069632502405487 -0.002914564014033133 -0.002914564014033133
85 0.00197462702596231 -0.13012864708328806 -0.13012864708328806
86 0.003029625113861885 -0.13669009038465293 -0.13669009038465293
87 0.003369105204885275 0.08295709253628768 0.08295709253628768
88 0.003841246967804044 -0.0015613593150039145 -0.0015613593150039145
89 0.002809771380994004 -0.034383832845790475 -0.034383832845790475
90 0.00012672445505395292 0.05213133262456812 0.05213133262456812
91 0.0007303471101452389 0.14940384653897001 0.14940384653897001
92 0.002331442936913919 -0.10902021598955061 -0.10902021598955061
93 0.003946096433073143 -0.08632132813765765 -0.08632132813765765
94 0.0011756864625142938 -0.09438542119158083 -0.09438542119158083
95 0.0026313470526381348 0.07899925295911021 0.07899925295911021
96 -0.0001798461843656505 -0.07716257635544357 -0.07716257635544357
97 0.0029268024491301897 0.057047681112838686 0.057047681112838686
98 -7.63666504995712e-05 -0.015337877245853592 -0.015337877245853592
99 0.0023037680482080334 0.10524584580576099 0.10524584580576099
100 0.0030965647835168556 -0.07280949131163186 -0.07280949131163186
101 7.977108224296142e-05 -0.02633257533089597 -0.02633257533089597
102 0.0017251395332089112 -0.21860303256061803 -0.21860303256061803
103 -0.001537508903534913 -0.004685219032307342 -0.004685219032307342
104 -1.0453573578140336e-06 0.028324392773437703 0.028324392773437703
105 -0.00029757659224658405 -0.03722988751346163 -0.03722988751346163
106 0.0007349887631305527 0.07193604241769966 0.07193604241769966
107 -0.00017203433552685288 0.042000062369166466 0.042000062369166466
108 0.003847588373401435 0.1572398528539139 0.1572398528539139
109 0.003265584482590883 -0.09294445733605002 -0.09294445733605002
110 0.0030332379845218974 0.08268076824159264 0.08268076824159264
111 0.0022403560595128593 -0.03691372040206876 -0.03691372040206876
112 -0.003663002686762582 0.11715392656312472 0.11715392656312472
113 0.0034398392537985057 0.051681160664454516 0.051681160664454516
114 0.003222984682696796 -0.0022794396584050144 -0.0022794396584050144
115 0.0033842204184575796 0.07353002536069524 0.07353002536069524
116 0.003141694922744262 -0.09653531669444367 -0.09653531669444367
117 0.003859560699087993 -0.12039697898334734 -0.12039697898334734
118 -6.6792382906032e-05 -0.16108032849375412 -0.16108032849375412
119 0.002823887660539934 0.12695525625621998 0.12695525625621998
120 0.00016194228262327433 -0.16101458817139974 -0.16101458817139974
121 0.0035233146051361713 -0.11773518580393445 -0.11773518580393445
122 0.003382811129008364 -0.10285058076409426 -0.10285058076409426
123 0.004385793364914449 -0.02513246003047337 -0.02513246003047337
124 0.0018027346262887165 -0.010417237729650277 -0.010417237729650277
125 0.004388523201967372 -0.010866628343958237 -0.010866628343958237
126 0.0038062698478979894 -0.08394115827670594 -0.08394115827670594
127 -0.0026347714164258506 0.09595141313398914 0.09595141313398914
128 0.0021648972343856166 -0.11865043757387553 -0.11865043757387553
129 0.003855229084067337 0.01789819676023535 0.01789819676023535
130 0.0034338195402609573 -0.03883250935002916 -0.03883250935002916
131 0.0039004012448398693 -0.1850305989306969 -0.1850305989306969
132 0.003503131390235919 -0.07641725364726017 -0.07641725364726017
133 0.004216952390902019 0.06305543242167026 0.06305543242167026
134 -0.015884877861514723 -0.0007245653297205962 -0.0007245653297205962
135 0.003177286302235468 0.043213139624102344 0.043213139624102344
136 0.002020577573315211 0.010736172372685438 0.010736172372685438
137 0.0029196395441500296 -0.01891203731962257 -0.01891203731962257
138 -0.00033915623052337954 -0.06496494149743902 -0.06496494149743902
139 -0.012442044925697641 0.07308356026584031 0.07308356026584031
140 -0.03505883035035434 -0.06959001444468274 -0.06959001444468274
141 0.002440299968154986 0.08183371308927866 0.08183371308927866
142 0.003384263852667674 -0.04936046071463875 -0.04936046071463875
143 0.0034698668251498563 -0.15284021930303418 -0.15284021930303418
144 0.0006711416001947633 -0.034346875279184105 -0.034346875279184105
145 0.004468969860240836 -0.10245711987964176 -0.10245711987964176
146 0.003371407995132457 -0.050048292713009396 -0.050048292713009396
147 0.003945401874527337 0.04384687803986023 0.04384687803986023
148 0.0031977227985617637 0.011719945420601426 0.011719945420601426
149 0.0031821685662806083 0.03269776329956027 0.03269776329956027
150 -0.1339863457562312 -0.016707092392418105 -0.016707092392418105
151 -0.001223806397649825 0.07466399787623736 0.07466399787623736
152 0.0035016620212284205 0.031980053796211765 0.031980053796211765
153 0.002945298039393423 -0.11052487160864259 -0.11052487160864259
154 -0.0081987468056503 -0.05789567232310752 -0.05789567232310752
155 0.002713887643913065 -0.2644963853960375 -0.2644963853960375
156 0.0032607136964233237 -0.046169679712123185 -0.046169679712123185
157 0.0025004866347593047 -0.208282768746164 -0.208282768746164
158 0.0012804791471081444 -0.15820033924029503 -0.15820033924029503
159 0.003060157656522936 0.13509557678800688 0.13509557678800688
160 0.004687265304122215 -0.033176841764758144 -0.033176841764758144
161 0.0029380218631829018 0.10542171884339904 0.10542171884339904
162 0.0024015759349988964 0.1804157387780305 0.1804157387780305
163 0.003630336959447658 0.09236120006979281 0.09236120006979281
164 0.0037745431980251935 -0.051913616644096085 -0.051913616644096085
165 0.0030973116830915466 0.009974779866986968 0.009974779866986968
166 0.0035958053485154206 0.009863317890066513 0.009863317890066513
167 0.003479337749683016 -0.07783084890626321 -0.07783084890626321
168 1.4163852546333131e-05 0.0021264047977524953 0.0021264047977524953
169 6.09869625186674e-05 -0.16174487842620108 -0.16174487842620108
170 0.002532029325164778 0.08625656982183352 0.08625656982183352
171 -0.0006695371676317266 -0.02783714072480137 -0.02783714072480137
172 0.0027467501994675376 -0.18009114610040153 -0.18009114610040153
173 0.0022983899131093504 0.026542955946645786 0.026542955946645786
174 0.003267993971941795 0.05894172023419758 0.05894172023419758
175 0.00499937484581949 0.03327265515098724 0.03327265515098724
176 0.003216863814908801 -0.054707986913047395 -0.054707986913047395
177 -6.326311152357459e-05 -0.07825389038328737 -0.07825389038328737
178 -0.020425934788126942 0.12933602439677847 0.12933602439677847
179 0.002620478335729917 -0.2007605955276407 -0.2007605955276407
180 0.0010526386917512772 0.03389637138489264 0.03389637138489264
181 -0.0006430117510046189 -0.023916990377487467 -0.023916990377487467
182 0.0008831092819572676 -0.049795382624680355 -0.049795382624680355
183 0.0042950611916269055 0.07731551926527984 0.07731551926527984
184 0.0031041936619292127 -0.1418323528385408 -0.1418323528385408
185 0.0006598345421329693 -0.12242291583975323 -0.12242291583975323
186 0.002134683439730238 -0.06402109363590626 -0.06402109363590626
187 0.0013877705767655628 -0.07497762366446498 -0.07497762366446498
188 -5.0078616009713e-05 -0.10960592422580441 -0.10960592422580441
189 0.002283229703328945 -0.16661492781964404 -0.16661492781964404
190 0.0038913648795933092 -0.04033874628264296 -0.04033874628264296
191 0.00022592556268196718 -0.11162139618109673 -0.11162139618109673
192 -0.0044140945772861125 -0.04135730524236871 -0.04135730524236871
193 0.0032359761800017676 -0.059713820263912684 -0.059713820263912684
194 0.0015379525163756562 0.14532050280840741 0.14532050280840741
195 -0.0017911915941743045 0.0602080891374092 0.0602080891374092
196 0.003243961616315654 -0.0917487001832279 -0.0917487001832279
197 0.003607360924413339 -0.06676373204589334 -0.06676373204589334
198 0.002766680413165885 0.046004846803670174 0.046004846803670174
199 0.001766809130257866 0.12866218873382768 0.12866218873382768
0 -0.0020525774971346133 -0.01372127813897118 -0.01372127813897118
1 0.0014919661807746701 0.05427171606022161 0.05427171606022161
2 0.0012489807020285278 0.18916240997457248 0.18916240997457248
3 0.001398138311236046 0.0913009327140686 0.0913009327140686
4 -0.003179899602117075 0.07768266629859993 0.07768266629859993
5 -0.005750545256323522 -0.006504560595231172 -0.006504560595231172
6 -0.002267139116340335 0.04679491580242998 0.04679491580242998
7 0.0024584526869539207 0.10291269703075626 0.10291269703075626
8 0.0017081356199175398 -0.12732921957603563 -0.12732921957603563
9 0.0020500805127841217 -0.03905028351402363 -0.03905028351402363
10 -0.002114658771998581 -0.10449927851406461 -0.10449927851406461
11 0.0008600327476000276 -0.026236824776255403 -0.026236824776255403
12 0.0016004588212333722 -0.14186720353868995 -0.14186720353868995
13 -0.0020325859705470828 0.02508629457345373 0.02508629457345373
14 -0.0015902767656810072 0.0550628132835085 0.0550628132835085
15 -0.0009967826230057558 -0.0563007074357311 -0.0563007074357311
16 -0.000948698145070007 -0.04123890422047238 -0.04123890422047238
17 0.0013493705895324557 -0.077165169814315 -0.077165169814315
18 0.00111282874767777 0.23709713116120587 0.23709713116120587
19 -0.002001986835501667 0.07232608975211402 0.07232608975211402
20 0.0008007718582649929 0.0410933772040645 0.0410933772040645
21 -0.0007865797562241934 0.016706975242113366 0.016706975242113366
22 -0.0038460401499302898 -0.08836985395937501 -0.08836985395937501
23 -0.0010918951964410928 0.031445122768577784 0.031445122768577784
24 0.0016152554957392501 0.08059284231840519 0.08059284231840519
25 0.0018902602401074825 0.06255025635166474 0.06255025635166474
26 -0.001228376195944936 -0.0013247930759253308 -0.0013247930759253308
27 0.0022426305577527257 -0.0344637488706968 -0.0344637488706968
28 0.00115758715290767 0.18004494680065553 0.18004494680065553
29 -0.0015754906049691006 -0.23632398126806764 -0.23632398126806764
30 0.0012194007440541992 0.12076349025986446 0.12076349025986446
31 -0.0005667718871336917 0.02743180352770339 0.02743180352770339
32 -0.0009445379121228187 0.09317510366140383 0.09317510366140383
33 0.0017869095486259124 -0.055817514549027794 -0.055817514549027794
34 0.0006999617610599083 -0.06350984356678105 -0.06350984356678105
35 0.001488869548494121 -0.04347755916963459 -0.04347755916963459
36 -0.003880256781918848 -0.05929122836093264 -0.05929122836093264
37 -0.002220583403403715 -0.031308812273989434 -0.031308812273989434
38 0.0007459428158265966 0.042511636924823744 0.042511636924823744
39 0.0009375227577479902 0.02468466409059278 0.02468466409059278
40 -0.0031457004173768848 -0.07077080133786377 -0.07077080133786377
41 0.0012000047049669411 0.04144265893893586 0.04144265893893586
42 -0.0010806724822888328 -0.011611870573839543 -0.011611870573839543
43 0.00123435780774686 -0.11375362840915118 -0.11375362840915118
44 -0.0002448848467677428 -0.007155886167858345 -0.007155886167858345
45 0.0011402074772051893 0.016419325969838108 0.016419325969838108
46 -0.0015775965489090518 0.022883686632373033 0.022883686632373033
47 0.001868123411137679 -0.2007616335482261 -0.2007616335482261
48 0.0014079154622549 0.1355143416865981 0.1355143416865981
49 -0.0013358220183375153 -0.16076992658042205 -0.16076992658042205
50 0.0005758182405280903 -0.13133969422765404 -0.13133969422765404
51 0.001732057681035174 0.030524407460216323 0.030524407460216323
52 0.0012679926493411983 -0.012909447592014494 -0.012909447592014494
53 0.00196977898987737 0.20083615526817655 0.20083615526817655
54 0.0019798100334851515 -0.1662787002405861 -0.1662787002405861
55 0.0018750665566495857 -0.26024740526592777 -0.26024740526592777
56 -0.0018281897727792794 0.045119140784026596 0.045119140784026596
57 -0.000843659371104967 -0.022048445918601455 -0.022048445918601455
58 -0.0025189140800818987 -0.028383052144059628 -0.028383052144059628
59 -0.0015973237993575974 0.08717231620453954 0.08717231620453954
60 -0.0028137768774309513 0.05712541228879862 0.05712541228879862
61 -0.004095809829722311 -0.0034902874442035016 -0.0034902874442035016
62 0.0010351225863523268 0.11062551152305186 0.11062551152305186
63 -0.002506920406632274 0.15282712779826743 0.15282712779826743
64 -0.0026552473346938034 -0.16040467600003908 -0.16040467600003908
65 0.0010884931482954866 -0.07775857414728476 -0.07775857414728476
66 -0.001263279911822503 0.013986826347409052 0.013986826347409052
67 0.001493913006178002 0.20989114381013518 0.20989114381013518
68 -0.003752078878709804 -0.09719285609020518 -0.09719285609020518
69 0.0017440135431341477 0.10391778105850942 0.10391778105850942
70 0.003922572846148692 0.10328402642101016 0.10328402642101016
71 -0.0011795607387460549 -0.1457987727807451 -0.1457987727807451
72 -0.0017721973748873918 -0.08212236613412698 -0.08212236613412698
73 0.0004887458780967398 0.0238147108445262 0.0238147108445262
74 0.0014551598689888138 0.18362094415844032 0.18362094415844032
75 0.0013107130194081574 0.06393632351903158 0.06393632351903158
76 0.001176972691992338 0.01934321510937343 0.01934321510937343
77 -0.0018728885413041919 0.08772793643168997 0.08772793643168997
78 -0.001234474303383768 0.08937827869166287 0.08937827869166287
79 -0.0015024488642928725 -0.10353074504588368 -0.10353074504588368
80 0.0016449430412802915 0.10349933952611415 0.10349933952611415
81 0.0006512573208099408 -0.05919723966165572 -0.05919723966165572
82 -0.00252161736664679 -0.04390642685927001 -0.04390642685927001
83 -0.0011070233120347725 -0.11828385772859921 -0.11828385772859921
84 -0.0026329582859669527 0.031683486396139826 0.031683486396139826
85 -0.0023303228451936526 -0.017249044157038984 -0.017249044157038984
86 0.0011901366792689764 -0.050443231295201084 -0.050443231295201084
87 0.00136800688539503 -0.022227885425734097 -0.022227885425734097
88 0.0010763163399497271 0.06565480703865574 0.06565480703865574
89 0.005218350747967428 -0.011440416421726798 -0.011440416421726798
90 -0.00164258233455007 0.06511355985620079 0.06511355985620079
91 0.0016832290408781844 -0.04065544861479359 -0.04065544861479359
92 0.0017008006651721796 -0.10735100222011575 -0.10735100222011575
93 0.0017008516169894157 0.08546824689903237 0.08546824689903237
94 0.001999352834047378 -0.07987214193969404 -0.07987214193969404
95 0.002909273744328007 -0.09770040543594817 -0.09770040543594817
96 0.0005166029794544553 0.06522502996276063 0.06522502996276063
97 0.0009853238825427604 -0.017459840115164445 -0.017459840115164445
98 -0.0016442087595511723 0.07730994928600692 0.07730994928600692
99 -0.0009130578195770944 -0.18417886974836722 -0.18417886974836722
100 -0.001638142356568258 -0.12789333168207873 -0.12789333168207873
101 0.0007566113748979338 -0.02750968119921099 -0.02750968119921099
102 -0.002556272461189271 -0.10705572714650284 -0.10705572714650284
103 0.0013052473002258828 -0.09746452414175985 -0.09746452414175985
104 0.0007915205955701971 -0.017704601741894137 -0.017704601741894137
105 -3.406067249193386e-05 0.034389372955881355 0.034389372955881355
106 0.001591723696622405 0.023344861265356436 0.023344861265356436
107 0.0009941358321413885 0.0895733613786248 0.0895733613786248
108 -0.0016914811193263133 -0.09593876931397362 -0.09593876931397362
109 -0.00527830494359347 0.05588324786168743 0.05588324786168743
110 -0.0027327622206229406 -0.1188277052953379 -0.1188277052953379
111 -0.0008826356951378132 -0.10846470914326735 -0.10846470914326735
112 0.001727453022348887 -0.044983227362998104 -0.044983227362998104
113 0.0013012627812163547 -0.05432993786062286 -0.05432993786062286
114 0.00154354410270632 0.0012432001742121118 0.0012432001742121118
115 0.0014963517537092174 0.1095661607900623 0.1095661607900623
116 0.0010032523741616104 0.058407149381024336 0.058407149381024336
117 -0.002256142842820364 -0.06506276311693138 -0.06506276311693138
118 0.0014241862684271106 -0.033064178686829114 -0.033064178686829114
119 0.0017245908660141259 0.07050044648172503 0.07050044648172503
120 0.0010299033604126734 -0.12878388651984157 -0.12878388651984157
121 0.0011801933041604596 -0.003628137351626694 -0.003628137351626694
122 -0.001315171090524341 -0.03955175037207275 -0.03955175037207275
123 -0.001264868288351162 -0.1537055524019496 -0.1537055524019496
124 -0.0011253274425273027 0.0037973431822471947 0.0037973431822471947
125 0.001148595795612984 -0.05247866765757306 -0.05247866765757306
126 0.0025150054594478676 0.040941769540667465 0.040941769540667465
127 0.0020915618732121086 0.07818988383589966 0.07818988383589966
128 -0.003055102020520258 0.17556430658705668 0.17556430658705668
129 0.002378180920924733 0.02657372315180226 0.02657372315180226
130 0.001038981481647147 0.05148456363437322 0.05148456363437322
131 -0.0027391987654790096 0.025404742921418092 0.025404742921418092
132 -0.002931255371156558 0.029969941236284388 0.029969941236284388
133 -0.0013547630834364515 -0.08805669238884058 -0.08805669238884058
134 0.0016819278690971909 0.043621840389286015 0.043621840389286015
135 -0.0009838560125749137 0.09442523632685793 0.09442523632685793
136 0.0007720800675242641 -0.038187172708616386 -0.038187172708616386
137 0.0011416021949218228 0.12763352246276113 0.12763352246276113
138 -0.00023050899782799152 0.10786756049638958 0.10786756049638958
139 0.0015631204827744043 -0.04096990775607207 -0.04096990775607207
140 0.0005724761555424751 0.1771772189496205 0.1771772189496205
141 -0.0005381858800025615 -0.06753816760798846 -0.06753816760798846
142 0.0016814602641225653 -0.024153459028329393 -0.024153459028329393
143 -0.0015252337286264124 -0.021426495318260855 -0.021426495318260855
144 -0.0011828551265562204 -0.1794280822886807 -0.1794280822886807
145 -0.004441368813110994 0.023041379900246305 0.023041379900246305
146 0.0011104995286515089 -0.0024856821658969896 -0.0024856821658969896
147 0.0015317193222566473 -0.05055106052510209 -0.05055106052510209
148 -0.0005844976016736166 -0.03978439830493377 -0.03978439830493377
149 -0.002039172232430801 -0.001525566396943807 -0.001525566396943807
150 0.0019470853113921452 -0.06555835582851421 -0.06555835582851421
151 -0.0013721180856286661 0.03302826271364326 0.03302826271364326
152 -0.001279926078664245 -0.05422956285825658 -0.05422956285825658
153 0.0010155883254400764 -0.035536251389269295 -0.035536251389269295
154 0.0009967679857790272 -0.06341479621324192 -0.06341479621324192
155 -0.000803620668182598 0.15512960419861618 0.15512960419861618
156 0.0015677466591319752 -0.05870163922806089 -0.05870163922806089
157 0.0014958488571143133 0.0631055450681891 0.0631055450681891
158 -0.0009682222441674574 -0.13866189692365155 -0.13866189692365155
159 0.0018015474089543462 -0.032767216367646824 -0.032767216367646824
160 -0.0007094760510314811 0.07209352075635979 0.07209352075635979
161 0.0014387121605354241 -0.052045308885306896 -0.052045308885306896
162 0.0008846710057250394 0.265906111584686 0.265906111584686
163 0.0017426809546537251 -0.09505790609287287 -0.09505790609287287
164 -0.0014219633837167201 0.19028204094644158 0.19028204094644158
165 0.0010767382380023813 0.18588097452738575 0.18588097452738575
166 -0.0012699551137423748 -0.02115455626947583 -0.02115455626947583
167 -0.0016663029320842803 -0.2276961343625576 -0.2276961343625576
168 -0.0017563903499869188 -0.05888194066781884 -0.05888194066781884
169 0.0017238909831791183 0.07795882428678544 0.07795882428678544
170 0.0017112370123255932 0.29880879115514 0.29880879115514
171 -0.0024432298874260735 0.007147841445803445 0.007147841445803445
172 0.001647495295770561 0.34617854685929556 0.34617854685929556
173 -0.0017549974283839445 -0.14414345641169687 -0.14414345641169687
174 0.0006612674597850634 0.22195400813220145 0.22195400813220145
175 -0.001652354090657908 -0.09791506740318019 -0.09791506740318019
176 0.0011019799233289833 -0.13285783669958065 -0.13285783669958065
177 -0.0005571654919249803 0.019381349032829315 0.019381349032829315
178 0.0013371077481874275 -0.1951472210369197 -0.1951472210369197
179 -0.0013015963215652739 -0.04933933149082918 -0.04933933149082918
180 -0.0014779796486004046 0.19406610633123456 0.19406610633123456
181 -0.0014190537079500308 0.013156891847210013 0.013156891847210013
182 0.0010930725770036977 0.08745588513546838 0.08745588513546838
183 0.0034459531708092256 -0.10948372550444177 -0.10948372550444177
184 -0.0010013923990576093 -0.12238351290030286 -0.12238351290030286
185 0.0013065128673690328 0.06807994181805008 0.06807994181805008
186 0.0014683604147655417 0.019766837548650048 0.019766837548650048
187 0.0015022053008925328 -0.24688483235600872 -0.24688483235600872
188 0.0013824695771019375 -0.23778855023446865 -0.23778855023446865
189 -0.002081938273690972 0.04391674392525717 0.04391674392525717
190 -0.0019786754473157795 -0.1319354645137176 -0.1319354645137176
191 0.0016817542671937738 0.05789873452047675 0.05789873452047675
192 0.0017875886676344272 -0.009739277105281467 -0.009739277105281467
193 0.0029202499300889652 -0.03212173412760973 -0.03212173412760973
194 -0.002132002025799764 0.0703980073472661 0.0703980073472661
195 -0.0029754987261559 0.2082956388473115 0.2082956388473115
196 0.0008331979542529937 -0.0013792415757091303 -0.0013792415757091303
197 0.002338552788110712 0.1550999089488591 0.1550999089488591
198 0.0008784969915064145 -0.062106431978724785 -0.062106431978724785
199 0.0027331140506302643 0.024923249626862758 0.024923249626862758
