200 3
0 -0.0015806496657474883 -0.006138305093472083 0.02972709571264709
1 -0.01408328089889381 -0.033642655464832555 -0.013233719147331478
2 -0.0009127804984640948 0.017768412248741858 -0.028421350226063773
3 0.0020522849202682667 0.014016746670366731 -0.021803799930081417
4 -0.016333373749329083 -0.0009889019179350807 0.017117676398058286
5 -0.0038906165636675115 -0.006477781131188489 0.034557760037599895
6 -0.002022429926457854 -0.005781126276809519 0.0428077564771636
7 -0.008302016768296304 0.0034202151196572536 -0.027310545033016977
8 0.008368574064933423 0.018822762054398416 -0.022181582407375562
9 -0.005878969799879587 0.008446113830950876 -0.030042928672427437
10 -0.008404663774721426 -0.008607089166650756 0.03327453489964518
11 0.0034665485472305984 -0.03210109234545229 -0.016129998893111015
12 0.004909211690664002 0.0127069265917042 -0.018699465331266735
13 -0.003197971499520228 -0.005779166955163269 0.020567095297770163
14 0.0009372605245983566 -0.008301353876433739 0.030718752726850665
15 0.015062143942116926 0.0005476118295211108 0.01782080460822224
16 0.007506274724257675 -0.009824364167816249 0.03012883185923458
17 0.0013452573147502353 0.009115304605545613 -0.03289467452073047
18 -0.013043770440522032 0.01473521704835156 -0.01865032165123581
19 -0.002657827826752924 -0.00462928725446507 0.02602134906577412
20 0.001118894395517699 0.013583613002854952 -0.03542320794889148
21 -0.004933911240077346 0.0018011145313330465 0.030442570730212584
22 -0.01570668250558903 -0.008792312040130684 0.03752963744144654
23 -0.005128698652976382 0.0020074460320018694 0.02859939792182365
24 0.008408294186031576 0.02068556011949478 -0.030693476047037413
25 0.0122984055040911 0.006506920563723376 -0.028975536955939157
26 -0.0030052411033901633 0.0006332176727417305 0.03889470461576876
27 -0.0020158201693128083 0.014340553676232735 -0.025245232743092864
28 -0.0004523973524284304 0.017831301970669525 -0.029505343717670236
29 0.00966089945935739 -0.011117538440824299 0.02405746424973864
30 0.014969246062523409 0.014255229403413863 -0.03491839014216376
31 -0.0016982537526200533 -0.0029731593738576588 0.033099817398090634
32 -0.012856133128674938 -0.005352269786885969 0.030880667083133254
33 0.008059392046032038 -0.02478120492054578 0.007762282852171322
34 0.012785199614379558 -0.03694616402188247 -0.009808432117292383
35 -0.0049850628667830535 0.018141613336747825 -0.029054298800406185
36 -0.004266444121407573 -0.007282045374451426 0.03260480677082732
37 0.00997529456579738 -0.0020277765737153446 0.026710120672331708
38 0.004865634510841068 0.01463359120084186 -0.019721274954999896
39 -0.015616125716248291 0.014251505557749497 -0.03305879578152325
40 0.00434284464744638 -0.0035151256376873864 0.01898580568954205
41 0.006286056716675009 0.022493583322034036 -0.0211899115738391
42 0.020752790494568768 0.0007392964597511889 0.03483035413845027
43 -0.007773283908479735 -0.03162311214861541 -0.009254813677394703
44 -1.7201576357623086e-05 -0.0009286280099016584 0.028530581541955088
45 -0.004180103813183601 0.017647927064888748 -0.017308228615133356
46 0.019415527137453092 -0.006410676420708998 0.034238621933422676
47 0.0007440539617247638 0.018285497682855242 -0.030535902271092815
48 0.011681221740570194 0.017964526127905188 -0.033703282240720125
49 0.00445444077123194 -0.017442774300348428 0.026706003205655235
50 0.010923647678298384 -0.02980195816403619 0.0036479610587822967
51 0.00071115167125127 0.018129125144216315 -0.024239354538071026
52 0.012364591119926424 -0.02091305453586388 -0.0058251426094615005
53 -0.0013187862412597992 0.01721867867647672 -0.022400912285504983
54 -0.00944421707042679 0.019823912176087446 -0.009260679671001058
55 -0.003657819555177383 -0.029258970663479697 -0.00025769807728229926
56 0.005515835409128242 0.004675509705936027 0.0353823671917425
57 0.0026163119441588974 0.0028837481192083153 0.02710944796625705
58 0.004268147511448411 -0.01027738303837123 0.02586178896497235
59 -0.015772962757267382 -0.014980965431570879 0.03275432455517193
60 0.0032224607062293145 0.0024352081074144726 0.0257533213161344
61 -0.0058579402171298894 -0.005754135642768752 0.025597299406334005
62 -0.004149325993310835 0.008313317756783782 -0.015566662675312926
63 0.010912634685908938 -0.0024771217199566304 0.035401366712384454
64 0.007195656241352141 -0.005605529448165928 0.03069779609129985
65 0.0030079455325446175 0.006413242068358388 -0.02959726397338088
66 -0.00032782132752886065 -0.0037406548461319557 0.03043598214393539
67 0.00041277089512131715 0.00326669130511753 -0.029723034231363826
68 -0.002706646245377864 -0.007596474573999458 0.01737887820998752
69 -0.014591836571719113 -0.052393006572498735 -0.012071663948016079
70 0.0036785431903490345 0.008829861088979214 -0.015272405038303086
71 -0.004650412631217626 0.003687622805656727 0.03168380226997555
72 0.0014729453282016445 -0.003253983141259101 0.02767974359160147
73 0.0009010656469694706 0.015464010252419776 -0.020230711899406888
74 -0.005756812969946422 0.014377102235512695 -0.03131406737146453
75 -0.007736306546291372 0.012399606691880928 -0.023160375825981048
76 0.0017377374119463967 0.01808434105347064 -0.01677281290993306
77 -0.006066825974083055 -0.0057042207632344594 0.027090933143766267
78 -0.0035998830212728844 -0.008049105832910883 0.03059361204022018
79 0.0034473381044705133 -0.008551981116078418 0.033060794772505106
80 0.0030866519948827345 0.0026345080481284832 -0.02153447647331979
81 -0.0018239171923803699 0.005708819722361298 -0.03140507274484193
82 -0.004134993765738337 -0.0032074376295894956 0.02913113598527079
83 0.003092574313901173 0.002127303941815026 0.033328155642043174
84 0.009208415347533333 -0.009368512288446141 0.036012053198665656
85 0.0031936661722356333 0.0028133235225455844 0.03607375073388645
86 0.0043811933371753625 0.013715291586633146 -0.024440953955320564
87 0.007690328258724559 0.004540564369070271 -0.031679329819030363
88 0.004384402409383044 0.006824820924782524 -0.02831498580545999
89 -0.009143946010014933 0.014310045883094945 -0.021148929964343657
90 -0.0002618772504812694 -0.01999247599757692 0.024968185377885574
91 0.003662878423349776 0.003940821850393945 -0.026340965386351466
92 0.005432803535495209 0.021678517044953917 -0.025605935928948574
93 -0.0009983619288281669 0.012335496706155444 -0.03333939339040125
94 0.008340795546065566 0.011248280507624449 -0.020765141553159762
95 0.009264043080635956 0.012634247957468921 -0.027686478257630792
96 -0.0071421129986474485 0.005642149089681768 -0.026375591335300454
97 0.0022117687549308047 0.007948017107387205 -0.025325487162589207
98 0.014271537482063695 0.001175850078285235 0.0321261772932407
99 -0.013992355814897633 -0.0069154915282120515 0.028195204268925286
100 -0.0034539567725525057 -0.006240154471605268 0.02922908029805788
101 0.005762079811435589 -0.005694536041052439 -0.024997413057537925
102 -3.903644176817683e-05 -0.01021420005809174 0.018574659757322136
103 0.0047788448679719165 0.018646236173039323 -0.03231750903628213
104 0.0020481329551116124 -0.03297579713201142 -0.005349520309440241
105 -0.0036969963216775537 -0.011681287303953777 0.030042701500267787
106 0.007086932000819203 0.011078992562341707 -0.03486442348173369
107 0.004631960650270134 0.010839576318793821 -0.017216668753819157
108 0.004446900030176115 -0.011600288453889374 0.04105024199315287
109 -0.00707336285311829 0.004213428732727819 0.018792492687118793
110 -0.00211178477478801 -0.002959157440077133 0.023993946353367462
111 0.007966553611670608 -0.0012663900611108846 0.03864742878790435
112 0.00184973545287348 -0.038652918666508745 -0.016318120534498028
113 -0.005337848181468707 0.0057292152210207375 -0.026271561972263074
114 -0.0026828637647139802 0.011565599313769005 -0.034591073109223276
115 0.005162594968071189 0.0072658044055920815 -0.02270932772548297
116 0.010011395889167315 0.01388729865624437 -0.026082623403190452
117 -0.0016673238020923006 0.0038455495596351986 0.02185438530280464
118 0.003926813498859639 0.0030946242995527973 -0.02291906909689323
119 -0.009288889587901864 0.010591732674634619 -0.027182661512104883
120 -0.003871724877330493 0.010931832519685422 -0.01945987666618337
121 -0.00033659455470967355 0.013838164173115319 -0.02333948139278262
122 -0.001593364848988199 0.002440457808648558 0.016500318115464596
123 0.008253709996141015 -0.001730471263681553 0.02220599988223601
124 0.0013210042160629138 -0.007987269176163643 0.028375301345461734
125 0.0034104649218709843 0.0035839890179292667 -0.02242321984200227
126 -0.0008012305154097149 0.01691002632698754 -0.025437145710556483
127 0.0005418002494852539 -0.0020985608266824336 -0.02164560776277688
128 -0.002167905176536155 -0.013497133355352478 0.024595192547244966
129 -0.007777220954517671 0.01630761177585078 -0.018916618368168867
130 0.005284646967286408 0.008320563764582742 -0.02592506036492987
131 -0.010943465389916737 0.00536376698294333 0.02833075901352016
132 0.002696729138449823 -0.0038977167871164196 0.033101496394471124
133 0.007899483819108911 -0.013090793044676025 0.016586434133065202
134 0.010019342324652604 -0.04210785810970444 -0.014113568696564494
135 -0.006321902400096124 -5.4312797752821204e-05 0.028563727519402553
136 -0.0001782927857577071 0.011853891346042257 -0.03621458814565049
137 -0.0013613583233161308 0.004548395823756109 -0.029688076591611
138 0.004817552546410225 0.008323178787420258 0.03474505905826546
139 0.0025709540935484445 -0.036393062474399385 -0.01300727881659633
140 -0.01045163042797824 -0.038254662455351585 -0.019433769969228486
141 0.0037810666900134245 0.0006590772413346564 0.020254331056609863
142 0.0010148353668672765 -0.0009554397661233269 -0.024846668899678348
143 -0.002224870400643662 -0.003771134593693805 0.022278080599710065
144 0.001147879452258145 -0.0020137449829371254 0.02634665507273714
145 0.004130441824570482 -0.007104610498216516 0.03277425178233875
146 0.001756702077099083 0.005786629080489346 -0.029344266816438206
147 0.007420429509803719 0.017658012094680934 -0.03399794021006618
148 0.0013903693458826513 -0.006702627887194182 0.031453294982894155
149 0.004566391302551535 -0.0037556506200718594 0.027171293609817744
150 0.005177811660203709 -0.033319449258429695 -0.020844403314986215
151 0.009076058973827553 -0.0029823892683434345 0.03154584444966908
152 -0.005116376080265196 -0.007629157141263538 0.025044409522419757
153 0.01767519777783219 0.005743287249383674 -0.023930829676039298
154 -0.00980236181917142 -0.025708381477226108 -0.0188932861041538
155 -0.004123601113940674 -0.016065961153392462 0.032991784552790795
156 -0.011783163161165344 0.01592771660137031 -0.02368596696416575
157 0.00585291808015026 0.017552837685635876 -0.025531574423478948
158 0.0003514356291539483 0.001500813536028015 0.02298749957312613
159 0.005317663160916596 0.01566379798156156 -0.02394043878168406
160 0.002739597208286454 -0.0015614948090015845 0.033759629769355606
161 -0.005550629948267924 0.020060658215600873 -0.021592871282657515
162 -0.003999500028403439 0.011370103756031862 -0.027693679563960037
163 0.008072917049493776 0.00959463589472091 -0.018799294988828468
164 -0.014129446626645323 -0.0023660454206731185 0.039530719382562765
165 -0.00987122216750569 0.00592223309047598 -0.03463390786168753
166 0.008316520167547602 -0.0005883751514229475 0.018687001382467802
167 0.004318853909678191 -0.003105951949521058 0.02648175845957232
168 -0.007918148166360425 -0.0032829384204167383 0.03239704070425769
169 -0.014020074828935164 0.010692229064142321 -0.030801490650787605
170 -0.013688192575023544 0.01648772919635428 -0.021295181668428746
171 -0.011948737266372602 -0.004790575829062495 0.031157278366768786
172 -0.009990900482511583 0.016845884337821415 -0.029492593798838458
173 0.00639719942672203 -0.00913646952247548 0.023144272227344657
174 0.010062761337653048 0.014006512363538115 -0.025312011754753092
175 -0.003566535854718748 -0.004715415796158915 0.03000328309171329
176 -0.00657353573638246 0.00806949053354061 -0.027914637325895213
177 0.006690604912362695 0.0031110699306543324 0.032140751547140634
178 -0.011934635628561494 -0.02325472930089692 -0.0017639870036744304
179 0.005027249639191975 0.0013664607323292015 0.035704284229028584
180 0.004265080159021124 -0.011913117396804312 0.023148797409438593
181 -0.004479332341865035 -0.002840632444395391 0.02342769429546363
182 -0.024102128856303945 -0.032874154943928285 -0.011826700950250305
183 0.0006641059583222296 0.011016430780884316 -0.02086718326654524
184 -0.0056596364480644215 -0.011101493153951314 0.03148180545381574
185 -0.004966603818415729 0.018708481271947398 -0.025408710401737773
186 -0.0030633970561221024 0.020254982864339275 -0.03826348046709039
187 0.00859325555727368 0.013812817190467567 -0.0307940709507602
188 0.006954648529274406 0.00405247183945299 -0.02471117416478335
189 -0.0006586151067667304 -0.009836589045824455 0.027129152085352937
190 0.008662200700721316 -0.010355186044097069 0.03238078290328911
191 0.005622562540047234 0.003536712555892923 -0.028937921644838837
192 -0.0033556426458974387 -0.014280386375510337 -0.0177577992966865
193 -0.0012116431290615202 0.013059388914481277 -0.023390058190681677
194 -0.015930352862181148 -0.005533779974912879 0.023051310732922173
195 -0.00024533593846612356 -0.000371904511627736 0.025493500147589825
196 -0.004763989295024828 0.017595689181666003 -0.025188191499843495
197 0.010169847241749269 0.008319117150404898 -0.024881563034482586
198 -0.0027517446851778107 0.011960408863082132 -0.02199149847222277
199 0.0019395932663794852 0.021228881335130387 -0.0321522910557969
0 -0.007763371858458365 0.007555246117754963 0.011254043281473988
1 -0.014484466934876067 -0.030388044006342874 -0.00523363327061576
2 -0.001786450053196248 -0.0003328569602613382 0.0006920417296641251
3 -0.0022459345441233885 0.012862897461893584 0.010356137233237334
4 -0.009780945189355142 -0.002900306040233591 0.003574584140553963
5 -0.008600026953291923 -0.001228483459634274 -0.00155758896060533
6 -0.003156635706301439 0.010510461530848215 0.0064233272250684564
7 -0.007016823058242194 0.0037132081935658777 0.002245816629611319
8 0.004040495881651854 0.007798495457765849 0.011401665251107682
9 0.0017316043989947516 -0.00298381149492312 -0.0005973152648411639
10 -0.003207544445431962 0.012409930959039108 0.0036085537590500455
11 -0.01003055322088242 -0.02305906567478952 -0.014814067264716207
12 0.005074238134356902 0.010523319447745712 -0.011362073580878367
13 -0.002820847659691327 0.0032725541372093797 -0.0009828140434941582
14 -0.004572409152266022 0.006057414726465845 0.004894662144131354
15 0.009571084443392261 0.0009575406579234903 0.002559006253174047
16 0.005259059218363948 -0.001698778271734324 0.003970578119284182
17 -0.005735383630899135 0.005105043574305413 0.0049768703711943335
18 -0.00965827178116102 0.01268911660049088 0.002710628455356398
19 -0.0003508606710396207 0.005892866788079843 -0.000630804792148984
20 0.0004900566717953823 0.00378868849407199 -0.00011847648586450765
21 -0.0054343435141359225 0.0038020376199793234 0.0003722922776587395
22 -0.003681906038573435 0.011225364001444462 -0.005544444440112067
23 -0.006230533647608505 0.00837850238745771 0.005747711712741882
24 0.003451226284352474 0.0006307023772576317 0.0023758129283048407
25 0.010002207928924978 -0.0010780021628167581 0.004001265406194519
26 -0.0012379193583454129 -0.004149250353498184 0.0018883659296121402
27 -0.003605592746599752 0.007844733268504413 0.005137231885613734
28 -0.0006523409853387268 0.003498899345801748 0.004860366502260592
29 -0.000823683856737166 0.013671703099805348 -0.011428613606693998
30 0.003191730692630637 0.011273604129832061 0.005298410118489902
31 -0.0062962803184621625 0.00864426255103266 0.0020048725217198943
32 -0.00598720036754509 0.005220949032506462 -0.0037778053219409205
33 0.006950056610856556 -0.044939230566138216 -0.014393861294441306
34 0.013872549008200744 -0.04013955103633543 -0.01352353825857281
35 -0.002270014512445427 0.01453907651410384 0.0019310638261881632
36 0.00044405090579669945 -0.0021880407971376636 0.002402720326736052
37 0.0042427614889038595 0.005214900053714815 0.004268039765651668
38 0.0032064315124483746 0.012167940593440415 0.00406236614579434
39 -0.017420328094263318 0.008584636157841045 -0.0026203174754186875
40 -0.0007904787473000715 0.005185305828090471 6.627569181618526e-05
41 0.0002216557394407112 -0.0008767845157116108 -8.46492958527581e-05
42 0.0030159497649250855 -0.0022580491731954005 0.0046495451749246075
43 -0.004566000756942697 -0.03793330172878287 -0.015053984117716815
44 -0.001701598886830975 0.0015656518275911913 -0.002464001471915736
45 -0.007264473016639725 -0.0008251201378147444 0.006408528878727324
46 0.0075774884746738075 0.0009494147327257854 0.0012602753515697368
47 -0.006805932308768033 0.007108898508617199 0.008204098652270862
48 0.004795088673899425 0.0021247612234117433 -0.0030814544840716274
49 -0.00022880291871324107 0.009229546389149804 0.0005314148619278217
50 0.0057935183473439705 -0.03861542685547631 -0.011689940364036974
51 -0.005328114696113127 0.010247591862416326 0.01084807282584467
52 0.010867500717837389 -0.02938086993833558 -0.012829387580479142
53 0.0009018340057706624 -0.005056812677608553 0.0009755116126037647
54 -0.0008423995346601848 0.00664065594847188 0.006538209444582298
55 -0.0021525667093994488 -0.031968958807913464 -0.0062663164780431616
56 0.0027687354650531917 0.004542380580552454 0.0017554590601554787
57 -0.0016064004486829038 0.0104559498970931 0.0027381483827831343
58 0.008551809872665975 0.0013829233211444698 -0.0016605955928208765
59 -0.004739498217263022 0.004682434550739488 0.0018903179154037553
60 0.01038377187249273 0.012801240299714101 0.008247390670961592
61 0.004382680315973074 0.005003382170993203 0.005100839234754906
62 -0.002848118654939464 0.002193072775244345 0.0009965827820088563
63 -0.0033683642532787716 0.006438854781523539 0.004016835231658494
64 -0.005459388319841659 0.003890520464461621 0.006258789174714938
65 -0.0013529079358327832 -0.0004275359089566527 0.0014932586718058652
66 0.0027443326969020937 0.009602891780562015 0.005466243676022622
67 -0.0035399686923549348 0.0020949187228768984 -0.003500107395004129
68 -2.920371763898491e-05 0.006755155879599833 -0.004304339284758228
69 -0.007684116058047447 -0.02928783983338265 -0.012794994860184858
70 0.008569729460176603 0.006380920521212009 0.007847583183150625
71 -0.0015706154313613607 0.010257580725834374 1.318381004218605e-05
72 0.0032470468475883215 -0.0013962497349795024 0.0017531826030404499
73 -0.0011697520283455408 0.004974096051092957 0.002874915875585901
74 0.0003647236875871096 0.002725780787078639 0.0034771554924716078
75 -0.0077953081706943345 0.01357479827757246 0.0068247690375614
76 0.009194313086647754 0.004766355116321334 -0.00014790251159876172
77 -0.0026574396058995954 0.0026278471026539773 0.003270133739874781
78 -0.0021607879451516557 0.009877662802443482 -0.00386255643252343
79 0.0027211732038863526 -0.0008680389507248407 -0.0021545393162074322
80 0.0015512555085187424 0.004516690185216832 0.004988784649111011
81 -0.0049641975272305405 -0.002767732417851914 0.00568900502123558
82 0.0019178727426901535 0.014101471439700074 -0.0009443847645774217
83 -0.00547755689661936 0.0061379663088021764 -0.0025551200807904656
84 0.008822998512140384 0.00926160738147972 0.004669008211741724
85 -0.0033367747036558565 0.002351711086560987 -0.004392167252234805
86 0.003969308570309978 0.0033132044321014936 0.001132105150649404
87 -0.0010115531385323888 0.007478836638515372 0.014841060670998336
88 0.0028182158067341125 0.01401705933600849 -0.005499295969189723
89 -0.010936775769280732 0.0014545452085307359 0.00461497003536325
90 -0.0032316084009123163 0.0049580836492547145 0.010321032833886745
91 -0.0021443093083120097 -0.002368424357280594 0.0039437012399325885
92 -0.007748121501661089 0.004692475562002845 0.004061028660501176
93 0.0036383694662389943 0.003948793180438705 -0.001938569901335993
94 0.0038686938101967216 0.001444956548203558 -0.0002214671478766861
95 0.006085285810677667 0.003668201996326722 0.0019557449574022223
96 -0.0009086831640652965 0.0016426696558742675 -0.006808072368513794
97 0.0053463636149135435 0.00978277792755151 -0.00015176468420478179
98 0.010896039829248985 0.007316497215323229 -0.007005177962415662
99 -0.00043707313736242315 0.0038167779563488147 -0.0019376927791500617
100 -0.0024866141667341315 0.008165289476491894 0.0035138718681675257
101 0.00039292408108164076 0.008264938862205994 0.0010691054306092018
102 -0.007071005447869821 -0.0021053201295878413 0.0036091499318334497
103 0.000946311355996526 0.005459512279980663 -0.007516602788265811
104 0.0008085503850412089 -0.03320660161761099 -0.01892002718214178
105 -0.0069609060172198395 0.002940320198009841 0.005152459880752726
106 0.002867009369132374 0.008000958329156191 -0.00022428270687277485
107 0.008038717946191126 0.008276435941764769 0.00010327813607352576
108 -0.007664298788428324 0.010383075420958211 0.008486861650356378
109 0.0047652505670723495 0.004055344956509792 0.003711501774008273
110 -0.0007283029840227523 0.006909346191760773 0.0002792102205348146
111 -0.004629712609832078 0.007319168889428665 -0.008698885844011142
112 0.00837483854606929 -0.026695806361989566 -0.013997395165310365
113 -0.0022648960726392164 0.00821176182278226 -0.008003293203219679
114 -0.008426162575020477 -0.00021989471015940523 0.010554556099050531
115 0.0015085662363546679 0.010743372337479337 0.00693882811086366
116 0.0073996236228130174 0.010941142072141065 -0.0009784458210512909
117 -0.008334385949931002 0.007245983055713333 0.00692824240233695
118 0.00012629175451291802 0.001367207133467838 -0.001109902671568283
119 0.008237840726150629 0.007958708306423201 1.1805599319042459e-05
120 0.006036622654629283 0.0060773448595725504 0.0004885357794578091
121 -0.001952512342602747 0.0004450883395773174 0.002185476279072042
122 -0.005715668028921504 0.01131558018193644 0.006466617190609668
123 0.0070744648186802095 0.010648881452178328 0.004731264190705381
124 -0.001868844345556566 0.005504034972079016 0.0064009224878333534
125 0.003943717125888521 0.00583928402414223 0.010659354902196966
126 0.010304019956749295 0.007076769102325735 -0.004088673924740216
127 0.005347208801096397 -0.002577463641912612 -0.009129254640129078
128 0.004864179837702223 0.0044357447378770565 -0.007987835574710271
129 0.0024246387535146185 0.012223274612133572 0.006239559157378484
130 0.004266367997841039 0.008418654335901015 0.00930422876952039
131 0.0042378999545042845 0.013076449056619859 2.8150392659020973e-05
132 -0.000635269357325597 0.007887936498332642 0.008553413076244423
133 0.001175177557485467 0.014042493690186918 0.006464842436803085
134 0.0037666429941261084 -0.03960388913752766 -0.01712805508206596
135 -0.002362194890526005 0.00393728193618176 0.005015115245604648
136 -0.0029082896666392135 0.003603248817295384 -0.002565080092868266
137 0.007057055655183511 0.007067447229035937 0.0026355634453163954
138 0.013915856107157426 -0.004480009796165222 0.002235822166583676
139 -0.0006639228008887724 -0.04272672621783921 -0.021087888701228456
140 -0.004137530713903714 -0.03955913282069318 -0.021137598669335768
141 0.005361916468871743 0.003650137024221581 0.010476773875550592
142 0.002734174171982212 0.007056026854160256 0.013491540547863959
143 0.0005075444442381072 0.011210100230981056 0.003624396909582779
144 0.009699282035303534 0.0065714314127728385 0.005350527930576707
145 -0.0028836251519003555 0.011855697919779909 0.0026349396685093063
146 0.005325967956360728 0.008067722445042 0.003170753563064406
147 -0.00044924317981276385 0.007138200600473953 -0.0038252079923941085
148 0.004943304419671474 0.005809733211991377 -0.0028295755814961507
149 -0.00021533732797001 0.005506336308534147 0.0055562042077686585
150 0.007145268064824663 -0.030531315752484828 -0.012126379939886467
151 -0.0030068866024849598 0.004246429003221156 0.003785355181930017
152 -0.003561351186045645 0.008282927535179079 0.004220270863205672
153 0.015022166538460474 0.006153871168170718 0.0020878540071575247
154 -0.016707277206058885 -0.020814483724060986 -0.00497629942792293
155 -0.006266529659803184 -0.002133887695869134 0.001462448243296735
156 -0.009359489538228433 0.008695189114550014 -0.00010871877152660026
157 -0.001723713055341837 0.007174858970061718 -0.0013994734827065744
158 0.005759034564902437 0.0048762142135072425 0.006715231396730061
159 0.005019438391785532 0.0037821336904268407 -0.0011657364594065966
160 0.009220834036162582 0.006369265919935453 0.008759715224840259
161 -0.011253510319535684 0.0054503253785713746 0.00706245538018576
162 -0.0026651023721022404 0.0020619785026175196 -0.002209404661137955
163 0.0029243240632710055 -0.0013869310829617027 0.0036982369902634274
164 -0.008990353743659682 0.004625875411432192 0.0038412984291088387
165 0.006286288215793738 0.00783794412499251 0.0013398374247221706
166 0.002802484658699339 0.008683628235213414 -0.002240689686016671
167 0.008451581030404928 0.013218191843884808 0.0005272909924358971
168 -0.008446391210657274 0.008452863602422988 -0.001464064734710377
169 -0.0051602285184977476 0.002831838223544634 0.0034868175166351267
170 -0.009781336319296091 0.0040137799860534285 -0.0031169991762985197
171 -0.001617738794663419 0.002184076148378589 0.0006882594060720754
172 -0.008432930962533974 0.008964408021881871 0.004018924950554378
173 -0.001740387372175558 0.0012749078485924398 0.004273360434635103
174 0.006844613084556195 0.008196120166657432 0.005229804592977137
175 0.0024257348430059833 0.012050415809041306 0.005129373144699287
176 0.0027548779414021153 0.006160127767791575 -0.005568138127016377
177 -0.0002691733380509459 0.006993818498112401 0.006221074894970369
178 -0.0016241399642818455 -0.04685441082627502 -0.01519124852506849
179 0.004320412258087443 0.003822841148449047 0.0009041795879897035
180 0.003467226157114138 0.009664684670002876 0.003152867806907607
181 0.0017517702212683853 0.0021029847730748077 0.005321417524525057
182 -0.014993096447418641 -0.03479670778203697 -0.007335549057807998
183 0.001004444403787181 0.013474027370102238 -0.003246270943664413
184 -0.006763757519180409 0.004368874468753642 0.000418874141115598
185 -0.0006896299423446543 0.004869333122369875 0.003911797348228024
186 9.354174333500026e-05 0.009023393476642334 -0.009414926250922093
187 0.0033126819050295422 0.0005484901493325381 -0.0038856529906283604
188 0.0037238955398168454 -0.003568585965599654 0.0001577001391049812
189 0.000592410642417121 0.0004848050988491351 0.0046555312282295785
190 0.0032306008907037054 0.0032095379983172953 0.002270900087088003
191 -0.00025403451100212276 0.0006846969927666116 0.0017697388438084466
192 -0.002071829795786108 -0.04464897448998911 -0.016166536572616262
193 -0.0027909146050249505 0.0042081683841678 0.003178506226907317
194 -0.0006072198464919243 0.0018065166700512066 -0.005455275071777496
195 0.009510020114583129 0.007297179404636818 -0.0008328097487024927
196 -6.287503814348706e-05 -0.0004064328745011746 0.00475203300648154
197 -3.3371848089616685e-05 0.008608378199764614 -0.00166781121440443
198 -0.002091527770493734 0.008132045156581127 -0.0019467653789276007
199 -0.0019471292208113958 -0.001127103326249563 -0.000818849197179991
0 -0.002738819553385549 -0.0028092906751266654 0.03285642918566575
1 -0.008463910479368203 -0.0059389418384029335 -0.032529736378444876
2 -0.0017576428402637095 -0.012817832649155841 -0.024161421830212422
3 0.0022882844995935894 -0.0022591973053835077 -0.024898595483828403
4 -0.007617528132711229 -0.0023571508804016567 0.027926593570011784
5 0.0062602702937248275 -0.005634655907149254 0.03431188759508532
6 -0.008251007156526727 -0.013705759293404483 0.04211244017570997
7 -0.003645841271181255 0.003210777164764013 -0.039240522730385
8 0.00868113178749809 0.0019274021915193437 -0.03775511929529908
9 -0.0013447237666999977 -0.0008710722493109483 -0.0389995864419715
10 -0.0016149271480631958 0.0001836526628169917 0.03486483526943549
11 0.005110744243635564 -0.0038188581029295066 -0.023872221698902588
12 0.008028055358025248 0.0009660016876824745 -0.028017471558131855
13 -0.003072765973021377 -0.002884893597097248 0.03447730289726754
14 -0.0030270645447400893 0.00021451124175496383 0.03402231712616308
15 0.011055930124527213 -0.000985769373419638 0.02307511516485307
16 0.013139720605492872 -0.0034198876847426167 0.030594688998072286
17 -0.012532769537686228 -0.0074079011282998895 -0.02364007955367029
18 -0.0023951797668132213 0.004384202141539312 -0.026559407328163726
19 0.0019939199523421364 0.003172051338459216 0.041340639267571755
20 0.0013258845530442565 -0.002815740743930102 -0.025453323254151727
21 -0.006232581811151425 -0.0014768695039352932 0.021452888824775626
22 -0.016856831717303608 -0.008879131382369381 0.03492673883450264
23 -0.008334289380191512 -0.0010106580229806393 0.03459579828397133
24 0.0010265208715749818 6.164766731678317e-05 -0.03193104440452209
25 0.002047969753930831 0.004690833508122915 -0.03174913258161187
26 -0.005779457474781674 0.003729813674822679 0.02576991913817695
27 -0.0024638911682381692 0.008976851957462416 -0.03860690650232853
28 -0.0015314280694045078 0.0012966838281778872 -0.025662310233360564
29 0.0005170804103307933 -0.009963469511277918 0.03142103908122678
30 0.00838957066084485 -0.006903939607230493 -0.029915078742435215
31 0.0020797729975473786 -0.005536869879716487 0.026330114968477057
32 -0.004139665022374089 -0.0034512441696118853 0.022196024888495584
33 0.006163825884868704 -0.00787076075346732 -0.03805751243324277
34 0.0036586011418825587 -0.0009760024095214204 -0.022931939514593495
35 -0.007615383374843285 0.006830895518376956 -0.03092401046331618
36 -0.0025545358447331863 -0.0036777616264033267 0.039941973876508906
37 -0.006581551553086033 -0.012177167401712628 0.038660580144788126
38 -0.009750555057825589 -0.012194932309166972 -0.0183781499121271
39 -0.006458782023621851 -0.003638222614704395 -0.026904159289274032
40 -0.0005244118258613782 0.002617109910808697 0.03414462339599723
41 0.001741842729410751 -0.003109752273900007 -0.02875278170376737
42 0.01473363170681237 -0.005853556233903125 0.031055300625417906
43 0.0008039592454947356 -0.014418056112824179 -0.02587870653176027
44 0.001142686104366093 0.0033533591737410808 0.019874340119906825
45 -0.004645674661239413 0.002642709789569375 -0.02622899211040214
46 0.000679772339235829 -0.003348874415236576 0.03140226293844984
47 -0.005571213912602083 0.005024698130633665 -0.033674859201365544
48 -0.0026186164110822557 -0.0010535274559021549 -0.026594740273247854
49 0.0042766262579494625 -0.0029561393553482196 0.03150893278700499
50 0.008123734935120863 -0.01268363690020502 -0.02533321021707451
51 -0.004288903969386276 5.672411099780228e-05 -0.029378917650258872
52 0.01131424555132976 -0.0001866641944606312 -0.024706039305334677
53 0.004811642614814055 -0.00039346942612388316 -0.026478123649353535
54 -0.00017797281200317844 -0.004174411014641909 -0.03705385812170566
55 0.004083180443220967 0.004210622895722715 -0.03218869962989506
56 0.0075721705303644846 -0.006075112034620956 0.032565454672616026
57 -0.0023026733469939968 0.0006025908676394465 0.023849901089834383
58 0.0035699766552259385 -0.004307896713386654 0.03656354472995488
59 -0.0016018335363543745 -0.005780647269008014 0.03746373531506277
60 0.0010821098999491824 -0.012138360474078742 0.029478083855385223
61 0.00847473389856455 0.003990457377231394 0.03586956797284365
62 -0.0022038517792515658 0.0008327949659133783 -0.026547545998931443
63 0.011842225305687841 -0.0029358809261301804 0.041441159000151266
64 0.005172065269102782 0.004371088583211804 0.03600073697048969
65 0.003013861114473519 -0.006580899471717002 -0.02484737500010696
66 -0.006538749765222958 0.0033875525572517606 0.03407359894306915
67 -0.0066588232422281415 -0.001614476888271751 -0.0307505448270459
68 -0.0038211414661734645 -0.002992593890478642 0.034715165709437924
69 0.0030290730363403684 -0.0006958788850776054 -0.034867445952883436
70 0.0016168178788538157 0.0010265935115813044 -0.03406415253372738
71 -0.008694093365711482 -0.00600891501512649 0.0321593856840276
72 -0.002068828769379683 0.004745766635643199 0.02682891056991108
73 -0.006166040400197612 -0.005776642977357565 -0.01721302995345202
74 -0.008395347696777432 -0.0029079929608764876 -0.0262083980829988
75 -0.009252440507750564 -0.00886932352777215 -0.03000360634990109
76 0.010724887347059953 0.001597853577112042 -0.028026774924485385
77 0.0011733728486934443 0.005358651136673434 0.032064832279857125
78 -0.005165371859109001 -0.0071230271331076105 0.023355159984111164
79 0.0011224257889924788 -0.0036145938922033105 0.03047944202957229
80 0.005406006155962439 -0.0024978751180683174 -0.027824885043645477
81 -0.006067809041647165 -0.0012916698579255588 -0.019409920420053947
82 -0.005083079835936498 -0.0015210603021888341 0.03451668203089002
83 -0.002271531173405516 0.006093010618477876 0.02996249576585619
84 0.013837720040407606 -0.0056603509727143845 0.037788544520635285
85 -0.007612582779461828 -0.003277548616781455 0.03392047345876346
86 0.0016265919995291853 0.0020824535928193333 -0.02450925162226676
87 0.00011100667467965272 0.0048365585828474625 -0.028780837833280774
88 0.0018070379597823968 0.001651167881964316 -0.025729439281323756
89 -0.0038491488595456536 0.011106233461700733 -0.03838431117933114
90 0.002979403714904793 0.0020353956918507145 0.03513825129539652
91 -0.001229905504367406 -0.0030510297633469796 -0.03256986406289754
92 0.0002063921698502863 -0.010679988231776988 -0.03113318041876286
93 -0.008320806928389934 0.004273307894275789 -0.03433617736510038
94 0.007612728657893343 -0.0057574134875674685 -0.027856648127313116
95 0.0037424087137913065 -0.0040663595116672 -0.03598730078282775
96 -0.009552612107438428 0.0043051342047934135 -0.017598103283179976
97 -0.001127837755699846 -0.001009639084990778 -0.023112783622591948
98 0.005202645259091185 -0.003340548975184635 0.0329285643693877
99 -0.008565490001525247 -0.004546508265277551 0.024639404235983892
100 -3.1139304191168254e-05 -0.005186675678453737 0.03450355158487784
101 0.0016201122652144302 -0.003974958769181613 -0.01940911994505841
102 0.0010998477604297202 -0.005264925691337789 0.038913529053675615
103 -0.005704214965813281 0.002398185217282328 -0.02772451798627825
104 0.00503339812182723 -0.0008515391998417388 -0.02299309961972898
105 -0.012402986626220691 -0.0016989654086430467 0.01816655804692307
106 0.004092369888851179 0.0002816212829591172 -0.03211347588992603
107 0.008572127893494305 0.0006461616439577614 -0.021518386192699166
108 0.002452411387826567 -0.0030137047811226924 0.031565507176819586
109 -0.0017039670798646833 -0.0035982530758637415 0.03767485417355822
110 -0.006097850790062621 -0.0001567761898686494 0.03902159449490727
111 0.0001087756814159447 -0.0019684327675986695 0.026430684027701906
112 0.00822151158759224 -0.007488608667433616 -0.03125409826711284
113 -0.011623342177042723 -0.006259403542738051 -0.02771498118862556
114 -0.012776821931434257 0.00028777370031480426 -0.025149690217214384
115 -0.0014736037192269423 -0.002341235160630114 -0.030911546099401152
116 0.002278886489403373 0.0002835353097231097 -0.03286087887380234
117 -0.004125750264635769 -0.012874167932138103 0.028201988314079114
118 0.005089273463030845 0.0013575733675495055 -0.02940179771219519
119 -0.006534878214815489 0.0031981699215310466 -0.032475379673492004
120 0.006482957974607805 0.010963031880764328 -0.022904147432774014
121 0.002059837442081246 -0.004198898283055957 -0.024396437395101545
122 -0.004751771932578884 0.0014136839019504854 0.03373560188790688
123 0.009807682287685388 -0.00216330832230106 0.02291925678016979
124 -0.0005114714258025823 -0.0064058322314577126 0.02716366395948027
125 0.009318753270624036 -7.906793043170254e-05 -0.022617185128288857
126 0.009582528339638637 -0.0056135305680206915 -0.044455630025915745
127 0.005207337248605233 -0.005220721737221764 -0.037342446004539266
128 0.005894137460305312 -0.009408348820699314 0.038547914904196595
129 -0.0012598517913292341 0.0039413032279018295 -0.03461462942559393
130 0.010573715039998412 -0.009232062657139316 -0.02401685736422658
131 -0.010541536384866053 -0.0018173394460353279 0.031117868945298693
132 -0.006815507319520733 3.188090635054819e-05 0.03733447167109513
133 0.003645689258994965 0.0029753202998247102 0.03451417461525652
134 -0.00010222120279090169 0.002757401344411714 -0.027769528851525928
135 0.001773144745390049 -0.008017474474436594 0.026568906309883622
136 0.0028666988511697744 -0.003136627638744227 -0.025150641214889274
137 0.006596556332880352 -0.0038455186999688615 -0.028884204533079327
138 -0.0013709512931056808 -0.008712558918372906 0.016791607677707127
139 -0.0019481470262805078 0.0005919722565787822 -0.029575576439466705
140 -0.005076993507201644 -0.006796366715930452 -0.02217476305043905
141 -0.004571333700125874 -0.007026084673429313 0.021696290047930472
142 -0.0070510026768540734 0.009995352941170526 -0.031686279887818074
143 0.0003399645830767261 -0.003160782378495401 0.03348113663897926
144 0.006010229746381504 -0.0035223810687478414 0.03370973259458773
145 -0.0011540239216998732 -0.008335257263352375 0.03437024185839673
146 0.005870499333286552 -0.009312600504008322 -0.022878545083229094
147 0.0007681800006903716 -0.0020967450779909233 -0.026594480808461905
148 0.006449799347433956 -0.01058920191791873 0.028212768158352282
149 -0.0011988111874491562 -0.008384945660434902 0.03571482518020856
150 0.000270749364955504 -0.015164943968246664 -0.0295842706371012
151 -0.0020021662996409836 0.002357057894879267 0.03501744153307011
152 0.0016290808144127714 -0.0018601181920433125 0.028729490836214247
153 0.010915911270876072 -0.009790913904964279 -0.021432454196616307
154 -0.01075535205022092 -0.003938365481919101 -0.02449101662309296
155 -0.0041389025027657456 -0.0037565730151566668 0.015316939614818607
156 -0.008829922533288015 0.0001339126460981263 -0.03320729478868416
157 0.008456698097967938 -0.004533969412993291 -0.032770772519579466
158 -0.0014505274795636007 -0.005140842079401151 0.02203728497105785
159 -0.0019829104110662965 -0.00014093932286308314 -0.03259920021224275
160 -0.006990842632655703 -0.002324284858178193 0.02824563690616068
161 -0.005105023687954888 0.007644198514973055 -0.0193762972325193
162 -0.0025857812703307392 0.0014766788516301262 -0.024882300574871515
163 0.0028422741564657628 -0.007098757643624562 -0.028642438575219194
164 -0.013547103298257077 -0.007987003711773407 0.031894561298902585
165 0.006160876143463534 -0.0015758147855862124 -0.024776021235834098
166 0.005953655224742872 -0.005662486324836108 0.03368014655289451
167 0.010567987597309925 -0.006445657276811989 0.03413135417580555
168 -0.0027122901028435037 -0.00478194752019246 0.035559474164627895
169 -0.002908267536640821 -0.002623830866988419 -0.03452016209334646
170 -0.0023422109182236195 0.0040872415433262435 -0.0321175985859632
171 0.004949611996997817 -0.00026921628274458476 0.03767267705579303
172 -0.0020602871149822677 -0.003944718307008863 -0.0365436144536543
173 -0.003710814101867751 0.0017467065339497444 0.03181996654988153
174 0.007664075218452998 0.0010794207445438408 -0.02520548658040922
175 0.003910465755190758 -0.0034394237459073693 0.03093266786998393
176 -0.0009129205406833516 -0.00037374576344825425 -0.025789104917536693
177 0.0005036242344180868 0.004330012600397053 0.02548326250009364
178 0.0005101912643475093 -0.002302637296024812 -0.024027398164516305
179 0.0052697999589557745 -0.007634353768475209 0.024635234587919476
180 -0.0036598644610180767 -0.009719850311479556 0.028974709576781835
181 -0.006360101240409786 0.006435001433202699 0.0333820070887517
182 -0.007600149008580859 -0.004879667125938736 -0.027548831462700384
183 5.401006933876927e-05 -0.010174979769395437 -0.034257691055148476
184 0.0009519038863175303 -0.008109986637012862 0.025869418945264552
185 0.004127017019901168 -0.001310205903525749 -0.02851265223942164
186 -0.008636110564220069 -0.004696863589969562 -0.03485484386889697
187 0.0004744073100063709 0.006577263738271784 -0.025932852594891788
188 -0.0031102113101105396 -0.0026516111611143076 -0.0296834299154894
189 -0.0036716182564176716 0.0006607097328241232 0.03681962817384702
190 0.0035354169580452607 -0.008521046292597832 0.024408189541849916
191 0.0010005230965452055 -0.0018646302627214535 -0.02849871852354925
192 -0.011782182867802658 -0.0006564702312965021 -0.03333795721610726
193 -2.1697442195130548e-05 0.002910118283242752 -0.03491119744098239
194 0.013137619684453823 -0.007869559634510963 0.035130170920237055
195 0.00535732547004307 0.0014549165304543511 0.035618787701638226
196 0.0025481971067352806 -0.00739442946535274 -0.026247204225288645
197 0.00017020742659509813 -0.007497267043710929 -0.033932380242963314
198 -0.0024572694339141804 0.004334767208431435 -0.023952343906682296
199 0.0019775933907016227 -0.0057004817960867454 -0.040987760122144126
