200 3
0 0.04158581120546649 -0.02976775532477841 0.006311574445997754
1 0.03394237205449034 0.014391461555004764 0.04705264364620905
2 0.038248955784143925 0.010813006865842413 -0.006796036997702719
3 0.037958095915917374 0.027769073920271118 -0.01738193890734159
4 0.039391936583850075 -0.02692128996685586 0.03192889737078462
5 0.03736839792298602 -0.02087785082091247 -0.004095365941982715
6 0.03766370810521871 -0.031203988632839505 0.015753852381288083
7 0.03967396014293406 0.03440677628919669 -0.027507218688610276
8 0.03707045108725462 0.02794757377991841 -0.020289398450260343
9 0.0379577318717835 0.027095364797396645 -0.008039456294638979
10 0.03646616486084541 -0.03486571668137208 0.0059361982523438465
11 0.03260787903517711 0.015058026094362686 0.05243733822222365
12 0.03459239788544581 0.04002679373249629 -0.03258547302247175
13 0.03646599856154769 -0.014991951564096192 0.009524421762241287
14 0.036160135328847785 -0.023639681723093123 0.00865555761915311
15 0.036160286346540775 -0.02926052366640363 0.014668603610284875
16 0.03736811820066002 -0.031281993361749146 0.015825185391233888
17 0.03939282851748519 0.019861735210255766 -0.009820974089962227
18 0.03766432243670298 0.03163863345646069 -0.017979882474130317
19 0.03795826440060444 -0.03525767981333997 -0.012260035282831932
20 0.0388251325048541 0.01498832223792954 -0.006230280061827365
21 0.038538276937298326 -0.018472329036831388 -0.0038350478893303644
22 0.03646626620167589 -0.02453678707236356 0.0055030577520652
23 0.03939231120581366 -0.027107410405414135 0.02381844940408523
24 0.03939262467032467 0.03380296519265207 -0.002842132514713422
25 0.03646636597423216 0.029347619211781667 -0.017738968097588962
26 0.038248491636584274 -0.0240737416618617 0.016442644884651834
27 0.039392543532836284 0.02943616605112691 -0.0014902346877664631
28 0.03736840113043852 0.032788556139354524 -0.01874005770454997
29 0.041585314359394304 -0.019784411501612403 0.02591046447758309
30 0.03824952825483769 0.02431235305816071 -0.022787331412170393
31 0.03995275581499419 -0.04419258532424361 -0.008239752216261918
32 0.03676925365940127 -0.03916012727166948 0.012970520844776446
33 0.02976026100674055 0.01348521034980347 0.05835730260203245
34 0.03585115675790354 0.01112519170219199 0.036301142720511194
35 0.03766369940397838 0.02156574792298534 0.004914691105284695
36 0.04022906261965751 -0.028089067852202557 0.00853038926221773
37 0.03795663879100946 -0.014645586260873599 0.03265477386157179
38 0.035541938874461325 0.018840240523293972 -0.030935012950565145
39 0.03766398384838831 0.02938304250392959 -0.002968413358485266
40 0.038537917005190395 -0.03491650380841292 0.011110642663578467
41 0.04158594226061979 0.028557938903383172 -0.012475127281177941
42 0.03361535643029126 -0.030956874383318126 0.00585461706920827
43 0.03192012450949166 0.008882156940862827 0.04474921138840574
44 0.03910994483728853 -0.034047115097326504 0.006752954709904748
45 0.03736840335071755 0.027167585361881307 -0.012512119257233435
46 0.03939227460992305 -0.018998463863648393 0.012308827256851897
47 0.038249380460154594 0.03409672369387224 -0.029187331585442643
48 0.04022936133120239 0.022053698219565848 -0.006863968731545378
49 0.039109592928936655 -0.03064936633608486 0.015022811785643004
50 0.034267646154910326 -0.002319190140875709 0.05371391981634389
51 0.03522827127729673 0.024794256696391872 -0.0284442783341719
52 0.033281960755726495 0.005476104955648706 0.05096920824880961
53 0.03328376682769128 0.032149421070970984 -0.021228224653528784
54 0.03995224392035804 0.03200453612365845 -0.008820216950837867
55 0.029004398706512675 0.006309728815282773 0.06468283106135346
56 0.040777548934788146 -0.033488271585926925 -0.006571649213571025
57 0.03260991163918311 -0.025163033025682048 -0.008980051710413673
58 0.03646656581707 -0.030454671925570463 -0.006090263542962108
59 0.03853807599152815 -0.019477129520653173 -0.007217913291816616
60 0.035852159739687674 -0.0358027302359201 0.013071326942449436
61 0.03824879965100983 -0.03848462175545698 0.008984376217822986
62 0.03853856123119978 0.02384511240871923 -0.020496488513865714
63 0.03795726609479127 -0.0054841596375651246 0.0068032873792968265
64 0.039110430688252526 -0.035861221430261506 -0.013944972898765196
65 0.03707045970349613 0.014452703673605785 -0.024022293892931878
66 0.03967390680356911 -0.02940339648956862 -0.010492834617898362
67 0.039952499208458926 0.023269992454213094 -0.013121884174890658
68 0.03967322117456354 -0.03776360459941286 0.013871484264721602
69 0.03328259360454451 -0.0010939968387476847 0.02533243109508241
70 0.03967386249340714 0.029075805760770183 -0.018639299019588572
71 0.038248653561044066 -0.02457605347990056 0.01173972071346852
72 0.041317997714406966 -0.024316117853278026 0.017477325924390556
73 0.03824893739890185 0.025777396566144306 -0.0035659171502536646
74 0.040504602195398774 0.02935833889765258 -0.02087422781289549
75 0.04050474087237915 0.019056207163832977 -0.027393966942907848
76 0.03795709648895819 0.0332510332435685 0.006665245790352996
77 0.039393049496536894 -0.03656931988932589 -0.0020752785624373513
78 0.040229027882040136 -0.027684364608729185 0.008991164348429002
79 0.03616022629897097 -0.028399008111822898 0.01178028344421375
80 0.03522780296280421 0.03670367226428052 -0.014247374980581052
81 0.0385382746881176 0.023411805890616547 -0.007746040300145075
82 0.039392607220807556 -0.04288584911935353 0.008655385075740834
83 0.03736854824728767 -0.029289357989094166 -0.0038535874929828597
84 0.03795748929774597 -0.029070717120146077 0.015029602823978354
85 0.03646592420398019 -0.03447382315512631 0.0172820277714877
86 0.03882517431999584 0.017045767809583445 -0.009319752980034077
87 0.038825458737799634 0.02749869221795547 -0.0170519169848728
88 0.03939246511083023 0.021950018948895002 0.0008288331099971108
89 0.039952466891918 0.021585255643035286 -0.015410884964647324
90 0.03554087902871367 -0.01825376714806984 0.014419108454773667
91 0.03795789307403308 0.018935108352968893 -0.013619806938621278
92 0.04050460790933254 0.026469700895088006 -0.021403800460849328
93 0.03853853409869295 0.028264570481462477 -0.018969907846790816
94 0.0361610512601278 0.021780125912582472 -0.01736014586657141
95 0.03824917911608666 0.03668609803184733 -0.005123081193691715
96 0.033615813588581726 0.02724542546495923 -0.03220847020482398
97 0.037664359344044204 0.02595659234051716 -0.02018085951803217
98 0.03795744923788506 -0.03186884562510333 0.013789093883193387
99 0.036769233801287084 -0.036288466417497375 0.0009322222553390542
100 0.03706988272338961 -0.03649525028037342 0.009266415170938715
101 0.03736843831453676 0.029301130854144188 -0.01520009089451416
102 0.04050465298669447 -0.030546022163074234 -0.007012576818797212
103 0.03882556113362107 0.020807582184771415 -0.02458382545900313
104 0.0336140891026231 0.016158441783486365 0.03792128608233672
105 0.03706985364444929 -0.020277407753055143 0.0013624722342524787
106 0.04104899847335187 0.025034496364947204 -0.01402354587037
107 0.037664273925198055 0.02309916954975471 -0.017611863254097523
108 0.03646605052125649 -0.024686956384995285 0.011320832487281718
109 0.03795796314796053 -0.025231318672789365 -0.005466624848548269
110 0.03939296361280332 -0.03005077641015465 -0.0059094420624650115
111 0.040503527552925495 -0.02770170615864285 0.019307362449999275
112 0.03426818150952599 0.010994608830056145 0.03621219064645991
113 0.03676951029821003 0.03139551767332092 -0.014884731198264969
114 0.03824931017127416 0.025864432297086473 -0.0160786468022278
115 0.0391103699279442 0.027722663755502617 -0.018783499217402598
116 0.0382492499854493 0.02726905799170482 -0.017277651908242517
117 0.04022922628967651 -0.03100833530530688 0.004608410540661242
118 0.03882493885915968 0.031964718510426066 -0.009749004458355746
119 0.037957318886821044 0.03785619097177471 0.009890818765971027
120 0.03676955215732802 0.025029936744964863 -0.008344411866957332
121 0.03646695855947072 0.010845863423589655 -0.028676421440243283
122 0.03736789710700614 -0.03269275471664209 0.017090169983839592
123 0.03911042387979674 -0.033794565918422254 -0.013813081158226104
124 0.03882494196942717 -0.009115058554595004 0.010881631246872962
125 0.04077745753424102 0.018890485613161256 -0.011771174076896831
126 0.03882523142993145 0.032608066420967786 -0.014312849285570892
127 0.037070321136550184 0.024019885370436426 -0.013901963302704413
128 0.037070275847768716 -0.034707665265394434 -0.00012126918801689516
129 0.03939254448650056 0.0332118112418114 -0.002831181612683958
130 0.037957665637219175 0.0266211152799303 -0.011339329413807782
131 0.03795821822127211 -0.0300765583582651 -0.014999620340974797
132 0.03995221751304187 -0.02558811946471572 0.014002211059291001
133 0.04022939017611857 -0.022337705656719335 0.00046925310248407574
134 0.03260804311505281 0.000990931204960769 0.045395297160718225
135 0.03824935128188206 -0.02730621776832166 -0.008966502010171488
136 0.03853825500664535 0.03648186120513295 -0.015435272390606571
137 0.03939261540812319 0.019428473881640883 -0.004338378077375596
138 0.0405040351172639 -0.027057224460154426 0.0033864771872195013
139 0.03328228736088586 -0.000844623187170572 0.032335440154223745
140 0.02822912799703604 0.006044892644809007 0.05817153498289427
141 0.036769914534931496 -0.04405243997608571 -0.013680298907581412
142 0.03795784984867902 0.02970879797348279 -0.014374425529528629
143 0.03853815236166831 -0.026258341545686424 -0.0015672138775880502
144 0.03795797361425143 -0.03059527759697338 -0.001965201333976821
145 0.03910987479560531 -0.03330796856545778 0.003607413214165967
146 0.041048766292970634 0.029081329878505098 -0.010902198441162275
147 0.03736824819468407 0.02430242027773329 -0.012854922527978357
148 0.036769370534959996 -0.039800676754837866 0.010246331389004798
149 0.038824820330209515 -0.031397902025891954 0.003533455263948969
150 0.032946910392819474 0.01171081872004297 0.03783991684398138
151 0.03616065340010377 -0.03906324207675361 0.006492742555325729
152 0.038538307982333105 -0.042634821653517806 -0.00043429601261762166
153 0.03426937213171023 0.018424962633806517 -0.012174999336764017
154 0.03260798387690665 0.002823539969043279 0.042314537151408135
155 0.03853768418618933 -0.027046153060784294 0.02055949176293391
156 0.03824945504879654 0.021202520413646474 -0.025375668250012105
157 0.0393933267956844 0.01527163980952685 -0.02789434413965708
158 0.03882481830505405 -0.03897917512420612 0.015556972615182841
159 0.0388253122019884 0.02668298574482016 -0.012425164932899767
160 0.03853832452959511 -0.027729321215239085 0.003783623078739567
161 0.038538429948050644 0.022311419356949202 -0.014260020179381846
162 0.03707047574822747 0.01725853189004861 -0.017649359674650502
163 0.039110355781920146 0.032167414145232914 -0.015530176236911754
164 0.0388247642332936 -0.03343436111891045 0.007475396860300966
165 0.038249276250964956 0.02521507477126537 -0.02232920534002002
166 0.03585256379117779 -0.038136358656073094 -0.0003634451275574356
167 0.03676979174331915 -0.021320239877365657 -0.006541152205779277
168 0.03824922772061707 -0.02889517368862437 0.001576951776093737
169 0.037070514051115874 0.028893050250343853 -0.025064507448868387
170 0.0373683086712598 0.01605132397332462 -0.004624589677824417
171 0.036466101578359535 -0.0448351958487857 0.013168170000617473
172 0.03646606386556558 0.036454334242332916 0.0012745067305041605
173 0.038824529747808215 -0.03334945986521134 0.025118459515225032
174 0.03766445576152025 0.02179670129514802 -0.019777464851118514
175 0.039952460912680655 -0.028206429016483608 0.001918642401415857
176 0.038825457067725166 0.02987846273654862 -0.01773791831937341
177 0.03824901556439442 -0.037502775202476156 0.0019951811246950433
178 0.03157045968663236 0.014110091321361309 0.04774355210397202
179 0.03766428458466195 -0.02451115071844462 0.005747354941975717
180 0.03939263913595435 -0.029482081766952353 0.006568853573863791
181 0.037957578206124935 -0.02978505124193501 0.013600779629631084
182 0.02900527670942731 -0.0026350791206580207 0.04179131087529447
183 0.03939247677816321 0.016914777299046144 -0.003044439466798679
184 0.039673501686400874 -0.022651770967388435 -0.0035358430527384264
185 0.039673834725910385 0.023168855215280493 -0.019009350826281295
186 0.03616089412483311 0.021471216453162894 -0.010807982396794166
187 0.039110368202826234 0.02303061560113625 -0.021225174654116604
188 0.040503447335441777 0.027160139242466463 0.018009135333701645
189 0.03824917674964324 -0.023795810899528577 0.006754044206355684
190 0.03824892636878503 -0.03900338432058446 0.010220301008034996
191 0.036770085913326374 0.030490038791986397 -0.02737373221716204
192 0.03260802832240584 0.016218291659515993 0.05089218696134514
193 0.038825277726480846 0.0398303365287692 -0.011489756731404767
194 0.0396738966069888 -0.026178711626953035 -0.01253909109003781
195 0.04185169514803926 -0.018041592575262055 0.01203429312338538
196 0.03766465955369441 0.030004866692087122 -0.032040514202005696
197 0.03824941797351462 0.03316427644311127 -0.022073702783972388
198 0.04211644109331835 0.030355329200133067 -0.009358411475862189
199 0.03706994391473564 0.028152710915057725 -0.008233158852152546
0 0.047562727301119885 0.0026361856632321824 -0.011366837624129508
1 0.032608524680516504 -0.003130820989886661 0.036804387797506895
2 0.045414078070516666 -0.008444915442368498 -0.01750840192861302
3 0.04756290055029527 -0.0013825040833460786 -0.018014706749698427
4 0.046857533591058965 -0.0026522555471652277 -0.01802365435952401
5 0.0459001788362069 -0.007955430722693986 -0.013960788114848927
6 0.04848776180579717 -0.009796037708452611 -0.0225326390279211
7 0.04341413836581915 -0.0028789034074699874 -0.0010177898702760809
8 0.045657409143755455 -0.0017756652692741425 -0.007044820320403898
9 0.04516873864067657 -0.006749073820848266 -0.0079474574585042
10 0.04685735023280865 -0.0002363644656433558 -0.009434014472880128
11 0.029385043720366016 0.012771117655582248 0.05834624783254048
12 0.04516866281047251 0.004965789131311568 -0.005472081971138991
13 0.045168981734471106 0.0016494828028463483 -0.019115054937402995
14 0.045657486011019974 -0.0034765906119407757 -0.008388653061563498
15 0.043414701721052766 -0.004449952530440964 -0.014739624138779488
16 0.04541384049258373 0.011342970616964397 -0.014266409268124848
17 0.04516859693924287 -0.009504316953942469 -0.009902231432810936
18 0.04732923977811947 -0.006025144803225644 -0.023142468602383944
19 0.04802717973773753 -0.005380906433509863 -0.009493554501060934
20 0.04516865255456424 -0.0019747528835087074 -0.006699854191844869
21 0.04825786998925323 -0.012921438393995224 -0.009089913295154956
22 0.04802726604650755 -0.0001848883503774809 -0.014647944416163091
23 0.04709388748444513 -0.0040474947532727545 -0.021259793658994875
24 0.046140909708696075 0.002823414706222599 -0.0015252516208826663
25 0.04732870612845811 -0.008023530864146209 -0.0032802644043425297
26 0.04614152639659967 -0.003906769491029287 -0.013732971448449725
27 0.04802703806318023 -0.0053973089863118655 -0.00465327038287718
28 0.045900492620482826 -0.0038172133368172025 -0.02457001938045001
29 0.0434144707940353 0.0033627174124634114 -0.014961263696191928
30 0.0456577555132323 -0.011090250542086132 -0.012269927189412567
31 0.050063830062017874 -0.009338901932656095 -0.0028794326640106485
32 0.04638120019819321 -0.004003620709792953 -0.011426056948626343
33 0.031920634137711026 0.012376158585695577 0.02868663805143321
34 0.03226660321211565 0.00857199762209077 0.016379069149555465
35 0.04516857409920864 -0.003256639994088766 -0.0006497802255864968
36 0.045900367344633444 0.002271788313395035 -0.02476481834348331
37 0.04392313145232455 -0.002350626351998906 -0.01935230534448164
38 0.04709362773725041 -0.004562099932290374 -0.009250227924172252
39 0.04290004379061105 -0.021316703217410797 -0.0061418240525628045
40 0.046381247690254195 0.005212257306285078 -0.013301270847048305
41 0.04779597572466871 0.004553222486261916 -0.0287736603225017
42 0.045168574478811 -0.009206461026314474 -0.004745436329862524
43 0.03394257491647624 0.001692074545530038 0.03825214134724476
44 0.047562668412329874 -0.005870675499252668 -0.00603990882674012
45 0.045900181267344825 -0.007683727966499667 -0.012795961521509691
46 0.04756314764031043 -0.00557905587185923 -0.024658930295590874
47 0.047328938295254766 -0.008447590017590541 -0.008541354784366172
48 0.04661957306278235 -0.00209634954835707 0.0016117036756969998
49 0.04756272503879338 -0.0065270451865480595 -0.011000260754157092
50 0.03260895198865798 -0.009204592475630461 0.01401270423580648
51 0.04802680010627895 -0.001493010289704596 0.009739353715986863
52 0.032266626012780894 0.008724089739928227 0.029013869791789788
53 0.045900344326634764 -0.015183707798557742 -0.01995610108983073
54 0.04590038111209175 -0.0005427790564210821 -0.016635197531912498
55 0.0336136188006876 0.02210202796511417 0.05061691013141685
56 0.04802765870910839 -0.009218336730052436 -0.026893102062480575
57 0.04848752311529303 -0.0037894379696755518 -0.016550355298450434
58 0.04442540084100191 0.0036013793059946645 -0.013280542540713609
59 0.04590022149136998 -0.008252619111914895 -0.014647429937975399
60 0.04894284166024022 -0.005452149498905943 -0.006285865337971227
61 0.0456572053036359 -0.004644833603761095 -0.0001192518807230784
62 0.04685765999148472 -0.017306185135373842 -0.011687723255942403
63 0.04685754241718583 -0.001208561610849411 -0.014314776215763573
64 0.046619889729603015 0.0020191754841739806 -0.01026378880333868
65 0.043923027856266096 -0.007988346220012653 -0.011194015590297805
66 0.0459003264227615 0.0004032119360391655 -0.017935433825416708
67 0.047093627516917355 0.0040754290370760065 -0.013754639073910469
68 0.04802727865960522 -0.005797548127074665 -0.010050381560467296
69 0.0345903861822511 0.011198776101326543 0.03409326980813048
70 0.04392295048226921 -0.01484147491515857 -0.011057904646663315
71 0.04614138684772585 0.001019070403742669 -0.01215775869720261
72 0.047795677553254104 -0.0028389567932933205 -0.01604193776951798
73 0.046381107263020895 -0.00697778630300812 -0.005862022177918028
74 0.04662003969961732 -0.00677741583848083 -0.010121595249233187
75 0.04467450533621827 0.01515587653227322 -0.01630153842832657
76 0.04516826376301095 0.004483069244241086 -0.0015366410646940696
77 0.04756288668221758 -0.011094943834098217 -0.01645422877224027
78 0.045413974728587124 0.006275932881964267 -0.018745993445242158
79 0.047795415738297695 0.0012168169190800546 -0.007014587959724462
80 0.04289991639500481 0.005784574745893548 -0.011422954812845025
81 0.04565738512134086 -0.008096048141399073 0.0009503810104923926
82 0.04590023212808439 -0.006168330518822472 -0.014268120270902221
83 0.04565721511676609 -0.003075729320344076 0.0005430078599273076
84 0.04211649591394993 -0.0011253012907921512 -0.0019193827823444647
85 0.0466200785656894 -0.0008945062645560362 -0.018904067103428398
86 0.04779586133131509 -0.005462624019369073 -0.02379649293438497
87 0.04541404728013954 -0.006086542671483052 -0.018129094612699577
88 0.046381117926683674 0.0002898937846831705 -0.01417762199629249
89 0.04709341557254507 -0.009611627048274653 0.003954049061621472
90 0.044922317405373204 0.0015660685419614433 -0.0121238615074807
91 0.04417491504033474 -0.013357237968806557 -0.0074784077474511134
92 0.04825756622762371 -0.0002896302763408763 0.001268971665868139
93 0.04442512755238356 -0.005244480130712818 -0.00487641425961773
94 0.04541401726828657 -0.009548907467854842 -0.014924702842952208
95 0.04366942080059922 -0.004036462738744844 -0.0025051865154017707
96 0.0454141086446988 -0.01784092858412311 -0.015503350564166365
97 0.048027046468185154 -0.009011328608195738 0.0013488513739653685
98 0.043669438721107054 -0.0013276289512301176 -0.015818637457341158
99 0.04589963277527902 0.002079289402957508 0.00041678510868748005
100 0.04541389947080011 -0.003255356997133546 -0.010686247567711549
101 0.04590020062718974 0.004746306436398224 -0.01356962613512617
102 0.04467458744418719 0.004831384318182084 -0.01254231910269369
103 0.0451690643097115 -0.0109856997823684 -0.017754337545376787
104 0.03394261522127347 0.011256613616967772 0.04484094902563133
105 0.04541435170905802 -0.008864510384814875 -0.02214877449253813
106 0.04614135921291167 -0.010093805222026252 -0.01639869179030339
107 0.044674410078481684 -0.0034053798685339813 -0.001194995842467191
108 0.04516908399560567 -0.0034965503122855453 -0.021288525948047348
109 0.044425474535737024 -0.0037268073034560528 -0.009259644499921319
110 0.045900566727104145 -0.005005319233576406 -0.017951874429416995
111 0.04825741701809025 0.0017836958170329095 0.004215497506732392
112 0.03522588481212079 0.006984927226646139 0.0579744112117872
113 0.04756283561537686 0.006297102428526298 -0.011102185437724604
114 0.04516908147698351 -0.007876634907612182 -0.02292438151953719
115 0.0466200297393195 -0.0006843037957536883 -0.012912383029946201
116 0.04417502095754246 -0.008358568064203651 -0.014810212206246563
117 0.046857015227777174 0.000510993568909017 0.0006487700491717669
118 0.04732886191396293 -0.006601885625475596 -0.015169343474799868
119 0.04492263610977952 -0.014215559412477081 -0.01660707651577011
120 0.0473285513524522 -0.00015334868255727566 0.0009208731568148029
121 0.045657023593324325 -0.01551629526614534 0.008763192687542831
122 0.04961863527471272 -0.008358744933146036 -0.006601946563055957
123 0.04442548073397298 0.0063608796623432886 -0.013790645029075893
124 0.04662006985902292 0.0008546718847752969 -0.015993854024226112
125 0.04779527434397779 -7.014699652562359e-05 -0.0009317591146835747
126 0.0444249926606454 -0.013694758283438824 0.00560691696006818
127 0.04467443634832678 3.431757556921527e-05 -0.006035143876790302
128 0.04467479358061923 -0.0038367755672957327 -0.014225282659982408
129 0.04848747136949198 0.004313650823315766 -0.014876309948773002
130 0.04638121345384138 0.0022521270010536104 -0.012553632308016182
131 0.04779579525318192 -0.0024193199068247967 -0.0178750351298266
132 0.04185252263033469 0.004084561226122732 -0.021559927101859364
133 0.045657944806509976 0.003989453369523034 -0.021312715723704415
134 0.031570106289944055 0.02039160314556254 0.05618225449476381
135 0.043414099622943084 -0.000213307394280112 0.004318255273744674
136 0.04492191534426703 -0.015816695762979 0.0071926350192244295
137 0.04492227843749434 -0.0029551747345975855 -0.011828416018259694
138 0.04442535475413378 -0.013081679440226158 -0.007694195092962052
139 0.033613920821260725 0.006539521584233892 0.04625972779922091
140 0.029385802686514063 0.005112846148641492 0.033493314058265646
141 0.04516868961954325 -0.0016437740772116015 -0.008916673852180207
142 0.04590046207180512 -0.010522409453713187 -0.018232016128753813
143 0.04916928801773173 -0.007688301747482512 -0.009674713054436474
144 0.04685751315280006 -0.0035847371281567285 -0.018638388789142736
145 0.04467469749157668 0.001100227677670856 -0.015244268879681151
146 0.048943157925415016 -0.00493827805552616 -0.014834396169579524
147 0.04341446975033927 -0.005164748678588329 -0.015322648248200139
148 0.047562962652352825 -0.0026928245003447157 -0.014493746155121995
149 0.046141771975672596 -0.0013707659196648982 -0.023857502834510755
150 0.028619838143767565 0.005685427302773203 0.04225463765377467
151 0.04848741350219607 -0.0028262454281367394 -0.019309214734802255
152 0.046141568325690004 0.004670314604515859 -0.022855853294883453
153 0.046619703440325705 0.0029762630190613088 -0.005358097476583618
154 0.03260803474785694 0.005514778649611627 0.04647379613806661
155 0.04366873293587451 -0.0010427264347164908 0.007690042642089117
156 0.04614125009993288 -0.003610379727314084 -0.0028347692283341125
157 0.046620051175939294 -0.009075675450440898 -0.008532447140077448
158 0.04590012183894845 0.0021791172525147677 -0.006960083211829599
159 0.04590027368820569 -0.00928734482766132 -0.018332977765627458
160 0.04590007734889579 0.0017889571489296434 -0.00901080130916717
161 0.04467485039623423 -0.0013450501621371147 -0.024270861189459845
162 0.04614129155785821 -0.0053439661584784425 -0.016275759792655563
163 0.045413720208032214 -0.0042938009797864754 -0.0071299992663983675
164 0.04541401331704936 0.004706807860529987 -0.016951420232062392
165 0.0451690106776042 -0.009997760478500867 -0.018032058224482166
166 0.04264074329812518 0.00270339547668785 -0.023265137514622013
167 0.04894305168784278 -0.005079187958259247 -0.013420003014548773
168 0.0454137580499392 0.006226250171953335 -0.004196154455689065
169 0.04756270180154223 -0.006913764049099941 -0.0063612247816700026
170 0.046620353548823046 0.005386361018039464 -0.025071844824387155
171 0.044922221587475206 -0.002250475725885012 -0.001370583001269078
172 0.04685710653912697 -0.003696133566839958 0.0011720526024796766
173 0.04638079768969646 -0.0070006222142158 0.005230028223196252
174 0.047795569641164694 -0.0020493895970908407 -0.009736236954805378
175 0.048943099761375015 -0.0010731400785136823 -0.012695665369500706
176 0.04590009669391534 -0.013687456352824198 -0.006274916410009596
177 0.048716079026379575 -0.0006713938600546916 -0.02055203073744288
178 0.03394254753964566 0.008848416493839814 0.036244135334287705
179 0.04638116557755583 -0.008476971435781222 -0.008185336470328694
180 0.04392305398515468 0.0067730701301476695 -0.01875364995401621
181 0.04492226657954345 -0.003350560047684185 -0.011454168023604891
182 0.035226381537553676 0.0022445831666173866 0.04076059763705206
183 0.04590011327214248 -0.009041211910424651 -0.0027617370267281776
184 0.043669454306656696 -0.00016287586508790668 -0.016235765732358184
185 0.04638125816360535 -0.007903003186154405 -0.009095166251631072
186 0.047562864719751075 -0.013322016968275967 -0.012222342377801195
187 0.04516903994695155 -0.012445659736014702 -0.02072047937024127
188 0.0454133297805915 -0.003365454217280548 0.0018932644022623484
189 0.04590003242888709 0.0059039594260788635 -0.013477014684242575
190 0.0436699121454079 0.011011504379093866 -0.02640762921267921
191 0.044425266060223165 -0.0016257407344416643 -0.004000504770079565
192 0.03426830794399946 0.012971750671049397 0.028089174287287796
193 0.04341382312752745 -0.004065759205739258 0.008523833553795821
194 0.04590007775447444 -0.006797946319929169 -0.01339826758133498
195 0.04516850172296254 0.00586367141393565 0.000571574894236894
196 0.04237945321703807 -0.0019918424780630355 -0.01454100665328514
197 0.0470936223840564 -0.00897665238060275 -0.014794952862713652
198 0.04709343765535973 -0.00634740131647717 -0.005218117965796448
199 0.045657788495686816 -0.004864866464508331 -0.015234869359043796
0 0.0418517117919685 -0.03556345475474166 0.011617906723072884
1 0.04022825761521289 0.039248451028626063 0.021541277608841808
2 0.03967280513756278 0.0279564535253595 0.012257986466633253
3 0.03882470751956635 0.03212037855698714 0.0028255091715434317
4 0.038825587582804494 -0.02434366854842284 -0.010853596379009076
5 0.04077640025862799 -0.031146872825415062 0.03392523587282415
6 0.03911016167448285 -0.023082823166305822 -0.0030512655934071126
7 0.03939181770796203 0.022915400436435477 0.025923610739569874
8 0.03676862485753931 0.02136741787095878 0.016094478382701255
9 0.03853776832450486 0.034517278658920285 0.005623542103263594
10 0.04158654227194365 -0.030825333932034682 -0.015260956231076216
11 0.039951335557914774 0.030273343873902882 0.01919190701302851
12 0.04131709153653363 0.026378084682127295 0.02116501203624847
13 0.03967302191434673 -0.021489531588185173 0.018634857986064474
14 0.038538030936778905 -0.025466185649571888 0.006749259594157374
15 0.041048436221924965 -0.01859886172632629 0.010742815590019198
16 0.04185154161729289 -0.029725682456674677 0.01903124665667369
17 0.036466116511943834 0.028361090884190088 -0.0011840739853750826
18 0.03967286107861242 0.0314826574251688 0.017395132666020732
19 0.03522788055201556 -0.030369884006079383 -0.0017600773928849963
20 0.041048413983652395 0.027064752133145794 -0.005000561704135953
21 0.03707003536495497 -0.019476567252981507 0.004174579515112393
22 0.03882524861266604 -0.027612058489436722 -0.0005445664801232059
23 0.03676917744854352 -0.02533365387395953 0.013431905731664797
24 0.04392186170565661 0.030729476349544267 0.012020979791721299
25 0.043922825758466615 0.029557838875642103 -0.01326138220114168
26 0.03766384473357234 -0.021449417594362273 0.00934902788276171
27 0.041585733374245065 0.026276972005373718 -0.0018812718256819108
28 0.04022868719605846 0.03618458910983266 0.010533740082466764
29 0.041318379652825706 -0.014074253707799262 -0.002872541526003222
30 0.038824357310071285 0.031172878531455214 0.01110990469002634
31 0.037957081826092996 -0.02445243454889252 0.020338468919518772
32 0.037368462709054175 -0.0345330605444556 0.0030213058017854373
33 0.04104751573296044 0.031357712636175095 0.03336536378166717
34 0.03824872758041227 0.029628675683759653 0.006602526197454718
35 0.03824849997903497 0.03051726689207127 0.0031963336411043276
36 0.03853788287231761 -0.03266126884649296 0.01601919955713131
37 0.040504199644207435 -0.028242503012978506 -0.0010982850835032113
38 0.038536792862085244 0.0351625897964632 0.03758456215668041
39 0.04315696690411654 0.031923854407747254 0.013057107805392107
40 0.0388249483269955 -0.014337335770292624 0.0049288902176239345
41 0.040503714094276506 0.026155115110997766 0.00555908329160378
42 0.04050417761848217 -0.02459164645617038 0.009204717067942432
43 0.03824886006649814 0.033066786652181754 -0.009383249863413157
44 0.0399523216550555 -0.02571427327361709 0.005587668557990893
45 0.03585213976864522 0.025454314461566145 -0.003017587420752028
46 0.041852246908028176 -0.027372858165191482 -0.0015748291956558722
47 0.0426396274479234 0.022014405412059842 0.006311307900384086
48 0.03910986819965814 0.019017587911751323 0.0037004127317749294
49 0.036466438552685373 -0.031619896514706945 0.0003658036111137187
50 0.04077647888983367 0.028395013230752636 0.017038088188606363
51 0.043668303839456066 0.026989922750873058 0.018046972832513535
52 0.04050357844895911 0.026257955871349204 0.01495059368811316
53 0.041317128409956196 0.0320216246738936 0.02367241637381775
54 0.039951962586687824 0.024875144128286297 0.0033729947677006433
55 0.03585167899665876 0.030203482283624072 0.011152406062375721
56 0.03795763221367445 -0.030200877577085276 0.00011251383073859461
57 0.04022948567846963 -0.03338347949445629 -0.004943889264856596
58 0.038248624906699925 -0.020321029552305178 0.01601967041288895
59 0.03585242249799701 -0.028150328591007367 0.0007753453088708147
60 0.03192182580795403 -0.023892558941912837 -0.011132304242030214
61 0.0364668746512731 -0.022622589578541484 -0.011308506788710235
62 0.038248051580866076 0.03281370971877431 0.02456687609474348
63 0.037957945233066004 -0.03576342964480198 0.0014965554459013919
64 0.04050451476617196 -0.02384359581824537 -0.00867775408721913
65 0.039109479789578794 0.025407985775999228 -0.002150229071978865
66 0.03910955730954814 -0.0329635036005161 0.018929312586586092
67 0.03967283168882491 0.037015709123664316 0.014211433257156361
68 0.03939317879016493 -0.035109638024039366 -0.006430074866454669
69 0.0407770211253758 0.02150936511074085 0.003760000924635356
70 0.04022803213139549 0.0259746374777535 0.027819252300286777
71 0.03939271882196112 -0.025464802162754725 0.004335553278051519
72 0.03939262781279925 -0.018221138217621016 0.0016993721822323332
73 0.041317970139372384 0.017942130454604417 -0.007464943774650736
74 0.03910943003410565 0.02261151499421373 0.01767329275425911
75 0.04237842384610497 0.0323831258223984 0.014901956448537312
76 0.042639346697723186 0.03425877101054655 0.01530917371809397
77 0.04131838724314085 -0.03410463025528269 -0.002320159505597033
78 0.03795716387689729 -0.015252737600253714 0.020814099641475185
79 0.039952448437517205 -0.028471882185403977 0.009561871126691648
80 0.041317190145301295 0.030139725182477105 0.024172186802979372
81 0.03853823404813966 0.02505347218505522 -0.015639867361554136
82 0.037368009409588045 -0.0257613015036161 0.014514014936039078
83 0.035541221594745195 -0.029458126526726865 0.017708381800719365
84 0.03676983035271352 -0.03441171009874503 -0.010629422134517863
85 0.03676922495073911 -0.026548331182961273 0.007020889005308904
86 0.0391096070580972 0.014042425182916938 0.00594831836784832
87 0.042898969294157215 0.027399531257815756 0.018601350030195706
88 0.04565685506888621 0.02104626816924926 0.012837897147431445
89 0.03853729005520842 0.03612393769742016 0.005346922760607457
90 0.039393218444738386 -0.03642658027320307 -0.007428629869736186
91 0.040503661210194414 0.029544426477177595 0.010998912342402927
92 0.04022868263213046 0.04539051927299773 0.00360344139198433
93 0.03676872054175577 0.04382661363894611 0.012470194807597557
94 0.039109108670713696 0.03694546782225486 0.017303000292907093
95 0.039672892285808614 0.018637644561478504 0.016834552809838994
96 0.04315742632167082 0.022865394437805584 0.0057179994296035095
97 0.04467360232867655 0.019904498237172552 0.009409978057912327
98 0.037070103119443275 -0.0331012235370938 0.006705505594520665
99 0.035852377135110365 -0.032012371084646385 -0.0008107464320489968
100 0.03795804116676091 -0.022152987121246942 -0.008197870632684762
101 0.039109534555510736 0.025284278385569656 0.011125619494092829
102 0.037368005156150776 -0.029254520318176002 0.012747952088384949
103 0.037069467603458306 0.02643281949836753 0.01727022547517844
104 0.039672776068244445 0.03845337649443358 0.015924894009520033
105 0.03910963521285271 -0.03278031147333032 0.019820756485031253
106 0.03995128601167232 0.03400828014976536 0.022447918781979027
107 0.03939263495743317 0.02238837945619695 -0.004471522014627572
108 0.03824909972216565 -0.009619621981803045 0.0013400620152497211
109 0.037957565536265 -0.024264775841635403 0.009627891584950485
110 0.0405036599300901 -0.02781059250745939 0.02208027064634918
111 0.0405033709636168 -0.030184024217525505 0.030534456080092205
112 0.03967306735293097 0.02131523594400617 0.01190168760090596
113 0.041048169408539864 0.028625165274344357 0.012938281182288836
114 0.03939254126472241 0.030846425310468086 -0.003931818476490068
115 0.03706877154941457 0.029719999248829895 0.032628804338457655
116 0.04131733676390221 0.03949675972357355 0.014213153316853055
117 0.03824945727284828 -0.030234933797314834 -0.011540390258188
118 0.041317640938750844 0.030960535486409212 0.010111506585068266
119 0.03967251586370593 0.026657737551275477 0.026763448177867202
120 0.041850928901388224 0.031025249013610038 0.02526476604744422
121 0.037662844451967756 0.03514791729123677 0.0372440781867195
122 0.038824615766149775 -0.026387799282187895 0.01906040449782902
123 0.0396739734144496 -0.027230714091919832 -0.011828220043952105
124 0.03795773961885194 -0.023720497708291023 0.0021852586305837617
125 0.03824822733818852 0.02258165278600693 0.017533592128443725
126 0.042115986915171676 0.024625022145432916 0.003969297940731877
127 0.04022840761788769 0.02510854762338864 0.016930441877332343
128 0.04077730026576625 -0.02365311275862246 0.004556128487604767
129 0.03882473110095874 0.028128222013281034 0.0005964196929373649
130 0.040503551660199616 0.020239789265963176 0.01400166235220486
131 0.03766404827182873 -0.03819436492204857 0.0036468205934536233
132 0.0352277277804438 -0.030385986718314394 0.00267791590884321
133 0.03616110641181706 -0.029856443646546896 -0.009669267845596633
134 0.04022855899811421 0.03395969003446106 0.0110338184990771
135 0.039673535382367696 -0.027342074757375535 -0.0012625616160590709
136 0.03967259857150071 0.03613768883348389 0.03277167340170501
137 0.038537757140585945 0.028485101827158955 0.004026750287416105
138 0.038249090655004446 -0.033725684686415174 0.009054799523707161
139 0.03967286309853836 0.02505860334376022 0.011722515557843195
140 0.04158527914896925 0.026024139890768985 0.020136958865963245
141 0.039952592553536045 -0.03673209749638866 -0.0009798786707829808
142 0.03882448085860278 0.01681043366638186 0.012987784544108802
143 0.03995262790029064 -0.026101828710408594 -0.00657379820303598
144 0.03676931606062193 -0.02601443000920163 0.004145311782037941
145 0.03824886083361421 -0.021884589392635805 0.010039175894275802
146 0.03795710387549229 0.030436083813843315 0.010551262826194754
147 0.0421152520510206 0.025377634217193582 0.029245462073408144
148 0.03967345024638635 -0.018614073037008655 0.0074968381853007734
149 0.038824998662729565 -0.0328741329496646 0.009470127466031049
150 0.04104768752771785 0.039141194763412275 0.0217415225618835
151 0.03736845511668208 -0.03515330445420857 0.0016472286768576404
152 0.03736807948387172 -0.03757638238104152 0.010690895794164759
153 0.04077674140167809 0.02746591902176748 0.013680030865082982
154 0.03795687807656954 0.04616589470476849 0.019708083548888495
155 0.036769575616328154 -0.02349663633644295 0.0014576331897470291
156 0.04315706289941742 0.02878832809878429 0.0150908554139765
157 0.03910963244940697 0.03850983381528981 0.0031162874814218322
158 0.04158586136018579 -0.03839331049869959 0.007985204675527553
159 0.04467399220509058 0.027335553404866392 0.004142042592519736
160 0.03736821378142335 -0.023235702455395475 0.0004368481314489713
161 0.0388244227233273 0.03585166954581851 0.013326186525389147
162 0.03967193142674361 0.03521351935545433 0.04011912225540025
163 0.036768726762761224 0.031211673990385106 0.01406186351044347
164 0.04022914727926 -0.02606309676301577 0.009381874772541297
165 0.038824529326539146 0.007906233424111737 0.012150441115547521
166 0.040777648674469744 -0.03484299023113605 0.00012201576990907123
167 0.03824886759451211 -0.02464584496739891 0.0018599532721016738
168 0.038825164738719734 -0.0375462488672467 0.006890660930138112
169 0.03766307535443761 0.013658274634857344 0.03428067105168681
170 0.040776826969339666 0.029672835477733212 0.006048817990194024
171 0.03361538225293784 -0.03998238875558851 -0.007592065440571576
172 0.0396730328897228 0.03310427400833377 0.0076610985547507235
173 0.03676940940703581 -0.04037640378130687 0.004978027410045844
174 0.03676894078233195 0.02165675128447528 0.006771891823396909
175 0.036466135057282544 -0.017674430302639623 0.010438583237263273
176 0.03995231339680091 0.019369962918629788 -0.003409017720375751
177 0.038824702302204354 -0.028336037844102803 0.015871244413562264
178 0.03995172653365417 0.026334364645120407 0.011046786529353984
179 0.03995252051050376 -0.03581325830089056 0.004020503408600623
180 0.03616066489178953 -0.02801923392359597 0.0018408364231370313
181 0.03995233415330024 -0.03524247608772404 0.00042893603396469167
182 0.04237867439542794 0.023635534069015914 0.005953294953090504
183 0.0393920567882546 0.03095215920509519 0.02124271320558312
184 0.03824902784514877 -0.03705525238440237 0.002057266856549162
185 0.038537692773240435 0.023074609561046906 0.0050353479783613155
186 0.0407767558869605 0.029298970428218846 0.015323519014455878
187 0.040228660243323056 0.03174024312197281 0.01431613826419414
188 0.03795651792542909 0.029993839761239916 0.02903777060892334
189 0.03910948173258652 -0.023515465301775125 0.014042624628402145
190 0.035227926566884976 -0.02726264440961766 0.0011153426309005112
191 0.04341379245394527 0.030532881565639047 0.007528087770915728
192 0.03939231487915716 0.036491259211930804 0.005630293332439409
193 0.040503207889700535 0.028225264253593844 0.017572562841638023
194 0.03646630510088138 -0.013066975200791343 -0.0012227571513606077
195 0.03995263672483605 -0.03518262458026777 -0.0029417306544368186
196 0.03882423276326276 0.03410181302917153 0.017763160096012014
197 0.03882446197551328 0.03688510122538278 0.004407823763321466
198 0.038824672768340444 0.029609430754315595 0.005548256022075664
199 0.04077698443945638 0.025884904294599026 0.0005083894531820188
