200 3
0 -0.005203611689287117 -0.001700012791607957 -0.027658190018683887
1 -0.008835089761731196 -0.0343080147930378 0.01266939127622621
2 0.005077910979405854 0.013681345030709736 0.023544710984572424
3 -0.00739575397551652 0.010907785675908138 0.014563952545512043
4 -0.005507889067162847 0.0008868092500535323 -0.012134769838736417
5 -0.010273880751337908 -0.007026713972854842 -0.02867597993279447
6 -0.007874859609436999 -0.0025502798806320386 -0.042230758798759344
7 -0.010370337640535882 0.00017539609753692773 0.019006249490408515
8 0.010048487070140596 0.010581142705832752 0.01514376833823634
9 0.0009312988261546973 0.006702028480782284 0.025352611027989427
10 -0.016622197208372436 -0.006032667793966943 -0.02759859168767407
11 0.004284992631019561 -0.030810485032433332 0.013885639953025615
12 0.009540494251225148 0.010134270771067544 0.016733307707847242
13 -0.00018500522185745192 -0.004481739159219492 -0.01463164641757319
14 0.003193114011011123 -0.009072462953914206 -0.021472076211727607
15 0.018613233799118875 0.0004571968324028654 -0.00981475949586963
16 -0.0021929768441776055 -0.005201662673025471 -0.027071690349233686
17 0.00566251146379854 0.008103838380706576 0.030332493343154528
18 -0.008142198999081057 0.015517791058950417 0.01588408779734956
19 0.0028818709753770638 -0.0049696375132258185 -0.020904531635930347
20 -0.008738136232541716 0.008999325662891973 0.025097654662649516
21 -0.006801521770689475 0.006639479091511222 -0.021873692847247637
22 -0.02127761871417444 -0.00800151099730609 -0.03463101905772632
23 -0.007358961080448229 0.005307278051954953 -0.02635449958470245
24 0.007848441944350713 0.017640818056873862 0.025581066728696034
25 0.014895329621413975 0.0031450042081526963 0.02658411711934463
26 -0.0031068642252644434 0.001164809538872815 -0.037574046282331575
27 -0.010344407937030585 0.012403299428946885 0.019858652297162903
28 -0.0047752256031093525 0.01696846082312222 0.023868209084496616
29 0.011364591025142798 -0.012687292750418036 -0.013671393504868241
30 0.012491677449809502 0.008801105751155409 0.03231568157766118
31 0.0010399731592867865 0.0007495949181153538 -0.027237878010473712
32 -0.011634435755048425 -0.004420004584542444 -0.027061129271633504
33 0.0022578451962931576 -0.020281587561183922 -0.009952024865111653
34 0.008017552312217777 -0.02967890159772374 0.005967868927800213
35 -0.005542955908221084 0.01536554113109076 0.027102061418495298
36 0.003553311083778033 -0.005712608577577695 -0.02310191986889492
37 0.004218588378588475 -0.005608640162135303 -0.022036498116828125
38 0.006054827594075765 0.0114813530530442 0.013725886421246072
39 -0.016554993355631487 0.01603684165129885 0.0317990223511934
40 0.012547422796874486 -0.0006735592956533983 -0.01222359489499298
41 0.005697595040725187 0.02027407322224021 0.016276306016097385
42 0.014341000679466587 0.0024149069292439644 -0.02753179686672986
43 -0.004155311333199335 -0.026964183758100058 0.006504080630232709
44 0.0029720175267395083 -0.0017823019475743211 -0.026277848004737384
45 -0.0041751337090404905 0.017853869604113275 0.011153282002226442
46 0.01875442623866974 -0.005950496880954146 -0.030121238524974704
47 0.003792113308853283 0.015536507688015365 0.027291104463351507
48 0.00195855048050669 0.01648071811992205 0.028939441002801713
49 -0.0061559311981629 -0.018438104138492527 -0.020979184520598188
50 -0.0035102294610385686 -0.020144841554862236 -0.00923202478132708
51 -0.003042743516977052 0.018857688056505013 0.02242769932573835
52 0.011484507472988043 -0.014151902326122845 0.002914660982163801
53 0.0008428625544512139 0.012120615760551647 0.017450294220611146
54 -0.0055957970453382085 0.017743504286442703 0.0038161982222599915
55 -0.0019242857026307214 -0.01510139150956881 -0.005277548327733389
56 0.009531409325232436 0.008369204758176062 -0.032982479399520946
57 0.003748576800844868 0.006506778455817715 -0.022339627269843242
58 0.0012477954851001158 -0.011758725593337828 -0.022309442605817097
59 -0.017907105291893155 -0.013436988646723293 -0.027936652202244186
60 0.005121001629721879 0.001795574140145367 -0.019688838769973863
61 -0.011475729413501369 -0.00322971675911439 -0.02027012975640774
62 -0.003095123295381549 0.01076951516144482 0.012448510615965358
63 0.014997710774732227 -0.001029325714796768 -0.03266229646508913
64 0.012725722649048088 -0.002750370658308207 -0.025329215439615978
65 0.012035913191479088 -0.002085952781048367 0.025312525450738334
66 0.0036975471722795836 -0.0055606802014912925 -0.020482347982112174
67 0.013066352811837448 -0.004523763301256013 0.021694829650790823
68 -0.011031540332737032 -0.004064317048619621 -0.013278051935613842
69 -0.020764643309784198 -0.04692534069341303 0.009398254298084253
70 -0.0031441480758973056 0.005191120986168581 0.01042561659888979
71 0.003927301846655305 0.0080214808521352 -0.024955653246004378
72 0.005665515928438775 0.000243748344622291 -0.022715926486320176
73 -0.0020923749365555806 0.011740753746520616 0.013450622294912246
74 -0.002571570112382439 0.008656852529588336 0.029879738074634708
75 -0.0065485310949603415 0.012021450255307592 0.020497784537410454
76 0.007010716817339641 0.016089426155647353 0.006818583938647267
77 -0.0015919705488647191 -0.0015828350636027493 -0.02499029572947265
78 -0.00894436089633733 -0.004941467432908457 -0.027108717390045903
79 -0.006289242811244371 -0.006984743020374287 -0.02820810738753262
80 0.016183277592929278 -0.0007775434116088428 0.01626982194599575
81 0.0007491707737102421 0.0017058008411120987 0.02997710375890657
82 -0.005928892786419754 -0.0005461433097206925 -0.025855005455048083
83 0.008221302932354763 0.005826604793489468 -0.02993792983091998
84 0.014365779097999187 -0.007124846886576037 -0.031630767511193515
85 -0.010258468055282174 0.005366198529397705 -0.030569197560700888
86 0.004055288930530837 0.010502569082841695 0.020264330114546036
87 0.009983492741009284 -0.002630369561334417 0.02467118864255008
88 0.012779688970595653 -0.0014051955038090098 0.020123157114073205
89 -0.008773068409821269 0.01181347130517188 0.016358372637304365
90 -0.00515711103719739 -0.02003492843442517 -0.020386525496476605
91 0.014182834229651733 -0.0021288831919742774 0.018985639204570078
92 0.0055028801920397954 0.016394140225005644 0.02255586735326881
93 -0.0033938885232254294 0.0076717125956245955 0.02674100536316227
94 0.014599731753974055 0.004583156555786286 0.012100668583515627
95 0.014799651806981548 0.006863443998390316 0.02632719902452957
96 -0.007626815150102488 0.00010404223168525143 0.020515555614710742
97 -0.003347050093357673 0.0011995412598304021 0.01904467423895443
98 0.01141074107396265 0.0011389089001381464 -0.02328992274416662
99 -0.0021326604275846896 -0.005639858059818023 -0.024725883551633188
100 -0.016961219192437593 -0.006257753037132563 -0.026829557302716134
101 -0.006466011054567806 -0.011182262016491463 0.017624750732761367
102 -0.007887952919578597 -0.010648400025585751 -0.014483431312232717
103 0.00780549174775331 0.014277766690257654 0.02805780129550859
104 0.006367431999143143 -0.0273245922956476 0.0022980014665599027
105 -0.00358781300631051 -0.010062001993124303 -0.027467418412674142
106 0.009720117804246385 0.00677714111427179 0.03227894930509922
107 0.0009128359700953902 0.008352517800012196 0.014172086365742406
108 -0.0049617486587906975 -0.011606066078726609 -0.03766517066714713
109 -0.008034091813483996 0.008495963831512323 -0.011465469887148728
110 -0.0038871358310395288 -0.00016227327003659128 -0.01589483449752971
111 -0.00021995226232886939 0.0013687657023582211 -0.030123311428600724
112 -0.004732469618357519 -0.030299153377175037 0.012070031307348572
113 -0.0005637019574726565 0.004009217978631267 0.024153217535662803
114 -0.009092000620376697 0.00871024076735535 0.029539932876431835
115 -0.001968662898145939 0.003118617949303921 0.016969655988129554
116 0.006720275900360718 0.010204974505062255 0.019077312324982387
117 -0.0053628237257502195 0.006209946472795047 -0.013451006518720499
118 0.0026698967495660843 -0.0006489733655093604 0.018431906801170135
119 -0.008558645749261129 0.009267082558874859 0.022379745872569412
120 0.000496616072412033 0.009891310163941722 0.016292044373811043
121 0.0020305341301052396 0.011722623134806254 0.01876185374942793
122 -0.007885346546346622 0.006142981481865227 -0.009963647421752146
123 0.008867628705499911 0.0030301210384236846 -0.01432723763931456
124 -0.008873305740761436 -0.007461212985494566 -0.022865695863072313
125 0.005182115930144289 -0.0007997644040454686 0.017126415793711366
126 0.0029919678553356616 0.012425726120373229 0.018812953165275544
127 0.006025844099034353 -0.005507123641394149 0.017290476854933422
128 -0.0006656866665626475 -0.015974754931345536 -0.022069505226537348
129 -0.011036686316006308 0.01638876537991464 0.01496637023296777
130 0.002547287004818044 0.0035140494334525638 0.02114554684908032
131 -0.004371809744260876 0.006397058125688797 -0.01762387648202464
132 0.002933368410800826 -0.002038440715385323 -0.028871406549044562
133 0.012660193816705911 -0.0106064782176627 -0.009946200716313525
134 0.008062681972301144 -0.036747789932689956 0.012356040807948193
135 0.0021220282555089384 0.0023771754627890454 -0.017902172024427752
136 -0.007397788606790717 0.007704403500522903 0.030366587885354103
137 -0.0006541185224737539 -0.001594258505666274 0.023472783271109885
138 0.005191363604564382 0.010159259454787888 -0.02812662023854804
139 -0.004259193440554924 -0.02858652714584503 0.008609418596036006
140 -0.008233019098084618 -0.03517553195363016 0.01756906417148684
141 0.0005561480053933553 0.0029071937640116874 -0.013714489354220157
142 0.003585727631849285 -0.0033560677884587747 0.018840213484500653
143 0.00012305699443996947 -0.00037431794550431274 -0.009039088202655907
144 -0.0005232741514541728 -0.003153072708036354 -0.016863404028598546
145 -0.006562782849189954 -0.00778579519169312 -0.024673153511800702
146 0.007186461844021816 0.0034529211906570738 0.025322750224825986
147 0.012031881833827168 0.0125858810164375 0.031433140883533085
148 0.0005096839781146348 -0.006820244203898568 -0.02602923404536532
149 0.009029140131463546 -0.003535433187693714 -0.025243141957032526
150 -0.005591288826497547 -0.030845832558545255 0.01988771140138145
151 0.018418284015923304 -0.00026097226667280357 -0.027552354635444386
152 -0.0036559457408206803 -0.006151585238090703 -0.02313135942417166
153 0.022932534026699813 0.0012318362475367134 0.01699671469003574
154 -0.008144032232219628 -0.021320680162294797 0.01754976691785258
155 -0.008187301207019437 -0.01731097275102543 -0.0314399567570671
156 0.00028927528547010445 0.016466011828100938 0.018621609109534233
157 0.005973461721598891 0.013936803580731998 0.01880084588056318
158 0.0028693048827159798 0.0031992182609888514 -0.01696450192817714
159 -0.0008773226854489214 0.014280968081282527 0.02262246341780671
160 0.005635494474604742 -0.0016873207924079274 -0.026949771695228886
161 -0.010039888333584546 0.0192945455020666 0.020105986798489576
162 0.005430664211876511 0.007739247398881261 0.023216238740455475
163 0.01269127903996696 0.0047293559722144315 0.012200992402724199
164 -0.016898039834569792 0.0006830629752096141 -0.035232301191939236
165 -0.007734998288185658 0.00599060593025625 0.030565620271740396
166 0.015782384394502164 0.003010838509507039 -0.009969762990990581
167 0.003974814336511701 -0.0026844064974391423 -0.022821642610152508
168 0.00047488715936845616 -0.001564220139318874 -0.024804034544424473
169 -0.007648071889244382 0.004459217811186791 0.025160908680895336
170 -0.010237927108373346 0.01844896135569938 0.015752606621275762
171 -0.023953194151001028 -0.0002221809195654574 -0.02770790843793832
172 -0.018962487587419023 0.018110740623220885 0.023486566904544016
173 -0.001166433122898965 -0.005531998789288557 -0.021582498668929806
174 0.007965619405440702 0.00789596470056099 0.016935753664776745
175 -0.004007950923964001 -0.000697447032008941 -0.02669664810778033
176 0.0005201443125215817 0.003603752783149356 0.025502650689389686
177 0.004609013387899768 0.0050475717715325885 -0.02695770487944258
178 -0.010140031798419623 -0.018605723595374934 -0.0021290845038615877
179 0.0026899403421512882 0.004018674992451159 -0.031157492402131115
180 -0.008534869662568154 -0.010806488142462906 -0.01921594687026639
181 -0.0032675993247630822 -0.002628027153888119 -0.01948472523093471
182 -0.015693061352718127 -0.02122366986009297 0.009028989533517114
183 -0.0011424184483036955 0.0048028528594962865 0.011547857185322877
184 -0.01024489926207535 -0.010613271540412656 -0.027635437388027324
185 -0.0122791907909738 0.01857858720606021 0.019650261474149062
186 0.0017715950105587214 0.01843652946367951 0.03734108507565266
187 0.003988220823227546 0.012027890161815033 0.028013765549517143
188 0.017863327180207125 0.0029356219891881544 0.02371536202872178
189 -0.0011434960053547088 -0.01057709533515836 -0.024487219957118805
190 0.008795844287407678 -0.012038962226378722 -0.025260813179291443
191 0.005390853742842459 -0.002352591846175915 0.023685189211960344
192 -0.0013343910760895 -0.013041461603189447 0.01794499378323803
193 -0.0015196188320666208 0.009556256503422907 0.01888001447710918
194 -0.005448854283410794 -0.0010114252763738282 -0.020152530854823558
195 0.002796306421199178 0.0033596452253489735 -0.024227537177737665
196 0.0023615139767088015 0.016207485781048594 0.01942497515243905
197 0.010487635251857058 0.005745397422395774 0.019953265230643606
198 -0.0020859228788322765 0.008522443713622783 0.015685724835805527
199 -0.002673380764328548 0.01617438184180546 0.027626531774835088
0 -0.0066732624730776145 0.006680083155305244 -0.015344970020224016
1 -0.010496995626842892 -0.023714056707667158 0.002951148762034464
2 -0.0004873852941278817 -0.0020298569707121747 -0.002849601711950922
3 -0.00359474642773238 0.01179822027226677 -0.015350091690675818
4 -0.004185322985671688 -0.0030856240827944964 -0.004417178346238802
5 -0.01101433534455485 -0.002607693756222225 -0.00033426465590574717
6 -0.00424007254720777 0.009984603042541899 -0.0002864584734647846
7 -0.004226471998653301 0.006438486279397561 0.002233839690668163
8 0.0063729341493237585 0.003996089350377017 -0.01490608146775143
9 -0.0032471227693647263 -0.0011229484804902382 0.006473728355770314
10 -0.0010710056949529284 0.009681531179074644 -0.007939398743852522
11 -0.009219374589915981 -0.014837306972569284 0.011958821942850958
12 0.0021716373129768846 0.009122815863637859 0.010371328986317728
13 -0.0016873552541555488 -0.0006252332960300696 0.0034735534940199125
14 -0.005546801905091069 0.004420115194542936 -0.005064475630885711
15 0.009345950847069101 -0.004940431579431692 -0.007293353435611563
16 -0.0035702508046436716 -0.0025577942794187784 -0.00334427272880973
17 -0.003971181621787098 0.004389138090981631 -0.0036337148572004527
18 -0.015804993278453514 0.014213185891281108 -0.00038180187793122183
19 0.0014286371397289194 0.0033777476954354093 0.0010384046752619641
20 -0.0020971301973538234 0.0046205079276314745 0.0005928785699198524
21 -0.0030967380136156797 0.00364211117858897 0.0008732454169416426
22 -0.0015723688657128254 0.007933509581369073 0.0028008606076655174
23 -0.013261489808047644 0.011056414621870354 -0.004281733462173781
24 0.0015367310073396562 0.0033374138507469495 0.004303814314672846
25 0.012353529303671312 -0.004152574111805402 -0.003818081753460059
26 0.005246040116511613 -0.003247407818523923 -0.002665852613982833
27 -0.006134591781385652 0.007244894176224648 -0.0015984537752972428
28 0.007925836429815307 0.002073973745032126 -0.003431221909796396
29 -0.00232626501136024 0.008339156528069797 0.010123849323413522
30 0.0016201297597886605 0.00896161928641798 -0.00623749810067184
31 -0.00022074815965761503 0.008421811914783257 -0.00012977735477100877
32 -0.0030758539304301946 -4.338497092455998e-05 5.44694138138041e-05
33 -0.0035922569866438676 -0.03719469380911922 0.008429841110014078
34 0.013793600839152043 -0.03943721989879334 0.010918494348705857
35 -0.005649673031478085 0.01649063123178393 0.0035125324000610803
36 -0.0010413544289555182 -0.0011722513909705815 -0.003107724076851698
37 -0.0014443361331451868 0.003473076699567458 -0.007939942752696008
38 0.004573124781691005 0.01128795811637398 -0.0012400669908647355
39 -0.01460524223184137 0.009065341441235664 0.0023449947835368634
40 0.0035497368259325424 0.0036106336321615508 0.0011083136660023432
41 -0.00802901818880326 0.001994194801670915 0.0034592838141421847
42 0.0073879835970141056 -0.0047240833140830205 -0.00633136774124643
43 0.0014874141275816877 -0.030577565415176866 0.01020660904584967
44 -0.0032266123076579055 -0.001022541986542079 0.001059201219518073
45 -0.00545790968931676 0.0023834760288815177 -0.0018876207993307331
46 0.008857067149875289 -0.0007644476002153441 -0.004109168868579802
47 -0.003377997283761182 0.005865302593877582 -0.012394827194829892
48 0.0008549501111479616 0.002858468664636349 0.0027641642547888076
49 0.00020927886135109312 0.009737924654815502 0.004770177087206236
50 0.0024013738496808587 -0.02944330928385716 0.0066379283020764415
51 -0.003392158876714249 0.011367582617187247 -0.007500285725185803
52 0.005176539633350519 -0.02189180779738857 0.011228910887752335
53 0.0009621758493432719 -0.011229515041714183 -0.002374520737055928
54 -0.0007451638832892682 0.004494803641573293 -0.00595547098345784
55 -0.004261283742358606 -0.022515817332688003 0.0029784169302155897
56 0.002331205739033032 0.004633251310118613 -0.007502035789554509
57 -0.007887962262653167 0.011053366173920817 0.000260962608031233
58 0.0059373846387037535 -0.0035108836261560986 -0.002984478650221084
59 -0.0028641179157190416 0.002564067439944709 -0.003524854902178992
60 0.010415418960973583 0.010513764405736828 -0.009247168143548
61 -0.0012173726126925542 0.003875399646371758 -0.005644332143390843
62 -0.0011209233926539053 0.001176272320596805 -0.0031066691326933488
63 1.4370492589656225e-05 0.004786361034765197 -0.010363974567077813
64 -0.0018362782886879037 0.003917696617603541 -0.00682549906521307
65 -0.0021653132993900773 -8.089989654194024e-05 0.00045728301235166413
66 0.005083193504821252 0.0035240869939450895 -0.009807309556562865
67 -6.159603940655844e-05 0.0038636944596229603 0.009639161572378464
68 -0.0027633197137000576 0.005105045096840845 0.006671075313889947
69 -0.010209862340897519 -0.023914349859068984 0.011390549733308268
70 0.006945334261192049 0.0069384890805113085 -0.0059688133203366425
71 0.0017872140747268355 0.012407917729893254 0.0006348156566530622
72 0.0028425107220917236 -0.0016992954924125309 -0.0011562869647975468
73 0.002837120604879541 0.002664274615959167 0.000932766462239748
74 -0.0027780040851820564 -0.0016797410168255332 -0.003511861714768208
75 -0.005694011921432499 0.01183982996131035 -0.004867611192862366
76 0.008762160164968863 0.0013407029411721463 -0.0005668795353822448
77 -0.001211127619761037 0.0020925119578430115 -0.005655886737707283
78 0.004240801213574001 0.006886758483437902 0.002741810341981031
79 -0.0043528805561146265 -0.0051152677732961005 -0.0027528745365540674
80 0.004318617792151341 0.005053884118813693 -0.003409455930834318
81 -0.0034725804978143933 -0.0009031898201750273 -0.0050323714982919016
82 -0.00036703278739603357 0.012025898341477749 0.0017315543633382863
83 0.006736395512933771 0.005337089025898696 0.0023547639634257517
84 0.014561836857113084 0.007930871669442844 -0.0043073399570371235
85 -0.004101810868954031 0.0033503226022302754 0.002761578494513292
86 0.0014375381292324445 0.0032278454442547927 0.002305309651365335
87 -0.0025693714627351323 0.006763182040496281 -0.014358637177422334
88 0.00040984893393532923 0.012074266829777504 0.007225258450725483
89 -0.010480847402984966 0.0025195530826840895 -0.003379841988329746
90 -0.007534829689512371 0.006101053671910127 -0.007319022526169644
91 0.0017406199241757764 -0.0034431735572747523 -0.006005691687317516
92 -0.012342413069882069 0.005708593120610284 0.0007442095825223455
93 0.005194912171712914 0.0050403368676699215 0.0022963321679002335
94 0.0032561364473899235 -0.0012571152657509658 0.0022245497154630284
95 0.003820644341565857 0.0034681606035732292 0.0011171830481884748
96 -0.0059044465966600485 -0.0013144117182916225 0.006261598336601629
97 0.009985630609612509 0.00727502186592905 0.00327622796969413
98 0.0036137065467603605 0.00321692875286115 0.009640849116165598
99 0.006827520390505704 -0.001467565545805273 -0.0014807311423097672
100 -0.0002462340460271453 0.007151224858266367 -0.007211050734173011
101 -0.005648950856534749 0.006701855044146013 -0.001595954350668817
102 -0.008065346636761514 -0.004172053806167364 -0.004844790312401717
103 0.0002692419026834609 0.0050845109490921594 0.008455838224615014
104 0.0009733392982097036 -0.029496276898984125 0.01694635793238205
105 -0.00407202444475592 0.00302466368577501 -0.004293070584426739
106 0.0021799969640958136 0.008148310806176375 0.004197866607790993
107 0.003333017618051593 0.004933440938017869 -0.001639144894770246
108 -0.008889899683555531 0.009340798518457535 -0.012920083021005474
109 0.009494358002376076 -0.0005370669889419519 -0.0026739047438218977
110 -5.084948021622654e-05 0.0027207229503200623 -0.002402821058302612
111 -0.005628652289410931 0.0051211318765115 0.013135556200191176
112 0.009503416316186501 -0.02245982825625789 0.011486147192359158
113 -2.0410157032454967e-05 0.008100241798555133 0.009147580525279586
114 -0.009889974242511312 -1.700337637660851e-05 -0.006309938898947709
115 0.005212149554409448 0.011676387110937816 -0.0020876505646475058
116 0.005078218672538801 0.008915652969451453 -0.0003054972209824078
117 -0.010988976698411798 0.008071835874263803 -0.007124844535611921
118 -0.001118015683551958 -0.0020699849348734993 0.0039699638046943805
119 0.00960214969010788 0.005856305958877969 -0.001468726263487194
120 0.006184185258582511 0.0038446232037547337 -0.0041685779970137005
121 -0.003156986344249761 -0.004460167470417066 0.0003712876900188178
122 -0.008183448162823848 0.010533835959371761 -0.004068273539073471
123 0.006322449357147417 0.010318159348642063 -0.0034385635994637134
124 0.00013494806204967374 0.004707660615628519 -0.005310465779458477
125 0.004066322205719321 0.004357305631019189 -0.008616095478558971
126 0.018175037406006025 0.005497276096319441 0.004888693089235535
127 0.007782284317007879 -0.005424843034153783 0.006658356198057089
128 0.011902382860832235 -0.0005932435816304454 0.005225852534312986
129 -0.0005365782458351676 0.0122732999805448 -0.008019220181267599
130 0.0020174429990716114 0.007322867190939442 -0.010298380540875632
131 0.0032812963979381576 0.013155457597992644 0.0006855769292289579
132 0.00147640528532993 0.008482208589667015 -0.007406431720346884
133 0.01001649099355209 0.013522353613687046 -0.004680722294653987
134 0.0024443945748168702 -0.03711168135320703 0.015637887710803308
135 0.005359770235436996 0.0013317700045191762 -0.011760775664300074
136 -0.008396200460255646 -0.0019652028636346305 0.003635213511561139
137 0.004729711789323521 0.0030607636326873654 -0.004966558141668992
138 0.007470696838985824 -0.00910969708318476 -0.0041591467490806056
139 -0.002154929805007807 -0.0361949846949883 0.01960977346744025
140 -0.011979667327241483 -0.029341138730055838 0.018446890484007827
141 0.00396904086776707 0.003128418952034256 -0.011821725621553446
142 0.010822423389015429 0.0076378681647227414 -0.00971640174013625
143 0.0027361084241328878 0.010935864304995142 -0.00681163449127313
144 0.00955765610912724 0.00593195470116255 -0.002218122026648381
145 0.001540781808966071 0.011512297724803206 0.0004645391466861354
146 0.003942207270480093 0.007375924535347712 -0.0008136723520689171
147 0.0027073993263453666 0.007435561958957455 0.00517141720591105
148 0.0072455524341503985 0.004135423814646981 0.001560810957557765
149 0.004198321107093991 0.0038379723145148224 -0.004814080555370151
150 0.0034195946582147897 -0.021491205732512536 0.008862123385940543
151 -0.005969536922700545 0.006249730086685293 -0.002710940310347465
152 -0.0038944873377619697 0.008252227562848203 -0.0071338616195691165
153 0.01779640280218689 0.0019809532865079846 -0.006168594708439362
154 -0.012667400992508779 -0.01587827274303609 0.002883114872689191
155 -0.01145561599870816 -0.0022776350846057045 -0.002402698724394345
156 -0.0018611713639406606 0.007298224128733016 0.00449210321843245
157 0.0020140330554072466 0.004748253928821236 0.0009499325163575267
158 0.007647986257878367 0.005119829192963988 -0.006969745118827621
159 0.0008524006010545201 0.005743411257899671 0.0072117014085335135
160 0.011386420054029095 0.005855293467421231 -0.0013944002999377522
161 -0.012225651066546675 0.007174319253400091 -0.0031222780151489785
162 0.001570578057293097 0.001123031444376213 0.0027303423810654537
163 0.009189579810683218 -0.0031085804326255947 -0.003974331344303916
164 -0.008521603098005176 0.00605082343625554 -0.0021642994396380427
165 0.003373418549782895 0.006609177652605051 0.0021280297931238756
166 0.00634758489735715 0.009711018688627625 0.0003160810029945241
167 0.011563905077562373 0.00826707132029658 -0.00799731324896888
168 -0.007046540894972225 0.011421097438025083 0.0037401972877604064
169 -0.006130135945034136 0.003446387729991296 -0.0003990367960582525
170 -0.012153504868361364 0.006444231567434497 0.005419227968323545
171 -0.01085856177353281 0.0022421649532112335 -0.003720852699501953
172 -0.006300773126992579 0.012677609460787505 -0.0013892921810846684
173 0.00010271487107830352 0.0012116074846328846 -0.0013252619730614798
174 0.007390665527619605 0.00959578515701751 -0.009884722280731048
175 0.0027711153437269933 0.010821948343838421 -0.008589975168073069
176 0.0009210149049963395 0.005742507295419509 0.008515481205032635
177 -0.00034509481947544995 0.004715563007533258 -0.002043541756026064
178 -0.004531542521010061 -0.042938759864723536 0.01323916849429873
179 0.008424815010824767 -0.002701331542320145 -0.006992856764475738
180 -0.003146108803303807 0.009796092418201542 -0.003979686666404907
181 0.0018194125648355111 0.003623351034104553 -0.005565893915875697
182 -0.012993174871087143 -0.026674873064026522 0.004046404020499411
183 -0.0037617061790402515 0.012912676037645407 6.18391294640308e-05
184 -0.011879181747958364 0.0023447826671187666 -0.0027821927075247013
185 -0.00020239528574321486 0.007189686945674553 0.00037101953967762225
186 0.0022862579129199322 0.009230892567115172 0.010185733985701287
187 1.410604223073958e-05 0.0007238973954683953 0.004932346282993702
188 0.01099361697317014 -0.005079656250389895 -0.003896516608672504
189 0.007452674130012736 0.0002756193147890641 -0.007236581051529314
190 0.014137065520216749 0.0039708672220931315 -0.000770320450442584
191 9.120470527219926e-05 -0.0020770971591180104 -0.0020345262875456835
192 -0.003869879308243132 -0.03527043618243633 0.01245534682441965
193 -0.001409318665791387 0.004009961013259247 -0.0015748009347541087
194 0.0013281288238827064 0.001470266053224343 0.008329634875813313
195 0.007447849288155582 0.003449798988730185 -0.00017888771235835543
196 -0.00013402156941031036 -0.0012230109984278509 0.0004815863210207369
197 -0.0017584718137660452 0.01124150028013515 0.008711121076707087
198 -0.0011993601718020292 0.007856493013664992 0.005121796812027665
199 -0.006944518064529634 -0.003887263153321779 -0.00012650065855317194
0 -0.00047356048016277547 -0.0011783353900669796 -0.02309304921768783
1 -0.013766522857235217 -0.002863451880517759 0.02584609755494352
2 -0.00038531767589101464 -0.012485669877444597 0.020972167149870595
3 -0.0057771167750417865 -0.00011462548336002576 0.0187680858141697
4 -0.0043945930251597515 -0.0010823044389691745 -0.024324466667923084
5 0.004998516974671061 -0.008938451204654217 -0.02270566275306956
6 -0.004965028144845 -0.010487843859927837 -0.04361031788138632
7 -0.0038899000859071373 0.004371572736948898 0.034042853721959504
8 0.014872544744747723 -0.002078787908004212 0.030481079715766628
9 0.0053173933357573405 -0.0011228824022588655 0.03597625826374597
10 -0.0011964046834535627 0.002291237391953036 -0.028705792840678285
11 0.001863970742109821 -0.004847572440054973 0.018484700541286835
12 0.02023803247038454 -0.0045495922698059466 0.021699335346983283
13 0.003242669748498204 0.0017445475232119017 -0.027812609224270163
14 -0.006142088342289624 0.0029509169381256033 -0.026407391574997788
15 0.008898530350653425 0.00010587628782584776 -0.01870572904782378
16 0.009028426204863977 -0.0031251049259665153 -0.027171106843017066
17 -0.009880656392710043 -0.01130042761024682 0.019420468578887788
18 0.005949681161714605 0.006099229145709817 0.022944841069039885
19 0.0009327879061869632 0.007777629495209517 -0.035308771270938795
20 -0.005683582882011859 0.0005200905705635972 0.02002662473472481
21 -0.008408397138140594 0.0020846759284930093 -0.015967642551459785
22 -0.020372819747013188 -0.009426741833666792 -0.028872230656848158
23 -0.014789592813955948 0.0025742813975464726 -0.02802954797182286
24 0.004050527344590313 0.004406037742057119 0.03127732139895322
25 0.004191235735381646 -0.0011736173815662986 0.029037108161089308
26 -0.008736086140365874 0.002262696711630121 -0.021846688785838016
27 -0.005210573722444288 0.008694299585072361 0.03550278528013443
28 -0.004641621236950734 0.000914583278560116 0.023771359667950763
29 0.00022508621889031147 -0.011255475188684222 -0.026970997666409036
30 0.014374772621792153 -0.005843645793485189 0.01818691076936984
31 0.0030246444853765098 -0.004420429179791938 -0.019975497657461046
32 -0.009320318957386588 -0.005326231994304223 -0.015342393703182945
33 0.0017689475643367714 -0.017883937907786307 0.030725775198798974
34 0.008448317238926084 -0.0027335496549243665 0.016390739380737793
35 -0.0035763282793673523 0.009376350758793672 0.026162659345434658
36 -0.01114597586183692 -0.004815702338810287 -0.030037262288884467
37 -0.013348740308516873 -0.01421450789373304 -0.029137235177428278
38 -0.0075717663233124885 -0.00971433971323378 0.012033079036674957
39 -0.006090448956597022 -0.0038761112623324767 0.02552860311132933
40 0.0005230826565750246 0.004827904939247153 -0.0287678890528957
41 -0.006198715409006319 -0.003436976627877078 0.02591858757938691
42 0.01878267632193277 -0.008158147385793933 -0.020087370026977025
43 0.005301629891352784 -0.010709687806517681 0.018120872461843653
44 -0.00047907500773867415 0.006206166701021002 -0.008536784841970138
45 -0.009046615237521392 0.006891991913604671 0.021612272503197055
46 0.0034643823391040107 -0.0015942246083636112 -0.02910855808987787
47 -0.0058329122477787446 0.0026361782473657905 0.029756131371597216
48 -0.003034205202528976 0.0011490030074535057 0.01854327837539814
49 0.0018140077836487408 -0.002964035423555309 -0.02944990201441245
50 -0.0065687936004175124 -0.014133972612164092 0.014308256903615103
51 -0.007244011503856632 -0.0017910797587365052 0.025640410101695047
52 0.008889523147972284 -0.004979708970408045 0.01695294806846745
53 0.01574759477570973 -0.006366774923190627 0.021042820337876564
54 -0.0009205023045332841 0.00024462832399144846 0.031143038830108875
55 0.0036268253815390974 0.002973182471246588 0.027826074731250594
56 0.002021188711811367 -0.006465766593665694 -0.029517057265741067
57 -0.0008394280591726543 0.004947207923067236 -0.019374579323631153
58 0.006709593037341463 -0.0033544951797967043 -0.03031834913408099
59 -0.0008244493994309654 -0.0031234161131688046 -0.031850224366440194
60 -0.008277933480154237 -0.014363820833693326 -0.02518277871400463
61 0.0036120849088983296 0.005071038767022185 -0.02510480082223575
62 -0.0022686622811374357 0.0015630833294483157 0.018840865354764688
63 0.005453926159763971 -0.0001889438812562559 -0.03751742063907362
64 0.00235187557802001 0.0038985575607165673 -0.03148295599314211
65 0.0026062158464462276 -0.012197309184703683 0.016576790173869982
66 -0.00504554983901483 0.0037002893954004384 -0.026490085795070402
67 0.0016248620425559565 0.0003412868048199725 0.02411714134898827
68 -0.006295658680791655 -0.00019147945800618754 -0.02792705655124325
69 -0.0004345154828686165 -0.00823807439924415 0.03149846855944647
70 -0.00525566367726441 0.0013817677759619638 0.028079591489015607
71 -0.0026572135336036147 -0.0036842131674348563 -0.02596269087330943
72 -0.005066668860687611 0.007392973134268226 -0.023991122705450778
73 -0.0061545011733808545 0.0008171690428833978 0.010072803181715346
74 -0.014826237756244365 -0.006051056101123255 0.020580124525744543
75 -0.007100703887481533 -0.010928597006122035 0.026846498872491034
76 0.008920344443869951 0.006647982801949677 0.020507982038365305
77 0.008822258998008297 0.0076574342521007095 -0.029360816678151054
78 0.001592530180492149 -0.004994708075946681 -0.01648634717443364
79 0.0019079257127963198 -0.002617812761729399 -0.026725183304956775
80 -0.0015577910925623634 0.0007881031815591567 0.022650422482285607
81 0.008954237145780163 -0.0025016053877473 0.01757280563516858
82 -0.008035947531901025 -8.687733694216423e-05 -0.02868207977333391
83 0.011429759690792088 0.011348261160917895 -0.023002786454709316
84 0.012108815641516738 -0.0076977624804776025 -0.03524782685961322
85 -0.009718264364122917 -0.001066816915221331 -0.02920509894914714
86 -0.0017722843580834525 0.00021685689328521107 0.020577028515490307
87 0.0015154429738664203 0.004807007213514167 0.0224088890345936
88 0.00038994339348336765 -0.0011567676692057077 0.01880419253601967
89 -0.00451776661720639 0.01187444575270314 0.033948200846192225
90 -0.0042074245261311885 0.0021436249298919102 -0.028696389659840546
91 0.004588823381279569 0.0023021054418636572 0.02874270154093421
92 -0.01096989613558745 -0.010266365165698742 0.02629975849700051
93 -0.008113963444973723 0.008086245988810283 0.026376184122653544
94 0.011113195931583622 -0.0019201342315140325 0.021854702000248964
95 0.00997867153216657 -0.003522862192283283 0.031250693339256536
96 -0.009209723670077982 0.0024182444926182326 0.011062093361413033
97 -0.0026598375636603267 0.0007934929072993917 0.016547308737133004
98 0.0017769415448080084 -0.0019609290166307134 -0.02567587720148639
99 -0.00929921781687335 -0.003868373952079302 -0.020616923718052765
100 -0.0005533635662186981 -0.005129948082247357 -0.029502531668199806
101 0.0009246905644644185 -0.0007542601705104231 0.010335295793054422
102 0.009457799863482764 -0.007509080553645249 -0.031785746080059345
103 -0.0037839593095482515 0.006152986968788646 0.02836359358154055
104 0.00904094791703721 -0.00597262077770902 0.016000468360743914
105 -0.011918234893231752 -0.0010446975415973857 -0.010256795911788075
106 0.0012503206546648216 1.295583696851732e-05 0.027644962528399743
107 -0.00029911881001894354 0.0008891929880389879 0.016198935449012478
108 -0.00659434682263188 -0.002540693308180641 -0.026926379442238843
109 0.003290946737540929 -0.002054592439481664 -0.02722816543722559
110 -0.003088600563917465 0.0019866669760589453 -0.03381383311541823
111 -0.003962600174941801 0.0002914156055556852 -0.01722506806882499
112 -0.001159056454134928 -0.008391822082272071 0.024597256197598255
113 -0.011604576163290001 -0.0056522445705894635 0.023593202194407484
114 -0.009912111662647147 0.0010076935898434211 0.02179109476239407
115 -0.009835130725224272 -0.0037059680058427816 0.023607592646355723
116 -0.003123699655747828 0.009303723600420657 0.02245022368368889
117 -0.003878898847672854 -0.013828404991023733 -0.02574758161907268
118 0.0037298110494482454 0.005897387031848662 0.024340520081336352
119 -0.004744921600556188 0.002164261393379524 0.03083294810869918
120 0.0035029857080984828 0.0099297120116194 0.01932413317788099
121 -0.01263785704879911 -0.0011556341321712835 0.020005297009663428
122 -0.00994688138925455 0.006469224577954243 -0.027090735871082076
123 0.022207324666505948 -0.0018830095415095852 -0.018349109910025214
124 -0.004705653436190969 -0.003776068151672791 -0.02103648443304408
125 0.011284311885548612 -0.008428642996149174 0.014237685894869543
126 0.005524358155722192 -0.00799330926358904 0.03962184508750558
127 0.008367956735919446 -0.0046004923853990715 0.03370144596487126
128 -0.00325850726131487 -0.010571581566141512 -0.02920650210252207
129 -0.004278653673875435 0.010805343324183175 0.0317474007840989
130 0.011220638326829797 -0.012574464991285263 0.018808773260335025
131 -0.007948635188580883 0.0001921401704288242 -0.025206003588315554
132 0.006538297567306967 1.1867844025060387e-05 -0.028315316381748695
133 0.020753817944848596 0.0063043628350012045 -0.025513600273941495
134 0.008652838258296061 -0.00017174279756401734 0.027023479175020917
135 0.008570189675723539 -0.009447593881580525 -0.019878105419917497
136 -0.009558700476356874 -0.0023295213208078974 0.01620109228179023
137 0.007417173368760407 -0.012097913787141052 0.022169241198575343
138 0.004254934702001285 -0.007451845948684723 -0.011280862201591121
139 -0.0017558727771439138 -0.0030248197184566394 0.02786692322504651
140 -0.01077069815673018 -0.01067318534670092 0.011789323793258998
141 0.0021146451915071314 -0.004535616645692819 -0.014352026098052341
142 0.0013525194132760696 0.014170436393301268 0.024161004348124116
143 0.0005447112674788705 -0.0023942473467640016 -0.02731961066257116
144 0.006422370816838489 -0.004854053281025673 -0.023299646976147916
145 0.0003116237051973801 -0.008076455356153783 -0.02826019377257081
146 0.007606724655212969 -0.010546355868146843 0.015164706275089083
147 -0.001361814751129467 -0.0037092053034746414 0.02243154160392788
148 0.0127490134190733 -0.00840722338075504 -0.02319282269463995
149 -0.0018280199168832292 -0.007397592563117124 -0.03297944395813615
150 -0.003542465527307994 -0.013704723696385396 0.02054084736505747
151 0.005133474929339861 0.004761823490039917 -0.02759124458448281
152 0.005100501840747488 -0.000489227391709094 -0.023692118229400566
153 0.018894059353834036 -0.01033971899255643 0.015458214194669934
154 -0.004830721301545715 -0.0005629395083910221 0.019436990228482196
155 -0.005159562843705404 -0.0034894626332539827 -0.011403585994373383
156 -0.008778794534210363 0.0033496543599998013 0.03096119833242031
157 0.014192312160611315 -0.002141970972119031 0.027392966869211652
158 -0.0009417527905926475 -0.006576854996218321 -0.01766641054770942
159 -0.0038436942887089265 -0.00139101455060988 0.025131415421182926
160 0.0040600555580779935 -0.002650050376448129 -0.018489024262496226
161 -0.0048399618439461806 0.004129053258392523 0.01497208590969262
162 0.0016685339738402999 -0.001237245797473148 0.018985919216004565
163 0.0056300203416830424 -0.009646627073664744 0.02501899098056303
164 -0.018496812060031093 -0.006774519469604814 -0.02508298900102844
165 0.003250237220568276 0.0010608399805346024 0.021464132060368478
166 0.006609547241741037 -0.0015531494771863497 -0.028104980847968166
167 0.009731064389215754 -0.002406860769085157 -0.027789167313491236
168 -0.003345043177969416 -0.00301240150819701 -0.02919360253216908
169 0.004498926971740754 -0.004895204617294962 0.02810054285507959
170 -0.006345824636136657 0.006644832779721971 0.029347264988667396
171 -0.010976388462539122 0.0016459809995138675 -0.03220096843320148
172 0.0003628481824212576 -0.001963479882369709 0.026268641801105087
173 -0.0038926364040292698 0.005004244646887353 -0.0268736846632507
174 0.0019023500163157306 -0.0036898231234223644 0.018027420044528848
175 0.000968120542913175 -0.0035777054817881272 -0.024857139817179887
176 0.004029781561539341 -0.0015766198040379 0.01996609928509986
177 -0.002329551051389469 0.006102695837997316 -0.016800517848467415
178 -0.003899780243582056 -0.005263188201093283 0.017684591914397734
179 0.005275082133665197 -0.008564090534697684 -0.01722939842566503
180 -0.012342056423459355 -0.009425052820467943 -0.021749418069313547
181 -0.00210604197169303 0.009904892937302338 -0.027561934035951564
182 -0.005642474943729867 -0.005166208085195939 0.021897932266679167
183 -0.003970763297367688 -0.005645710756990011 0.028480720251309332
184 -0.005447920267741879 -0.0075997135341267855 -0.019794299228114987
185 -0.0011443904511518957 -0.004301034895397009 0.020183365460082238
186 -0.007925189138582868 -0.0036753565180941764 0.033455590794632326
187 0.0031101178840066863 0.006509183764667914 0.02136998189833713
188 -0.00037484934104074774 -0.0028484276616395354 0.022716382564882856
189 -0.004893243442344084 0.0008983977833779411 -0.03357065708020839
190 0.009580918369335056 -0.011171310767753656 -0.021431050237499118
191 0.0039432387377629705 -0.004313462945250712 0.021283296162902816
192 -0.01490940135838182 -0.0010240381228453083 0.03171766997058969
193 -0.0049528424283043875 0.007114964480910493 0.03218594439696175
194 0.009257771482425535 -0.004708895013390444 -0.028637674043111093
195 0.0025464307041573667 0.005324028151460436 -0.03472606393793469
196 0.003859165878495956 0.0011400088966144126 0.020994025489510203
197 0.0022546499693231054 -0.003932707427277627 0.02626488436758194
198 -0.00030320295718236183 0.0036734159638227085 0.017129020626317028
199 0.0029530837522284033 -0.008466576509030514 0.03975134494936859
