200 3
0 0.011882856280234097 0.0011970783564010379 -0.03936557152182446
1 0.01610309741967189 0.029867747721811083 0.011947718637947344
2 -0.0028354594442987283 -0.020251193898105504 0.03515436388655027
3 -0.005601773219228504 -0.013151235893095784 0.025412966226479053
4 -0.0029172087417354328 0.0035571812211970723 -0.028341994698197988
5 0.0011679077859622598 0.0057381594046975425 -0.0409977039323964
6 0.0013718810025512777 0.011855013956337963 -0.03544425782667282
7 -0.0021597184872429766 -0.010324739778748917 0.025744118347374674
8 0.00046813485670507693 -0.0016152624559950292 0.020073004553339487
9 0.0030147754740004057 -0.018157199124217503 0.027449673075246796
10 -0.008334550822152655 -0.001790275502116176 -0.028951598713612664
11 0.0038876729697498447 0.03608730343679095 0.007598264736129238
12 0.003247225401681723 -0.017690032890923836 0.030737210967275403
13 0.003532404698655095 0.006119709270852365 -0.031435417392928405
14 -0.004798292616892505 0.008197706675663255 -0.03720406601524883
15 -0.0009231063933667488 0.008709310723307807 -0.03852396000583533
16 -0.001758775746019835 0.007116946883216976 -0.02525053450835535
17 -0.0035842001950139655 -0.005477424232732352 0.03389836831937064
18 0.0038611708943122906 -0.014762411929303769 0.034488813640639535
19 0.01715234382250609 0.006426243460273896 -0.030626424245226307
20 -0.0014953966483607396 -0.010052928584531516 0.01993229781293427
21 0.005958663624339074 0.004302612700666637 -0.03679842138380494
22 -0.0007323109810497396 0.00044188783837062744 -0.039228721755099394
23 0.0037986987059223758 0.006239926015476974 -0.02757992613116214
24 0.007963802175359767 -0.008311233913100933 0.03461754208021138
25 0.003471934019377735 -0.013967489490742583 0.026597186806896676
26 0.007804128948492119 0.007326204025724708 -0.02444820978921375
27 0.008032810332734501 -0.0018660717772191228 0.031617970084026406
28 0.011068532924260507 -0.014401969448556748 0.022454901167395746
29 -0.003007990171508622 0.007724579491470145 -0.037088523026769064
30 0.0018561978459336898 -0.011388227903348399 0.03359449296438173
31 -0.00016824726844588515 0.002033233380836016 -0.030339570109308565
32 -0.008821300670325154 0.0015074368619042884 -0.028874756198374277
33 -0.0015965490459734291 0.04373415182107554 0.011884082907150054
34 -0.0018240016647022468 0.03307618526201209 0.012029826153334693
35 -0.0014563442873928925 -0.01636305925235287 0.028416560955534936
36 0.0016843277002654283 -0.003778597355760742 -0.03456746842963083
37 0.003090526950519798 0.00037462383197558666 -0.029734396842036555
38 -5.7842792460599535e-05 -0.01530417558641351 0.01983847929630972
39 0.005906751798220818 -0.0027776206844695086 0.03483856248134958
40 0.00023244941718849124 0.006807605957045285 -0.028766918384415738
41 0.012018033772014963 -0.011561381050033417 0.03706062016208677
42 0.0011384265652774773 0.013716843598279602 -0.03261294592312634
43 0.013189060933585614 0.039320522558922794 0.015057045369713105
44 -0.00738944194194633 0.0031610519239650367 -0.04185880671286981
45 -0.0033941911556348917 -0.01682069910778643 0.03812349711015338
46 0.010969104594014498 0.0011441342949321427 -0.04393681799431679
47 -0.010007082394098393 -0.008828823154124674 0.02767920966467744
48 -0.0172666489443402 -0.011569342912096894 0.030108027835942713
49 0.004105124347602233 -0.0012880168514024758 -0.037180655053303174
50 -0.009155475810893071 0.04615804034675608 0.017023502378933762
51 0.009770441017378048 -0.002747315110107132 0.04317894112621894
52 0.004685133875441838 0.028458970878979653 0.008436412107997893
53 0.004617712228584283 -0.02167049525493884 0.030801994993398033
54 0.0105298701531987 -0.010561038266829664 0.031696565343697164
55 0.017696551044871084 0.030941637853581394 0.020225420029430535
56 -0.00040350226373490027 0.007782334857793545 -0.03374852866373039
57 -0.006335670832341749 0.007815224309165841 -0.038370401161766585
58 -0.003623800875806066 0.010355316873168456 -0.029845617929603885
59 0.00808488196910262 0.01022747504913234 -0.034443054951851536
60 0.005449613899159482 0.013175771931061925 -0.032908523485216494
61 -0.008904409485064796 0.0027312011796331373 -0.02873073405900855
62 0.010600523241112441 -0.016018856527420862 0.036178092563210584
63 -0.0006382773086271755 -0.0013864821417203122 -0.02041302293696341
64 -0.006670109907565391 0.00233395207773625 -0.030652312865467685
65 0.004373963535402282 -0.019541103393688176 0.03773428573664208
66 0.012439527507418197 0.0038395796334090068 -0.02832183638432445
67 -0.002406548814219235 -0.012066516021688884 0.0329937738688105
68 0.011657046918272546 0.004944675724551812 -0.0374749847570128
69 0.015757798900698866 0.039354713329508795 0.010056759172293227
70 0.0006361039697434442 -0.006269805227368076 0.026039038458835314
71 -0.0030081564655404652 0.013846126052656959 -0.03481281834316305
72 -0.003509899124797572 0.007886517158637984 -0.028936099547910432
73 -0.017242999949042298 -0.018918494003361548 0.03211688590228783
74 0.004123193914368932 -0.021869593397017405 0.029913296305041255
75 0.01844886334911805 -0.0066036170447788325 0.02344795982381872
76 -0.002613400090976027 -0.011098535517814312 0.0301609008914294
77 -0.017048248963089 0.00864347125810601 -0.043555236820129066
78 -0.007682303532001706 0.0009051985394136278 -0.036247278518254926
79 0.003957206694179234 0.0029836952883069597 -0.038047327348110026
80 0.003016647375522546 -0.018122589581111063 0.02856725098670069
81 0.0037080332665173424 -0.008811500106043733 0.028572815992206964
82 -0.003310597103214484 0.006244708408002401 -0.03065338408279357
83 -0.012668456800840451 0.006825769703021114 -0.025350340630972943
84 0.0034391674826376277 -0.004729833028180033 -0.026577260351129058
85 0.006373868703159015 -0.0062999813109221765 -0.026911830527466568
86 0.0009352124253224209 -0.016308712836471336 0.026749501486333274
87 0.01062865609137259 -0.023546427460720262 0.03340812658297866
88 -0.004815458478337385 -0.013030451892526863 0.029499100750059723
89 0.00596406224266955 -0.014609850954986733 0.02763507242653791
90 -0.010099859977629716 0.004854820253624652 -0.02291446331449342
91 0.0005359874811879228 -0.012302577335345406 0.02505992689859038
92 0.00741294732613032 -0.015883594634258282 0.03598720227456731
93 0.0016863636415375485 -0.012933245822334467 0.021192824325061185
94 -0.014282111456327254 -0.011825875530769078 0.028817492960814428
95 0.0007203923710721316 -0.011485271053104748 0.02353375810156743
96 -0.0031427865721712555 -0.01772813769091241 0.026863674834846023
97 -0.004230550058148163 -0.016615965253104034 0.024791397192835452
98 0.008799283607309347 0.015668887367084848 -0.026427181549639363
99 -0.0029878874259515464 0.004085072565262723 -0.03365397651905763
100 -0.00278893289198668 0.002528775110604348 -0.0386987345481568
101 -0.004933136706563344 -0.022573563239393087 0.03207064714937664
102 -0.01280857918538826 0.0018033946397593347 -0.038618353553382306
103 0.0030122124131746076 -0.015629993750799924 0.032295487625289145
104 -0.006073741194225803 0.021487744794303154 0.007830482849427806
105 -0.009746314915014615 0.005456988143984326 -0.02549955553218989
106 2.8140077196415342e-05 -0.0073606996971009725 0.028231355263174267
107 0.010874837062518107 -0.01302570736619994 0.03229486769227091
108 -0.00823754577877292 0.006470135767509044 -0.030330711287303677
109 0.0034052488837348557 0.0017854322640445484 -0.02998866024481358
110 0.004729285488891712 0.002050091121635641 -0.027063835442369896
111 -0.00965264492393493 0.013248100073388034 -0.03012984664907576
112 0.004371910363722951 0.041428340820068105 0.012926807774922833
113 -0.001107188881746879 -0.019593795690256564 0.027631081602891884
114 -0.00029695980677556244 -0.012383492150424134 0.02342127002895384
115 0.00766038412885052 -0.012209801276121163 0.030140810411017672
116 -0.003646418190417333 -0.009085379358745167 0.032515221045230205
117 0.001282838492209358 0.015851483769749944 -0.034580056986758624
118 -0.002312765614098305 -0.01192054836808424 0.03249981089476049
119 0.0036270630774556615 -0.02108763939833392 0.03173556759058131
120 0.007015003427735207 -0.011574400097722624 0.02570859138277272
121 -0.00930399036415061 -0.016874518301352174 0.03229649178271185
122 0.0005713146854741218 0.0055990990437361846 -0.02961597828183385
123 -0.0005592110732110071 -0.0005455100459833117 -0.038258911165870026
124 -0.002793492647099112 0.011865174275976208 -0.02576611891855691
125 -0.0002719779204716499 -0.008814008179263463 0.030681747670668443
126 -0.007520734457372342 -0.01369572323797228 0.033588062834749986
127 -0.0055989096129136235 -0.012483972894955953 0.024129738809391475
128 0.010684929384474795 0.004928023920905255 -0.038810628162608114
129 -0.013176534417211852 -0.02148632989204599 0.027203302490039043
130 -0.0003501002398793512 -0.005504687444597857 0.03732199872542708
131 -0.007016529901716775 0.014467391830728281 -0.029209928162316906
132 0.0030604455447586845 0.007089444478430729 -0.03591054318889676
133 -0.0035935258641070777 0.002925531113244166 -0.02885047227329081
134 -0.00033244533174543733 0.04493955933812124 0.023738769987754274
135 0.01007637506890854 0.007770016270766546 -0.03660931781659924
136 -0.006339665885183136 -0.01176621307177109 0.04064989954870865
137 0.0077667468594641124 -0.009975878709325661 0.02801030198890594
138 0.0011295641825683463 0.0005671823945475052 -0.03800450556249452
139 0.005231362152506684 0.02638040080939874 0.012134588264975592
140 0.0032338357335269796 0.032071559164324026 0.0124295733902344
141 3.2793838844471027e-05 0.001051672528363086 -0.029718979867750975
142 -0.0012806991173991032 -0.009620344184641043 0.033881567249325076
143 -0.002388835284430006 0.006330306263455295 -0.030350602191659054
144 -0.002624900962697685 0.012310385825497781 -0.03259377209261372
145 -0.0069379340503525275 0.0033526615664447763 -0.039240053895810645
146 0.005732936831954213 -0.007952096419306023 0.030796125488995914
147 0.0013406031180983463 -0.020498104175780348 0.02868028337207277
148 -0.004206156130665322 0.005803557547012176 -0.022258996270263093
149 0.0066224412816981715 0.00019815575606019903 -0.03733128544474349
150 -0.01722874063549941 0.028047652771352613 0.0024580352165944966
151 -0.0046489262796332595 0.0024130536801990512 -0.0348037949488173
152 -0.005482076025838951 0.00939990975588569 -0.029313394352340934
153 0.005692494083195248 -0.015025273338939105 0.039279560212263885
154 -0.0236558542882169 0.02488386924953989 0.015347862052223611
155 -0.0030653281158119043 0.0032111557505264537 -0.041704279867742694
156 -0.007155904950477243 -0.007586768886753298 0.02939914793930061
157 0.0019702499005880038 -0.006337421476004496 0.025143082506958313
158 0.005923313608494012 0.00453135715082028 -0.03430027882742106
159 0.0010423971306889185 -0.01450872760097148 0.032025586396872044
160 -0.014694224891770247 0.004513261510951307 -0.026635228770330845
161 0.005444543399638721 -0.004486187557881115 0.03483551110190128
162 0.009732636303828979 -0.008247703760630295 0.02907146514266567
163 -0.012722127680159331 -0.013769034363063199 0.025107348060269995
164 -0.001202456232596117 0.002837142064292133 -0.04025025338694596
165 -0.004784291717782108 -0.015075685441687931 0.024966210714050977
166 0.00186019860093576 0.0032796655153874907 -0.022765437628679074
167 0.004435738693228428 -0.003026537780493218 -0.028595665176446537
168 0.005892306434250707 0.008861872366453572 -0.034412840671826136
169 0.00014104468947787052 -0.009051934036515627 0.0330723843721415
170 -0.0036018440995309042 -0.013276660435266556 0.020348424081940004
171 0.006612612437775778 0.013626742998407111 -0.04035127815598374
172 -0.0059871187630765625 -0.013505288766158363 0.029700667219491068
173 -0.004726960085298222 0.01161804936038596 -0.02911974221744363
174 -0.0003603952815667867 -0.016886337818896913 0.03057403997786151
175 0.0028684219381975573 0.009351821966296095 -0.0325508121278659
176 0.0015801040707858678 -0.016977869423140453 0.026094952834678525
177 -0.012281015506432076 0.009278188960189988 -0.025221261136167114
178 -0.005443692714790197 0.03813281636926841 0.01641856507138416
179 -0.0007910456901103341 0.000851557389630722 -0.02699020911712642
180 0.000788377397185562 0.008892228571283675 -0.024727337267988564
181 -0.013035604002231145 -0.0006198791244791061 -0.033695295000654366
182 -2.656112563013957e-05 0.03270594838767785 0.012178136249467356
183 0.008609668405815438 -0.010916061850421488 0.029295713755974083
184 -0.001534472968318882 0.007363939056800217 -0.030643110959253393
185 -0.006805042128223096 -0.01385773781469134 0.033787074442121236
186 -0.007050425485672557 -0.003700069730434328 0.02798458156129422
187 0.004029178221875392 -0.015947671103140448 0.034374293796494065
188 0.015320076050011469 -0.00800732579497631 0.025882803728805776
189 0.002834354518956214 0.0009486218069841498 -0.03226476076871307
190 0.0009908765502259693 0.009926952933006786 -0.0221712523718006
191 0.005368385291656272 -0.012841576706531108 0.02793636850543633
192 -0.008299660649472032 0.035356743295576976 0.017244860718910848
193 -0.002867308540011243 -0.007875915285724403 0.031188883510505066
194 -0.00030363957206298864 0.0147021198388619 -0.02378748237231465
195 -0.00437886123535762 -0.003039093158862867 -0.032118316543208236
196 -0.011988386612253099 -0.016290162069717028 0.029270214711493783
197 -0.003451992903882721 -0.008517412795003558 0.02528862395027466
198 0.0014606136216124485 -0.010513161426017506 0.034759457525082915
199 -0.0003658321550637639 -0.017389247608596923 0.03679509009088225
0 0.005687615206187019 -0.003303864639243915 -0.005976045790199336
1 0.023306544047332206 0.029445905047975923 0.015576008746465524
2 0.001982894369084401 -0.006527710054499293 0.000582049623055525
3 -0.006397375563673629 -0.007346789729892727 0.00010655979642733293
4 0.0005207896204555227 -0.002697855992794337 -0.001917952229278777
5 0.005791873834457412 -0.005525851893685672 -0.0063520371323969455
6 0.003862528660869156 -0.005806209389535003 -0.007594745144640994
7 -0.0010437810512018975 -0.006557761527462616 -0.0087897960388542
8 -0.00791278336990893 -0.003539032392571747 -0.0035946699908491614
9 -0.0006290216297048998 -0.006847451682411618 0.009110151918952404
10 -0.006535491377533932 -0.01108221143690534 -0.003156158006818649
11 0.0017024588836642707 0.029028684137163585 0.002373997524398909
12 -0.0009284473788494876 -0.004249840697979963 -0.0034491287293001993
13 -7.86259773761025e-05 -0.008463300553745556 -0.0029172096084033594
14 -0.004520967609173775 -0.006192671358380511 -0.0017779563473489107
15 -0.008414248246149149 0.006697005616948519 0.002992687726939919
16 -0.001015221661222667 -0.00359644405305979 0.004032521031666743
17 0.0028655426828326533 0.00336249964154201 0.0016285783323438177
18 0.0017469198152602894 -0.007808395935043323 0.0002822851465414111
19 0.00814850977858464 -0.0059978815751392375 7.487970785669679e-05
20 0.0012452786202695534 -0.005975454994166303 -0.01107257706566507
21 0.003065084554742716 -0.006360649514874259 -0.0031862739111658545
22 -0.00048371267015377 0.0010385765398405029 0.0021865874797968032
23 -0.0023429742743025506 -0.006946148476722255 0.0017406727760095608
24 -0.0005382978043944817 -0.011856018360864348 0.0005500362497042194
25 -0.003830173847547025 0.00026321312588628923 -0.00029358818393679376
26 0.0018088832578293593 -0.011378971569983146 -0.006373543705161952
27 0.002988529887917181 -0.010355025660812072 -0.014756588944102353
28 0.004499302376855377 -0.0052819242605724945 -0.0038558665095212302
29 0.004647844634138873 0.007964281540620614 -0.00459744138456844
30 0.00026724986554003786 0.00038871319162947786 -0.0012802340596623843
31 -0.004209754438660417 -0.006337265160438742 -0.0026808241978971206
32 -0.0015960133857550879 -0.003964635707155501 0.0058529443509569845
33 0.00633447923334585 0.03829825914236268 0.013188300968244249
34 0.0026019812971968276 0.033501979017639294 0.0016092180512087897
35 -0.006190113819308132 -0.0005009167723763301 0.0047776320279740575
36 0.007008069759788765 -0.01083024233094845 -0.0015668100353237388
37 0.00307114323950408 -0.010679134821959032 -0.0036588715968498275
38 0.004014421582105909 -0.006845652995573863 -0.008093538821737866
39 0.002940537956515013 -0.004963636596781075 0.0005173044859446696
40 0.0043074931759037 -0.005455221363262253 -0.002731775788219308
41 0.0042148155352197125 -9.480840226299032e-05 -0.01137265673862961
42 -0.004551891864139044 -0.003756874309165246 -0.000625382854241685
43 0.011545475717533574 0.024407211140724833 0.013696182428355672
44 -0.0027025534771413368 -0.006861925908602193 -0.008994774678520293
45 -0.005014007080935433 -0.009388045994891979 -0.004017852554838941
46 0.007376364991370746 -0.005350096320923807 -0.0035692860874365906
47 -0.0014997539841127214 -0.010916284003038849 -0.005237896941895699
48 0.0005989997387824408 -0.004891510956302837 -0.003696353312207426
49 0.009750140186347303 -0.004318380872296454 -0.0008718871709876841
50 -0.011593698404965158 0.03878690054366454 0.014803528518964645
51 0.004615603697665144 -0.01279147950936764 -0.007181157648804309
52 0.006307838902896892 0.0366956104401602 0.019934614900266212
53 0.00021102544693691466 -0.005028028484387069 -0.011815912340991573
54 0.0073796912894358024 -0.0036588414150704046 -0.0002922279586222293
55 0.01683760110153365 0.028831276349737353 0.014932853904652023
56 -0.0030238742310581585 -0.0009425795485161793 -0.006543536605972566
57 -4.980790575196889e-05 0.0019303227562355897 0.0017682041827912637
58 0.000373770494845022 -0.005091095203312593 -0.0009635880972357139
59 0.004439472616721951 -2.344103992563129e-05 0.0014709682701366383
60 0.0047131558841921745 -0.003467334520557641 -0.006420425392566861
61 0.0022767205847388852 -0.0030240989921983506 -0.0011699219124430421
62 -0.007107333339356942 -0.013082827924455025 0.00046629989767761615
63 -0.0006725867889489836 -0.0035960361203056855 0.002834356216749191
64 -0.006094010659758724 -0.002228916657758967 0.0005775750442937738
65 0.0017800401625280597 -0.01242438533840548 0.008466251500687014
66 -0.0014452872903913672 -0.00801427015750696 0.0011944774204176375
67 -0.002371068092219396 -0.0018534854616633657 -0.006716684906561687
68 -0.001072822668067859 -0.009497469412479672 -0.0026508426781887834
69 0.005706936841943955 0.028205524788117636 0.004748015057908499
70 0.00026347641248060383 -0.0010607255991357187 -0.003936849115503287
71 -0.0023146669458721306 -0.01263185029036726 -0.0014342683391047883
72 -0.003652861210536741 -0.006751009655503196 -0.005851121241439217
73 -0.0012363809969014733 -0.008841098229144938 0.0001200967426110422
74 -0.0008271468998827004 -0.011479643915604992 -0.004183022247959509
75 0.011815964432304038 -0.0034855345389269293 -0.004934592635336729
76 -0.003347316312653042 -0.01015219441586783 0.001590437103292687
77 -0.001649663649622199 -0.008465191992858227 -0.004110058827385549
78 0.010253022481370016 -0.007054863106339987 -0.0038894772694703372
79 -0.0003450879985782522 -0.010444124091486963 -0.005154611509280704
80 -0.0029958033649713544 -0.0019192372545191252 -0.0008548875272522752
81 0.003625194140570963 -0.006763618202008957 -0.000536447245626695
82 -0.00721945959386594 -0.01231809912284171 -0.003215017526881442
83 0.0010115079353712197 -0.0001996601888675587 -0.0011193198530329712
84 -0.0003221398960697036 -0.00696473086197395 0.0027639105902578023
85 0.001131018046040877 -0.0021539034083303786 -0.0013637771139824312
86 -0.0036524128651658685 0.0009222506114238971 0.004881366366841396
87 0.005327946558989632 -0.01172708087191817 -0.0028541453415803428
88 -0.0016040444171818331 0.00041791119180250615 0.004903256942603698
89 -0.007559644234277614 -0.006096996176560255 -0.00812015628431089
90 -0.00303665774389366 -0.009077703643496936 -0.003982558383753491
91 -0.0008830724908721627 -0.013526116835014396 -0.005405200243803664
92 0.006236188425330982 -0.006583582503146397 -0.0024944913776490385
93 -0.0012690101897349197 -0.006885964336722977 -0.004066098498285084
94 -0.0051191182352332 0.0024118828231293847 0.004174551942758689
95 -0.009928158594867155 -0.001765068571464093 -0.007200850380614174
96 -0.002650498724416723 -0.013784192561073362 -0.0064292722451239626
97 0.0006788960814474998 -0.009845617145097851 -0.0035794533415405075
98 0.006351319980558989 -0.001269796075293754 -0.0020534672547111513
99 -0.0018246393915639578 -0.0042163237951807556 0.0033106015659954136
100 -0.004119066735800321 -0.0018793942906579365 -0.002390339695687152
101 0.007051643959896847 -0.003571785105363573 0.0005936249682943276
102 -0.000853731377950917 -0.005068727298040857 0.006297512591566273
103 -0.0043450721518435275 -0.002849120176907482 -0.001442395969407921
104 -0.005487285913322218 0.04660648133602606 0.004778782423764054
105 0.0007405926696566617 -0.0054871773976206024 -0.001032792418590639
106 -0.0027394962569279348 -0.004269555054106058 -0.003746979266873056
107 0.00326472635418331 -0.006800120461364086 -0.0004639508586379293
108 0.0033417495527107016 -0.0057195390741309575 -0.009068832293418719
109 0.0043732567710119095 -0.009966244385529632 0.0028081964505214316
110 0.0008645601725078972 0.0013435098006015552 0.0033531164386386633
111 -0.003396695073378281 -0.0038050060977237003 0.0032733553478898336
112 -0.004697328497900048 0.04148918565116719 0.005728871953883545
113 -0.005304488508767205 -0.009975494490560906 0.0001811011109645183
114 0.008030972589131623 -0.006193024721876536 0.0008508996011418191
115 0.004370287683267388 -0.0012321679612624084 -0.007539201940331426
116 -0.0127020296163977 -0.007000860439929851 -0.005204415056076404
117 0.0013059200688929906 -0.014319373942853448 -0.005756827883788979
118 -0.0010333739150435936 -0.011264678209001427 -0.0038376026073810923
119 -0.003156617950269461 -0.005270029275868622 0.0010866800767354232
120 0.0033980198907851283 -0.008432083615125915 -0.009138456700499079
121 -0.009193172218672621 -0.0007978767247729598 0.007819252206888741
122 0.004299566826544959 0.0008142158751492691 0.0007233974167574209
123 0.004404871422368204 -0.006747114196936153 0.002130665789103453
124 0.0013962667045608682 -0.0059343336859585686 -0.001301025529968615
125 -0.0055492180310591395 -0.008031559253433261 -0.00968779102799576
126 0.0018092901247288651 -0.011943095075089658 -0.006404516304855341
127 -0.004488986630795737 0.001316780117804688 0.004450601059973552
128 0.005381225202261211 0.00016161940483428068 -0.0026422083469717778
129 8.974046892258614e-05 -0.008744708423021913 -0.0016937453920897669
130 0.003908999034645591 -0.0044699894380668395 -0.0018106083895542552
131 0.0018298324501031596 -0.009915627024751492 -0.001142161586045451
132 0.011039675963029738 -0.0018964450291286059 -0.004553426989873682
133 -0.0015247804099699225 -0.003821270424807982 0.005910382905446876
134 -0.013075541530213397 0.039625537070370115 0.01754851471526732
135 0.0026532272137407623 0.006883304099588337 -0.0047435163555829
136 -0.009278456360845885 -0.01046513865669508 -0.011773655155471324
137 0.00023639254871976254 -0.0009011555216906382 -0.004510784280505609
138 -0.003556425773939615 -0.0035730922544259455 0.0022542971818424323
139 0.005493479548051371 0.03911801048672059 0.012144495083918697
140 -0.008444866224699782 0.0448906392097964 0.01088452732004886
141 0.006241949844245315 -0.0009155596572395933 -0.00200086400011229
142 0.002162715081289403 -0.00834650452004316 -0.0043549101918243655
143 -0.0031203470096485865 -0.00818224846711814 -0.002819702541488514
144 -0.007326652562072607 -0.009358395473171986 0.0030895854468119544
145 0.005159182014673706 -0.0101940781929251 -0.004051318127014827
146 -0.005086562923840479 -0.009336015342365042 -0.009057315169545062
147 0.007920626717283344 -0.00641205519639234 -0.00732063525503332
148 -0.0007309954928642927 -0.013556770944373488 0.001348021978563839
149 0.0010024467250074331 -0.003629845153597674 -0.0058948848832411915
150 -0.008943125453360137 0.022891674660216493 0.020215473080119867
151 -0.0004585669373517306 -0.0006438917939501712 -0.003974098412617283
152 0.0018091853327923818 -0.010096500037829699 -0.005444912503076493
153 -0.0019952476793944135 -0.008301747377839327 0.0028964641839209354
154 -0.012157792839223469 0.04412781304157566 0.02006615615468138
155 0.0005643531366763673 -0.012352285672989887 0.003566804563145884
156 -0.006492843064023313 -0.004064957562838665 -0.0032564236874184777
157 -0.004552615010799512 -0.007758004622506427 0.001610316945443696
158 0.004191745940622826 -0.002558870196794929 -0.003889145602806607
159 -0.006940703222778545 -0.015700981858677444 0.006892964660668882
160 -0.003381946157005114 -0.009889060053146088 0.0032878333120548303
161 0.006676288564428201 -0.007802364103539102 -0.006242251935415895
162 0.0021274640854685167 -0.002096622517268965 -0.00515350947813735
163 -0.004214686540139137 -0.002838318781617409 0.0010805819645678463
164 -0.0030319415150441183 -0.004720220594171714 -0.005024441748943662
165 -0.004239376762009854 -0.007619905299953704 -0.004806018100110471
166 -0.00808023668152797 -0.0037440923426325734 -0.0076646567199742666
167 0.002825303203244346 -0.006795297949586972 -0.00032591014771010673
168 -0.002855680334324907 -0.003417117317129688 -0.004939343101088997
169 -0.007765911578134423 -0.004866759505836246 0.0005812368822377817
170 -0.007801105851584472 -0.00453991070277863 -0.006053305431302607
171 -0.000876915511331823 -0.0009147147524629362 -0.0021105115275603936
172 0.0026848001310006715 -0.0021208507807028362 -0.0012492382049040796
173 -0.004258624617897451 -0.009050311365774808 -0.002142191728563364
174 0.0026757309157247194 -0.0037202411822261743 0.0004489018296903041
175 0.006716065691503931 -0.0059475448308139185 0.0062633323289670376
176 0.0002754715942217892 -0.010921474724711458 0.0010670351368785372
177 -0.006034127655523594 -0.007744836574992321 7.675691050632039e-05
178 -0.0021333591816935773 0.031743331641208045 0.025659740857826227
179 0.006295896468879049 -0.0044066528384146385 -0.003922272841097613
180 0.005373410139382133 -0.003890589113205341 -0.0004894444796522124
181 -0.0012295427351222965 0.0001690268932963753 -0.009285316040539324
182 -0.003894489267980937 0.03218250601392503 0.016935372065644348
183 0.0024400946870407267 -0.004413154087580057 -0.004495190144471105
184 -0.00035969789776019775 -0.0137557491008212 -0.002269813004798442
185 -0.0007128790502853588 -0.005839722458069126 -0.007139747075468744
186 -0.012821485247608483 -0.0019886640033434074 0.0009136446820541821
187 -0.0006939223790842644 -0.0036408889521569246 -0.0026544087978166778
188 0.008885276984016005 0.003402929562903203 -0.005503600118573135
189 0.0008656473204159357 -0.004502203074447738 0.004771261931268214
190 -0.00016102804184835607 -0.002976732261847536 0.008520219342716712
191 0.006324363510382104 -0.006668504103729808 -0.0026160795833668135
192 -0.0025974794055723047 0.025383044269344734 0.004916940381300368
193 -0.00799184420031987 -0.002450391270503817 0.0014492335382126215
194 -0.002339037520470988 -0.011874838079167019 -0.0023134381766672374
195 0.002977532435038845 -0.004380865094251594 -0.005063276952144272
196 -0.002790581552544441 -0.005353325415627136 -0.0012982174509780786
197 0.00343652804492452 -0.006194750268259837 -0.0018483823874713562
198 0.0053343678055369145 -0.0049859588105630875 -0.0007425307678687459
199 0.0024181190202345465 7.780845270330405e-05 0.0005868721648628894
0 0.003356176640471789 -0.008601007704406909 -0.03238747548968731
1 0.00702219499879006 0.003165979017913656 0.025086828049562603
2 -0.010096656822149948 0.009683335941215534 0.025919461596248666
3 0.0028875886542915966 0.011291921034790695 0.031224388036505214
4 0.003623931783994544 0.0040063673602325715 -0.03277158365443505
5 0.0011025295953295301 0.01073792269404074 -0.030414348691643556
6 -0.005999120836449062 -0.0002065546301659657 -0.037037651204966805
7 0.008328193335046181 0.005128167173057748 0.03173500250883944
8 -0.010216138449081952 0.009544867360469916 0.029618436194977518
9 0.008575777904804703 0.0001768935185832432 0.027912574707014533
10 -0.0022167441136249286 -0.004407769438918567 -0.03248428193428053
11 0.011458330840909303 0.011092897637937166 0.02727217427406485
12 -0.0025621878165152127 -0.007880841208557726 0.03314063844395175
13 0.006142922965598624 0.0029999341971042423 -0.036982426328090005
14 -0.0010905130222263817 0.0029061328011633003 -0.03145402497795217
15 -0.008373542298404223 0.006048705906151329 -0.029744945554878006
16 0.004973628682026345 0.005931246909076432 -0.036485308870117694
17 0.0008030460101679025 -0.005505538874817379 0.022861131657788074
18 -0.002048616786046802 -0.0032100201346526233 0.030090389114997444
19 0.007551773062623113 -0.0023815825724898846 -0.028805417950403082
20 0.0034124979084526894 -0.002659303263845586 0.024315480774948748
21 -0.00607768679713208 0.00033914412772550334 -0.03126976439502452
22 0.004005004605091575 -0.0014897594323275368 -0.02619291992678833
23 -0.005282749653538064 0.008497991223569847 -0.03250386090664653
24 0.007723424604822622 0.002191144793828939 0.028719737748576425
25 -0.006259043650489661 0.00011219852925182378 0.02220428437298967
26 0.00231011615589137 0.011118782453468857 -0.030391399086630945
27 -0.00037451646636713076 0.0014187574890094194 0.029947206526665007
28 0.011367124995987118 -0.003146563284975014 0.03038295454446617
29 0.0027261140880373257 0.006959056231867641 -0.03494239815811585
30 -0.0008003855570659791 0.007777924072905942 0.027330800601356064
31 0.007423293093136821 -0.0016462535934435845 -0.02864495920851244
32 -0.007446071472339083 -0.001466768931838211 -0.03816298861900021
33 -0.007780935058122311 -0.004660222002961817 0.03471985288039675
34 0.003265445128731604 0.007563791963582894 0.032326048859242194
35 -0.004589177758202348 0.00431640827526001 0.027519581327493478
36 0.003874055638604844 -0.0010140498505986292 -0.025199111948980203
37 -0.0025917509575247508 -0.0012984311242000036 -0.04325962245901359
38 0.008779513344230695 0.012440839375545309 0.01839908415442794
39 0.004562540427542901 0.0003470785051865391 0.0348665686814379
40 0.0012233407743838833 -0.001292912147822344 -0.027847786398204448
41 0.0063281142828976455 0.00340903528875372 0.03825229064211145
42 0.0010938451691178512 0.0037778196541376173 -0.037089912799282136
43 0.005923787567078551 0.013686336837145013 0.031103048849149696
44 -0.007325754981659063 0.00473206199974704 -0.03113571965242875
45 -0.0016020292143085826 0.0037303404230184106 0.031854249583470606
46 0.006828179939205023 -0.005215458085944102 -0.04254892357645419
47 0.0014124091368420272 0.007100470359094873 0.036029414171906485
48 -0.005922770248233886 -0.0002934182161387494 0.03093437342191834
49 -0.00013682509563710948 -0.005693870582484287 -0.03604509632065954
50 0.00044648458350352027 0.00023528284408480538 0.0408176618136699
51 0.004943299015168601 -0.004801865780481508 0.03219318238714885
52 0.0063485026797029664 0.001989564825762069 0.038804305797786084
53 -0.002052757883541317 0.0005225446366158917 0.03007868287208132
54 0.0012945296101269932 -0.008446925301402564 0.0336693194643644
55 0.007105314932402185 0.0007573896026772109 0.03106091701580388
56 0.001627272444590505 0.003274381622919688 -0.03062284485167055
57 0.0011899927398422508 0.0017838783888736581 -0.027492782995486555
58 0.0024881136131800308 -4.983382060906767e-05 -0.030274867138451303
59 0.006191405995324445 0.005760492674772657 -0.03708002093243492
60 0.0009147260080250505 0.008604031244153307 -0.03396048683435764
61 -0.00267392206657812 0.006631016703963946 -0.0409487282570872
62 0.0012145808197261115 0.004258375610860399 0.027938279673952765
63 0.0034266158553268823 0.0028467076712730506 -0.03216524230813532
64 -0.002388659628688672 0.003531412651618249 -0.03292222230908825
65 -0.007359126515474535 -0.0047814536442227495 0.027343199072953676
66 0.008782517893699646 0.011673056101680367 -0.027841297469649397
67 -0.006442264523857655 0.0019564273519395506 0.03846875207523276
68 -0.0015233905180574159 0.0007986282035832241 -0.030583886789945794
69 -0.00019207374433304059 0.005850086485990169 0.02999828286258399
70 0.0070361642274778605 0.012976456081920256 0.028131512247737807
71 0.00014503389072604428 0.003896055399775695 -0.03103889069816073
72 -0.008354918450738713 0.010020576478366582 -0.025249983411285738
73 -0.0060885811173648635 0.0007788057088523662 0.035221797149110105
74 0.005073150639207765 -0.001372761922849089 0.035983866863185575
75 0.016548992266489454 -0.004208155829467791 0.03561969993540877
76 -0.002437314294622829 0.0025594138185227114 0.02281847535621926
77 -0.005753047993105512 0.0012160732235428622 -0.033023946986470584
78 -0.004304362186523324 -0.004455443649233729 -0.0295332302945768
79 -0.0016993217635587372 -0.00482410905984499 -0.04482434226794702
80 0.001686327796493043 0.003913226420982102 0.03020365010108526
81 0.003538353101533373 0.005966403994700813 0.03018226814447898
82 -0.0036851250323017143 -0.0013252658646650643 -0.019784499245667345
83 0.0001393291246557099 -0.0031751699332427594 -0.022330736710651642
84 -0.011418685369332632 0.005938489099054353 -0.030662290658281854
85 0.007423988754521223 -0.0023925890467133976 -0.02698846947698372
86 -0.0017912920717991915 -0.0019323088570648225 0.023627462654024996
87 0.00552808035878409 0.0025291755577861313 0.030941127450208866
88 0.0012943023259056712 0.0062696231431848114 0.03671033765342655
89 0.002624643322370708 0.012864321396937623 0.028934912179977092
90 0.003909340074023396 -0.0007032023327898252 -0.036380639250544466
91 -0.0031876442202648046 -0.00019439701767197393 0.035554283112398506
92 0.015159261320961182 0.00764550122804427 0.032339067298729145
93 0.0033181702577638073 -0.0010922662343441567 0.03096526202174523
94 -0.011683113560751232 0.002281550054482759 0.027510604610584077
95 -0.006514039074474107 -0.005069704699596028 0.03735797930302797
96 0.0068937267702999135 -0.0032236016711107846 0.023165917697756614
97 -0.003025224514731556 0.0017255260933373845 0.030377439415009463
98 0.006827231090826377 0.006508748593654995 -0.032039131262945594
99 -0.007275177214956699 0.005064333390458333 -0.03287925252168088
100 -0.0036576005363170294 0.0021475099823934107 -0.031143792527551277
101 -0.00047422392333189983 -0.00294244326325796 0.03063303999869261
102 -0.006154884397305785 0.0016015565372623298 -0.03249372756083137
103 -0.0012683378859250048 0.010399776311747438 0.03075602122577348
104 -0.001865174462933883 0.009184602662969665 0.03603039223592756
105 -0.0017363048896944996 0.005549882360538445 -0.03407502846609043
106 0.007437551379255964 -0.0019292393882799595 0.0320423649263164
107 0.0030378557718150206 0.00010084722199796281 0.02079578165523025
108 -0.007869767168982238 0.0060233245879226065 -0.030946490535549556
109 -0.007897667118198939 0.003416335668224125 -0.035097477686990654
110 0.00442308862071026 0.0037288911009309145 -0.023679349419726863
111 -0.009206907687465973 0.002073447033123642 -0.04134400316709766
112 -0.005452276540160332 0.007981610749408674 0.02597900471099892
113 -0.005943292881136576 0.002544763371763681 0.0348619520932222
114 -0.0017478180952593923 -0.0004189216212535235 0.027297074482541032
115 0.010594744947487689 0.011498618871593567 0.031163480451716394
116 -0.009411029275457963 0.0023874642424662647 0.03067673117193545
117 0.0017498206470360211 0.00304359855494038 -0.03423379442816081
118 -0.003180913388808198 -0.0025037792066697345 0.026978834680615488
119 -0.0022899572064390295 -0.004170857389486839 0.03123062460896929
120 0.006089026597366341 0.00031322481696634263 0.027378938384501658
121 -0.005528089489038934 0.00013411656032131375 0.04031627655136227
122 0.0019962137463003203 0.003695056710455877 -0.03553126326732316
123 0.0020697420339088647 0.0014269480932428708 -0.037382045429788624
124 -0.0029992455077157733 -0.0052389557733139 -0.03154762977863354
125 -0.00016557748450291357 -0.003329831098660016 0.03222182936841205
126 0.00683407796083815 -0.0016939646817252033 0.03615257766564859
127 0.012065980190119938 0.003698058266986432 0.031539424446585876
128 0.0024723464964687414 0.0009818096746047542 -0.041832432140546195
129 -0.00828071306816458 -0.0058456164555340945 0.03493265917456505
130 -0.003557007111800723 0.009242786874805467 0.0379022658406368
131 -0.004941542371649538 0.0052075877473342705 -0.03603267030414736
132 -0.0016673326964384214 0.006215149967762384 -0.033830507492276965
133 -0.004191735278211071 0.005751999185075769 -0.03351751689601834
134 -0.010962121504218741 0.0012596561119899985 0.03474039487976962
135 -0.0037808173167615117 0.00875101616895664 -0.034660339101024694
136 -0.001693239840034777 0.014034780531688955 0.024260150114000244
137 -0.0002090765202505014 0.008824712937649002 0.03350364143066702
138 0.0031554913310681155 0.007678836211620022 -0.037176952311005436
139 -0.0005562206692514143 0.0046880470653614115 0.04008974629546824
140 -0.00037367125712289145 -0.0038568142545912787 0.031873390581908134
141 -0.0040473258874046385 -0.003267768830209311 -0.03914755819023994
142 -0.0017002667711973648 0.006809166187157489 0.034742810101333135
143 -0.003096330768314729 0.0012457968019944205 -0.03101738966774672
144 -0.002171802935615773 0.006079937960191288 -0.03809052669223964
145 0.0008286123605180467 -0.0013112600405059058 -0.036030415061006876
146 -0.0038327196446942303 0.003956275393374814 0.029160728212747317
147 0.005205524620797777 0.006780115362707652 0.03688833221629212
148 0.002354419666264382 0.0037093871779791034 -0.032451719652355195
149 0.0010486139627467403 -0.0021170163466418014 -0.039522552737951876
150 -0.0024181492069223626 0.0008426766279488879 0.031962413354353666
151 0.006566933117926851 -0.0014609112253176333 -0.03164819072426176
152 -0.008259234850003565 0.010097131014921688 -0.038624422055417156
153 -0.0018924052291510434 -0.0008566104007668926 0.034522988482261756
154 -0.009942801389236144 0.002226326879879864 0.028189061813602964
155 0.0005790999103189084 -0.0005958378678838847 -0.034785152565759266
156 -0.004336248134626797 0.005374409002938946 0.028492343320465918
157 -0.0018072701407756894 -0.005641711988089777 0.030205508185365253
158 0.0010724931756263545 0.004542791734234336 -0.0380788209070578
159 -0.005978390750949664 0.007061481848291952 0.023184127986162942
160 -0.01422460871740916 0.008942688848240284 -0.02507337260640205
161 0.01472637508629926 0.0011867181033170214 0.028749690620438327
162 0.00901653193158053 0.0035349677816099677 0.03255443938013684
163 -0.004553940674060772 0.0036778517456143474 0.025655066473110527
164 -0.002953613614317469 0.0012408451531726373 -0.037952855059618505
165 -0.0036915745159567873 0.002018618305728352 0.03124770785033881
166 -0.0013326291979152381 0.0006382766279395922 -0.033054080148642306
167 0.005615953893273219 0.0008725760707260291 -0.041193638004792976
168 -0.004772708817864202 0.007683143836546245 -0.026579627562491284
169 -0.0031050425862012496 0.005369165878809054 0.03298340199731561
170 -0.002190191979384526 0.008742933144632878 0.029292287881380594
171 -0.001523448061604614 0.0064432487525742585 -0.032714206961637474
172 0.0017331054134838413 -0.0010044652736262427 0.027908637158518733
173 -0.004938297969140873 0.0056359720985029865 -0.03372570097006264
174 0.002913142763117344 0.004538297902458681 0.027431356171932063
175 0.011642457745735385 -0.0009462737398034504 -0.032862626817839954
176 -0.0006067262020922198 -0.0013095451312876843 0.02610516330017967
177 0.0001028234625790464 -0.0023436440295766673 -0.039040058220433355
178 0.005776131104292839 0.0037023586978255085 0.03534425029303348
179 0.007862108508698507 0.00265395263274666 -0.03779621987668509
180 0.006800315863058536 -0.0004057158134208195 -0.0425919371236384
181 -0.0027827669609247346 -0.0022611497121034826 -0.032323136181964765
182 -0.0021383143233105785 0.009703667209012001 0.03796894838888453
183 -0.004048522663455328 -0.0011996787218238117 0.03771473806971956
184 0.002747303539989062 0.0036471143000532634 -0.026623591945990246
185 -0.00023620480899841367 0.003071698189199241 0.025062932401717714
186 -0.0010690339907265672 0.000253266801217086 0.03269919012167874
187 -0.001876980163622883 0.004394987075581287 0.02689270960634347
188 0.011462311369459022 0.004935752512965754 0.03767698624138531
189 -0.007214487677291213 -0.0011124185443199403 -0.034306977032321516
190 -0.0020268611787931023 0.0019577742825266694 -0.0387246282032349
191 0.00306619146521233 0.0017252959826925263 0.03199809212689072
192 -0.0023713760130892256 0.0011874340568131525 0.026674745793750135
193 -0.005137144188799292 -0.006482966442727948 0.02414406011198688
194 -0.004801028950489103 0.004463594745929321 -0.031520140864846294
195 -0.002508294326345648 -0.004915508243949401 -0.0321977457152262
196 -0.005778613076100753 0.001493381984550013 0.032676165080240724
197 -0.0006355874261563779 -0.004340779447192543 0.030557554346207768
198 0.010023049708110805 -0.007009349804135083 0.0315769341108651
199 0.00353272044382915 0.00028365579730759566 0.03156968320202816
