200 3
0 -0.004727352840843139 -0.012630753199150808 -0.042531988215458325
1 0.006891068715593002 -0.05206129990142866 0.022743890537760852
2 -0.0007911830024527108 0.01737261023905539 0.04466408015851396
3 0.00021505707071750244 0.020726363742239975 0.039836488533149264
4 0.0017892137462994888 -0.01686219091198197 -0.044437335327410996
5 0.005271319178897699 0.0015984157793431176 -0.049961995895313534
6 -0.00019163874374476114 -0.009198947615590928 -0.039735841767876035
7 0.00140167374606384 0.012934274385320261 0.03889529911095688
8 -0.0019171516963746877 0.02058892724779911 0.037638780395479965
9 0.0031247357200100342 0.014411698697645208 0.04023024622114077
10 0.006555623231929188 -0.006292263063905696 -0.041754022328785535
11 -0.0008735693445767233 -0.04820316138923436 0.010084652216931653
12 0.0006688952264434292 0.020606996581877538 0.03651830575808337
13 0.0016720656827214561 -0.010954004588815862 -0.04432736627261984
14 0.006566559505665433 -0.004477073579611103 -0.03902933543174278
15 -0.0038190580064483533 -0.018004482802072518 -0.04305927132109435
16 0.003937878281991134 -0.008153923857702737 -0.04882766446556418
17 -0.00011179795133858805 0.01790107294505957 0.035211293808480155
18 -0.0016534536335583074 0.014217230958171099 0.040266559291478744
19 0.001740118948402137 -0.008955986918974408 -0.04626964897668483
20 0.0017051091264067494 0.027478759726550114 0.03699462423749729
21 -0.0029109536505470095 -0.00984994379729174 -0.04012223401795651
22 -0.005948379736432592 -0.010530288928340856 -0.04914548132159478
23 0.0031846649723034637 -0.014138753084595754 -0.04497588222570176
24 -0.0012267199817146378 0.02225065438245474 0.03670895646060747
25 0.003157054793908199 0.014576062156854416 0.04040417014065753
26 0.004841267408656244 -0.006654851799747806 -0.046382794813008846
27 -0.001461540955042662 0.012690795680383735 0.03855879016685905
28 -0.002637578866490042 0.022449717084239307 0.03900811444225322
29 0.015066222870194074 -0.009258245050226693 -0.04073636204977133
30 0.00663929334835138 0.008757713027062158 0.03903742400161697
31 0.0004791946762948327 -0.0037107148761059833 -0.04177189675146989
32 -0.005013322827395562 -0.0058217747395139996 -0.05025095159560277
33 0.001403845786547459 -0.04976477425644446 0.015267420611576675
34 -0.0012409070932457161 -0.04941112828593992 0.013132878044524177
35 -0.0010126696088237734 0.016917823351246367 0.036420623091637294
36 -0.005564688526948552 -0.011005110487556612 -0.0437818875776564
37 0.002018241256901969 -0.019492590784378892 -0.04508079534070279
38 -0.007423892101277186 0.019286212274130403 0.04303338884026088
39 0.009989690149766792 0.016459857103862087 0.04271024506718266
40 -0.000846535035924724 -0.0033773595787286973 -0.04046571121812448
41 0.0038763931207248907 0.020247812877195796 0.03847063995306907
42 0.002842644830602743 0.0013573754469180382 -0.04888636359484101
43 0.0003851975085757617 -0.048806710749008636 0.010144140615044185
44 0.0024551882600365917 -0.006499042614837984 -0.04130799522113644
45 -0.004638932078647184 0.02207926305576888 0.03267749663567723
46 0.0008471767668589247 -0.004660608553039682 -0.04435200392175107
47 0.0033734783804021534 0.023540558712028002 0.041939724005253094
48 0.005484624239300535 0.02416218959483753 0.03760551045228247
49 0.003077555822921893 -0.006439163490834359 -0.04715453118635225
50 -0.0058806405384326105 -0.046498647418359434 0.013947964878870102
51 0.003567866611645553 0.016743675979614812 0.0370529953965099
52 -0.002109491434744773 -0.047081185304356454 0.02060103033425785
53 5.005398114405618e-05 0.023358365578663276 0.035393834740645086
54 -0.007418735235469376 0.016906806060410028 0.03994903419592798
55 0.005058135796611143 -0.044213136866271235 0.014402294870778001
56 -0.009877149764108958 -0.009357679531958303 -0.03892616693882589
57 0.0020535278944700582 -0.006658452110670073 -0.04584553558661582
58 0.0012173720970682957 -0.011636331500922433 -0.03834365073976529
59 0.0033284833731890336 -0.003432712046871218 -0.03937620995640777
60 0.001726218327091772 -0.005505584485061207 -0.04415559567918339
61 -0.0034145919227508634 -0.01077303874418956 -0.042803358407912634
62 -0.002489564768125379 0.01801318025522249 0.0461394151570721
63 0.005056249336220682 -0.010866100102973605 -0.04223596663534836
64 0.0006465237479541114 -0.013621472515782914 -0.04233463383077965
65 -0.009054280090546943 0.01415730320607008 0.03240237648529549
66 -0.0028068197336432125 -0.0006008063374464412 -0.04735305994374226
67 0.004874274140980822 0.01934544954785617 0.04335266546234473
68 -0.0010325180363318538 -0.004140569832114674 -0.04799344193577471
69 -0.0019445239537593875 -0.049984090346771565 0.01663314119292817
70 0.005581566827578266 0.01353107895814961 0.04507228494709964
71 0.0018913984942138286 -0.015949803374655708 -0.037244316669483135
72 0.003675808719046444 -0.011204567688553154 -0.04555700149174949
73 -0.0017170316336264377 0.014306650037519998 0.04099275432953232
74 -0.0025003801692377522 0.020433736767412815 0.0403603960591681
75 -0.003071496942449913 0.02137447973444271 0.04191952240731685
76 0.0005940742865323707 0.02162158204544646 0.03967347629648652
77 0.0007356051619247447 -0.008142440313524495 -0.042059041983574366
78 -0.004088470120942843 -0.0036893842515938577 -0.03447770506150017
79 -0.0005863108209196791 -0.005906514162878023 -0.04502218673496107
80 0.0004699469068569495 0.019407682270371773 0.044647629713338924
81 0.0015272366767865638 0.02400744777023158 0.04108174245487385
82 -0.0012008251554852176 -0.0012030756552757296 -0.03981923768970075
83 0.0036700258920337875 -0.007228546800572963 -0.05301050534512545
84 0.0005093768822418132 -0.011882029612035565 -0.03660264133510418
85 -0.0015764549459790882 -0.008104705398240403 -0.03915031333606886
86 -0.0006636539773032767 0.01868618264683629 0.042666429489018005
87 -0.002398252932432541 0.015759942899511072 0.04287904119063046
88 -0.0003557618735412632 0.017270784160800093 0.036650891335889516
89 0.0001919132284090401 0.020694122090070766 0.0398991247159063
90 0.0014098112044754092 -0.009618988373198733 -0.03553929344796725
91 -0.004479318951858907 0.02058902961935558 0.03824644261065742
92 0.0030711718999433986 0.02209592861712941 0.03921422089014551
93 0.0050295018146481185 0.022181725087100167 0.04109597372479472
94 -0.002001652490649446 0.017983698586441818 0.038164494542966734
95 -0.003555763158232028 0.017511360839791903 0.04849439346692773
96 -0.0010856496897309101 0.021126388160984427 0.040263081748585325
97 0.004218826567692388 0.010100078344263064 0.03791996242695361
98 0.0039628400876269496 -0.006035871893830177 -0.03963665305938989
99 -0.0011858940467271688 -0.011854588719790858 -0.04071421221643506
100 -0.0014023810596707296 -0.003674592394345423 -0.04689242319236954
101 0.0013577242293725325 0.024961658744375188 0.034619972486729295
102 0.004850144957728168 -0.004826616981310795 -0.04359562054585947
103 -0.003539507705762071 0.014853574293686271 0.03759366431760286
104 0.013107163871473093 -0.049422039466219286 0.016805396017904435
105 0.00046894083693185123 -0.002745075684393923 -0.04928129996728864
106 -8.025711461286111e-05 0.02176838818685372 0.040905273989220746
107 -0.0008033823004053933 0.02275671519584946 0.03872134843489618
108 -0.0009311502991021341 -0.0043710571538087 -0.04642262816600143
109 -0.0002504948071918034 -0.0020121053640319783 -0.04682983581902622
110 -0.003613211902405382 -0.0047798803197299025 -0.04462920818828867
111 -0.004492702480462511 -0.00761173090405226 -0.04282627634095485
112 0.0006096688028814773 -0.05549779709143016 0.019763775359655712
113 0.006029360713731155 0.01530139806172651 0.027902101904495
114 -0.006317469228962813 0.019333822289713327 0.03701621114681229
115 -0.00048487806250828956 0.017840173012813272 0.03775853182367275
116 0.006335142700033269 0.015167466943861781 0.035957961590939974
117 -0.0037159651653728004 -0.0032283054020728376 -0.04127720575313229
118 0.0015448979776642793 0.005096540939719412 0.04673012696045226
119 0.0011612386204850264 0.012153790156486146 0.03791721504871573
120 0.0004955111429234566 0.018562452610044754 0.042392237149751
121 -0.0008565418573058918 0.013500982915509139 0.03767560361054363
122 0.002639863265400175 -0.010867452372814295 -0.0389927830144573
123 -0.0009221630535574363 -0.006745092871351374 -0.03931766887259749
124 0.0007184339412618836 -0.007163274373278038 -0.040295877487370985
125 -0.002483994360673057 0.021692549883724273 0.03450025112965053
126 0.006544631076802504 0.01717660043151176 0.039417463186442805
127 0.0006226182792840804 0.023447055668680935 0.04023363196677476
128 -0.003784083851695874 -0.010663503031078384 -0.0415707697942356
129 -0.0027953981150821636 0.022361293112568993 0.035682405600156245
130 0.004487408156208569 0.021509015119980643 0.037835581727821074
131 0.0006066211875163227 -0.009471507322667069 -0.03800938069905678
132 -0.0017549383876387012 -0.0019371416503659658 -0.04955436342422585
133 -0.002912777390724798 -0.004158630330751616 -0.04525531023042633
134 0.00457100694473625 -0.04737797795065164 0.021696592438580603
135 0.0009282755063427447 -0.014643201135677469 -0.04483695015595198
136 -0.0028706661633964986 0.020099918036727414 0.043372517560458415
137 0.0010678670844959806 0.013194668424772148 0.03902434034551003
138 0.001028561433786289 -0.004580134453135386 -0.044230282655771204
139 -0.0025858525643617514 -0.049608196935958665 0.019296596953293395
140 0.009321782141172935 -0.04404578200943554 0.024039155918876814
141 0.0016006533342006017 -0.01311173112169502 -0.03860936852153461
142 0.006324855770007534 0.015324942543764371 0.040177516986588474
143 0.0028981833291818054 -0.01301700876505074 -0.04160622780227875
144 -0.000190236925305301 -0.004559707112423439 -0.039134722987499565
145 0.0029658848524978017 -0.013691197920076168 -0.04528456022381158
146 0.004092365690661473 0.02463617376213963 0.04404522104737911
147 0.0009348694372092632 0.020402620256681644 0.0444339168047434
148 -0.0009654453613871863 -0.005175398071893314 -0.04741232058734289
149 0.000603698929829987 -0.005135350226612871 -0.04147979642403521
150 -0.018804917759603385 -0.04301107982162197 0.029947405357942047
151 -0.007785745946422562 -0.010226758178247477 -0.037002639766341314
152 -0.0016184562074696906 -0.008497058033714793 -0.04378640892514943
153 0.0033941443395480372 0.01835308336467613 0.04158600934028518
154 -0.004197574231930359 -0.04557383217744117 0.025360181498193267
155 0.0001714438346853359 -0.012365957710198099 -0.04565281345317723
156 0.003083677416859826 0.018740067135681267 0.040252889220550085
157 -0.005106282158998568 0.024274285705630318 0.039542040163641726
158 -0.0004934185493772301 -0.010592880739303066 -0.048560836447219306
159 0.0023972645131618286 0.01789092581501358 0.036474767929012
160 -0.011643522134948583 -0.0027133937088473763 -0.042721336604640975
161 -0.00024347095052234743 0.02548875401263151 0.03912286799892198
162 -0.00040702857622284226 0.014231761383484183 0.03711035126267252
163 -0.0006793048023925122 0.01806196879432581 0.0384631117161118
164 -0.006787899099674019 -0.014412550309540632 -0.04438819810754195
165 -0.0013511439314688387 0.022370851947998968 0.0337640989286172
166 0.0021490566175672993 -0.008382980393290905 -0.04578744652429157
167 -0.009409675182111985 -0.005069188299545431 -0.03741246102536707
168 0.003567371006320999 -0.001011845090972312 -0.04692004745755064
169 0.0011047341594694615 0.01351012333622473 0.03770586372390719
170 0.0018333039624554154 0.02104940913153942 0.03965731361909244
171 -0.008473554111303572 -0.006178372879479093 -0.045205322658764646
172 -0.0012775912245429205 0.020235610895402125 0.03539032453836152
173 0.0021345906227328085 -0.007082801287860131 -0.04113607099931223
174 -0.005346752090108674 0.024031982150408047 0.040299814702388734
175 0.010121674504466951 -0.008819679156631819 -0.038546155813178655
176 0.010203726960171786 0.02326293049543609 0.02590981002797728
177 -0.004376269976414642 -0.006475816083135939 -0.039830672621691925
178 -0.018712545931629937 -0.05292112708260177 0.02270597653664777
179 -0.0007964623990851715 -0.003624031717481543 -0.03835805277309189
180 -0.0031575495993650116 -0.015897345803146667 -0.03767137090123312
181 -0.005284933304869566 -0.009946627902313852 -0.0431614970226919
182 0.01322645762488503 -0.053662508582172266 0.028502723488446874
183 -0.007976749704089119 0.01280945636047058 0.04212479711277864
184 -0.0033951924955456583 -0.006461518507551452 -0.03998238806088385
185 -0.002879607539743513 0.018520289456033966 0.04084643847689134
186 -0.003423328817976995 0.017790775452943337 0.043096325312154786
187 -0.003521235281777592 0.02328645339209935 0.03684970047568362
188 -0.006659623590344471 0.017195270574466546 0.042746282892042506
189 0.0007745884841806779 0.0002677666995849065 -0.043169928158050506
190 0.005426977184381419 -0.01171758092934768 -0.04415439858424135
191 -0.004402697354845043 0.00798038597329228 0.0438687990774768
192 -0.005686023902500059 -0.05391921840134278 0.023303270869093264
193 -0.00023661785569568938 0.017442631552785595 0.03857421583700629
194 0.003201049220776773 -0.012990538305226278 -0.03978948187322294
195 -0.00041305294790682824 -0.00767717209850907 -0.04105757710090731
196 0.0037840132027086686 0.026513744186691016 0.03976242191651941
197 -0.0012305989021811244 0.020616196373925907 0.04065720372007006
198 0.0009360199200683355 0.016622202283272273 0.043589136665183534
199 0.0005252099356069864 0.014699219017753255 0.03112973356617963
0 -0.0003408752490338743 0.013076869360519522 -0.0043438731448601775
1 0.010626293169351236 -0.0453669963402973 0.02104327318545994
2 0.0029585671363167075 0.008561160421236946 -0.004653498680922075
3 0.0007680884501231611 0.010736262801693965 -0.003744844282707341
4 -0.0029032398044392636 0.0070714065549384725 0.0007439783163292746
5 0.0021269560183503206 0.005279318843964066 -0.0027234960237367822
6 -0.001072932275685702 0.008628277677850054 -0.005295905731521763
7 -0.0011031133505662576 0.005299407175136609 -0.0043731930540333586
8 0.0011197157196457669 0.009237043189270024 -0.0025558311461322675
9 0.0006719987470130834 0.003523067802636585 -0.0016000362525283307
10 -0.0011323271276185778 0.008819093316236164 -0.0022836247968557877
11 -0.003595383730915831 -0.04732131882182365 0.02071577124317847
12 0.000532140801254511 0.0057375674396506066 -0.0027575771641783764
13 -0.0007778237685608091 -0.0015255822232276076 -0.00273605148243454
14 0.0041419196554601245 0.009953842024046183 -0.00848061561705872
15 -0.0014821943508615733 0.01407187292570588 -0.008660793375617218
16 -0.0014703244392191561 0.010639332578151339 -0.000797236811436286
17 0.002658412707808989 0.009364463984716513 -0.0032907924129455604
18 0.0008081436558462305 0.009940556820514996 -0.0010503378030579172
19 -0.0009138826405206135 0.007938346713493465 -0.004397165443375581
20 0.005566896875712726 0.0038126841107350984 -0.002151553898435521
21 -0.00019031667417923268 0.009865727005116908 -0.0006020880834468889
22 -0.0019574051151752953 0.005147626545071097 -0.0028556495024987805
23 -0.0001968390712606717 0.010057855586311705 -0.0005947906061558039
24 0.0004712470681866414 0.010583647155213358 -0.004772467038716893
25 0.0013250948886026279 0.010850106588967352 -0.005671139285942095
26 0.0012528533689812743 -0.0009022862772346853 5.4546085895931795e-05
27 0.0007240679143030986 0.01008435655913938 -0.005083440527510127
28 0.0019133936146422843 0.008421417866535448 -0.000662593608723408
29 0.004627235698533738 0.011911106617753726 -0.0012269209087021754
30 0.002161028404848525 0.008348520574685782 -0.005450115306397642
31 0.00045305326222127955 0.009355208751554852 -0.002242952292141581
32 0.0022476880762365495 0.005714301109200565 -0.000999123684577219
33 -0.0013038760637168016 -0.05008581308356566 0.02781565085559061
34 -0.009840463429524784 -0.04880263019602757 0.015750190931113822
35 -3.719997718538981e-05 0.006987886612690598 -0.0017000780568050267
36 -0.0003296002572036223 0.006416251365725318 -1.3214992609505982e-05
37 0.003595385226078919 0.004105130790314805 -8.589655000347529e-05
38 -0.0005463173153132245 0.00779751999310432 0.0013423284994366763
39 0.0034076587703413957 0.010244285551805392 -0.004744130770881483
40 -0.0014564082634209857 0.011332987294513158 -0.005708091316691408
41 0.00017630521610424547 0.009110021738692832 -0.003919817340789396
42 0.0007865743362918797 0.010984320701260883 -0.004819639422703789
43 0.005391195198531783 -0.0564788785097238 0.02052598028670905
44 0.0001805184375806004 0.008141723718893495 -0.004034376259673816
45 -0.0016281846683857543 0.01069681000199224 -0.006728833442115764
46 0.001869524594998602 0.00955960114574133 -0.0014587127784983916
47 0.0032434429173660018 0.00833011216569736 0.0007905848191345488
48 0.0003933936195177172 0.009769044426629375 -0.0009166196714489733
49 0.0025019017379358105 0.004528949600488497 -2.05421851494636e-05
50 -0.0017263141240926073 -0.04975432781149454 0.023788653005237408
51 0.00091433870871091 0.002158501669221654 0.0013913330207152852
52 -0.012873455829451708 -0.05263255653828486 0.028278154072646194
53 0.00529199174366525 0.006336852660676087 -0.003197350589483311
54 -0.0020595011145779635 0.0061539987122155755 -0.0019413019952078392
55 0.013974012778060124 -0.046167326333897654 0.021062219915275765
56 -0.0031465754245788985 0.007593926519237489 0.0007423065288875985
57 -0.0009602055845517694 0.009409197618909931 -0.0014297713061380973
58 0.0018160919764473767 0.012024456439197423 -0.005575290465896027
59 -0.0019101873994550912 0.009090098480067609 -0.001508944032925022
60 -0.00018988396968774857 0.011885878599844395 -0.0031219743956995977
61 -0.0025994063511967716 0.008932642375865465 -0.003799278010526569
62 0.00010136481780422674 0.013305254648101943 -0.004919483504304753
63 -0.0007961260648284701 0.003907843163537674 -0.00032772772651078197
64 0.0023189189241386715 0.007429776773179721 -0.001225765775229537
65 -0.002868774671661911 0.010959860236946006 -0.005117069429244066
66 0.0006324651560980204 5.7759425743968834e-05 -0.0019434269135163162
67 0.000681164717450819 0.013191181288375202 -0.003703723023015873
68 0.0013775741132815884 0.005492746079054674 -0.0019049029296469566
69 0.0017558084890544265 -0.05003310801086634 0.011015841207733378
70 0.004433284461403772 0.006650039973616484 -0.0006390082991622609
71 -1.1589154666265256e-05 0.012565939322091895 -0.003703620281279088
72 0.001308921326898163 0.011365507561587336 -0.004478832295670962
73 -0.0026721184495989703 0.011316641934784547 -0.004369341313828462
74 -0.0005567889543668103 9.498348284664448e-05 0.0015112159556484525
75 0.0005574019119247257 0.00811783531012171 0.0001017994917456716
76 0.0036936900641781874 0.006661965535514871 -0.004581544197545438
77 0.003730389057893295 0.009194477282666608 -0.0033131496756001327
78 -0.0032839911770723568 0.003759257501072647 -0.003106368349295896
79 -0.000532782753412224 0.0064976964575144455 -0.0033856894535662235
80 0.0015996980161154806 0.010546152961641894 -0.0062121236322147805
81 0.0009752216174079426 0.005935607025220422 -0.001816847108064304
82 0.004498688210850345 0.00795069041983712 -0.0033122106399583184
83 0.0040773723476603685 0.006024144744842846 -0.00025603714098407226
84 -0.002151866161142938 0.007042537536777815 -0.004196772032903057
85 -0.0021045872052733988 0.008812786453092514 -0.0027664315266617695
86 -0.0001326085312779758 0.0063942659915750474 -0.0015862622203760834
87 0.0027831286880874075 0.011252289552150584 -0.004510354001829225
88 0.0005919408191332395 0.01014110168553961 -0.0005027507002858256
89 4.417169535501919e-05 0.01093056813271618 -0.0028033227009288467
90 0.002534865642777981 0.011019190398755716 -0.003531492964954086
91 -0.0010807153450481943 0.010447362860584314 -0.004136044546212719
92 0.0002519532921468823 0.004649239253140598 -9.386785813469967e-06
93 0.00532048117558185 0.002053355200066019 -0.0008192721724317592
94 0.004158689696403859 0.006479678547369163 -0.0036161949973450014
95 -0.009045370833031627 0.001383356858125715 0.0019301568544275866
96 -0.001674839814392312 0.009750868636755769 -0.0023541363639084725
97 0.0065865002291639885 0.0012026460314291786 -0.0056231985876549415
98 0.0009105841597129433 0.003195462815144318 -0.0012395048180953994
99 -0.003676995667470524 0.01284360355949905 -0.006357090317891348
100 0.0025426491439636215 0.006954068596780046 -0.003943295752083728
101 0.000475738383922876 0.012048363902153053 -0.002389125317339487
102 0.0009502355720901468 0.010953009932906765 -0.004517245071888956
103 -0.006772550039773992 0.000786168227299008 -0.003272872623720724
104 0.006735231000700392 -0.04355497187683449 0.01954671386446761
105 -0.0016997502888371234 0.00898604643334058 -0.003459337258029979
106 -0.003151883467992979 0.007875778520585727 -0.0053279666074997
107 0.0008832790325742522 0.01332270920990325 -0.004615939384172978
108 0.004265776103304965 0.001695078873197418 0.0012018645584979393
109 0.0015233450376368751 0.010414670500835672 -0.002887663169139021
110 0.0028320299502219513 0.005654986622497514 -0.000743697375233443
111 -0.002051336965258485 0.007402142782192803 -0.0035585670489782506
112 0.004601364309860696 -0.046062456792951706 0.017074263039139052
113 0.001175142251304273 0.007282176551059345 -0.0029582830150778963
114 0.0036714266587598784 0.00987631768416862 -0.0008138054041309517
115 -0.0010803280519404278 0.010306352000490793 -0.006171701326517641
116 -0.00020448257859393554 0.009586791723001364 -0.002301000782074042
117 -0.004339915225615554 0.009084139159237573 -0.001262538572718075
118 0.001697648123048713 0.006779814868280028 0.0001367311223288703
119 0.0016160499942824633 0.005449605669656205 0.0002973803515541537
120 0.0011844867428402908 0.010056666280926559 -0.0016178816155978798
121 -0.0008004230189476817 0.002002297181815587 -0.0009556854705405973
122 -0.003590990794911113 0.010788128083066013 0.00017878935363671578
123 -0.0005876061303071182 0.008703998707919079 -0.004076638583218828
124 0.002993797934306883 0.007936912370832185 -5.076661347981626e-05
125 -0.00023650018163573483 0.009050533105499435 -0.004744545789100288
126 -0.004049681165908335 0.0045868011713825554 -0.002205904819778816
127 -0.0005148954065117943 0.010252962221636963 -0.0009884307253785612
128 0.0016334103781793854 0.004293172599084712 -0.00532141567827106
129 -0.0008849473399899499 0.007638206349583926 -0.0014342971015246647
130 0.00038659220320166193 0.005367213308853196 0.00018540306736565537
131 -0.0018720414702870667 0.009151918886921951 -0.001495820875094353
132 0.0021109263556859928 0.013484595360004585 -0.0032794030669395235
133 -0.00031596115005829567 0.010390592390099632 -0.004576760488633633
134 0.003229583767714664 -0.04909672780228068 0.01160264343138042
135 0.0055142141742125644 0.006458549763121629 -0.0039121215977486745
136 -1.6703746075812098e-05 0.014907501971213738 -0.005408992132534443
137 -0.0009412329673836638 0.006317299534231314 -0.00428453901169179
138 -0.003765840993861137 0.005312920272313303 -0.0028422915950580413
139 -0.01390212967574564 -0.05375856362120651 0.02171740454186076
140 -9.213255722242963e-06 -0.048440272483956215 0.021298302266978535
141 -0.00022679636256062521 0.005419179123058011 -0.002613478967881569
142 -0.002472374702501126 0.00576322294192759 -0.0009521442866623903
143 0.003454549546958445 -6.39613669130186e-05 0.0018793350954601218
144 0.002439502496574073 0.004261578826310992 -0.0005657308322378624
145 -0.0021051658115929005 0.007040995226258326 -0.0027873497812870573
146 0.0023598221454151046 0.007057511687136919 -0.0009551149544864551
147 -0.0015273933914589852 0.010992318261368803 -0.005083696466379253
148 -0.0034384872771169913 0.008746997954522532 -0.0035848079512915826
149 0.0029563323051415916 0.007269412573585361 -0.004125094883682345
150 -0.006864260594353716 -0.05407576923128253 0.02333716544845771
151 -0.007451566139764873 0.0029395989224614075 -0.0008081908324982442
152 0.001855429625416253 0.008297245161521794 -0.0011440775566124578
153 0.00023273100804072078 0.00850838179602562 -0.003900440931147456
154 -0.005752891837893362 -0.04438271251873531 0.017902109736216566
155 -0.0017517508500173914 0.01236107006982757 -0.005126000348765702
156 -0.003285340411308615 0.01005913862522697 -0.005748709679734988
157 -0.004679826982119918 0.0031953992845236076 0.00125447377201085
158 0.0012651986634322453 0.0063402732799697666 -0.0032005661345819447
159 0.004578955389285218 0.006205262524010234 -0.0005471133726252103
160 0.0018463516868560403 0.0066396482347920345 -0.0007279468973431097
161 -0.0016718376911618316 0.011949145810901708 -0.0007556397600807924
162 0.0014404390097190294 0.0032164973073830257 -0.001512476303968474
163 0.0031389382298149977 0.006230174128692846 -0.003261728190357603
164 -0.0017350481992899208 0.009042149276200555 -0.003627425890467592
165 -0.005465343492422982 0.0006011704316714293 0.0004637586639131275
166 -0.0017404842482460006 0.004069428813461399 0.0013571548409214151
167 -0.0028701186368641912 0.005373416489491212 -0.0010714635541609202
168 0.0026840841650939556 0.007740617428861061 -0.0006979475185765888
169 -0.003759179154713868 0.005779535342833781 -0.0021024407990510655
170 0.0005020382123825939 0.00475651640141686 -0.0016911517390662545
171 -0.002039027022375267 0.011984854004566465 -0.0029459463832769844
172 -0.0018174259986886432 0.00735528679929251 -0.0030076785958461777
173 0.0028551119238604053 0.006960912610805508 -0.0047757343416921505
174 0.001593607478716081 0.002283071062292745 -0.00026782389908662496
175 0.006209538726709582 -0.0007527334151268654 -0.0012510924332855833
176 0.004473998476922009 0.005812134241785592 -0.002566573374683044
177 0.0007135866183003194 0.008310935931855334 -0.0049213433656313255
178 -0.016025898661366472 -0.05278088750922466 0.021743702086066435
179 0.0013522397154827116 0.006916368344728212 -0.0034059529057494375
180 -0.00574054677504357 0.0036028808910141333 0.0006061830325287884
181 -0.0002466236960273066 0.010100546501847158 -0.001973624385944006
182 0.011319578010946546 -0.04493774957751054 0.021803312119924707
183 0.00037007402844382864 0.008324580440769096 -0.00543998932293481
184 -0.0010055902523540064 0.012915706565086067 -0.003673091659887384
185 -0.00022909339154383174 0.00755036155782144 -0.0014598468283911065
186 -0.007582871821186443 0.0038297180750379717 0.001146264811113365
187 -0.0014902715661914284 0.0058524508407009 -0.003669026709506057
188 -0.003955049214376727 0.004080560176868031 -0.0003495309615544201
189 -0.0028081029857524925 0.009456602430193577 0.0012525589510206242
190 0.002636444693083856 0.005186511903897753 -0.003103060769341262
191 0.0010307797886394245 0.013304079675409955 -0.0038869630432542338
192 -0.0060921915228189655 -0.05102168494207182 0.01727967230289
193 -0.0029842754549634608 0.0054691321795722475 -0.0013300775682596883
194 -0.0009724407572153405 0.006827768561449166 -0.004897954032936927
195 0.0017219011784188696 5.361253688406127e-05 -0.0031492072865985238
196 -0.00020515514917896285 0.010703044753659657 -0.0043852359997175044
197 -0.004225370210089629 0.009351544959283573 -0.0012618157990387027
198 -0.0010434057748179171 0.008214051312776652 -0.0050645863261617186
199 0.0037523566349643503 0.010172835944016884 -0.004626611964997002
0 -0.000820172765905465 0.0009375085708750418 -0.03875552336313713
1 0.003794749576808837 -0.0005488164303004139 0.04020370500323322
2 -0.000672842902131484 -0.005265728821919762 0.03352400039729199
3 -0.0033917057655291644 -0.000586799471759103 0.04370487064404083
4 -0.0025601833484976133 -0.005000759057523736 -0.04682836030037146
5 0.0038715616281989607 -0.003953568553328957 -0.04969361001838465
6 -0.004326412548634664 -0.00899007532815575 -0.04917065766000066
7 -0.0007799504905545277 -0.0004729162011452674 0.0377278171363119
8 0.001357352861983315 -0.0007333886753546279 0.040364148500667246
9 0.0012956391228497281 -0.0031359965654817502 0.03536562698709177
10 0.0016623439166087092 -0.0035976300945204593 -0.04923384010882892
11 0.00409709708552888 -0.003991207999111651 0.03735051329638335
12 0.0028269454228603656 0.000128296115283498 0.03925693978605232
13 0.005652387628137467 -0.003827044440501262 -0.03860270184129317
14 -0.003994283163097745 -0.00762373087131913 -0.050818246716390486
15 0.003930059479946107 -0.008423235922895605 -0.03857057889516273
16 0.002681482324788643 -0.00894320907595407 -0.04271580027121307
17 -0.0006987616484160977 -0.004036196623403286 0.04115944461037274
18 -0.0007981801965973988 -0.002113585302827632 0.03452910448848309
19 0.000899137054436042 -0.0040069859897615984 -0.0456722146354505
20 -0.0009407104272783837 -0.0007386824997344388 0.04161184847977313
21 -0.0015537809322122668 -0.0027957528821421704 -0.04382982029421223
22 -0.0033288715994893997 -0.0012994469407401153 -0.04480160183132511
23 0.0020264091223532177 -0.0032709648670859286 -0.04906610419318239
24 -0.0019126185558377175 -0.004437649371744561 0.03785955632758022
25 0.0013385687125977846 -0.00420799050789767 0.04319035503714355
26 0.007680585509521873 -0.005878338483022032 -0.04233365192998026
27 -0.0007778368557044713 -0.003274576678637668 0.04352112656341678
28 0.0019947288480280413 -0.0008373017866138976 0.045396982944756116
29 0.00256470172745607 -0.008681480544635274 -0.038564771928206634
30 0.002808636624623634 -0.002775568066266075 0.04059332921715955
31 -0.0011399422470219423 -0.0020858666958810876 -0.04206952674507074
32 -0.005834853271544774 -0.0008659071702033757 -0.046184128662991215
33 0.0008622948946003023 -0.0034754806433477115 0.04204834380006393
34 0.0009095162568905843 -0.00012649170842587987 0.04276372197115367
35 6.895792511875908e-05 -0.003550064712362199 0.03577905504201874
36 0.0007450205529044227 -0.0038682602210334113 -0.041829593221804996
37 -0.0007694927347516867 -0.0009763856345819041 -0.044847284874148546
38 0.003144434841283277 -0.003614938105033362 0.036640564317884664
39 0.0045612897383004725 -0.0016659693800475106 0.039045807791544845
40 -0.005983648898858725 -0.009995789497783548 -0.04377424134991592
41 -0.004834834853094598 0.000516185580798155 0.04472389926070573
42 -0.0010445272653191121 -0.00713301964311645 -0.04307405228793849
43 0.0025620692814507934 0.0002392103840556381 0.03629492031710569
44 -0.0013761205896935906 -0.002017633294461492 -0.039190710355899494
45 -0.005743528148707336 0.0010217261917661313 0.04016232085249441
46 -0.0034095517204119027 -0.0011746540249664428 -0.042703826385984245
47 0.0035946367159855955 -0.0025919839256743626 0.041014962663091216
48 -0.00073819441350979 0.0014022258977769916 0.04424079363767883
49 0.0053977669544610085 -0.009177394564404582 -0.037793744050897596
50 0.003844222075299563 -0.0033341864438044544 0.03601648446403161
51 -0.001200014779174502 0.0006380875160223211 0.04490867279613704
52 -1.85149558999953e-05 0.00018521707724877823 0.04183175529376405
53 0.002204753483712428 -0.002840316546451352 0.03778360205717676
54 -9.054007141134218e-05 -0.0017476788295003771 0.04506687806578742
55 0.0015620116742439405 -0.002178414529868611 0.040318429955800386
56 -0.004916552106506683 -7.814930856554368e-05 -0.04160463057218
57 -0.0004215309665472986 -0.00430002069091805 -0.04313664674742722
58 -0.005831437079477862 -0.001955293280819226 -0.04335836029136572
59 0.0014695193963941283 -0.0038684732085920628 -0.04018213946291424
60 0.0028212010847938687 -0.003887895270386875 -0.04688648978748965
61 -0.0038728588654952864 -0.00878416055625214 -0.03712284261149133
62 0.0022634819063193663 -0.002645836302143739 0.03832999138024959
63 0.006879108058636091 -0.006830426487550261 -0.0402800970594564
64 0.009242944621562041 -0.005799406833071088 -0.04359935402318192
65 -0.007884759547260381 -0.0010493804353216077 0.03747678971145492
66 -8.739741133862756e-05 -0.007533446020343943 -0.046694453657988494
67 0.004077408429074669 -0.002347088370515754 0.04526441597128669
68 0.0004640551873528881 -0.007229603815682659 -0.041420067703410224
69 0.0036645194921224415 0.0006696538741403635 0.04230829416860543
70 0.005362601310633416 -0.0038854953805500525 0.041836439208806774
71 0.0028678312497380128 -0.004495137756012065 -0.04572774202374409
72 -0.005054538129502287 -0.004503453036483579 -0.047913958301294274
73 0.0029906110120587782 0.0019487317879134866 0.043633104627377683
74 -0.006068200187144136 -0.0019089189524754274 0.038225085389755345
75 -0.0005597688337370434 -1.0666436137597712e-05 0.04045250577757227
76 -0.0026415995002158927 -0.0027738490547898342 0.03737385990246772
77 0.004559813318407727 -0.0055779108905811585 -0.04315627839638717
78 -0.0033867026411740983 -0.004499703516598277 -0.047571827369802075
79 -0.005062427813989197 -0.0014126977325018253 -0.04511746383614727
80 0.0034893280397167957 0.00033557933971674336 0.04060019769498462
81 -5.6361694905218e-05 -0.004814543633065632 0.032452215440547355
82 0.003967627439951368 -0.006224278155355152 -0.046382313782032586
83 0.002971351039714895 -0.006614950334670017 -0.05080325493615268
84 -0.0014531632887204333 -0.0038638098698565004 -0.0463251810648313
85 0.001311775916054166 -0.0067553665069027165 -0.04296292316048483
86 -0.003983015911861048 0.00163859344838925 0.04018467738741312
87 0.0017844339902057544 -0.0022248155497547953 0.044176253636780655
88 0.0024560567279355017 -0.001986920671936898 0.04320836647929678
89 0.004889163842464468 -0.0036954474576412974 0.04002398858038255
90 7.951745094706558e-05 -0.003281398180746552 -0.047511373163846335
91 -0.0021713176854038577 -0.0037421851339549395 0.04164626847393844
92 0.002236126164667368 4.532060529728599e-05 0.04234526151033656
93 -0.00033224701645786364 -0.0011188270062586006 0.03862880953674014
94 -0.0025220486168429633 -0.0033905569309320913 0.044110804921212596
95 -0.0074884802287923935 -0.0034124510503625097 0.03611289706274473
96 0.002282213531532177 -0.001889412679505334 0.039312091231566045
97 0.0017610359694381628 0.0002985719160443004 0.02843841234216774
98 0.001006462610611908 -0.005378648308323618 -0.04372934150911752
99 0.002808131773814889 -0.003964431392834067 -0.04871339958584983
100 0.00042819086888823063 -0.0038075131133388173 -0.041542391252424614
101 0.00200492842053172 -0.003439690953475835 0.04646530863797725
102 0.0014841117472969567 -0.007664169742963081 -0.041829420758054334
103 -0.0021821702832543755 -0.002136540374647016 0.04630223901882351
104 0.003779346063038036 -0.0008878536644950641 0.0415059333060204
105 0.002049441755505022 -0.003411641956764286 -0.039902267357182754
106 -0.0011460349583162603 -0.0009706922720333841 0.038051746726637886
107 -0.00015566077577971885 -0.0024552237323885936 0.03975272554640947
108 -0.0022065090335261286 -0.0044318625360800735 -0.04335776906638353
109 0.004328216507258051 -0.004805956043365046 -0.03818295687721336
110 0.0019225622264004592 -0.007532204280998811 -0.044256629880887986
111 -0.0031072234179873523 -0.005022045974981491 -0.046508398504460924
112 0.002715610519299791 -0.004068681473556879 0.0441899273105681
113 0.005875866955246181 0.00019305574926498786 0.044592143127659
114 -0.00530305559507456 -0.0022727511970391037 0.04042690411447843
115 -0.00018067963046305632 0.002555582000045818 0.03760441293670634
116 0.004059853800838488 0.0018791065048099909 0.0387576149028508
117 -0.0032290194970911873 -0.0006695761679039215 -0.043102666637554264
118 0.004629177741322495 0.0018621948231276435 0.04339390924333926
119 0.0017188426668721495 0.00012300294572082857 0.04056113947236095
120 -0.0020101281499779896 -4.93295909980776e-05 0.04217579657345537
121 -0.0020955551390385956 -0.002975025531143361 0.034322081911319094
122 -0.0005179212081784105 -0.0047891626051474396 -0.048743375879593105
123 0.0012550431241097058 -0.005293666279943933 -0.045251018236795434
124 -0.0013318769679011005 -0.006625166995238214 -0.043421100486918725
125 -0.004083658944737813 0.002640506756776101 0.04323186353631728
126 0.004229455784092874 0.0028638908101762256 0.04269235674851886
127 -0.0011914929761087708 -0.0037231827493726527 0.04177686179183064
128 -0.0035235384459658924 -0.0039408806484138945 -0.04359376752496845
129 -0.0017187843349278573 -0.0026655958338369923 0.04099406620516142
130 0.0009706619344459072 -0.0017907113404556502 0.04236269715113786
131 0.0017774267163987824 -0.009813761814827963 -0.047236196968170246
132 -0.001357187840345801 -0.0030438460133882447 -0.04380836406963439
133 -0.001967670703418623 -0.005508046787952321 -0.04105957965072006
134 0.005190395562179248 -0.0004010290093239832 0.04173554681717585
135 0.0024996148345969374 -0.0035392088409957646 -0.049475287494090844
136 -0.0030022732031066007 0.0007261503242300196 0.04104109397085859
137 -0.0009947172704663602 -0.002871009464157713 0.0442104782113394
138 0.0046683850713712845 -0.0038691776375151246 -0.047185257677761716
139 -0.0045560534354568 -0.002966281311917174 0.035266926313654384
140 0.0029593807849461334 -0.0014618450666303573 0.041014228107216076
141 0.002396152103599173 -0.009597176514594616 -0.04522697024774728
142 0.0030156441255604696 0.00043300848790080865 0.04268234585876384
143 -0.0015886937585604909 -0.0032522387503706243 -0.04792482371671217
144 0.001736677654518147 -0.0066596328219411215 -0.048030346269632096
145 -0.0009535442316696586 -0.008759787950273684 -0.040133574918496874
146 -0.0013322297139377118 0.0007943952342443772 0.03873107946982593
147 0.00484457016772516 -0.000675330539497497 0.04243921424205374
148 0.0029269058122707615 -0.005293035807743008 -0.04082612474356534
149 0.0014469918882091468 -0.005482499275045867 -0.04195089502480628
150 -0.004029903928014056 0.003089796974096254 0.04421423642637053
151 -0.0029452153247882945 -0.004663578629818803 -0.03837970827734816
152 -0.0016793058524454188 -0.004979164835026867 -0.0494773781372895
153 -0.00023947526104593775 -0.00018057744051248187 0.043161602503724965
154 -0.0018715799946345257 -0.0016319848984826246 0.042395776037434364
155 0.0027583398218648907 -0.006810127976644707 -0.04576444432591866
156 0.0018145550055126483 -0.004161846004950322 0.03627981546420938
157 4.027526624217348e-05 -0.0009034295090380867 0.035414594683013924
158 0.0007688356578053612 -0.005597479076206103 -0.04927714079765947
159 -0.0004975132213814321 0.002980334046169729 0.039219768163315474
160 -0.0029036562981071268 -0.009127397552957973 -0.04287493427488627
161 0.0004020737679308658 -0.0010003116724672523 0.039755768541236705
162 0.0006433866064026426 -0.004180444919033112 0.041869053724922674
163 -0.0005496225333164479 -0.004218282148152126 0.043172258919114664
164 -0.007309392091344777 -0.007330385976781224 -0.0415787107702205
165 -8.195814784744959e-05 -0.002485215153498449 0.04447252023491746
166 -0.00529511589252726 -0.0066002532133884045 -0.0455437175808514
167 -0.007315237349883347 -0.0034647233224300708 -0.04537997242441695
168 -0.0001764589688453 -0.004295225246950472 -0.034913646942620724
169 -0.0042270911210901055 -0.0010195746861198438 0.03840438261411952
170 0.0017469775120925214 -0.001797722849825649 0.03969994196730038
171 -0.003920193078182893 -0.0034764522609445642 -0.039714331241220174
172 -0.00321202300991999 -0.00042172357807362254 0.04710713778024463
173 -0.0008960482220701192 -0.001754998914713221 -0.04160757132623222
174 0.0013760760288696328 -0.0035751281427658446 0.04682544262988312
175 -0.0003769988501371585 -0.007205350932894879 -0.04835202754088301
176 0.002979425432034874 -0.00559287796527759 0.029579229638620662
177 -0.00040178586977066694 -0.0020873753057516686 -0.04116677838591429
178 -0.0024455907470843086 0.0014933541084966306 0.0421656118065187
179 0.00011486605872195778 -0.0028486568570391404 -0.04315941770822562
180 -0.008100173775211425 -0.0006217218166971843 -0.042470687748159305
181 -0.010302607329099031 0.001248866444030626 -0.037907323490200706
182 0.004465278807267464 -0.0020954272458893752 0.043356216069916215
183 -0.0038337926074825807 0.0036449288200210914 0.03875469339028171
184 0.00020391147386610714 -0.006071566593770715 -0.04016921283424267
185 -0.0016910716232462798 0.0005086300960443838 0.04212333085256758
186 -0.001811963016295104 -0.00014491476701577674 0.03685757740840004
187 -0.00016819285106864368 -0.0007621664756318688 0.040620059624938795
188 -0.004189782439600692 -0.002049819906798006 0.04069647647570581
189 0.0006986111203562545 -0.0029150454428313165 -0.04320079670360256
190 0.001028154776021216 -0.006995848170428734 -0.04518581156672587
191 0.00230051876397716 -0.0034234045856578015 0.031234970418943322
192 -0.0015794864081267734 -0.005318141786963382 0.040239725240473985
193 -0.001510725286790731 -0.0033577809962508365 0.03360034711892325
194 0.0021091464711984753 -0.004828211472095936 -0.04288480042503884
195 0.0005629729707800016 -0.0002619933085057629 -0.04257970633971557
196 0.00013792692947231164 0.005756751642393358 0.042956298896354286
197 0.0018658762404570386 0.0004888846034487304 0.039165729958261716
198 0.0022193849045772946 -0.003554205256808822 0.044409882415102915
199 0.004397893451785956 -0.0033958274120099614 0.03882495976614818
