200 3
0 -1.1749712106767785e-05 0.03141012615116145 -0.005421003469176348
1 -0.01025872819668193 -0.019988214310540472 -0.012610126919439552
2 0.01016125156077892 -0.014585123762066457 -0.027494201012657607
3 0.004443000296404542 0.015929511769940792 0.001484703300263025
4 -0.0071739628233172675 -0.015381386609129855 0.026959381357104593
5 -0.013101237666470516 -0.007575645776419587 0.01978190856047855
6 0.00253048266920761 -0.017340449967349736 0.01727263912806626
7 -0.0062673343945602415 -0.013234646395577995 -0.03126012535412781
8 0.001128195595729766 0.028459512044721323 -0.0073485491994698116
9 0.008311478131152478 -0.019435394771031927 -0.0069318514887036844
10 -0.007180742551931615 -0.016149401089844424 0.018002491174894962
11 -0.01904233982638781 -0.024631439196935813 -0.021846017565732415
12 0.015207862493261053 -0.005507590695184519 -0.023908194118103868
13 0.002808501443563219 0.002213760464481379 0.018173249781548183
14 0.004524473967285475 -0.01601401646768514 0.021106688545924325
15 -0.0003477012625329248 -0.01115872067279565 0.03339677805127652
16 0.011549734925964047 0.02266587629131521 0.0060262917167430135
17 -0.005415854751769651 0.02943479863884301 -0.011823866582588482
18 -0.0035353816831598384 0.021975292178057437 0.012992445309330924
19 -0.006467369140043859 -0.01109290615580144 0.01520499273808211
20 0.016473119916038267 0.026485782579805633 -0.004121078870407582
21 0.004492677538872912 -0.008256199777455304 0.03498054301622146
22 0.005839833502840987 -0.012309219507206502 0.018571396871328125
23 -0.004662051831397042 0.029367149618452312 -0.0016529413470325119
24 0.00789761880677272 0.02901644953400924 -0.0010329748870555016
25 0.013170279973185525 -0.027691583823451542 -0.019911952787705738
26 -3.2203630878895745e-05 -0.020411616973902563 0.01324037083762078
27 -0.0045649324201040425 0.015679776306435043 -0.002260755069584783
28 0.005990632817819613 0.03151964969122968 0.0001221635988642531
29 0.013660311433991545 -0.011332221756674699 0.018713410934335678
30 -0.013140590318119962 0.01078821498333624 -0.0038932472868804043
31 -0.0012510806011009068 -0.005484088544624413 0.012145101613625253
32 -0.006986978275890024 -0.00010611937612567575 0.028723199506226454
33 0.0016436915455204236 -0.02174969658885676 -0.014835220232607249
34 -0.015514971476824 -0.011780851182351412 -0.027142905702681443
35 -0.008458344442771007 -0.00653972095101376 -0.021563802539214902
36 0.010454645844717128 0.031506244684139886 -0.003034678572741624
37 0.01262712609770314 -0.009486143039598955 0.01860656389253111
38 -0.011162526456339965 0.03349378742743234 0.00389392076605519
39 0.0098455858098195 0.024355514369117585 0.0036346994902718855
40 0.003227923211600675 -0.012819832136787897 0.023438172449107793
41 -0.004877911605818169 0.023179806237502924 -0.002166595721605438
42 -0.00016856575750932162 -0.006569517225943559 0.0265334744593091
43 0.009986750348418096 -0.00502041915576526 -0.02627928321302741
44 -0.00894372447039677 -0.017281351050306003 0.019769935337572653
45 -0.0043194888275463125 0.03230020740722513 0.005046268182618394
46 0.007492631642216058 0.01012429741377615 0.0047768510993554955
47 -0.003285460757851865 0.0233989924168577 0.004809272793842592
48 0.004091910023110407 0.02945139185743907 -0.008358180892411658
49 0.009724225301835268 -0.023078693858845437 0.0316930992314587
50 0.005208853577535255 -0.010912976254089504 -0.022192557298400833
51 0.016194026306099188 -0.010015136382142156 -0.015293178791573457
52 -0.014890430176978255 -0.019263690671782872 -0.025117626507997273
53 -0.010389396317546332 -0.012521127235794629 -0.019518511699644272
54 -0.006365136118572826 0.023484843411096516 -0.011311355358453084
55 -0.005690782986163139 -0.014232289232488083 -0.02959404223846046
56 -0.005595972512273875 -0.006575210793201675 0.028844208546393933
57 -0.0009987028283158037 -0.014091825522286714 0.030456414740982464
58 0.0013606727175761793 -0.02359361251634875 0.017112985083020733
59 0.008756098368255007 0.01451351472390669 0.006869707090466949
60 0.007604726724802356 0.03535775454142733 0.004054895916857353
61 0.006451818364080236 -0.007822627007884317 0.015280456516711692
62 -0.00011791044113272382 -0.01918313706568729 -0.026001270558234882
63 0.0030809892972132012 0.024894655368096985 0.008532076450598345
64 -0.011547617275168384 -0.005643558886783155 0.02227496949331815
65 0.010612891105400174 0.02157714073353388 0.0029941503370134086
66 -0.003039152374353052 -0.01320809489699534 0.02066999229245857
67 -0.01078325817167422 -0.010252935296878096 -0.02367267065338883
68 0.0016899700199805123 -0.017417515559210558 0.02380785795629193
69 0.013893332005135803 -0.008671140582567849 -0.02453178831170906
70 0.01632516454773146 -0.01926861920486798 -0.018085757031814108
71 -0.005092155308714777 -0.02178494909682431 0.02470659646684368
72 -0.007000229808644676 -0.0031233108791154374 0.01420065571131271
73 0.023075268843858215 -0.011731443664885703 -0.03384727855431863
74 -0.0019911389676417063 -0.01237144743975669 -0.018167864923328322
75 0.0019241416597788538 -0.019271912932316483 -0.013160701220264255
76 0.003591198493806874 -0.010445248098432655 -0.01735280335573411
77 -0.007359547088805797 -0.02200143821279018 0.023924873709751784
78 0.0013360838649916773 0.011456405872084394 0.005474930284238788
79 -0.006985802851349365 -0.02255910332777736 0.02592047907339446
80 -0.012150133600279625 -0.010652011626609323 -0.023424427380281068
81 -0.003426382063973551 0.015972921132239914 8.111944781220154e-05
82 0.0034847644256667245 0.03585041819564937 -0.0004212075143989391
83 -0.010433680166200852 -0.003887257449018156 0.013456290399177472
84 0.018148030700549836 0.017120550826996414 -0.0017031683384574562
85 -0.006695218836315936 0.0189508707617439 0.0005249422826719967
86 -0.005121316557806951 -0.013976050906465205 -0.01811354408340448
87 -0.0012969155351073708 0.024433799951613218 0.004364133434103426
88 -0.0025157673336239986 -0.017249438605041065 -0.01675273708225687
89 -0.0004664740679129085 0.015635586170916843 0.002279633665911442
90 -0.002549572833173199 -0.0068895177026587415 0.021149625897309066
91 0.0010689545075333613 -0.012708146348049378 -0.02951649016136263
92 -0.004334397285814695 -0.007358840082014158 -0.028147495198789535
93 -0.004906012769241769 0.016496693181323942 -0.00713400830515327
94 -0.004119788553610896 -0.014904297846895464 -0.012057565029947502
95 -0.011998894895489012 0.01771678693285885 -0.006186873269424026
96 -0.013713270992432747 0.02173154352294361 -0.005414953741229588
97 0.004850319330150711 0.026831474735967087 -0.003147279188837
98 -0.002846518249517224 -0.01349156753261925 0.023667734311432584
99 0.004743341187158509 -0.02283841231496165 0.02082155144895048
100 0.004777437197928339 -0.015078766673499042 0.017897668220734027
101 -0.009522035846496179 0.017865582935122012 -0.00013049753106714754
102 -0.0021434080085602353 0.022373914774244413 -0.006150299384158936
103 -0.004538802861332014 0.029161524827263648 -0.0029625599491059588
104 -0.004109211365318374 -0.02310305927311731 -0.02606803877344642
105 -0.0022970616794148087 -0.010498318660434117 0.04318308782031663
106 0.0168768983625351 0.01667207298692507 -0.015890451810112984
107 0.0057739497143167295 -0.006520561313418358 -0.029531814096679793
108 0.0032513548342486837 -0.005798976123388706 0.035740226320361036
109 0.00889891647673988 -0.009435257454277209 0.02732165045840683
110 0.008914595226349789 0.0012339676469711562 0.01783584455368041
111 -0.006708958934572074 -0.017534997629123958 0.020423682506174018
112 0.021772394642115722 -0.01754125665044666 -0.01860815205607632
113 -0.01587363440583542 -0.01482899298438577 -0.031368656252230114
114 -0.001048225306451385 0.01854669580177691 -0.016835247528709872
115 -0.017576023849584885 -0.010230471994224818 -0.012892865191868483
116 -0.0008591669377343188 -0.031392321428914016 -0.02187667100919985
117 0.004353803122917593 -0.018476681974087673 0.025430014483785096
118 -0.003497870047609263 -0.01047487623443162 -0.0191520585093794
119 -0.001059663232450974 0.031225404143081503 -0.0037754464169334687
120 -0.001315233753672533 -0.02196886733685497 -0.017187813677375915
121 0.003976943725408341 -0.011896768261379084 -0.017899637707475644
122 0.007760818331332284 0.023365640387374778 -0.011475086005508391
123 0.0026377631250263413 -0.015345533161111886 0.03151870720454889
124 0.002418336599129031 -0.001188720224631061 0.026007744040259663
125 0.0012186655334151704 0.031083521938841452 -0.0005063744802789516
126 -0.009873241870613824 -0.027400302260603228 -0.02739866134400057
127 0.0009525622098072659 -0.010414654134327715 -0.031408586885178294
128 -0.0071205985881756875 -0.010190848904333093 0.032261239564911066
129 0.004959851881819858 0.024024819211760418 -0.006054351150581142
130 -0.007059810417358953 0.015231673911991307 0.006716688187165908
131 0.010734008818447768 -0.015375308892694523 0.03313796685392881
132 -0.006708665691100131 -0.015588624000219223 0.017722402780991957
133 0.00021129697993310312 0.032846728507273285 -0.004071570539691481
134 -0.0009789089309888222 -0.005163636439848247 -0.03532858701551061
135 -0.003440762647683067 0.012751714639111282 -0.0064094201957605595
136 0.021158846926066135 0.02605574651662803 -0.008037800371944622
137 -0.003313776071228139 -0.029610657015827442 -0.0029647541440717268
138 -0.015794805434600087 0.009154129829052282 0.000442018013792615
139 -0.015870281456066122 -0.005562272886929633 -0.019699317550047953
140 0.00467428012191147 -0.011957702747657863 -0.030717713306545727
141 0.0031579689278166284 -0.01131307582969071 0.024034704088023266
142 0.0044646418315756956 0.01710676396622965 -0.005118449414669027
143 0.004286244024755144 0.02783359592851392 0.004192482990282713
144 -0.000517572970842723 -0.009230830226820547 0.022391698958706102
145 0.009859214637229798 -0.014826844232973282 0.027508853557681998
146 0.0030671127510128347 0.025280326804513354 -0.009622688158727114
147 0.0021407402755540105 0.029599042304543743 0.0012966644046607254
148 -0.0056923878013162565 -0.009706350256585498 0.02698237825383748
149 0.004381154171192753 -0.007375014641448775 0.02524119063298569
150 -0.01389798825393447 -0.013046550610762604 -0.020066973022699802
151 -0.009784027917374136 -0.004342255932689871 0.02282077017721537
152 0.009627973852529177 -0.017500273541783587 0.028979789888353133
153 -0.013951475497533686 0.020029154792482975 -0.010258920735965226
154 -0.014060902146212799 -0.013724828696706354 -0.021370023299845463
155 0.0002033015547990881 -0.02180891155230369 0.016916989218000833
156 0.0071409550122525645 0.01401093801983572 0.0044678407124658336
157 0.0018349310162809572 -0.0158347408536261 -0.018818487242061997
158 0.01271202790744283 -0.015568516094447954 0.02813991317597593
159 -0.005494671272870431 -0.013877804851444846 -0.029935413397863653
160 0.008088382324510392 0.021529948196664837 -0.0038791229302181617
161 0.002346312508023085 0.019553009062770743 -0.01155773972198156
162 0.0050387592255222435 0.016989869850224694 0.0033334013475836387
163 0.0009297543371505901 0.03023446345020593 -0.0018831091458284413
164 -0.011072460520582073 0.0007779503993946973 0.021241666691511424
165 0.00708385831188485 -0.007136624973890195 -0.017000355730500863
166 0.015400450201776075 0.014749473858146817 5.71492713586641e-05
167 -0.011219768663037158 -0.00502031006627866 0.01968550649205557
168 0.011251310420718898 -0.015866911514862546 0.019932023772194676
169 0.00019690316582310873 0.013330602162023156 -0.002435619712836874
170 0.0014089903208149286 0.023166030068308183 0.001525974092992155
171 0.000257141058702684 -0.026875714027294738 0.022682106502062968
172 0.01387223116698666 0.02493205077427492 0.009832816271304657
173 -0.0009961093199537686 -0.02973097699831636 0.02501422221066754
174 0.012718075310110266 0.012167514681411036 0.005961446500526869
175 0.0027657929150610022 -0.007918010063848097 0.019865418438453103
176 0.014443487785287576 0.02131660974924047 0.009827440112195506
177 0.000882474953837184 0.025118279419832995 -0.0060722921486404185
178 -0.008791174019063923 -0.01129318632999974 -0.028947908544635366
179 -0.016460004817928364 0.004286394247760499 0.023934522608780595
180 0.00448297479690668 0.017111303248580137 -0.0050706514414442065
181 -0.005188188158965164 -0.012719547077666808 0.023439000456887522
182 0.020312628961301232 -0.017090176016356935 -0.021855497384539894
183 0.0015808421097775974 -0.018449027732935677 -0.011989101096393034
184 0.011062220648892132 -0.006300917456648753 0.022454292622254478
185 0.007127087597034117 0.029675664233320576 -0.0045716851358573425
186 0.00258695074352943 -0.012135411248943906 -0.015882080328897846
187 -0.0019121402980443337 0.004051034813346344 -0.004898909032853129
188 -0.0002957351756505376 0.021559555283868256 -0.01807651954491152
189 0.0012655653250066845 -0.01841129021886169 0.021491477926079597
190 -0.017062031633243838 -0.017338991779469654 0.017669231768583864
191 -0.0046810622259153 -0.014163423522913283 -0.014007723866170808
192 -0.004762238708661567 -0.014685635326553523 -0.01746127870209606
193 -0.005244587993434924 0.01150856518243399 -0.0003348488699035628
194 -0.0018733739908994196 0.016416860422500144 -0.005677381810076402
195 -0.012552596741434177 0.02328592974349435 -0.004278468933925059
196 -0.0035894270794359223 -0.013866785817231848 -0.041646415353094046
197 0.0062595804424435365 -0.006750828619669531 -0.031202218212625726
198 -0.005914699297197276 -0.03077605479522015 -0.014537193643211481
199 -0.0034300465114620593 -0.01920532135868301 -0.01581420181517297
0 -0.003972439499177083 0.006135862478605689 0.023748827916003943
1 -0.006559135141397138 -0.01373778016661064 -0.02110491415996108
2 0.004409837433319103 -0.012854720556670841 -0.02908660600389497
3 0.005308536769568831 0.013238217228029793 0.021037965806346835
4 -0.004892953422486829 0.005646385005563942 0.016484720892939522
5 0.00512230468185481 0.006678700385644151 0.006108619262977663
6 0.0061087107745508296 0.006264093314308793 0.019286441240513673
7 0.0043969918793426085 -0.00930322815863991 -0.021278076481961256
8 -0.0048142823809451596 0.013146946388883238 0.007201854034020884
9 0.0029174407831781546 -0.0064230532078287834 -0.014664263228466853
10 -0.00831081837440896 0.01532238121379544 0.003889869391018576
11 -0.009835287325440228 -0.0088116148356268 -0.02654656116720612
12 -0.002192796780772832 -0.013250122024325421 -0.02485001113332786
13 0.003216729871551572 0.00270328102466226 0.004261882638564238
14 0.0064663734241372575 0.01850121858781485 0.013727683891973715
15 0.006209127945968019 0.009734738913612942 0.004669672182080954
16 0.010377513288598747 -0.0007386053262990883 0.017921566432910308
17 0.010985366612235658 0.002577883947979462 0.011959195248184215
18 -0.004772559536329608 0.005202155396493949 0.014993396051694408
19 -0.0010041228047585407 0.0014175103347859944 0.011854544652374795
20 0.007823794551246072 0.00358949968095313 0.012009136071973514
21 0.0019341528373658795 0.0042497932679301485 0.0005311136709334197
22 0.002237655028434385 0.0018551026089342476 0.010888450667996041
23 -0.007194354286655359 0.004380842265492346 0.0073877725353803155
24 0.004832548938902989 0.014539169744340288 0.01566186012741226
25 0.017004706974795808 -0.015280289969509184 -0.020477418653622043
26 -0.003845060569386008 -0.0006329954707407076 0.016995052076367916
27 -0.006920124260950636 0.004746961664867232 0.017858955611026593
28 0.003905038973592588 0.008165005216761612 0.019532357645971617
29 0.007792939690463796 0.00469286041482149 0.018372948142052967
30 0.00235138741240426 0.0005233075261074152 0.014026262190885425
31 0.0029529852102204712 -0.00022052780244688486 0.007593500163579278
32 -0.0021666837681965923 0.017721135216096327 0.012945015217671801
33 -0.006930211925141734 -0.01765354423140269 -0.026191923252797122
34 -0.011722338625190384 -0.008886321508239472 -0.021579059410549592
35 0.0006585575079617115 -0.021626569551646317 -0.01981276676461799
36 -0.0027166901925609957 0.008022268565959167 0.012605191038068468
37 0.00548965558275593 0.005533158861048947 0.010988652319348632
38 -0.0046294110180136044 0.007028913418494306 0.01645646545733241
39 0.0059670624638462795 0.009587008072701991 0.02015807695417197
40 -0.008141593796584945 0.008193537632755817 0.005725185010638401
41 0.0011411502408751398 0.007327165188037235 0.023178648776163487
42 -0.00012456199505947452 0.006397139241817104 0.00904121089664909
43 0.006282482992194027 -0.0158972020933893 -0.021118479473790794
44 -0.003478245009644526 0.007677230702044818 0.011831534409677519
45 -0.0048629580930724045 0.011055173480557956 0.01059851716681574
46 0.008304985838307744 0.008073400682394323 0.004347743455706622
47 -0.0072995245630656826 0.018266831059754227 0.01856559817294239
48 0.0025134755421830704 0.007778351831926003 0.019905391693127678
49 0.018428884903450307 -0.0022671086501508814 0.012642191200596009
50 -0.004579826939237953 -0.023476901690624566 -0.02656545976439769
51 0.021493089272778876 -0.020552889653696112 -0.020274111135718198
52 -0.008740203640613252 -0.013086558760169648 -0.028533617733858242
53 -0.0031151516363815968 -0.0041645304182122925 -0.008793748595759421
54 -0.007202083851637155 0.005541915427620982 0.003946717018575616
55 -0.0034720716872607207 -0.010223055854690563 -0.02535312185485221
56 -0.0019534402198110442 0.016657946916365712 0.01725446288488884
57 -0.006484597994931063 0.0227574136353625 0.01607000158299908
58 0.009173160858710151 0.007645203139118942 0.005816859016218784
59 -0.005311041210375828 0.002712095150748578 0.007650059097151713
60 0.00544990767047597 0.005178303132701775 0.007340795189778489
61 0.010337644630276532 -0.0009429528605999354 0.0006876015321516799
62 0.006678668363256021 -0.012832325999068864 -0.02746682876659197
63 0.004092116208734398 0.003744063792090205 0.010842390547787704
64 -0.007547401755295516 0.00978268305957563 0.013620833383396216
65 0.003703211117449076 0.005727301317184352 0.011632443110455623
66 -0.010128884073948505 0.015228625174553815 0.022652761852080275
67 -0.006751864161185381 -0.011623139369320662 -0.017005581799421153
68 -0.0005598411865678707 0.010452514747167001 0.015327740391995082
69 0.0004096258067886327 -0.012914208541775517 -0.01899424854742096
70 0.006817209508540686 -0.0070677965750660585 -0.01793092144375226
71 -0.002455050349876666 0.012475289769043107 0.013491090993010477
72 -0.0017372880089693843 0.011006148136037187 0.012515957840263534
73 0.01012353600868364 -0.0167373926690046 -0.019437613665282835
74 0.006708986119211342 -0.016824274797206024 -0.017398168093161144
75 0.0010928232070852653 -0.021751462808100794 -0.030405045169432876
76 0.0034018159961045277 -0.02339042581382233 -0.03335632855243757
77 0.0014094959722226602 0.0022133253644056466 0.011054609685343969
78 -0.011133220141578755 0.005455790671293315 0.022087320865273888
79 -0.012473366505839342 0.01331217922753225 0.018609826032585153
80 -0.0077739301380758685 -0.02724889030954561 -0.01954208854420747
81 0.0013881442891048859 0.012893678430272087 0.007027010176331106
82 0.0025652188362541156 0.0074467473510039794 0.013741488191120215
83 -0.005877872258386763 0.007617017573435216 0.014049997091805565
84 0.016184233183886357 0.0038679116682304726 0.009862852637553113
85 -0.0052802325285659125 0.012417436744280669 0.013579505905729181
86 0.008098475653393597 -0.018676784587609747 -0.019795554222365057
87 -0.003639073119613201 0.015278345968151391 0.0068424874355128736
88 -0.0045930377211285955 -0.012888439628143629 -0.030946410780191752
89 -0.007305774857495799 0.011761458119747978 0.008644291755878785
90 0.006800982917214014 0.010803732244924657 0.013281983695194122
91 5.212123694349133e-06 -0.013677583228129331 -0.025877421526071087
92 0.004795824161857948 -0.025986456528736136 -0.03262454146514632
93 -0.007863050888577035 0.010830720816071261 0.02229022609544936
94 -0.0029751649124387727 -0.01696217045200726 -0.02348188658926753
95 -0.005005335472923339 0.006250146065700575 0.01635023897380371
96 -0.003641827328838318 0.017670683098786222 0.01503083460661615
97 -0.004252967974641596 0.016685578645604632 0.00924072907619576
98 0.004234463601933955 0.008537380979643391 0.015660727933312017
99 0.005862964380836097 -0.0009166126040328904 0.007808058631877252
100 -0.004406438345061204 -0.004941321936514975 0.014899248399225615
101 -0.00024017021760356153 0.015067673563303505 0.006482542101536302
102 -0.0021932810454148525 0.00924749173092701 0.02140821243069501
103 -0.007634521610616195 0.006030667269566761 0.007627092179748822
104 -0.00986323026783053 -0.011666311986190281 -0.026084273460824245
105 -0.003092207897304605 0.0050144361157074685 0.01548749244663919
106 0.011299299788966682 0.008993677865018923 0.0025642720119274237
107 -0.0035326339536681586 -0.012528841379352954 -0.024354671497942015
108 -0.0010237285911613818 0.008864187344338564 0.016261695704982607
109 -0.0029634671953344327 0.006733617444688145 0.02588993882582126
110 -0.005842542326052361 0.001190584051295688 0.022587090024619
111 0.004469449807211796 0.009127362942600414 0.015939104137831825
112 0.01615120377371082 -0.019522484508327914 -0.0306079581843568
113 -0.011051975980683817 -0.005618793101227655 -0.0202130408231411
114 0.010164359011057007 -0.0026792781258306864 0.013927857838288687
115 -0.00860306397505084 -0.016371046732593635 -0.023591637878303803
116 -0.007341174648634008 -0.01213924333871335 -0.03020028920910227
117 0.005737670823032285 0.004191540737959014 0.017881052606547626
118 -0.0018655429565649822 -0.01227154627812569 -0.033735216961238594
119 -0.005854676590955999 0.005876294878099347 0.011757235377711889
120 0.0023103530323895574 -0.017906292491685197 -0.02921726786279754
121 -0.008434361756248121 -0.011764999914066807 -0.022994324571637907
122 0.008645187001813076 0.0008778304648454291 0.02299089527220394
123 0.0030315563801107427 0.006391969680996312 0.0014984781335193181
124 -0.016138462292293446 0.0004629704755388653 0.010659425534997852
125 -0.00640439617932256 0.01012801412624742 0.012697466206948066
126 0.0012322888532501457 -0.014122623751834228 -0.014582466985349055
127 -0.003832537770534517 -0.010136301946028738 -0.02497477454708648
128 -0.0024944936311466145 -0.0008041007989859281 0.014880668944488404
129 -0.004335790609132504 0.0018466891737470154 0.012844292274465458
130 -0.003896427063617494 0.004130207489235781 0.009069247632043913
131 0.015198688089119037 0.005577475634380061 0.020304109609391482
132 0.005920417009666827 0.010587432502593384 0.0038096605322835153
133 -0.010289791867563064 0.0009437716052302439 0.006862469009076857
134 -0.001990299395102239 -0.013283532930266864 -0.01881060302862151
135 -0.0011805913883731062 0.006468904758037318 0.0054270894413992465
136 0.0018015462182152664 0.01719020871536578 0.011315970003934797
137 0.017012712591216478 -0.010837460512657306 -0.018321427488121298
138 -0.014912667896606432 0.01019953116618437 0.013596345756824113
139 0.005162618285411202 -0.007018702131675698 -0.023665369010529805
140 0.005739820368825414 -0.018789364984762823 -0.030143209681741237
141 -0.0007821964764752904 0.005430688548474144 0.013918323764865875
142 0.004588683083815947 0.008134684202939745 0.007133182468387379
143 -0.00479969119726599 0.012438298441864878 0.008398230180260414
144 0.009492509061109754 0.005948373262265612 0.017942954909171235
145 -0.007393129371879916 0.005945214426285265 0.016725339845115414
146 -0.0016392323804760097 0.003504128028843506 0.013186853879251826
147 -0.002274366860364495 0.008371307805762424 0.011758520502493142
148 -0.008596040057352539 0.010392352080527925 0.010059435981982542
149 -0.0035930753492836795 0.015564389463752562 0.009005244685497668
150 -0.00023811712427121434 -0.0227579725307495 -0.030416507802469885
151 -0.010875476541909193 0.01541333397729239 0.01561266391203274
152 0.003734617691263077 0.003197003139969963 0.014799883885944776
153 -0.008911589419548296 0.008491957984371155 0.013003710790727556
154 0.005014967555581187 -0.020813099764111546 -0.0077914512776565276
155 -0.006025046410566445 0.0076702297190558155 0.009828620212858609
156 0.01485261472063848 0.0058730357443347245 0.0152489758559188
157 -0.005471420984372323 -0.016563860494973486 -0.017773458236051497
158 0.008005097792764579 0.010716897919280398 0.02444160742483248
159 0.0013968695022633579 -0.010562989435024858 -0.028673922486511724
160 -0.008520842752128723 0.004808495948223052 0.005009876824588574
161 0.009414261841641097 0.0013169570953066034 0.012558292377850309
162 -0.000532158313814507 0.009165006459619478 0.009038200848446152
163 0.007564867168196293 0.004982498823155684 0.023171046763837775
164 0.004655554128855495 0.010291459881365614 0.010648842563130652
165 0.00502575371325583 -0.013419975897844792 -0.024473673383814808
166 -0.006072562144273767 0.010310832251701381 0.008253633128820952
167 -0.017787827669980924 -0.00037992952976979855 0.018211507201708846
168 0.0018500932016890029 0.0005849669992267284 0.015653946831086632
169 -0.0009399497085227273 0.009010700811909952 0.021922069616765343
170 -0.0003910202352782528 0.0038100171956315654 0.012481056863907668
171 0.011070340361934952 0.016316515117920483 0.008123855599479306
172 0.006909846975977074 0.004111796627828304 0.009446458170992367
173 0.005284973302943686 0.00329505341370305 0.021254475765658892
174 0.01132400205803654 0.009369447009863916 0.01485924894926314
175 0.013055816228781159 0.009754086449138763 0.01778458007861379
176 0.008681635319150269 0.003919389601475018 0.005343520881625024
177 -0.006513463327407064 0.007934147115215576 0.02079622185121578
178 -0.00402973733914181 -0.013006090450735384 -0.029027881487488506
179 -0.006940656284169136 0.013916996945053151 0.013526085965310727
180 0.008839827239840035 0.015416391595990259 0.020601529167798692
181 -0.004589512615377447 0.010376988638542577 0.025084618627147885
182 0.00559101345731558 -0.019954539360789725 -0.024064459275873848
183 0.004107131442284792 -0.017991547903509042 -0.023436487067028493
184 0.013295090726508307 0.005205691680415597 0.006878901309942433
185 -0.006747327050858239 0.007952070756888863 0.013247900061650343
186 0.00321211773399354 -0.01948696525366554 -0.02962973207042372
187 0.003020581307655453 -0.005401942287004241 0.018710121481458536
188 0.0031649106975738476 0.003924092478862412 0.009100361095285413
189 -0.010440567602493359 0.0014139337731570376 0.013102112341081183
190 -0.00624279892790465 -0.0012588239764294087 0.011965697926605075
191 0.0014462840285670298 -0.01475973323817056 -0.0319010603854077
192 0.005503786867084335 -0.016730905395492938 -0.02551245789571433
193 0.0024967825456196397 0.008365649391858312 0.009073069997753161
194 0.0055297213408610595 0.010822129747341563 0.011814401578698766
195 -0.005209995461918013 0.008084024489492574 0.007955604982274472
196 -0.007697233797042048 -0.0030755583633256117 -0.028890163027150376
197 -0.0034750493271226025 -0.02436091897554986 -0.02552835454989158
198 -0.011178567797216044 -0.019817262347724546 -0.02596444024200289
199 0.014362527256774331 -0.009221871057694186 -0.013749348075797849
0 -0.01336134864204893 0.004770932836036593 -0.02898905466896819
1 -0.007786264149134928 0.0034401732701129506 -0.0202625721874033
2 0.010973560164567353 -0.0013965661933629178 -0.002550675305563882
3 -0.00044651478226953936 0.003062123953482286 -0.011890268402536854
4 -0.002363078000200823 -0.018645999608603143 0.023260086486395402
5 -0.003966875814182945 -0.015512702403250648 0.01332563501267698
6 0.0014557504432735797 -0.020540464643264866 0.019146583029936846
7 -0.008707276637228673 0.009598212295741714 -0.02186515883125005
8 0.0027728122364546704 0.0013953746740838074 -0.024757695631450426
9 0.00043720831514904024 0.01019812186501557 -0.016012343141031286
10 -0.011278719865566306 -0.012456241565043264 0.023231759765968762
11 -0.007135846481162583 0.0012812106714352178 -0.021293586711734813
12 0.012387315047371103 0.010662877821958025 -0.018469239538999316
13 -0.008147238892543427 -0.01825027468962913 0.033729541445375884
14 0.0059398962739625125 -0.014917807508534576 0.022666640195968035
15 -0.0006658266949129427 -0.007667833406611279 0.016598173329842668
16 0.012286381460401744 0.010776401669606653 -0.011736123262279931
17 0.006620025766573296 0.0031460843570804697 -0.010408539259801692
18 -0.0053221131706671365 0.01434176652319328 -0.017285105883431198
19 -0.00904037853650591 -0.009196495912929165 0.01844806835481167
20 0.013243520845706389 0.005236534276914118 -0.012568990695124604
21 0.010125766944791753 -0.012434820892906408 0.014485497167251962
22 0.00011690560142988207 -0.013016995642429169 0.024430210248638354
23 -0.0034852062048928156 0.01695026385760512 -0.016333602758379806
24 0.0013937205179989781 0.018163350712635806 -0.013687429086527711
25 0.01099704608560996 -0.0035811061151675844 -0.007020950303512574
26 -0.005917035828558199 -0.0171569537786889 0.026267105716942366
27 -0.004580367952450599 0.009177451652442041 -0.022308372034972997
28 0.002123257674623104 0.013970743862866841 -0.014300137940247301
29 0.014134807696217791 -0.021586508915656458 0.03131171685824592
30 -0.011099660032336499 0.009382842881335781 -0.01607081813938039
31 -0.006185052874040477 -0.02363895637687441 0.026144260548187123
32 -0.012827859650448505 -0.014819652953209451 0.029292604820278116
33 0.004943476946821016 0.007543320879294671 -0.010184034147287524
34 -0.0028476241322479834 0.010085196226230969 -0.011178264485162355
35 -0.004166737015222029 0.0023445334303546436 -0.022800853167286438
36 0.01170118619582241 0.015428888615501457 -0.02279815595726325
37 0.0016824430219246275 -0.010787493608825662 0.02986364155439661
38 -0.005606035730966484 0.012079269689643915 -0.014094098444221544
39 -0.006416698996404992 0.00883918367619757 -0.014241788535991865
40 0.00978662519705712 -0.007897581943027532 0.029929505878224093
41 0.012316705390086538 0.014618605953109473 -0.019709084958935252
42 -0.004569464737282413 -0.023793632175960477 0.022479016492045707
43 -0.0016704428560249326 0.0018564673597499318 -0.02015658998589133
44 0.0005695776174079251 -0.008032970720993605 0.021597803801524165
45 -0.0008863837192003322 0.007915368184549937 -0.017946911847211502
46 0.007392892628603653 0.009330052291679339 -0.01336649154457608
47 0.004725631909873483 -0.003293625111964571 -0.012974289462107469
48 0.007044998073530262 0.007314305372772098 -0.014272064779428825
49 0.0030252993276429496 -0.02148547916182883 0.034593457447522694
50 0.010636302613299831 -0.0006976605984461842 -0.021428888580892563
51 0.003156406140294027 0.010736661817271377 -0.008975693105531306
52 0.003874770325588306 -0.0029816776826022406 -0.014716448612568461
53 -0.010633303233790775 0.00892340472272395 -0.0038081856745696765
54 -0.0036916599222804325 0.0012149323004771104 -0.012886161300027985
55 -0.0025191611512573944 0.010208755140201045 -0.013236813415135593
56 0.008924488347512206 -0.013981451512635322 0.022099661937569633
57 0.00500882924116569 -0.006201594930832371 0.021478967130203558
58 -0.00044282953354532126 -0.017950363138427954 0.03486599659044264
59 -0.005921536662176931 0.009375880534241252 -0.02149631067224212
60 0.0007991422112647723 0.011096852843299837 -0.017354892558951902
61 0.010678017901800299 -0.01669664061535952 0.031045267411056263
62 -0.004746627099466008 0.013660863405646047 -0.016848731097787603
63 0.004293499576569593 0.011488521827332093 -0.007365643382188834
64 -0.006138415071649833 -0.007284305924598408 0.028312759125022957
65 0.021177734956446773 -0.0013120618195284761 -0.018591964770946972
66 -0.007188701240613847 -0.01638348008893003 0.0355943850042791
67 -0.0019962389825454313 0.0057490529915125155 -0.023193607298662038
68 -0.0004109928785538909 -0.006529316875258637 0.02077486409396269
69 0.006319217701598344 -0.0007838039483604523 -0.023360293375335975
70 0.010872012286562482 0.0052099677692205235 -0.02513167488494314
71 0.01313159122205603 -0.022796284285941645 0.026273138972839796
72 -0.011179469147546396 -0.0051776898190708225 0.024806289073627218
73 -0.00265011967711129 0.0037350253546487924 -0.015185347759991738
74 0.005342329685230678 0.002846064111472868 -0.01958210921062472
75 0.0062440422850558695 0.0009028724951669898 -0.013141613098619352
76 0.00500902984347603 -0.0007831212230462459 -0.02055148671916099
77 -0.010476792987483455 -0.01782511465768305 0.028240450896794098
78 -0.007885354194876786 0.009964269246959208 -0.017956197729639047
79 -0.013571576690350362 -0.01370063242217557 0.020770779383672458
80 -0.007057273036903983 -0.006960234739267532 -0.02574619417582781
81 0.0034446593347455365 0.016869407570134554 -0.022614431055677266
82 -0.0025005287649897193 -0.0004468131522817609 -0.016949110601571414
83 -0.004884039330005113 -0.012476221302702185 0.014697637498973203
84 0.0011257756831395405 0.005972967282779226 0.0014260302341872009
85 0.0022181916528179156 0.013880945039861606 -0.01422197593178692
86 0.002672093344161016 0.012973123130748158 -0.022552985825754115
87 -0.0076695459222740035 0.005021484336292278 -0.018912537028743032
88 -0.005235331766614608 0.0035930755724432675 -0.012985664272803094
89 0.007466676921417136 0.014910910684103482 -0.010818328527306863
90 -0.004323257279737003 -0.01580790307114564 0.03352070504202803
91 -0.0021264906456036803 0.007792846314840521 -0.01804137939117384
92 -0.006169428767017829 0.0006328730748413058 -0.017133759907459606
93 -0.005746507797401226 0.0035337364503256682 -0.014354209237113698
94 0.0006360769765717672 0.008950508837364236 -0.013265958277796662
95 -0.01181403664360424 0.005798116013919434 -0.015384988295672704
96 -0.007183839071202278 0.015697184708106576 -0.027245647732883953
97 -0.0027730640412252103 0.013719579735765014 -0.013621310766315847
98 -0.006715969586329971 -0.020383318356235216 0.022540975637283377
99 0.016111233800051625 -0.006085533792562374 0.03128606616038219
100 0.003382882513454531 -0.01741371776970624 0.02861456753581202
101 0.0031799074245676233 0.02026941265563445 -0.009676849978626634
102 -0.0003650298517462805 0.007107213843258346 -0.020025056287057256
103 -0.002580968992916974 0.011319870011801361 -0.018867741903305642
104 -0.005978147591846339 0.0044438217571421 -0.022118088898150035
105 -0.00336680662630048 -0.010914018408805952 0.03128893252283593
106 0.009287276435175837 0.0006649160362477285 -0.027871416859200034
107 0.005268110673139894 0.010617410651855334 -0.020176669651488455
108 0.0018179494039902225 -0.015983628453713747 0.02500035572572637
109 -0.008455490849402046 -0.010014758616399293 0.025932112765761975
110 -0.00280444221198463 -0.01520206411536462 0.02717835096839656
111 -0.0018500542184384638 -0.012468489382960347 0.03399996875770558
112 0.009119893179279942 -0.0006988029747100194 -0.015001400825972691
113 -0.008881634270173688 -0.00014957189693179385 -0.013586136411694968
114 0.0033902008570065173 0.013161640142317167 -0.020832695393870813
115 -0.01538755489588535 0.021263310123823976 -0.010894943932680118
116 0.0007758678304583926 0.004133373512649238 -0.016526188910162137
117 -0.0014658847496915386 -0.012897578161231577 0.025776362103307686
118 0.006719432129553615 0.009295139187866504 -0.0028909880876782507
119 -0.0018779851760255158 0.0156001420421598 -0.01968138143450647
120 0.00561092163038039 0.006590349519178085 -0.020452674249942265
121 -0.006014512540951086 0.0051540638111204 -0.02630440959135113
122 0.007985963193652537 0.007044480767579207 -0.017108417440589687
123 0.0015398142781227857 -0.018036333657356685 0.029118901989258962
124 -0.007000140687579426 -0.019161372971463485 0.02812418761085047
125 -0.0006732296896863645 0.010063260039120073 -0.01744032432953021
126 0.0007837568077674606 0.0033603630282858787 -0.019748642295436256
127 0.0007857176834538248 0.0049626358592121216 -0.012494339024508624
128 -0.007285404293564647 -0.008174565230867247 0.027064877865416892
129 0.0017099511266015005 0.0052476697416256116 -0.014901564418574459
130 -0.004605661084365373 0.003486407300435146 -0.018743558636041352
131 -0.013843692678323367 -0.014595220143474447 0.030420833748531856
132 -0.00564042250856173 -0.022221148887714755 0.024547389362131786
133 0.0022015476114538857 0.000900551049158517 -0.017613009812219867
134 0.004736029669691628 0.009858077722021085 -0.008823082295879234
135 -0.012836045879432378 0.007634373359155691 -0.02031912651148475
136 0.020508646486783882 0.0011605092718094262 -0.010776188180448985
137 0.007076505902863156 0.0027671273796463086 -0.015331639977054647
138 -0.01148819170161583 0.00996921321183395 -0.012726635271249677
139 -0.007579242941673135 0.010719793505265545 -0.007780301092699914
140 0.007101360438464287 0.009873887925361848 -0.019168694320907426
141 -0.0007280501864054354 -0.025780697451447628 0.01679861125213001
142 -0.0032502012827157825 0.012405191594408047 -0.013308005862353207
143 -0.01008837446560382 0.012342294330361242 -0.008024104471630544
144 -0.0022533854461452216 -0.014931697128914373 0.03129231861617119
145 0.0028674488253316883 -0.00630849688305684 0.02685853012316515
146 -0.0007466227862581516 -0.0018245837255369338 -0.010003233676906654
147 0.003335449718591809 0.012774740806837187 -0.009884098640926535
148 -0.003804892731357333 -0.02239538875692476 0.02588555008945459
149 0.011992318346141239 -0.009208006920180771 0.029424926172397448
150 -0.003140742444960022 0.0005704773869276702 -0.0037504727132302573
151 -0.011640717747999046 -0.01668907360212601 0.031030054280181713
152 0.006797373413529283 -0.012694417529806754 0.017234304348599044
153 -0.0185404262333944 0.0027417608550246372 -0.012044215570569214
154 -0.009944230329563618 0.00462140820362273 -0.017470159096983788
155 0.001767333614628868 -0.022127775454305026 0.024850898119478083
156 0.0015852821889396629 0.00400982732170279 -0.020899015926968047
157 -0.001753012197443355 0.005410545020086609 -0.014033344575607197
158 0.0065790583532502195 -0.024166862480554475 0.027405066209408413
159 -0.005624848099283403 0.009078979652914581 -0.025626984349619242
160 0.005227454079423716 0.007239747223936395 -0.018580003811330587
161 0.002163611433996182 0.010494941741017123 -0.01848386955590372
162 0.011157774877069516 0.004500461925778264 -0.016750832787914338
163 0.008408326706659995 0.017218558036643142 -0.017697877360068524
164 0.004819168420870837 -0.005866804284272217 0.0151060591091801
165 0.0005317543990673024 0.005520054543273915 -0.015669610687572666
166 -0.0019086998893304563 0.011846379043910123 -0.004703468413031765
167 -0.0076446739980976924 -0.012147751000914718 0.02833694247594195
168 0.007668441464827543 -0.017006679109337022 0.03916843773150341
169 0.004290121484042588 0.008567374339883867 -0.018154911465254366
170 0.0006923423912093408 0.0058827182549165 -0.019662998189251005
171 0.017047390102843063 -0.024788582428328917 0.026867763586294446
172 0.005252827026904466 0.027013647079314487 -0.010857993927881008
173 0.00012450619542587506 -0.019023891050500022 0.024513927764476917
174 -0.0005386381345180297 -0.006426645932553342 -0.018327473224649296
175 0.00696722848153139 -0.009486978686185952 0.018427656755325365
176 0.0030070266904169696 0.011023552215810792 -0.02830952469445458
177 -0.001828799016920804 -0.0007302056669816273 -0.02018898879660113
178 -0.0066785950286511325 0.000544940394414821 -0.010644367543146849
179 -0.005715695022328077 -0.018580498160719702 0.008073677390911346
180 -0.0055331596907568815 0.013001627691486495 -0.014102500321576719
181 -0.01125118019080898 -0.021308753829512715 0.016330439285777265
182 0.00942773751281789 -0.0010463371958431972 -0.020868675715886367
183 -0.0039108351989196296 0.007606182307204966 -0.016967179175305165
184 0.004796080247009046 -0.011695655709871734 0.017330780886848113
185 -0.009746049157229028 0.01531272810108103 -0.01176245945724344
186 0.0072680766911462705 0.00524629652444325 -0.00829788638478745
187 -0.005005446824824395 -0.005027350966260032 -0.008020586673432008
188 0.0033144948464992746 0.024040574045657195 -0.018061475926339214
189 0.00015103742721707739 -0.01499530478339816 0.02177116184960648
190 -0.006406455245818232 -0.01088964145849157 0.027502965161808897
191 -0.00874908752565589 0.010262407782932324 -0.007142061343711807
192 -0.006181830545814414 0.006837171128771448 -0.020764459637355535
193 0.0033909387575636056 0.019194281308828935 -0.010483927756462312
194 -0.005505934285296028 0.014068985175684334 -0.017490702248011407
195 -0.0042852346237615135 -0.0005625898843056032 -0.018524412157251827
196 -0.004785146891471664 0.0029376014280195137 -0.013145316019823508
197 -7.769321013248454e-05 3.894910552104669e-05 -0.015933156552908986
198 -0.010094071910722938 -0.004637498738086207 -0.016350141276920006
199 0.0045994552818426696 0.013813589608154674 -0.02002562568538782
