200 3
0 -0.0018182263403087769 0.004982217384468485 0.03693492778891815
1 0.01935262507217425 0.046236229646283336 -0.01999218131404191
2 0.0029250125517515423 -0.019851033219131092 -0.041500841571588
3 -0.004526206662717001 -0.016735970226843283 -0.04009316932546027
4 0.0010712224454986312 0.006818630301702441 0.04434238286336314
5 -0.0025410720555756423 0.012398428222776339 0.0475077469782086
6 -0.00045127415765157386 0.00181695186162565 0.04482195189673886
7 9.111147486189769e-05 -0.017976354672786504 -0.0386335336978167
8 0.0017894479004656964 -0.01876944279050119 -0.032934885341687134
9 0.003915684706113306 -0.015841027434686013 -0.039933397328845016
10 -0.006929532126855488 0.011802875444432323 0.04236008948007464
11 0.002276971707668815 0.06041632961384204 -0.02746715760716855
12 0.004314295686536497 -0.022614199117573695 -0.035166108157802606
13 0.0077435916805942 0.008658601894033462 0.04289974733681999
14 -0.004122989165501434 0.01372561009621048 0.04367518113162841
15 -0.001220697985467492 0.011953887851988677 0.03952464277009468
16 0.0012419852589010613 0.0028552037814973553 0.041088100050219845
17 -0.0021233311303585738 -0.01959200625320199 -0.035242477818614074
18 -0.0011914665952769202 -0.01922889850968192 -0.040326146148704806
19 0.00214226981087276 0.008502660470310284 0.044100439912461216
20 -0.0011304181082425688 -0.02179455133589791 -0.04572392769632022
21 -0.0002673983167434729 0.005050072655374133 0.04032065279488207
22 -0.004568900668548093 0.012711327184721677 0.040784961605933104
23 0.004393662919057469 0.0063744930218525946 0.038794304552208364
24 0.001113552580665437 -0.02840615074604513 -0.034947436589590763
25 -0.003781424361590943 -0.021800885304195522 -0.03873650637935422
26 0.0038306185257878586 0.007682988689948032 0.043486103075830104
27 0.005134914878906502 -0.023616761648944867 -0.03615622427452927
28 -0.0019763887154180294 -0.02048334109779246 -0.03582215397547053
29 0.0007774052695448466 0.006213813021414029 0.042640593770039044
30 -0.0011184590708661 -0.02117722131770399 -0.0402098792715036
31 0.0005732403709750658 0.007973441905809415 0.04531070246870894
32 -0.005920785726350887 0.005256880708830914 0.04337563548145754
33 0.010860529108950204 0.060585405724823765 -0.024809613064380648
34 -0.011850522759561777 0.05190245214097215 -0.020154551622244783
35 0.0008007776152556163 -0.02170385555545027 -0.04031419736528641
36 -0.004455023754530076 0.007526731088282214 0.044590182872213856
37 -0.004021076212462213 0.004428033605826559 0.04082460670238865
38 -0.0035147359876730455 -0.023115373116041147 -0.04168410070929612
39 0.004019748682017571 -0.022414340644376734 -0.036949790708410854
40 -0.006715678323570992 0.010208211005048404 0.03813742051126278
41 0.004528725898023431 -0.02288890273300885 -0.03414895031001365
42 -0.0018343597009590207 0.011524697263293561 0.04573633070831022
43 0.007234040670138747 0.05135151412320216 -0.020355161749168987
44 -0.0019924074534194564 0.009657938806343146 0.04161143539361417
45 -0.0052389291773814045 -0.00870710190213441 -0.037189446567336644
46 0.0006238753461336177 0.00924344435907835 0.040856171591039964
47 0.001215495890234652 -0.025337745488363154 -0.03639449672604306
48 0.0022811968030411432 -0.020220059896800466 -0.04586518323912801
49 -0.0026256999828843802 0.003810697651257477 0.046910718931713245
50 -0.009618101255431222 0.04527497696964898 -0.02405995404637333
51 -0.0012592773320455677 -0.019994337471769506 -0.03557900484900584
52 0.004030901158418823 0.04890998202311039 -0.026949337080884567
53 -0.0018872845133367268 -0.02286073328262209 -0.03438284444987807
54 -0.001080944573876197 -0.016606077856418284 -0.047117308671910274
55 0.0029161171292845928 0.04701422151251347 -0.029213159826461763
56 -0.000575094151565838 0.010852382178929136 0.03817054784552989
57 -0.0037467262716936456 0.005865353036171926 0.04091252010637605
58 -0.00035214399394400443 0.0022305802514408606 0.04985612535750526
59 0.003000664507160543 0.006678458133761214 0.04979813825864031
60 -0.0029367638156953587 0.006304819650834872 0.042923350390375606
61 -0.0005038807956241533 0.009956886799744949 0.04593909969336102
62 -0.0013296932485587533 -0.019934209743763573 -0.03768197352054773
63 0.0009528830453103317 0.015954087103203243 0.038476313731720536
64 0.0051156308343911355 0.005383994954450584 0.04451440811898369
65 0.00016994781680619575 -0.028340482760117216 -0.0398929745659453
66 -0.004486526148036692 0.009594271336636376 0.04153710092705467
67 -0.00042600288158396726 -0.023987451489148052 -0.039773167279032816
68 -0.005134439938626285 0.0066917057494359595 0.048309414436639234
69 0.0029821651391237977 0.05474796892650724 -0.023491887501689887
70 0.00685347840262885 -0.0077604632003113495 -0.04425363920459182
71 -0.004284917674995888 0.006388593877479003 0.04696129921539126
72 -0.0058988419387112166 0.012924253569948337 0.04465713372500723
73 -0.0005191812791666053 -0.021992579103984212 -0.03671192267738489
74 -0.0011686534493175974 -0.021404516497330255 -0.04190826597244355
75 0.0022325992592393124 -0.017167906222457282 -0.03525448769168211
76 -0.0019025770921773533 -0.019186986622291458 -0.036069163561325016
77 0.0011057950779626638 0.0037785641165832525 0.04705499464668371
78 -0.0065260026470469745 0.0022319655115989184 0.04337285444190401
79 0.0009902257249655953 0.013948125466591903 0.03907236671242728
80 0.00023159710145148962 -0.019594301945091923 -0.0380124583524331
81 0.008501638173545642 -0.02377279407611627 -0.04126741079176523
82 -0.0008047071494377122 0.006166987054228579 0.04339216667980505
83 -0.0026393687991372247 0.010254851928564214 0.03940737497232784
84 -0.0051909715670082415 0.008103666479418884 0.04149786212065466
85 0.004391710351824306 0.01643688441059828 0.0375483140927899
86 -0.007454381652463059 -0.019443465414948763 -0.040300499917983484
87 -0.00019657652908336605 -0.020615767351480033 -0.03334641961938109
88 0.0006706018547224593 -0.018181330919006762 -0.03394579101216499
89 -0.00012301612319256432 -0.023785396175923002 -0.0370218317776483
90 -0.004612355474298783 -0.0029772244712534257 0.03283968256125526
91 0.0013285915701978235 -0.02667919825768389 -0.03676801854574742
92 0.003387491808492975 -0.014439504500341566 -0.03450652257520798
93 -0.002950830289124559 -0.025801092186767724 -0.030457128957380352
94 0.003292870813403001 -0.011604274030883092 -0.03648778869455903
95 0.005677225541870237 -0.0029881898725885305 -0.04614436975863936
96 -0.002090948647722017 -0.021981155156955465 -0.03817861206459462
97 -0.00724839440643554 -0.007419866648555212 -0.041978868994004714
98 0.001963737774004144 0.011555551468061148 0.04537105332456474
99 -0.0026678686765173147 0.0022049767424063733 0.039729138222873564
100 -0.001777148123522032 0.011877415408922955 0.04366878296732746
101 -0.003658250323417475 -0.019428068059124205 -0.037627556986742645
102 -0.0012920318363157796 0.01047099284827114 0.04162293057590538
103 0.004472778203936486 -0.02149394271384481 -0.03814337893177287
104 -0.006679366397309219 0.048310509471590324 -0.010924811613379382
105 6.609476762518482e-05 0.020572762428719724 0.04520728067906864
106 0.001644693920761428 -0.02052970733566326 -0.04677842566698058
107 -0.0010664621754754547 -0.022706265995265748 -0.03332540555306484
108 -0.001804874641227621 0.0070889244532396315 0.04207649450200634
109 -0.0021720730154544433 0.0037192593641485125 0.04853052084768969
110 0.0002909120092163889 0.006560613595513539 0.04142989469933185
111 0.0002809121204094475 0.009351494474717519 0.038219255746162216
112 -0.014371041926762695 0.04570585623772179 -0.02281985719593821
113 -0.0038899750561818686 -0.020293779871808804 -0.032816015841506216
114 0.0065612142910017185 -0.017860546951647953 -0.035622648643390105
115 -0.0033855845299587475 -0.023368168245341693 -0.03594901392108506
116 0.008092235777318768 -0.01646431501648098 -0.03640683486541406
117 -0.006919036403344486 0.013610028012216712 0.045033005459268596
118 0.008530478650831348 -0.010922423485086426 -0.04280555711735929
119 -0.003591003510198872 -0.012093278070671239 -0.04498766583064969
120 -0.0019943889108571256 -0.02348604952758798 -0.03872122267452657
121 0.0045871061192604215 -0.017623505892611885 -0.035159112797267564
122 0.0023152264513285753 0.0031430340624130568 0.04860307557496785
123 -0.008804559703985956 0.009819952730228915 0.03929124815305669
124 -0.0032241533158224728 0.007313471580044685 0.0487021689063343
125 0.0027245665988890073 -0.01743356705910295 -0.03620382106774053
126 -0.0014864999615934044 -0.018146580501421157 -0.037639206440541396
127 -0.002275993563292349 -0.02106931106128542 -0.03505172809319552
128 -0.008924583953703533 0.010381632946565338 0.0502743253491503
129 0.004276044945272466 -0.01384011110274875 -0.0443231287433406
130 -0.007105420713635985 -0.01622095596022447 -0.03732002823469999
131 -0.003264524402252205 0.006719805968527882 0.044335587887195715
132 0.0005043328945112877 0.014076311741747175 0.044800145567524124
133 0.001988230733645598 0.008345592327959565 0.04046037030509706
134 0.0217573301203155 0.044771900461041916 -0.025278227966084976
135 0.005127601491148312 0.012819521766114441 0.039266563357869676
136 0.0011111486078441072 -0.01700012767712277 -0.04109746242024945
137 0.0008088400104152929 -0.022368885206676174 -0.03839237728023057
138 0.0030549687886003325 0.003577652880402418 0.043829635013113676
139 -0.014941762593293745 0.04592839668495245 -0.01483329342770464
140 0.0026056260544469884 0.04829962323369777 -0.026071119145307547
141 0.003981759910509062 0.00738009990167513 0.03953695529949889
142 0.004706299776339854 -0.01473729557046905 -0.046245278233758645
143 0.0059668980590062565 0.014214843924868152 0.0322684202871862
144 0.005931565551637416 0.006425257949084709 0.03940140817085501
145 0.0028917058920679556 0.00514065910520641 0.04438330606574732
146 -0.007657707993526247 -0.021388699583892185 -0.0400317592709499
147 0.003264717209307249 -0.023867231755276823 -0.03616443835784669
148 0.005583439016338426 0.014020956432092193 0.03522681507441735
149 -0.006470223851798199 0.0019656356285475893 0.04181454856947604
150 0.0058080794635386734 0.0430777352135852 -0.032478473569659494
151 0.00328075822773281 0.002218369536065936 0.045890943646895443
152 0.002093699613475504 0.010497619861698684 0.04394201857735009
153 -1.579161780996402e-05 -0.014955209156564687 -0.03448688916124992
154 -0.011875872991530992 0.0487826110357084 -0.023415638724470014
155 -0.00727749982464827 0.01641179925179001 0.03911235202505825
156 -0.00460906057516661 -0.014271049610107594 -0.03205358816244948
157 -0.007002862754596426 -0.015413921155104624 -0.043125251823032555
158 0.00509442129563651 0.012717200865769173 0.04029149303437274
159 0.0006108661169362383 -0.01693424469001932 -0.03767116711284575
160 0.006658425682576047 0.007480691971884705 0.04126868334938258
161 0.007246702817756127 -0.018317804143847646 -0.041082609780801096
162 0.0011131702100580822 -0.026455926895461744 -0.04407837956375797
163 0.0007001766702850916 -0.026962262985832937 -0.03490180709678714
164 -0.0024419887583917166 0.007341657493741795 0.04551566872314418
165 0.0035967206463736433 -0.014526637671667845 -0.03891033478063327
166 -0.0055621112511864065 0.008839526800328519 0.03981452606693936
167 -0.0006577988551429263 0.013769118663273563 0.036406069141286655
168 0.0011713728799408983 0.003679274422455833 0.042958421680713316
169 0.00017365854297713562 -0.025907755546623473 -0.040385030056672044
170 0.006014646059685075 -0.021670215917074628 -0.03883502127757371
171 -0.0010663857674445033 -0.004519628189856465 0.04015525207595448
172 0.0025195744709174475 -0.014033150517147147 -0.0443210230048868
173 -0.0033977208435364004 0.006862804300874898 0.043743167302153926
174 -0.001755305855744918 -0.017733446380755566 -0.038451776923108485
175 0.002940075844054012 0.009313171214182082 0.03849820900839537
176 0.004194925370964407 -0.019239555114099263 -0.04135843580803508
177 -0.004257646324212917 0.007824413269769829 0.04585509151441546
178 0.006062462728865972 0.06206073376372828 -0.027982230141114277
179 -0.0025794481711879508 0.005213352378859435 0.04692466008187199
180 -0.0010319649246335987 0.005532517017573625 0.04484545380910513
181 0.005511924235790562 0.010390766578490116 0.04372929726896214
182 -0.007426070429811776 0.05759827941528417 -0.022406695867388013
183 -0.002861915429848677 -0.016012916008755134 -0.03433228646753064
184 -0.008592169278673505 0.009047426992349564 0.04345770012787642
185 -0.0013772289624101601 -0.015579942485919655 -0.038929649573671884
186 0.0022149880080600476 -0.02517332793768144 -0.0408565617450518
187 0.0035114674911911658 -0.021115032857655452 -0.03278728649785998
188 -0.0017677731637177167 -0.01576819462615461 -0.039959501102077875
189 -0.002963906800950794 0.005142526647926501 0.049783900666234726
190 -0.00011157897415800012 0.009006153630679204 0.04206349209589266
191 -0.0014543515414173966 -0.026677428745011413 -0.038090996309982465
192 0.003421156940669001 0.05144567889479029 -0.007642039920788803
193 -0.004732002890859955 -0.026881061779961087 -0.03673332958443226
194 -0.0018021074701718015 0.011540200100720968 0.03326634373025554
195 -0.00212870706010114 0.007228623707837693 0.0458597967726385
196 0.0008835340779542525 -0.02367982228080695 -0.0334543549961005
197 -0.00011624773929249863 -0.024598338384604956 -0.03250437690844207
198 -0.0017025320962854723 -0.023304294729945753 -0.033238824424483795
199 0.007886568833360655 -0.017688471447076998 -0.03431423450762541
0 -6.669034520964158e-06 -0.0058188494800358315 0.00038281264289911215
1 0.0017915074547564525 0.054676274572361974 -0.0312619299826821
2 -0.0005430656065490147 -0.006619361693356893 0.004214817881922961
3 -0.00291088234170361 -0.0036346992283791506 0.00041631007376419227
4 0.004069991981577124 -0.009548282225726555 0.006926155438209278
5 0.0007198164946404483 -0.011136662670378513 0.003919557651991604
6 -0.0013042824512276893 -0.0034732053912896353 0.001178804373028447
7 0.002171454980868251 -0.014604922386144779 0.0047147398758399725
8 -0.0014430000423254767 -0.009076607869203106 0.004137021069788735
9 -0.003740145289407042 -0.000163317549345756 -0.0013060084426629662
10 0.0008193437747722708 -0.005256002370649129 0.002083425974078637
11 0.001691029810335875 0.04648891909819686 -0.025976439770351925
12 0.001540472973214399 -0.003442015456798689 0.002689730574893731
13 0.004122409315453088 -0.004491709982548886 0.00430179290587035
14 0.001216412617651143 -0.00916963878585269 0.0014770747231956372
15 -0.0033921076265808585 -0.0026933433192676496 -0.0014765372937825122
16 -0.003961069487756274 -0.008897476742897831 0.0025425384919602334
17 0.004322102060162727 -0.0036653907738217265 0.0008970874585352978
18 0.0035003119525864462 -0.007806935644195451 0.0019753179430062884
19 0.0017093220608199525 -0.006745207619539187 0.0013261694909643962
20 -0.0019686320018773087 -0.008164169400343847 0.004060174516166318
21 0.0013371976648987585 -0.014962945749874772 0.004879482792513351
22 -0.0024892628167552944 -0.008222535227488705 0.002128071546247959
23 0.0017295925147415708 -0.005328565098646857 0.003057540309546275
24 0.002431365716270099 -0.006124325065264842 -0.0007089575613530366
25 0.0031521863695572715 -0.011126722064632319 0.0032030177792897185
26 0.0006086992551089798 -0.006353756220114285 0.006295586199061079
27 -0.0030971770027688568 -0.005995032210261035 0.0016650495360824719
28 -0.0013745690396104841 -0.010322488266846973 0.005638312289972809
29 -0.00014079738411860998 -0.003623128644938073 0.003539886057991895
30 -2.9010180795790985e-07 -0.010451510163213142 0.005776213889084773
31 0.0012528025083958644 -0.004883332199224634 0.004065367879325654
32 -0.002500335766654621 -0.009776689454295582 0.0067599704161432905
33 0.007265392004713281 0.044832577934294376 -0.020994583179522304
34 -0.008586411995294418 0.048373322286462475 -0.025551797845271833
35 0.0009956263590278312 -0.0010595259344534404 0.00023479654753186946
36 -0.0019649692659620965 -0.008399387845100251 -0.00046883546953502275
37 -0.0005761273128092603 -0.007522942672509077 0.0026173590336713293
38 0.0047827906019937486 -0.0034473593773455408 0.002158155713544184
39 -0.002760698627695086 -0.007097591002786063 0.002449032518161476
40 -0.001172901207665153 -0.008032350301498781 0.004398707900040974
41 -0.0001316646976243091 -0.00743079918123337 0.0034421133003110505
42 0.0004952284601153836 -0.004900728201833092 0.005992648751271812
43 0.006364354157713026 0.04928285587879666 -0.02755921903339243
44 -0.0026475897137388515 -0.005662658121035542 0.0007590947483852167
45 -0.0002724450461323788 -0.004399195929404728 -0.0012301505346858643
46 0.0017975030880214987 -0.006850890742171652 0.004078106112091501
47 -0.004383125496277933 -0.004444869003759698 0.004651438346964951
48 0.0010516838452964694 -0.008318277725871862 0.004945223812799104
49 -0.0028861048122114444 -0.010491878123942942 0.0069918605402580075
50 -0.010949129596754759 0.04498943253409059 -0.02212843277660778
51 -0.0037175890343758428 -0.006220244456964754 -0.0013181774071623423
52 0.0005025482047477103 0.050797463558931 -0.0320905759286742
53 -0.0037372338333381758 -0.0038050495183343316 0.0010006825666641697
54 0.003441505172996323 -0.00456296170239312 0.0029314641454225437
55 0.006328064996276722 0.04493127021076054 -0.02168785012860145
56 0.004210105928702218 -0.00866420208570353 0.00164348042043104
57 -0.002323615465546325 -0.012140722330246944 0.0018789754252618585
58 -0.0006825017308605737 -0.013677106114272876 0.002621179090750367
59 0.0038029346686032015 -0.00488644862585102 0.0033382787241610645
60 0.0017817446273011156 -0.004029397152981038 0.0005348686545276621
61 -0.002298431313888528 -0.005514471112057495 0.0028015934562813094
62 -0.0003844762608968648 -0.006781953735965948 0.003201105475471991
63 -0.000792762469761202 -0.005330935841358984 0.0016635086274896654
64 0.003008469261992802 -0.0049168921677322595 0.002914919433766039
65 0.004775363027077362 -0.0048286819682703055 0.004078708510857454
66 0.0021891193457594833 -0.008130545166037 0.006261055849286365
67 -0.006008706644095425 -0.005432232252401116 -0.00366163662610966
68 -0.0002878465483961215 -0.010500811496687685 0.004620089853773837
69 -0.009600531211215832 0.0497214501199012 -0.022797422396555217
70 0.0036797606779981895 -0.010079089627420556 0.005923433638730331
71 -0.002326326366996378 -0.0019821202458046843 0.003803649569464926
72 0.0014152684647599726 -0.009668090568328626 0.003894501140304499
73 -5.7987463702407e-05 -0.01206980894089417 0.006158962627122157
74 -1.4578847029565745e-06 -0.009563626115189953 0.002278008602883186
75 0.00441382160550538 -0.0061258089670055 -0.0001958614147414134
76 0.0002595451940116296 -0.003562163360838474 -0.0006577064785872055
77 0.004928882707104031 -0.008290142732960642 0.0030457218396653107
78 -0.0017708586731244313 -0.013756668316080245 0.0035972074810103893
79 -0.00032712337367282393 -0.011394247400469907 0.006461420383811381
80 -0.00019713054185492834 -0.010798775652927362 0.006351890706596856
81 0.00019502795340281542 -0.008609823071520403 0.004704599662807042
82 -0.0010177322540824204 -0.01065360028050917 0.003729461371484305
83 0.005290437774881307 -0.0007901846806789223 0.0031911108276695133
84 -0.002376814310168153 -0.003984001601697203 0.0010225149727048355
85 0.0019173477304605946 -0.009360651635749461 0.004893105928786376
86 0.003331515363695338 -0.006046419496097626 0.0021534190295697114
87 0.001141286776616539 -0.008664825101873795 0.003486571109703615
88 -0.0024892290588392554 -0.010009824867464864 0.002311447993637701
89 0.0018000158885026992 -0.008872825029393294 0.0053399044820486435
90 -0.0010493610659271582 -0.008116817717477987 0.0021587824132848
91 0.0007618854273198153 -0.009170414696469939 0.00288890473676863
92 0.0007940419034804542 -0.010295117600683738 0.004481393304943841
93 -0.005394293986645274 -0.00588027954192076 0.002892777958634893
94 -0.002441796620279728 -0.0065116451876885036 0.0046209646816477296
95 0.004003493706906405 -0.011413788636335898 0.0026157129909162163
96 -0.002666333237342354 -0.007815192406808967 0.002843844011888516
97 0.0012728946991234363 -0.006056089735104195 0.0007919759496516215
98 0.00011561690769189281 -0.013306005059011243 0.005970136062390066
99 -0.00023902551393837831 -0.007793722374093136 0.0009962710999550511
100 -0.0009231929170055789 -0.006955274318000124 0.00233649698123993
101 -0.002130934915385338 -0.006093459646807138 0.0006744632784122725
102 0.006280998488783385 -0.006349050582056558 0.004664676476393098
103 0.0022765409215824567 -0.006588578041197342 0.003727934216930684
104 -0.009145426622153022 0.05286721980901318 -0.029044644979743843
105 0.003814531919982732 -0.0030752350163445255 0.0018211629176609484
106 0.003935866113702183 -0.0011495979746563648 0.0015059933975671153
107 0.0013203997931446388 -0.011329866841127113 0.008378377278667186
108 0.003054226008867362 -0.008684143885743168 0.0043497776790699105
109 -0.0006787634076656744 -0.00542866036041857 0.004442386699427148
110 0.0011396939792932617 -0.006884885036078584 0.003754276080881705
111 0.00530594311100778 -0.006208923027516852 -0.00019325143196478878
112 -0.009883816071519363 0.047158065759746 -0.025135422528211493
113 0.0009602819749713401 -0.0025482847455093466 -0.000976715030204918
114 0.005675180464165069 -0.007636042267327826 0.007962561867136696
115 -0.0016132417636212093 -0.007555673750594585 0.003524935643908003
116 -0.002017899447818862 -0.008532550064828968 0.0027787235467038388
117 0.0034492859756801025 -0.009022634474256469 0.002831575021298341
118 0.0010285602378970124 -0.013215993132664305 0.004680650626989316
119 0.0006164265339359595 -0.0032268387757550115 0.004114914021635829
120 -0.0030194674411121933 -0.006360500650141522 0.0006189733729114674
121 0.0019979929019307077 -0.009806293651496122 0.008287630443735192
122 0.00037313556144424886 -0.00890664277204915 -0.0003959707144559066
123 -0.003224904822716937 -0.009393375746049093 0.00380589509251468
124 0.0011686972384318262 -0.00932744726516364 0.0036804397522416654
125 -0.0006516484420171472 -0.007617501623605784 0.005547159089110257
126 0.006552732880797309 -0.004848366461590828 0.004771270799529596
127 -0.002950299772523743 -0.007781745715138004 0.0031592193454731687
128 -0.003403917050729288 -0.010660907016658366 0.004916193244842035
129 0.0010441931323583262 -0.01254543515192499 0.004799021745162391
130 0.0012306589736914009 -0.007709382917857492 0.0014583894422365504
131 0.0006931304896161394 -0.003869491937839857 0.0013356848499520707
132 0.0032535421769056237 -0.009946596614861733 0.0041536581542994805
133 0.0018488244178534383 -0.01107585246771478 0.004919647209452538
134 0.013165908881420163 0.051641450986595006 -0.02052399562719711
135 0.007112479642632355 -0.004893418992580209 0.0020348286283091988
136 0.0008105566194394373 -0.005412670624547478 0.002838066828163059
137 0.00043440103784578906 -0.012073992265491537 0.00661561396467715
138 -9.177372105432721e-05 -0.010792375525118752 0.004404448829651644
139 -0.008775170251995895 0.049528581816874404 -0.018144736574385617
140 0.0053705181070891755 0.05041818990318862 -0.025457581687740816
141 0.0004396248470206615 -0.006865079166779121 0.0036948048686743645
142 -0.004433282722891074 -0.005728512685102695 0.0005892115749938226
143 0.0010730451160826937 -0.011008345532753257 0.003730658400525416
144 -0.00032521612851629106 -0.010433089834821838 0.0018159960266457761
145 0.0003634728080979116 -0.008867795216136017 0.0034041391418295625
146 -0.0014099152239073903 -0.009324196704385529 0.0016252304000039103
147 0.003026013674165672 -0.009510177150855552 0.0023167842455275936
148 0.0014360384377487406 -0.007477470307808563 0.005365549047866555
149 0.00010429187768871973 -0.009126817618104865 0.0048392288017462814
150 0.014635658393312337 0.04565376986955395 -0.017891791416638658
151 0.0007984152423684762 -0.008966509160362688 0.0036558651490056493
152 0.002916203808913727 -0.005701197897902428 0.0018269375879983313
153 -0.005585201575375967 -0.0014814811888553027 0.00026818089478004153
154 -0.010958512782774182 0.04170289935516866 -0.01533704717296347
155 -0.0002889823829942753 -0.012729878190080843 0.00427373250232331
156 0.002499045314696479 -0.0019418746723599677 0.003867374823483073
157 0.0022272807037971437 -0.006207829969912735 0.004776926560682335
158 0.0019617861590379843 -0.0075322892115670115 0.001600476669326556
159 0.002928740580138556 -0.007902471328096582 -0.0016775021656188563
160 0.0018566686700625668 -0.009428420322533828 0.005084280247975317
161 -0.00013420892372021515 -0.008639329644757908 0.002649909827944219
162 0.0018603180202025338 -0.005189069858455606 0.0022079014079535164
163 -0.0010270204654285351 -0.004070392093826161 -0.0004805022193886746
164 -0.0059637815533599425 -0.0023051322636974056 -0.0015183588898795841
165 0.001396146535459504 -0.0023464454565065088 0.0016299615168863107
166 -0.0024874359557662887 -0.008561061464266117 0.001972324897119765
167 0.001252728000269085 -0.006234896384094874 -0.0013345137565131254
168 0.0019412029628220785 -0.006724849399909793 0.003715773883652504
169 -0.005317433951261025 -0.0018653546775468516 0.0008446445631062199
170 0.007145682044207527 0.0028246504091644226 -0.003064437482737513
171 0.0010453110459154348 -0.014009617864994833 0.002452730251528562
172 0.0008005370119658975 -0.0025365744915045625 0.00243820922548256
173 -0.0031984360837000667 -0.008023221140639029 0.002046852068447416
174 -0.0032205769126163603 -0.004247265007851449 0.00014430113773365727
175 -0.0016928071793650122 -0.00996243611597925 0.003298769524069059
176 -0.0032984945903007552 -0.008510342410020091 0.005020430592940273
177 0.003625774795550138 -0.006075273925310784 0.00027055512983810426
178 0.00354704153727764 0.04412874566838301 -0.01929799219333307
179 -0.0016566369170266174 -0.007086206570015506 0.0018504332707233728
180 0.00013967134966479458 -0.006471324121685855 0.005041586745147028
181 -0.0039000694561566254 -0.0073293272561509235 0.0034551190527081083
182 -0.01316087488803358 0.05719081698375145 -0.02176506907264164
183 -0.0021742172035892106 -0.003964944013671097 -0.000641349296400931
184 0.0007434865507873964 -0.008095327207567535 0.0005590975074250271
185 0.0034671420594225653 -0.0073499904206751655 0.0025654643785018444
186 -2.8627260324767638e-05 -0.014387653530527199 0.005753591124123318
187 -0.004047056912093698 -0.008620802876994758 0.003949060689306359
188 -0.0002657625105979902 -0.009268665554691396 0.0020945388726651554
189 -0.0075042102524229964 -0.005893303986364934 -0.0006227533776995281
190 0.0006124415159785169 -0.007302416537490235 0.002906580697765948
191 -0.004380267566718166 -0.007893017959525753 0.0022634967367440514
192 -0.0030477403450501137 0.05896274054837966 -0.024749215861433832
193 -0.0001939733942451019 -0.007051064430842829 0.002990442740204463
194 0.004193324930207857 -0.013045105534037522 0.00454925193825622
195 -0.004185772896333012 -0.005171244953136405 0.0038141700178385
196 0.0004886055749851634 -0.008114305738440929 0.005428369299800902
197 0.00014914309134765602 -0.0022932061388999288 -0.00047710835883030267
198 -0.0066031984410638775 -0.006555200100713483 0.003262092428089239
199 0.002447229973650822 -0.011010117824190865 0.004469794607389561
0 0.000632575727780145 0.006137891828369992 0.04100452478770135
1 0.006737617333476831 0.00012247293811418203 -0.03333087665617492
2 -0.0005669864862620482 0.0018233869985960494 -0.04424786021256242
3 0.0020275879447714043 0.0008672293020066391 -0.04029750896251396
4 -0.000524765098056934 0.010159423762070458 0.044851631956661996
5 0.00022818492321119085 0.0034020101256448743 0.05048790116626989
6 0.003320192236103702 0.0007122292604270003 0.04631767744701569
7 0.002876100460619719 0.0023416845167789635 -0.041564191377359644
8 -0.0009589362736795266 0.0019848362158362484 -0.042692533692305926
9 -0.002117116377589724 0.0005206999090359744 -0.03943026334850327
10 0.0032363029776368187 0.009299513772056001 0.04594834144708578
11 -0.0013013960156791002 0.0017298594013564206 -0.034379340941454006
12 9.9451389402129e-05 0.0002124367325168977 -0.042141743591611894
13 0.002492734689193088 0.005804605447194822 0.03843130425955031
14 0.0037956791086435487 0.00452579374869862 0.04261173379953216
15 -0.0009174072619085663 -0.000360613735724968 0.043856573032347176
16 -0.0029188329666228335 0.0023189156677403885 0.04559797445490271
17 0.001663712554401238 -0.0022359664340452293 -0.04551702697588493
18 0.0035040000129389695 0.0012503381247500334 -0.04095857304547258
19 0.0017933256532815176 0.010056303965568277 0.0435088994395607
20 -0.0015852997406911803 -0.0010951074393849292 -0.033864747233741915
21 0.00017090166739043306 0.006782773163077203 0.04609895791321603
22 0.0007675204281048439 0.0013269717614241773 0.04717715736658802
23 0.0014805694484952767 0.007011705158332359 0.04742055443190261
24 -0.0029518607167499994 0.0015675079630931357 -0.03828510452314625
25 -0.0018583775862528497 0.0012052017303525245 -0.03777304064456808
26 0.0014316544919312085 -0.0006247799423683515 0.04637297159741098
27 -0.001520772529638675 2.2922699943472846e-05 -0.03997814868120502
28 0.00029822137367551543 -0.0017912905724428857 -0.04432313148122911
29 0.005594051035444851 0.005292097647538845 0.049345387321985894
30 -0.0016530842512166646 0.0006763568592988989 -0.04417152603192506
31 0.004119435405642254 0.008604496866540886 0.043096478951891885
32 -0.0014404312015016615 0.003110183673397283 0.045287262091592256
33 0.0004842212833466586 0.002402776352423641 -0.04393882507959397
34 -0.002984301989588961 -0.0033644289058187005 -0.04202003892133541
35 -0.004302563125219577 -0.0001367021594251422 -0.04032615786868309
36 0.0005157305696547113 0.0027386979295881304 0.043763339082756196
37 -0.0043969603052201114 0.008217342627526368 0.04361526709524599
38 0.005098949762106876 0.0018894658720450541 -0.04134140397039608
39 0.0016697057124428934 -0.002643801776163357 -0.03399182011044542
40 -0.001725601163216739 0.009195390036013842 0.048261765052219276
41 0.0029339346282340265 -0.0017118508160616983 -0.03719629484152788
42 -0.004510399360649418 0.011467146649608111 0.03873725374661035
43 0.0007313999831606993 0.001030240543033717 -0.04776717599587514
44 -0.0024747881805781344 0.0052198757820952355 0.039446454683455576
45 -0.0009402180254116307 0.0009498744670406734 -0.03849581771819356
46 0.0029405784771428557 0.006388959671907346 0.042828946626790786
47 0.0021113514862430172 0.0003437619987984933 -0.041921551303393687
48 0.00012567826141127864 -0.00041783136854061514 -0.04549600905501655
49 -0.0009892062762871592 0.0036096723890621154 0.04817453744503811
50 -0.003703053483439217 0.001102143136792827 -0.03816605940810852
51 -0.00206582132551944 0.0016792838355248058 -0.04132895018625836
52 0.0016677334614001657 -0.0002940089508903787 -0.042294649844181166
53 0.001008594237687 0.0017593709162006463 -0.04047523972322127
54 0.003148597465775522 0.001321810846276434 -0.04215378182771061
55 0.005563135490343776 -0.0013508789209544236 -0.03588558202461456
56 -0.0011800549838668212 0.005070148212454717 0.04358455346437012
57 0.0013361410789692017 0.004110163597749245 0.04849105599968873
58 -0.0012720014345460277 0.0028149756459879376 0.04572795462130519
59 0.0035588751725694756 0.005557434045747507 0.04413998229768407
60 -0.0009533647650984862 0.009678392559368667 0.04004685602924764
61 0.0016929134388714642 0.005998880063933535 0.04434860721231946
62 -0.0016084248699757032 -1.40799375776407e-05 -0.041717504677384026
63 -0.001401838892707734 0.009880372038664043 0.04240180224762896
64 0.0053842667453720405 0.009191243911280308 0.0398493684652597
65 0.00036042686000316987 0.0001975756376528387 -0.04410397775928636
66 -0.0018443303376200378 0.0026391401252341866 0.046253588105492266
67 -2.888304220564214e-05 0.00041288717466609476 -0.04619757920475849
68 0.0007813396663036536 0.005873996091072329 0.04308739977401709
69 -0.003399223559633416 0.000858123510712433 -0.04148492424617384
70 -0.0005641422041729391 -0.0019523936253666961 -0.042162857311981064
71 0.0013678341461838064 0.0059230506001201125 0.04307080475812829
72 0.002114174544175902 0.0016639431472796847 0.041823479977533856
73 -0.0012934803720643148 0.0010983569666892443 -0.043868397165783266
74 0.0037617228850773867 4.838087954794901e-05 -0.038389546095627294
75 0.0008529561843232461 -0.0004939164122316347 -0.03875365020039884
76 -0.0007478101987022975 0.0010634884435297316 -0.045302438216900776
77 0.003626041616018677 0.005828865026946465 0.039872190419453425
78 -0.004432742502441855 0.001450258898621215 0.04006385862731135
79 0.00225909211188996 0.003937810461232715 0.04679564618943935
80 0.0007973154028551484 -0.002134385006791771 -0.04362090616807178
81 0.0059213258555365494 0.0005176476710284025 -0.040129608127708605
82 0.003204502454813794 0.004112621744142158 0.04100528574354802
83 0.0036274605792248824 0.0059387053493655875 0.04438058925084709
84 -0.00030691065136290857 0.0038335002870847944 0.0460527397500634
85 0.0022878050472911193 0.007986699383724859 0.042612102597731905
86 -0.0033542963444940024 0.0015822925893408807 -0.03954522673706282
87 -0.00026652331638674955 -0.000839280881053367 -0.035494867184670646
88 -0.0002729280233028219 0.0009552837912649229 -0.03700492411432439
89 -0.0020034929715909713 -0.000535226216841031 -0.03923811488056413
90 0.0019246684149482399 0.006182313439731536 0.04377634369734884
91 0.0046009620854562255 -0.0032997132904765414 -0.03553478264797858
92 -0.002134092757818215 0.0016429052823886472 -0.03562657081258293
93 -0.004626144305096461 0.0005866621671825473 -0.04201229247445496
94 0.0008270048466571568 -0.0004870299006801415 -0.04473503333428471
95 0.002011148053608594 0.0036885429815062733 -0.03892998727346203
96 -0.0014636675660485987 0.0006268902423754788 -0.037954862563382666
97 0.0009448769190607623 -0.0023428194581472696 -0.035706601337886404
98 -0.00048563229055481605 0.005015023417339188 0.04221745456636676
99 0.0006589236211108577 0.004113356222379962 0.04101477614349319
100 -0.007549826898172761 0.008735176087006311 0.032168039900364195
101 -0.0033118258346826746 3.391922228583588e-06 -0.04149785781169181
102 0.005582441476839901 0.009101114272393613 0.04185068476222084
103 -0.002679447966315654 -0.0007590584556109656 -0.043146808918730156
104 -0.0010909555236845447 0.003398023715286941 -0.03846040730768278
105 0.0005293492131426027 0.006382926618591495 0.046352137128260223
106 0.002046203931920884 -0.004314443603508425 -0.04836762719791951
107 -0.0007887996011021622 0.001076812119922839 -0.042051037380384654
108 0.0027550228331806974 0.007030089042018343 0.04362436689960064
109 0.0003721788536437953 0.008167906656312583 0.04028262372681984
110 0.0065574306341079636 0.006318113161211154 0.040807480061647125
111 0.00043208892682046474 -0.0007927426191826807 0.04684865009472924
112 -0.003155691077093181 0.0021201100971593723 -0.042634379606472525
113 -0.0061332499132852394 -0.003247130849013527 -0.0432079598011931
114 0.005405674773354546 0.0011329865607882933 -0.03732086443617629
115 -0.003819882568718236 -0.0019830559088858807 -0.04408411549353962
116 -0.00011564067700810254 0.0008960636344283873 -0.03944950739652777
117 -0.004626457257734848 0.0038621145169585053 0.043277406196266945
118 -0.0023003762577773965 -0.002994200071508364 -0.043038606998033
119 0.0025233221338400763 0.0003875808401457015 -0.03949717678401199
120 -0.0035437035191829835 0.0012646937455500148 -0.03803922519267345
121 0.0015738381858701259 -0.0020536466453896923 -0.04328041739148305
122 0.0058147212014139915 0.006287189910181705 0.044118181998192084
123 -0.002965027691150271 0.011403988435079955 0.0474546369463712
124 -0.0038231259511723875 0.0018718809390956834 0.0427700402450455
125 -0.0016168663106205592 -0.0002916267650370369 -0.0399915569762841
126 0.004191258211594967 0.000994357582880908 -0.04065697521951619
127 0.0029229611430978287 -0.0003810606163169375 -0.03700277239084067
128 0.0002889099018030944 0.003444787365797156 0.04535767987273754
129 -0.0035648689565012555 0.001424046133490016 -0.04267697427622179
130 -0.0016384116596712753 0.003159860350006854 -0.04039817465071717
131 -0.0012823351671345344 0.013884247283333066 0.048350882380688895
132 -0.0015274602431494758 0.007792538069120402 0.05130872658496048
133 -0.0016656085612213063 0.006625516983638845 0.046015720213121745
134 0.004079050864346401 0.0008654710075087224 -0.04594082033561996
135 0.0036212509643753082 0.004379249285544361 0.04907253021347259
136 -0.001270889303353511 0.001180241738640904 -0.03390424318590654
137 -0.001424109138184707 0.00018055828608451452 -0.029865389977128398
138 0.00032164790500293153 0.012319693145941193 0.04683814342735178
139 -0.004249245806307922 0.002715894985605427 -0.041870316394435565
140 -0.0007431478970194236 0.0022725240934713953 -0.042603241236063565
141 0.001148646502953675 0.011484022368888583 0.045560039645843244
142 -0.004365144733203621 -0.0003073127607805537 -0.03535090380793334
143 0.006607037305556979 0.00835478991739982 0.04874514431167282
144 0.002612316545005232 0.00795367398889782 0.03861930501877317
145 0.004780120663434417 0.003048819865603191 0.041246417943997166
146 -0.003152931579552834 -0.0012521532133727073 -0.043944819863486376
147 -0.002374574113710247 -0.005021830825277705 -0.04493066494897344
148 -0.0001989678433676964 0.00398329583688907 0.047196160005843285
149 -0.002218579113127707 0.0028916046624767548 0.04815179364126236
150 0.0017679340797178422 0.001228999782464324 -0.03419709470396205
151 0.0012524971868771578 0.0035298768173368956 0.04728078066525703
152 0.0023873975136012096 0.006122945965167619 0.04020943427650486
153 -0.003004977032181083 0.0025206079660151336 -0.033525197778459734
154 0.00042967727870199535 -0.0020986521305371986 -0.046927438792699866
155 0.001517414622878209 0.00750599798305223 0.04244874137309371
156 -0.0015829770374250658 0.004115265127390957 -0.04452043642606447
157 -0.006578253816857629 -0.002341971780810876 -0.04154317184672776
158 -0.0037578207651489323 0.010310035878903091 0.047749470832249515
159 -0.001201659524152963 0.000797512973887117 -0.040919263445016875
160 0.005571381497143868 0.0085565953614191 0.03695868577415959
161 0.0011536874106467185 -0.0030920478733939896 -0.04611818684867541
162 0.0006511356448288194 0.004327248569800095 -0.04115772764235496
163 1.011303652474196e-05 0.0006083565095552357 -0.042363320224453244
164 -0.005217617829085308 0.010677804573377402 0.04023672707547768
165 0.0007808768646364317 -0.0004367345051950987 -0.038101990185392606
166 -0.0008656221002854639 0.009492862604787678 0.04437274294721562
167 0.003618649340855165 0.00732915812799699 0.04851896669105438
168 0.001369706667399221 0.007645804737241458 0.04772056696568948
169 -0.0001516855684973034 0.0009614576608191552 -0.03816239451841687
170 0.006093038282509247 0.0025600963753059855 -0.03492850806351794
171 0.0035328555355267598 0.006065289999515864 0.043049553295387094
172 0.00010672005490564365 0.0025008777144898634 -0.03662915632984096
173 -0.001721198836736361 0.0036620613583666674 0.041557782938035845
174 0.001916560397274357 -0.001760598214302845 -0.04608318626530451
175 -0.0009739463160548813 0.007551729280199562 0.045607402948182836
176 -0.005047868735940059 -0.003704778407764342 -0.04238203248493276
177 0.007387706653941187 0.006577083537211502 0.04485195727006559
178 0.00469256098550927 0.003515265680691604 -0.0378686286777049
179 -0.004236371882395729 0.0033831244583481107 0.04057237177359964
180 -0.0031302725848020817 0.008498808027946114 0.04739548656844074
181 0.0037114178001332217 0.009003741031985308 0.04305429853913943
182 -0.005186644961210379 0.0024059348989912965 -0.03945334840986514
183 -0.00036783190025711787 0.0050273329095744355 -0.038343063236786365
184 -0.0020978263647615306 0.0036758534562490283 0.04507551267607293
185 -0.0014882660215041915 -0.000429457010187706 -0.038321942203383474
186 -0.003255390874335291 -0.0022986557428753204 -0.04380020157195912
187 2.5909091875898124e-05 -0.0017440913144199932 -0.04098544736307126
188 -0.0031269394157923923 0.0004713659379883481 -0.04113122837764735
189 -0.004302512565053693 0.00740097995441744 0.038657448620678145
190 0.00020323224418716292 0.0025442233549105727 0.04565062497696771
191 -0.0022639427396591236 -0.0024652228548813146 -0.04402780384525215
192 -0.0019426070479849544 0.00020763597817979873 -0.0400837275667392
193 0.00395026014847629 -0.001675788514633493 -0.04142287218435251
194 0.0025774014529144004 0.00823495623794787 0.04172130125651802
195 -0.005824214764567626 0.009723705463976114 0.046248040795109475
196 -0.0013829677899224542 -0.0006612089682995897 -0.043222035154819115
197 -0.0020365982107229605 0.002367050813485115 -0.04891659760755204
198 -0.0018903347936764167 0.00025845326596780904 -0.04679168793330236
199 0.0014219920509840056 0.0006189805255826034 -0.04048843384493426
