200 3
0 -0.4759426466224994 0.026868371137739853 -0.34602687573389795
1 -0.36440733071842496 -0.2535015865167634 0.06215128205598052
2 -0.33097092348249846 0.13366947982167635 0.18580758549509493
3 -0.3749891439347321 -0.13147278478148505 -0.34446157131351185
4 -0.39026928646312 0.04023568927057612 0.09995723021990911
5 -0.33459048777362677 -0.02962761151528663 0.1349574345916365
6 -0.3725372605928888 0.3040800770172354 0.14864868287935404
7 -0.3379149619901116 -0.24344212017831696 0.07275609370283037
8 -0.35658128087873664 -0.07422668291178282 -0.42136176590066243
9 -0.33005561003277195 -0.25513046079150264 0.42364002040235
10 -0.29890219836591814 0.24355549851197852 0.2651069558408427
11 -0.36798621951400534 -0.29405573852463424 -0.00487279004689084
12 -0.27462599793086884 -0.2547193331103547 0.06615730640243017
13 -0.3007494399853053 0.012419398320607313 -0.01165211712014609
14 -0.29712014314303364 0.06474640184864854 0.08073697791947773
15 -0.29235438521013424 0.062292002178139384 0.1332614882509497
16 -0.39870186573772226 0.004326761589742919 -0.12485786131278982
17 -0.4185114252553621 -0.22849365133567706 -0.27502690031001054
18 -0.34536745540817804 -0.17177526388712042 -0.07765427795412146
19 -0.3127129547280069 0.26616189119583217 -0.0799063906240109
20 -0.38720225489206045 0.17500511683837505 -0.08440818055230724
21 -0.3359568308037905 0.04975600192111171 -0.06494653792764077
22 -0.369028046986469 0.12582416270755004 0.15020351523974204
23 -0.38756410377770506 -0.01501714136493697 -0.03135483891822644
24 -0.3909675232781005 -0.23760455839060832 -0.2810659497125921
25 -0.302097327260182 -0.1565812533213191 0.06056780381679702
26 -0.3458074335440164 0.047188652940838835 0.3196944255088508
27 -0.37495334131394487 -0.0926276223350998 -0.24534932100715487
28 -0.26624290570741477 -0.06061473177324812 -0.06272298551099506
29 -0.4359522850696198 0.02660787067431052 0.256259301080047
30 -0.3628095538377921 -0.07607644166065097 -0.3227203370028031
31 -0.40665896574777405 0.4783970196323031 0.2694665063509297
32 -0.3050335501560528 0.18307625491741894 0.10116877370128435
33 -0.3065273284857738 -0.2744232083788559 0.2573270997857887
34 -0.4357399796155665 -0.27683188121107033 0.2799158488485165
35 -0.3197190641233061 -0.2055184937376546 0.03338609187006696
36 -0.4231073332863146 -0.041670224144066584 -0.3058021780205037
37 -0.349151439055988 -0.025203076318495023 0.2298444604561098
38 -0.29184099719767576 0.16313839391470283 -0.26538328881612033
39 -0.353941973232394 -0.18148133267556155 0.010820648098007235
40 -0.33752051664355415 0.2464481653224741 -0.005458027343548326
41 -0.39482861539164077 -0.04544343300687807 -0.22530542924870803
42 -0.26168259202839156 0.13571452287288044 0.2167346252785509
43 -0.3640787444981435 -0.267630135221817 0.24543007507909353
44 -0.35668669476698556 0.15483000892239301 0.04004398644019679
45 -0.30031872025962675 -0.03487744652315782 -0.04707396207635705
46 -0.35991734385899987 -0.15550491648589995 -0.16991098270453045
47 -0.35943650435490504 -0.07356752203835543 -0.19703719412831577
48 -0.39943469178193197 -0.009425346924549896 -0.14144365678414014
49 -0.3646561500075652 0.08497092600757258 0.27501456533478463
50 -0.37589429341783276 -0.05077880149842644 0.23387376820064873
51 -0.30435090869535875 -0.15648916998182305 -0.006545688885163668
52 -0.3851770948757473 -0.19621343100288044 0.29915148472720765
53 -0.30102295473371476 -0.2537413028645635 -0.031226331174469033
54 -0.39007277259056233 -0.13036643369986228 -0.005238542133249849
55 -0.3113119383298734 -0.16876479539933134 0.12781608853617793
56 -0.45238713765894306 0.3273937207823514 0.34463286143921656
57 -0.25639349414154594 0.0697729270967868 0.01743636369855602
58 -0.30205683091485974 0.20076511634211672 0.14794772177405233
59 -0.40390424157560184 -0.08685555182782514 -0.09087068357019606
60 -0.2916037996703193 -0.043115068557092656 -0.10396170732989833
61 -0.3164460543589632 0.18543318450522203 0.28014403682487854
62 -0.359512758865906 -0.25827445050240877 -0.03984350964044935
63 -0.37880256826162406 -0.26082384920732504 -0.09145061495468339
64 -0.3370240920549226 0.3342251656716882 0.12245633619956077
65 -0.3412727552397404 0.02414457387971331 -0.2767972963345363
66 -0.3952321894624354 0.18218597477415951 0.08015699978224831
67 -0.33630324759924535 -0.05520554682976906 0.08486802745941505
68 -0.3727006258477616 0.4483090219704359 -0.02827144465117839
69 -0.3749565713718848 -0.13514099468084947 0.04338308048446577
70 -0.35931357179817836 -0.1461510530669894 0.2791001462987899
71 -0.37408782752055686 0.07708607632769555 0.18647350801715193
72 -0.4213877155236971 0.23843413790196288 0.20745010872454236
73 -0.3390960767953642 -0.2542470581116089 0.2021521753915397
74 -0.41455131943326706 -0.31782205168544186 0.3655479367458315
75 -0.3714477487028543 -0.0887653530453104 0.011818489302279073
76 -0.36693401548706783 -0.3659975295103003 0.2865734562037251
77 -0.37792685479096755 0.32817306104810773 0.11891350280275162
78 -0.43974377592221786 -0.13988253185863317 -0.03655425833402703
79 -0.3323912558717321 0.1799950658390114 0.14347402997307737
80 -0.2895814917128186 -0.37868004663754007 0.12569427655072116
81 -0.35517840720779253 -0.09732280160899537 -0.181962231291625
82 -0.3857973929532564 0.12408179475024848 -0.13975324213349638
83 -0.34615841412736065 0.3633465827095969 0.15642794666823615
84 -0.3746185686253618 -0.026256948168940506 -0.3088410555487534
85 -0.28634776446038956 -0.012448276850739166 0.009209202813913183
86 -0.39220286358895323 -0.0599619436708924 0.2211782470445027
87 -0.392991632871009 -0.0576599245300985 -0.40107563114184297
88 -0.3697354051526075 -0.15447105194962288 0.16338514846138755
89 -0.37849809957792385 -0.0015553123371190069 -0.16776190960182089
90 -0.28945257090457094 0.03646067804375031 -0.041988601416582505
91 -0.3189080944306909 -0.08150236467873352 0.19488322692205162
92 -0.3920186705136189 -0.2382272907475637 0.2553131060116134
93 -0.3790641891075835 -0.22285677453646974 -0.16362020799642887
94 -0.2753061716504276 -0.11815296272009516 0.34450594550889524
95 -0.31382120307791034 -0.020003054024815805 -0.10599426208564144
96 -0.3117945273070998 0.022662780053545804 -0.33942531488878397
97 -0.3624329104960077 -0.0950704662986586 -0.30095072447455373
98 -0.3140235481049761 0.1676048488738753 0.1416249738991285
99 -0.3451953623329404 0.2846700847097568 -0.13787802046963865
100 -0.32852648556737996 0.26507083126634023 0.10477654469319281
101 -0.2739193006767706 -0.05526598358855935 -0.010190679282390747
102 -0.4248902847957612 0.1842980486418489 -0.10892723537103004
103 -0.37343483138889066 0.012496393914135696 -0.19075530197868543
104 -0.3642704612460801 -0.2114483703572193 0.09208926973405933
105 -0.36329344661329716 0.16041253865691174 0.2184736312017792
106 -0.2982687481194809 0.08152947073839549 -0.05407445532433115
107 -0.32645196208372246 -0.14593310260937484 0.05114202663725824
108 -0.34195992425478766 0.18579579949894043 -0.023316251510555788
109 -0.341858567380404 0.22188319079325194 0.259737978394076
110 -0.3800157076682308 0.26194821350166836 0.038234628958009005
111 -0.4180768372991516 0.17768531885604688 0.24677472171380613
112 -0.4365283677771218 -0.23394260020442553 0.22771235443306462
113 -0.36602586728706843 -0.1812482387854799 -0.01173524552621689
114 -0.34300557862814374 0.001379398479730335 -0.34658872666375934
115 -0.4304400564565785 -0.3196215211030637 0.32795785563791097
116 -0.3501697914468144 -0.13057662408840567 0.2876062129627808
117 -0.41830888140544037 0.2365265674254707 0.08992457685577666
118 -0.3285827686735597 -0.22407673002711145 0.02775278677760913
119 -0.28964515588690465 -0.09200561033124043 -0.11567245947364235
120 -0.35058851273416625 -0.19596118908314794 0.16680915602722757
121 -0.3638464080411079 -0.136743465478048 -0.14388062424210868
122 -0.35665734568792673 0.006228161974538651 -0.20082811365228778
123 -0.32614158439562185 0.15241075432542756 0.01907806043857543
124 -0.3603394749253842 -0.02941372618945903 0.10984916068024071
125 -0.4234993844891467 -0.037656786415215325 -0.2539584378241531
126 -0.3115656615141462 -0.10042720579701965 0.10798815294547981
127 -0.33702539006768 -0.2456990991618723 0.03196640202686177
128 -0.30468294560543474 0.23834662713560045 0.26387973625215627
129 -0.366254635052873 -0.1631179043245125 -0.2635568184368172
130 -0.3484570824085238 -0.12637790316502415 -0.07118681351938017
131 -0.36855002783737806 0.28659673055557594 0.10785575772366345
132 -0.36726783236604055 0.01643001507293728 0.20440321394458735
133 -0.4445123295508683 -0.10443914616099323 -0.4146893451559131
134 -0.3720861344144143 -0.10994153293253117 0.3401826113298169
135 -0.353601426972854 0.0018811556449739501 -0.24184237340154732
136 -0.39392499174488976 -0.08102548469968496 -0.2811760039827511
137 -0.4064366868682942 -0.27603762659228526 0.2307223864450319
138 -0.45689559670552304 -0.029272754387735633 -0.2807645806978178
139 -0.40932249471822596 -0.1761518709249424 0.2948052244453189
140 -0.30847516882544823 -0.18597931407745202 0.1939599297717835
141 -0.31445042541731133 0.4150342409126277 0.24124512760181543
142 -0.3544170974666575 -0.059247014460211724 -0.08256832777913391
143 -0.3963982890100589 0.06105518161679939 -0.15226017703457592
144 -0.3290662832334823 0.11910245621329975 -0.06449144121493937
145 -0.34947288308287255 0.19348659167051627 0.07474165255623254
146 -0.4461751848030411 -0.060369520531649255 -0.07093504405612322
147 -0.33346159410256454 0.013892726298663685 -0.055790511665966484
148 -0.3024149359626558 0.3764859455074142 0.06911807786723527
149 -0.37991070426863177 0.3066593006600646 0.06909228774158278
150 -0.40214351851977703 -0.30466823694827605 0.2127266008350287
151 -0.3265496277688641 0.37261760147547196 0.21024653941335836
152 -0.36742178615653076 0.3092064454184719 0.020741620483462505
153 -0.2840664513334972 0.05728010660632903 -0.07309004412096229
154 -0.35418541903923567 -0.09130455325031109 0.17184781565652846
155 -0.36844564523858364 0.20674649502029263 0.17773645701891708
156 -0.37601209219176757 0.07047946843774061 -0.29879309852290054
157 -0.41847123869265956 -0.17275743595557 0.17745628382411768
158 -0.3428685925336774 0.2681525684941379 0.286137629981658
159 -0.4016158270242744 -0.15032997364214817 0.36635220947520775
160 -0.4042286994526694 -0.09213702629289472 -0.3047903510517816
161 -0.3990498454501068 -0.0011062786254116654 -0.13897858034433186
162 -0.31511132784866974 0.041847144573258464 -0.08403281733922928
163 -0.4157700309641422 -0.06259730638475124 -0.18358306016934073
164 -0.3667541100262367 0.23780322056761546 -0.053904814299457135
165 -0.3157876952724409 -0.11335133749230789 0.10240829256891149
166 -0.3174570041810695 0.05301972666867372 -0.14997629076971736
167 -0.3721700767098088 0.22293655424959027 0.20243866989230797
168 -0.3460239004767042 0.24094794950228876 0.3067293432578186
169 -0.2839492483540478 0.04764265627381296 -0.24712974572517601
170 -0.3236768566771794 0.02584959050582872 0.05693321378832248
171 -0.31559015142005625 0.2915999605485789 0.20724793357757995
172 -0.3467921767072765 -0.20773662928833067 -0.16773571782638602
173 -0.343998326021383 0.19557349101415658 0.07109679188660127
174 -0.3604484010282579 0.036396512015680026 -0.30658705193040103
175 -0.38235243326215324 0.1271518588003215 -0.09347117314212182
176 -0.378691072028346 -0.12189912884865185 -0.12004619164617923
177 -0.3289977709379876 0.17961375222141565 -0.16339816962464865
178 -0.3530738278325672 -0.15477908456498804 0.16861142026168946
179 -0.37301144307315204 0.14930829790571065 -0.014001617118144788
180 -0.3847119053442896 -0.0021475957755630395 -0.11794046841851463
181 -0.3646575007492322 0.16705716524292624 0.31892898511982654
182 -0.29640488597233305 -0.0327085952711202 0.1891772020547149
183 -0.3850628977755076 -0.12418098765907376 0.22904782908404708
184 -0.36966338494365686 -0.04199488562126494 -0.02189812120738286
185 -0.433373463912777 -0.023231778252575937 -0.19265698016963614
186 -0.3468338618918652 -0.20188786401743483 0.24047647901979288
187 -0.35061539908390693 0.08342374680513355 -0.15022960746682712
188 -0.4109287163484473 -0.08810298769302057 -0.12362242394449167
189 -0.39814551802144427 0.174502731802788 0.23786595342491648
190 -0.37014221010892695 0.3712642924870533 0.2596625579610717
191 -0.2884388496993242 -0.15239108035604634 0.18296610818428177
192 -0.3542869110215647 -0.21276801859134953 0.05509954850017261
193 -0.3409924178365793 -0.08923948161790936 -0.16907914921172842
194 -0.42608067015417916 -0.026296279790870725 -0.28869467254200537
195 -0.44973345415410265 -0.1412280576170796 -0.07355404113041174
196 -0.336658848971456 -0.1657503239145068 0.21077606866188353
197 -0.30928983094756257 -0.23969502775449258 0.11327048501166771
198 -0.4025151001915611 -0.25528525885279035 0.16959203448366753
199 -0.33949217915035323 -0.16818614458559428 -0.1071446569057072
0 -0.4840014096655888 0.3960012240078457 -0.10559821265228922
1 -0.3945223272646856 -0.07446036020261197 0.22362119333125458
2 -0.31202892798671744 -0.13721068557907817 0.08486820403891858
3 -0.4721235929669006 0.15643385540808202 -0.1272136598593192
4 -0.4154372412724349 0.08137727394151642 -0.1596305623651441
5 -0.4469731295328705 0.34725621842329585 -0.05238419374079616
6 -0.4700416569659347 0.3358193827162573 0.0033320337444860573
7 -0.3564264036620411 -0.22007339980725513 0.27346555007788814
8 -0.40102650640353127 0.09428832307460895 -0.08533860618394967
9 -0.31478697440991205 -0.21130418545834492 0.2916187525091151
10 -0.44904227126690455 0.0460684239634932 -0.2784132827124126
11 -0.32084122636734524 -0.2603393519043314 0.011897430701791438
12 -0.35045275547397453 -0.3138400158028316 0.16181389037033173
13 -0.4215101912637699 0.065850752284555 -0.34813858487657545
14 -0.4453944663938823 0.330251676026889 0.13353834540858947
15 -0.43158116882797887 0.2642493949034112 -0.057371612088506885
16 -0.47476671915042146 0.04671390573632175 -0.2411927223187215
17 -0.5011775586749238 0.29723370710160096 -0.11108767081220786
18 -0.49082194917063565 0.2234417549759338 -0.022598004210652042
19 -0.5490378373779251 0.11522883870149705 -0.08936915767115133
20 -0.42469437063453147 0.026228096019929616 -0.11855001986913134
21 -0.49349239618163354 0.3274449432769921 0.03921396753566158
22 -0.5328313542462766 0.13647534944089038 -0.39773818808441336
23 -0.4627822322765924 0.21419369640874608 -0.31228244945553435
24 -0.4386912137760332 0.11996596926433285 0.06388273359361679
25 -0.39302345729875204 -0.002590283545162412 0.04535573738090928
26 -0.4709359041901522 0.26644010483859476 -0.14516176839830713
27 -0.44955023526210736 0.2849968823294973 0.0381925880219631
28 -0.4762633283740943 0.2785350165794363 -0.09124579774668556
29 -0.36355168056541964 0.04169254890893609 0.03689863263447212
30 -0.3824118173971411 0.12833273917666072 -0.14868971532667027
31 -0.5364439210278451 0.3085785041681126 -0.2296135727934388
32 -0.40801758554453355 0.23842004185281787 -0.06633418664062271
33 -0.3715103772027803 -0.21187784306358787 0.037136492712160324
34 -0.3265341729916526 -0.03403715610692473 0.10215231652503622
35 -0.28911060353445617 -0.20192335959571805 0.42539881303830424
36 -0.4753902424868294 0.28152579983665865 -0.19561100701404477
37 -0.40540707130319775 0.034729741869133135 -0.3448676408688715
38 -0.44840579258911756 0.08620164326058427 -0.23902012734054978
39 -0.3909866901350791 0.309790927089537 -0.17984620015985003
40 -0.43549170379298946 0.13004924549080166 -0.15537632633151163
41 -0.4306241140931235 -0.11330303646004414 -0.4135237427826901
42 -0.41176235251243803 0.3164618866542614 0.2992238159262916
43 -0.3712232692345053 -0.14392148347125241 0.19815785055306084
44 -0.5088566997200725 0.21405124627740849 -0.0559747640892165
45 -0.5313162261530018 0.31654223055448116 -0.26080623475938264
46 -0.4615561401430094 0.4042416464430923 -0.14360669120605765
47 -0.451993056062452 0.31739290694059064 -0.06829685556259148
48 -0.4168779498706614 0.04644727165297271 0.10643299707794232
49 -0.5156231816199043 0.198977354437132 -0.025115892003966203
50 -0.4048068802156842 -0.10621214170443248 0.07510160123577901
51 -0.40296625959848387 -0.3033088831427316 0.12260836529101085
52 -0.35021715552364274 -0.19334568321978085 0.2295287491516948
53 -0.33759607661144414 -0.09474482592074451 -0.04562879166618107
54 -0.4576455115467051 0.12612256782292774 -0.0676261658773451
55 -0.37134200117965654 -0.3249949800238762 0.2593421067067864
56 -0.46148291870309466 0.2562902558770528 -0.09197826452894
57 -0.47374593809358434 0.2179622399543288 -0.08478801436174752
58 -0.4691801697190779 0.1680971052172656 0.09215619859778024
59 -0.4802585503950227 0.2949217118383747 -0.23183812472485746
60 -0.4886787480065078 0.11085397245760766 -0.24277077253619775
61 -0.41973470861449597 0.14346244795634605 -0.015776966957462595
62 -0.2905918615703742 -0.0911727442526545 0.24340256879797229
63 -0.4985601146325383 0.0688528127995331 0.0008307835217924852
64 -0.502361385565905 0.12555967906370127 -0.19754767753587824
65 -0.43751606442670227 0.17809383021257116 0.037985222277283105
66 -0.3914696352668436 0.0857573790358431 -0.12624518820250774
67 -0.3794421903676277 -0.21586810821001431 0.06111633754371331
68 -0.5141749003903305 0.34456187025434015 0.1994870808664616
69 -0.417279581544036 -0.24209494604804885 0.27350240691357
70 -0.3618382214694073 -0.21467989877917615 0.005114853223862602
71 -0.4483985164038844 0.24359064232799274 -0.00810105296184911
72 -0.452260698733817 0.13732096991391718 -0.1362739282935366
73 -0.3916323208443 -0.1310112647776865 0.03350666149460171
74 -0.42360238408989964 -0.23552454987734028 0.1528503723032763
75 -0.3566073263041544 -0.32912887282571346 0.003548748986173783
76 -0.3796778424885018 -0.22157033210807037 0.13822056357355353
77 -0.46447154727574147 0.29240258549225584 -0.09340141008301138
78 -0.3776111041788691 0.17737535911027733 -0.14972724985237046
79 -0.47887529428855513 0.029189721485720903 -0.3124152764350501
80 -0.3265771984816557 -0.24731189552965344 0.2564099432382934
81 -0.40971633690868237 0.08341482263931843 0.04708088585477151
82 -0.4976134072298684 0.16450114467543747 -0.30279918926689203
83 -0.4318227247047934 0.1961368695815127 0.02028083011184988
84 -0.3185448088591836 0.014096588294094867 -0.045450533557060385
85 -0.44626306472109195 0.20770905228538245 -0.18895531205738694
86 -0.3223600242754147 -0.1154356966616763 0.27025596814141645
87 -0.4163415903407421 0.3606370931789988 -0.0227002781476298
88 -0.3095505015468393 -0.31217116694864616 0.23192505892579585
89 -0.5204961395329255 0.1689921512487553 -0.28109790999135875
90 -0.39869259888191066 0.15006268875239615 0.06648857172598005
91 -0.40968911501839056 -0.26256107425820474 0.14393191288613286
92 -0.3842590121445201 -0.18852036400539615 0.1653380714905216
93 -0.43589244487315115 0.07933857860952478 -0.19093537759677573
94 -0.4104620598863887 -0.03369810477154829 -0.023120876191556113
95 -0.3984686345295628 -0.02658969194676572 -0.08506716812960821
96 -0.47425029981067734 0.29880682308964773 0.015109769263399348
97 -0.5070994241348157 0.1237062561881523 -0.08977860544092739
98 -0.45393381383912945 0.15236711680347273 -0.025296678463658098
99 -0.4423860780768647 0.09441991057294134 -0.06027001252306531
100 -0.40715639708789547 0.006965286936428033 -0.18518199979995176
101 -0.4686169841325009 0.10587131943620073 0.16871255474677915
102 -0.3789008457106215 0.0903054493656317 -0.21770918714957976
103 -0.46272004715369425 0.09028006512553745 -0.120308791612955
104 -0.4163048486110476 -0.2170990210690661 0.2388578277314302
105 -0.48175995707455455 0.36820468068466816 -0.06241175920753365
106 -0.44406267985877584 0.2444452941535822 -0.16174986803635272
107 -0.309393968532619 -0.2626678046495079 0.27951071302185193
108 -0.42642131420655205 0.10397942597758406 -0.2388190573891771
109 -0.3892835772067285 0.23123434662967476 -0.1761585301008983
110 -0.39512584120510374 0.17986138136573243 -0.08667789521262148
111 -0.4510036822054734 0.0514889819023914 -0.014479403573316727
112 -0.40217412851773243 -0.07166840293971344 0.3417221161780357
113 -0.3657445469519215 -0.2516166142857429 0.20801371762060342
114 -0.38622066418020745 0.26698719622951844 -0.04807948831704933
115 -0.3541338101962136 -0.2668366968328294 0.10811821414363247
116 -0.3421295950145583 -0.06208149436017411 0.20323837047602494
117 -0.47789904680893647 0.2058086979507148 0.042767090842467236
118 -0.4102279672716242 -0.25742501256433 0.17645525035910223
119 -0.4331001720837111 0.23634949061685018 -0.21070969027946568
120 -0.3673125702206852 -0.15052392136716733 0.10567770628667768
121 -0.3402164497943987 0.0827566652456715 0.038967507331423845
122 -0.4787709785738925 0.18731374374053777 0.16947368094830004
123 -0.3968005234943282 0.18171419558965285 -0.1475145790616689
124 -0.40657997617143266 0.08197766021668607 -0.10361701927425014
125 -0.5266106332887676 0.16491408083636225 0.08042332126318184
126 -0.31430665177278444 -0.08280525671160376 0.277905297420642
127 -0.29096805336699116 -0.14710490780881802 0.30575632091408367
128 -0.4417238074741575 0.03060457211451758 -0.27380804504157574
129 -0.5400358261810905 0.04337455041291993 -0.21088025985923906
130 -0.42445348964831914 0.10962246287906435 -0.08370749249285285
131 -0.4325593650848142 0.18456553658768898 -0.11348518616358391
132 -0.4085985509590699 0.039840418209739346 -0.18150731309605753
133 -0.4320969072249202 0.15477068823543308 0.0930731930816
134 -0.3392937748967435 -0.2982386701980826 0.17029896323598515
135 -0.32566248628930167 0.0852321975511788 0.039442984956236646
136 -0.41875942180617165 0.09225572563385072 0.19197078213921293
137 -0.3560697130360638 -0.13598420084276425 0.06577667494104675
138 -0.4100805330395266 0.26979164203660044 0.08807841092908696
139 -0.37278689094879525 -0.20220944310302785 0.24780998884951688
140 -0.33069548856494585 -0.2624948128162871 0.20356768108664658
141 -0.40895145619004336 0.09326582914267077 -0.1878910673869098
142 -0.42138911009548463 0.23999682812913783 0.09513391272550585
143 -0.5113963904660903 0.06046260556471707 0.009363060308636791
144 -0.4742038474533168 0.18284319714755073 -0.17034719647476357
145 -0.40772991041841994 0.08010155287033523 -0.10629787222945562
146 -0.5024610594287623 0.2446440520393497 0.08761750998978954
147 -0.3643865611143164 0.19564541212441813 0.03997482219555831
148 -0.4989562620494099 0.23243363577930104 -0.2213476695734841
149 -0.40564064648165465 0.3235907288615887 -0.20800408035357978
150 -0.28081923396822084 -0.14801348995120195 0.18567490469041362
151 -0.5059335439937871 0.2798865000422385 -0.02394851055233762
152 -0.40893838902173135 0.2558030742831593 -0.11695977175425147
153 -0.4085616550719984 -0.04472867666176189 -0.12826892313026073
154 -0.37816794616698896 -0.2083534097986586 0.3640299219181592
155 -0.3641474065008664 -0.00889385702885065 -0.12654132589933836
156 -0.5072700189046059 0.13452953417070418 0.015400552668297434
157 -0.4051792539618186 -0.16437154921554314 0.16131090718178173
158 -0.42065061782011015 0.12420079289338062 -0.16570002726812572
159 -0.3320733409963567 -0.0540669582880115 -0.016746676051838612
160 -0.39925426662063906 0.07153232141631652 -0.20362834156716825
161 -0.37979958010121023 0.24498210970173132 -0.027057196462319428
162 -0.4727826257298872 0.15586694941343254 0.0361370904085232
163 -0.4685342647857969 0.19625873625573576 0.06414013225759466
164 -0.38230866702598315 0.05888421483377468 -0.45716798577255585
165 -0.3010411783317011 -0.1191191959210183 -0.04149041798347323
166 -0.41314250568296484 0.2865285348353536 -0.2031892555764135
167 -0.4996430349533796 0.16978976737415624 0.1254568673130983
168 -0.4555743844974084 0.05146447218082901 -0.1457594135680706
169 -0.4618109734286445 0.1397525504613668 -0.05269468797993796
170 -0.44860229674028707 0.20788160895673 -0.05577604731200658
171 -0.4606453595672263 0.16981934371832932 -0.04055203826000022
172 -0.4274127384259842 0.002316604728725655 -0.3944359080411162
173 -0.4727739724738049 0.17254836787184533 -0.1497954933763002
174 -0.49747217338443106 0.08038016371128497 -0.3387528737553051
175 -0.5128142283159514 0.07133345302474318 -0.1912560952353254
176 -0.4040402653177802 0.22657417622958095 0.14909917756886099
177 -0.46619072467677186 0.14608538395176598 -0.0750931916911575
178 -0.3458692713438871 0.008748123939259852 0.07780261192982858
179 -0.4584264820050556 0.29284125901711905 0.07113688029987483
180 -0.39392197166389886 -0.009149675411444111 -0.07343030084343387
181 -0.404445560400452 0.23276446781375398 0.002725506800263189
182 -0.4197656868341867 -0.029560494896397532 0.3061222956961583
183 -0.3325082357430154 -0.16500926334062507 0.15690911005784455
184 -0.4314898033246306 0.12191267334013957 -0.10587376676970896
185 -0.43414309511045573 0.21797873141960794 -0.18056829668632562
186 -0.3845095900264091 -0.30364106153574943 0.3742633059758563
187 -0.44282867670578435 0.3621396470407438 -0.09552209679757308
188 -0.4069507129295869 -0.054997226882367495 -0.14107392307643896
189 -0.4335970591536668 0.07474772585691536 0.013581961773273884
190 -0.38609718998487425 0.08300136171436384 -0.21405557406102405
191 -0.30986619759224215 -0.09635588511163143 0.055755060369188876
192 -0.3864726789736797 -0.12991641373724935 -0.0196086463287354
193 -0.4287048407467169 0.053617486178761053 -0.07022855007738762
194 -0.4493197136419659 0.28874927977461334 0.005968358234049084
195 -0.41485054763009394 -0.032421795569867226 -0.05413378068764848
196 -0.3082273578838301 -0.01486062329417484 0.13860180969794642
197 -0.35828759854688885 -0.262334457892234 0.4180825284912703
198 -0.3393969302788424 -0.18851481332782502 0.23718690544149645
199 -0.39388489543621813 -0.11739803470320227 0.1545680704929044
0 -0.5194720028692084 -0.18357956139009093 -0.33801237788142663
1 -0.4837227048198396 -0.3941327531604407 -0.07931247229361323
2 -0.4213659585975921 -0.23206502501233953 -0.16567729436527784
3 -0.42201826200927617 -0.03618996619119339 -0.303778420347412
4 -0.4001666501538039 0.20255944783259294 0.29204885515196216
5 -0.4006933337833137 0.10745522531025563 0.38033909054805365
6 -0.4166164225297828 0.28987682463282394 0.22525741106927077
7 -0.4425647754751974 -0.1928760068162802 -0.06494978257142671
8 -0.3378904257001711 -0.04255820251990213 0.0026982048093629864
9 -0.36791479725145154 -0.19228279534723147 -0.1788505457904987
10 -0.384776218335101 0.28881451326318947 0.05437995599150716
11 -0.44708184190180755 -0.32304492512090316 0.1975808960171901
12 -0.42295815461557135 -0.18531953369213547 0.05077846784030217
13 -0.354550249653318 0.059596606919269324 0.23149012447819892
14 -0.4102421670129964 0.23204919495689658 0.22303058679781823
15 -0.45439720246817156 0.12534827112760108 0.17316507010600718
16 -0.468782070983896 -0.2727109876757304 -0.09186056954787687
17 -0.383947942322229 -0.14979529378632922 -0.1871229830283458
18 -0.4455499910062675 -0.23921432173617949 -0.2483463658947623
19 -0.3365206569397247 0.26957352039605154 -0.09080721754825513
20 -0.45652572105284595 -0.19587974730435606 -0.03583416504983477
21 -0.36286743038252156 0.13497339913238962 0.07018295308271548
22 -0.36290106422976937 0.19275562812766184 0.23308550407158074
23 -0.442164722337836 -0.22359486718584876 -0.20493237340711437
24 -0.5012090761832435 -0.20705521252325548 0.1588841903450846
25 -0.5208008165199647 -0.09281670079843318 -0.23544707807357765
26 -0.3350815929774988 0.1701746055566035 0.20188254583749063
27 -0.45675856612521765 -0.12088677978854238 -0.13463878484625966
28 -0.41956757424267765 -0.3507967089739063 0.046261019088522315
29 -0.4606649829562456 0.014752772098213999 0.2595463543106345
30 -0.42504890447901095 -0.29660825162500154 -0.1493596367326702
31 -0.36652811311651773 0.2590170244866182 0.3989167853032322
32 -0.3512736352262526 0.3325171829889553 0.14688382506133887
33 -0.48669613610184254 -0.17898033980385938 0.021586933744370197
34 -0.3992763973166194 -0.14878857538942222 -0.002997786945448167
35 -0.38404947840659426 -0.13589229873802475 -0.11097181804233114
36 -0.4073209984971511 -0.1585804816908014 -0.09164945233217002
37 -0.38731639120879086 0.14289995924848597 0.042444993837260594
38 -0.40968808147291413 -0.13480722840111414 -0.022145226436121157
39 -0.4975033848343243 -0.2756709065581893 -0.09112649115620983
40 -0.380661207963112 -0.045846940542364274 0.049119642082736566
41 -0.437744601471685 -0.06691004376304566 -0.10505506519140195
42 -0.41566969705392104 0.15606407199703273 0.140511160367409
43 -0.37275199283124927 -0.10709798040797808 -0.2648603827636284
44 -0.37529525554893217 0.06854299556065019 0.07841623762618537
45 -0.3456874335063434 -0.1482920164613492 -0.07253199930458643
46 -0.5171639629625989 -0.2224502082716247 0.09597728211684955
47 -0.4601122248653247 -0.15554328987748414 0.05266560653968777
48 -0.4459456137033422 -0.23849656687049703 -0.14026912504025382
49 -0.3584516165571367 0.22190969156498658 0.1408585065425012
50 -0.4391840284109324 -0.25916493216181025 0.10444021630780259
51 -0.5016631129489776 -0.2739447803051725 0.1853801103911602
52 -0.4295830689059204 -0.19334916013916495 0.019185591961022628
53 -0.48599109701572757 -0.35279793332950854 -0.16655592576606457
54 -0.4598260207550624 -0.23031929122755374 -0.07312723839643856
55 -0.34505840431814155 -0.3112809325556193 0.09546643654139819
56 -0.34842888728782045 0.21840624493296748 0.2596918512848589
57 -0.35310832946801507 0.16777276666023944 0.315273260427319
58 -0.36179751193739124 0.13619956746285425 0.0942551983022738
59 -0.4104931447701645 -0.01755898956739936 -0.3378404534465647
60 -0.363944241935033 -0.1678049861975169 -0.2721453577031509
61 -0.3229255144171521 0.15817503617435968 0.15144165671297902
62 -0.34816499580699467 -0.23747483263486122 0.0535329448649184
63 -0.39696040030555435 -0.12054644741763933 0.05262575941089775
64 -0.4087402576505565 0.1442269952430581 0.06983875762649502
65 -0.41687159550352904 -0.020408159810559583 -0.4188833675537175
66 -0.38825930423748767 0.21078643568732883 0.01923834680554127
67 -0.4201476868170653 -0.3027377176597496 -0.07305411411737038
68 -0.35403381150745045 0.11516722190232871 -0.13415050158614747
69 -0.4716989056899138 -0.15353983177234487 0.04920988682533897
70 -0.4261341187070432 -0.2414843713332053 0.03734947518173748
71 -0.40060040109230505 0.27374164822081387 0.25686413727868757
72 -0.41877731180927213 0.1653149991251278 0.03745555638953817
73 -0.45482874332652545 -0.09851514761072423 0.06677358058166669
74 -0.4268485341747432 -0.19039532263959813 0.008253276871459908
75 -0.49300177277772916 -0.23467568844743122 -0.07643669547145543
76 -0.43780537760633553 -0.12019136686787728 0.053901844699312085
77 -0.38780997322581573 0.2333747467058097 0.1174709491118503
78 -0.5003226148581392 -0.31764727018401373 -0.1691432714776358
79 -0.3549514586704413 0.08001755370553904 0.3307138452057143
80 -0.4557982669821975 -0.15411663502901946 -0.015533430351031245
81 -0.38835844448525086 -0.025562854745981353 -0.035087648186242895
82 -0.44420370213853133 -0.13939157820174947 -0.2148264246956342
83 -0.2771191713574511 0.13701372883759616 0.19746189921821877
84 -0.37892419454377724 -0.021053833286150993 -0.14286980480626804
85 -0.442601028874094 -0.01513010330461007 0.04606970276272704
86 -0.435822384620487 0.05229021067650829 0.07930922984664406
87 -0.5066213988694255 -0.18618749347573915 -0.149734388135837
88 -0.5827258993860424 -0.09119900145575077 0.025914944123904167
89 -0.3725595036218847 -0.13603170951887117 -0.15635207865371584
90 -0.3937870220024166 0.37926220028349455 0.0008443170284573559
91 -0.4009493483181827 -0.047331284479478576 -0.14862977107400466
92 -0.4111043864508369 -0.3042486228562262 0.02169771994421019
93 -0.3505806728333476 -0.3551267497429853 -0.194887578369819
94 -0.3862432711489909 -0.20852640042557974 -0.12128483267173178
95 -0.421302751340456 -0.06739463721403384 0.0468970425137612
96 -0.5007979738564601 -0.1679248451706043 -0.07002891627843721
97 -0.5051670351690581 -0.07970940133109954 0.017174184354263194
98 -0.34156682904017166 0.2535769882489338 0.25626394429652194
99 -0.3009743434146314 0.20711690388707715 0.02239939845042858
100 -0.3550979477724357 0.08689322305647389 0.0993909820331121
101 -0.42344376233099174 -0.1543870333371338 -0.014497814338331002
102 -0.4180862109200007 -0.1509064638899844 -0.0668296268554454
103 -0.34698624516592735 -0.1556060485629228 0.11635668362842903
104 -0.4203821562761481 -0.2909444404913841 -0.0827312010510788
105 -0.36379709795876997 0.29751341561251565 0.1933812400562819
106 -0.41499016616642614 -0.3298875669213618 0.0838498398919633
107 -0.4463482525118468 -0.18302199503805894 0.018217388100247915
108 -0.4192601790736841 0.140857376217276 0.010487777130162508
109 -0.3164020172536197 0.08288458777950099 0.05927552585075977
110 -0.4004198997695688 0.11076069738787124 0.14028089270753
111 -0.4271768038584762 0.20706283846060883 0.26350976168466
112 -0.4536134326264396 -0.026489725270606248 -0.1588966101565213
113 -0.48252123936747027 -0.23584727812179845 0.020413673190985065
114 -0.41128716648979247 -0.19214738306043347 -0.050073877961159655
115 -0.4152290153761307 -0.23827067699480792 -0.1498303099900398
116 -0.44116999526708683 -0.29375358132555124 -0.23972805711111791
117 -0.3391181788846758 0.17800213766812548 -0.0592712296539758
118 -0.4946132022718607 -0.2705350555828167 -0.07194965463479909
119 -0.45037791212708317 -0.09997128918473673 -0.017119814464775635
120 -0.4676003473873181 -0.2556768611622383 0.012152911369884131
121 -0.3565097370552181 -0.15818264226446418 0.007282387205664267
122 -0.4341361214194258 -0.20894892167620827 -0.09230123086213939
123 -0.371860035791677 0.32199507044431436 0.1363670048585317
124 -0.35557360378697583 0.08473010862709067 -0.05999980493041677
125 -0.39429297264180885 -0.2144297402807934 -0.051325508788078754
126 -0.43892555590577165 0.01319721450567982 -0.13397690257110856
127 -0.4375914754279644 -0.10681282611963719 -0.017544946052202647
128 -0.42257396741325914 0.21356132718171178 0.15828089056538097
129 -0.4080018735754193 -0.13710446813913238 -0.11451497498521512
130 -0.4715308748301602 -0.11504644062249517 -0.23203592462296727
131 -0.3473001462503207 0.382486353721643 0.2884810074818926
132 -0.2979388959175447 0.2725380798239179 0.0014835055626530986
133 -0.45736926424420493 -0.31114572795486933 0.09057786620240144
134 -0.3966886819717089 -0.20427684189920667 -0.15753180264388625
135 -0.48619429197574354 -0.20370680046230485 -0.23282398988123246
136 -0.4062936682979603 -0.24568860353784205 0.14983578648005177
137 -0.4413923424951097 -0.21045737296350284 -0.10125682978961599
138 -0.44099989513227833 -0.14390158143012685 -0.025510293985465674
139 -0.42656963518636837 -0.23501671333778382 -0.02796126701572516
140 -0.4627330421493771 -0.14987346848880057 -0.17242151990602272
141 -0.3632872177530133 0.19571623278177225 0.06261530984035989
142 -0.41030916145366775 0.0850205141386136 -0.028461191116914118
143 -0.4020908743015362 -0.2949856438051172 -0.0832871630460724
144 -0.3495662535763771 0.16344392179169898 -0.05362337393574283
145 -0.3734870169644917 0.27013847756749254 0.26490676720055895
146 -0.38893801280965906 -0.11188135500624455 -0.04597509220676994
147 -0.4846294843459817 -0.09250370133084415 0.06402829709014657
148 -0.38319672202921157 -0.10025111828731365 0.18064202885453992
149 -0.35327929838894784 0.2020183467215142 0.12389858850576611
150 -0.4830608675788795 -0.20591593000028727 -0.08050490891471622
151 -0.36547600637680855 0.34679387481647944 0.22080706675970066
152 -0.29902358952793523 0.17028462361714827 0.3354413979989298
153 -0.4076475047540262 -0.28582297587132494 0.0010951778498619542
154 -0.36676786786770155 -0.41890289490200944 0.05138544237737163
155 -0.32638667586776227 0.06195754744841313 0.2972193300332467
156 -0.47299760372257366 -0.21521022897690847 0.09659189003192607
157 -0.40690399133288546 -0.3164726226169188 -0.20554354969256
158 -0.4108463774880031 0.3278698815902567 0.14817300801424896
159 -0.5141378916870115 -0.13042436407453487 0.16690889739958925
160 -0.4153359744635188 -0.18138040898684393 -0.16148380190589998
161 -0.4162656501164786 -0.32191810538454446 -0.023975849564845008
162 -0.4559016150197476 -0.38435520714308685 -0.082160150007266
163 -0.33144210808802 -0.16498408590457064 0.11315110362219828
164 -0.4020713276886761 0.1762323092062313 0.2405840772857287
165 -0.41701467601010084 -0.04687615755412691 0.13962518800552898
166 -0.44391510277259116 -0.3463104233707907 -0.09332028743905968
167 -0.4015146807588351 0.2578218413462357 0.0025154097944786367
168 -0.3545187344939258 0.20824491325133385 0.13183244240042402
169 -0.45572597512330404 -0.1076531449633707 -0.2591697781885273
170 -0.4972358804041073 -0.22226702905044593 -0.2153494886780936
171 -0.2883404255415458 0.2136579985263529 0.0722170147710871
172 -0.4354663600661766 -0.23801834502826666 0.0066922564777603605
173 -0.29714916399869734 0.28380475142302364 0.3972390842423582
174 -0.37750558949933105 -0.14103353264974994 0.10353838243739322
175 -0.3366630868050268 -0.043750510039834295 0.2648912064621198
176 -0.4420332552463145 -0.149837531789782 -0.02359192607112351
177 -0.5068676748769181 -0.13655791120078895 5.388257073889878e-05
178 -0.4374186136805487 -0.2060031747119526 0.06355126550905114
179 -0.38359390003654553 0.3509583187955226 0.13445906007861672
180 -0.3573824301171806 -0.19336544262508837 0.1268796489565882
181 -0.38442373717295153 0.32175847075399777 0.2086420482694062
182 -0.4327630666359184 -0.10173923009721532 -0.012615811787399716
183 -0.3945025358755343 -0.07352767810349903 -0.1218243063700727
184 -0.352212359662908 0.284968411519371 0.2065249336349508
185 -0.40563409071497886 -0.022468336042531876 0.09441471666883326
186 -0.4079973706335814 -0.18111594824828817 0.24468323883511706
187 -0.4226407016642135 -0.18245633401337055 0.04206785145507
188 -0.3839279341953314 -0.22660919333705007 0.07932112523612068
189 -0.393547274385537 0.22353420259902937 0.10396705319912397
190 -0.27072490853345577 0.0641457652262759 0.280801388042819
191 -0.4383291690955284 -0.04501455282529748 -0.12837891221765377
192 -0.3853786502072821 -0.21963169583156486 0.1022022447307365
193 -0.46752899920400043 -0.07975034465148569 -0.2802246266121814
194 -0.44346023042922667 -0.29749397668170496 -0.08896419668714194
195 -0.4477342303566352 -0.1614776462254508 0.07406024214499542
196 -0.4381172935919318 -0.43262711899078815 0.13548427617963735
197 -0.40434859965601777 -0.3536429128922957 -0.09588986870369014
198 -0.4189229323960795 -0.12400333616781047 -0.1710687289828825
199 -0.5009166663829862 -0.11585501585529022 -0.08523836660627757
