200 3
0 -0.46214229395765016 0.06740072169557888 -0.36770875043913653
1 -0.3600604120710576 -0.2294057107744322 0.15051011758525173
2 -0.34804585125445087 0.16360963573713783 0.1650560673434573
3 -0.3585029373573801 -0.05204008663464534 -0.20992322357041765
4 -0.3887809776504403 -0.016584355310073066 0.0759663082981232
5 -0.31152051563637384 -0.12808328789652693 0.19568505701913122
6 -0.35480886256583827 0.295277524659781 0.11138995471865619
7 -0.3399687106116072 -0.24397349961816828 -0.051603187187048094
8 -0.34787154676811866 -0.07606944063368744 -0.3323916219666345
9 -0.32470640051411204 -0.26310019906433546 0.48417254739184723
10 -0.3058565523581511 0.26190561957184505 0.2848932012924267
11 -0.3660624776238552 -0.23168693909709465 -0.18129867350914647
12 -0.28822109907579546 -0.24324453743317212 0.11416748115638084
13 -0.30044379462491305 -0.047790628878866606 -0.01442666306418205
14 -0.3047252090271553 0.0059309831381755985 -0.01077711835662707
15 -0.30805185005029784 0.009476731788623434 0.09806133626598923
16 -0.376508575561197 0.013831150568004621 -0.20505243514499855
17 -0.3735256832564268 -0.1944570308932834 -0.20644296327928022
18 -0.3400310971609475 -0.1811822354874356 -0.08258365783734578
19 -0.3273281093734128 0.29473897063805443 -0.012208183914489155
20 -0.3746496522859029 0.23481335135742876 -0.040345171616309614
21 -0.3360518265838377 0.02307645192672785 -0.17727536860789586
22 -0.3740373929627855 0.09614107784313393 0.10720365466360965
23 -0.372726562151957 -0.06486660256213192 0.09133199771782909
24 -0.3524715391673214 -0.26136198574968933 -0.10364042549431544
25 -0.3088303003566888 -0.16846052651597868 0.15588960850196293
26 -0.3199573681267428 -0.07351193287730265 0.2868682988383988
27 -0.37852395391834165 -0.12415786093047496 -0.19879739049409412
28 -0.25613781851160483 -0.09184236820446819 0.014205929490048879
29 -0.4341870961723848 -0.11801452939324293 0.20343708485251671
30 -0.32945945196948156 -0.0738018254576044 -0.2608191213845426
31 -0.3978378983025569 0.4063304102712597 0.19353907759892439
32 -0.29668289378263774 0.18869595422212684 0.05855680842705632
33 -0.30873202895868723 -0.30256625236464224 0.13009983629834534
34 -0.453049677950933 -0.3333884734456118 0.21523575160521924
35 -0.3212216417115782 -0.17980924376847587 -0.10310858744444878
36 -0.4118819409861829 -0.012573905528388258 -0.15516983135391155
37 -0.3466175049387088 -0.15148771074497883 0.1631505301755561
38 -0.30218976006863063 0.21073941519960032 -0.33086179038697705
39 -0.3398842016294109 -0.2084304190209242 0.1118978445020723
40 -0.3391480802504466 0.2138496264093524 -0.15053027503141514
41 -0.3734667719542171 -0.03496256261567708 -0.00280397384376866
42 -0.2665224766945565 0.1672525389238024 0.08809024488895188
43 -0.34610288016975943 -0.18946343726767936 0.21568138025724354
44 -0.33805853363621463 0.0343025810201234 -0.15758408202698493
45 -0.27356569001843434 -0.04660644799149904 0.05189406418869591
46 -0.3520644178271534 -0.1483080829161992 -0.146813577194022
47 -0.33149831334853536 -0.1389910900438931 0.19490292730734426
48 -0.3825607911508101 0.04118894109422753 0.06404136748089341
49 -0.3531527497018839 -0.03528910518360314 0.22349067524940525
50 -0.3778871589305447 -0.06745757885238537 0.11372652166916987
51 -0.30394528034665913 -0.14350472765717115 -0.03739369489396581
52 -0.38470250150147317 -0.13319215393756917 0.2568545275961396
53 -0.300475986475213 -0.21486199629252162 -0.2283490003291163
54 -0.385537223383969 -0.1121786272494489 0.1171403096574962
55 -0.3135863077518672 -0.12411225683458285 0.033645877296495715
56 -0.42967590753812923 0.2367912027394256 0.18187410241325905
57 -0.23965959860122757 -0.07096427531533005 -0.10340816008640694
58 -0.3019889722120574 0.12520092429586738 0.023012501677264645
59 -0.39712404743522545 -0.05504637887351927 0.20902420508820976
60 -0.29709971589256473 -0.07259774380150885 0.11766693334651297
61 -0.31567825143838923 0.1364600989431278 0.24363051506327402
62 -0.3491821203164337 -0.21452202448473232 -0.12900669904323317
63 -0.3815214716719229 -0.2834367340612153 -0.023927582652624346
64 -0.3087542092733064 0.20049418487804255 0.10267591622871455
65 -0.34123347270335463 0.08811517209641434 -0.1009970611732034
66 -0.3853521012319963 0.1005293801994679 -0.03389461715205273
67 -0.3235677246736926 0.04478453925485837 -0.02100212772906693
68 -0.35339131760955794 0.4075370525932455 -0.26802292031751074
69 -0.370644022866973 -0.09239138481452072 -0.009910260863396178
70 -0.35635666009283706 -0.0781972245625157 0.32502441017737704
71 -0.36321169400467684 0.043781389835197165 0.31826521640141464
72 -0.411830582936353 0.19411987899063557 0.24363243117762073
73 -0.3266786770527252 -0.22185662400278836 0.21081175229542634
74 -0.4081644983864048 -0.3015909137801621 0.27818427808801166
75 -0.37349744190262846 -0.10244364951715332 -0.02508819074514102
76 -0.3661208604358409 -0.3792607277312513 0.18763032591739282
77 -0.33729021825605165 0.14326796231431774 0.04451924728822562
78 -0.4214309176829765 -0.16126080169915924 -0.017895666224583627
79 -0.3067883659475366 0.06792372206617976 0.03606079182492132
80 -0.2797335470463286 -0.34871366780920615 0.06694187123467027
81 -0.3557568896141062 -0.13468954459609833 -0.23950690818417425
82 -0.40241380687452 0.1432639606728971 -0.11951246610818647
83 -0.33925634559689455 0.3522427105886016 0.20484253879580447
84 -0.35927251566815616 -0.024037256297473688 -0.3352440235212028
85 -0.2795936363884522 -0.018594881177067143 0.13726223673884633
86 -0.40678486502911854 -0.0715609448034809 0.24638189933353766
87 -0.36802183622331386 -0.022965340078059254 -0.1872394294558228
88 -0.343415938768876 -0.05091550941679323 0.31321300484566456
89 -0.36380509340390055 -0.0010526260802964419 -0.13038308454919592
90 -0.26581566853655475 0.0007690112645303633 0.004724113688320808
91 -0.3202181985247757 0.05356039611790184 0.11245804913401501
92 -0.3527886990004848 -0.1311894883615494 0.13139185664115288
93 -0.38961636136239985 -0.25202538157544463 -0.18968898951787405
94 -0.2676965019035809 -0.013635755497046724 0.2651567564609769
95 -0.320619963059156 0.02187860043406034 -0.1980889618918878
96 -0.28579062803142335 0.09009186983187634 -0.22270591220184136
97 -0.3699064368557392 -0.13463954009036658 -0.152593530767705
98 -0.29121336884646165 0.11936434204995888 -0.012468272099146862
99 -0.3464639558226238 0.3029304843579282 -0.2792047800782244
100 -0.3133145846877587 0.1293762143828029 0.026736747569532926
101 -0.27222438654053255 -0.10374850133476107 -0.0708034299360052
102 -0.4276141776096473 0.19276465691183542 0.0207186727647919
103 -0.36565418167530594 0.04203786807376313 -0.04767781504821904
104 -0.3518716050231572 -0.1474264805596367 0.06846912091618981
105 -0.37335417222886214 0.16344483895649248 0.28507049619477093
106 -0.29035107928391657 0.047907881076543465 0.015147029437721145
107 -0.3235404455247366 -0.12393031499578622 -0.01027506457034497
108 -0.3207948156342942 0.10339992660244401 -0.2469764820061478
109 -0.32841757531982047 0.1610752752134446 0.2148402177045296
110 -0.375993382483461 0.3117722424465502 0.11635461694068674
111 -0.4180617121717068 0.1270779262795678 0.044669030472241876
112 -0.4143613248456146 -0.1067101820045807 0.20663209809137484
113 -0.36209780960683 -0.10569558598143303 -0.0673057829599119
114 -0.31819415519320604 -0.010594825771291696 -0.3725131857161043
115 -0.4062046385635137 -0.2599414114002271 0.14777805520368312
116 -0.327144286918264 0.06075531856108067 0.1715533049725214
117 -0.40243851558648513 0.15211491151342277 0.04802959638185624
118 -0.32616127785150517 -0.22763988366346843 -0.048576581693341135
119 -0.2945847660425296 -0.07958441910752256 -0.23876356465467188
120 -0.34514441605944635 -0.22040365644703586 0.10782783630419988
121 -0.3653825994114598 -0.20630494954215667 -0.10066830364844019
122 -0.3088579053406342 0.11009324992310937 -0.07918126925841586
123 -0.3170820025545736 0.12108585254280475 -0.08253489776222424
124 -0.3623983485303886 -0.08421968261693535 0.033097789408029286
125 -0.4176135944562945 -0.03136305903888402 -0.26521974380600694
126 -0.32793638671792047 -0.11404008918229817 0.03955696319283214
127 -0.3387065304853707 -0.23915415107249882 -0.08562277952084205
128 -0.285546837629906 0.19776732819333695 0.12311205044685741
129 -0.3540941767889029 -0.18839119073196436 -0.12627430620750357
130 -0.3659316977276957 -0.11311670122138394 -0.07431710759341519
131 -0.3109982164711357 0.13724200404370512 0.07957367171797486
132 -0.36951172025689777 -0.0459724921888338 0.2534953159017036
133 -0.41698176747255367 -0.06916685440499276 -0.39248005516265866
134 -0.3626998947406296 -0.03808940647295789 0.24297974802491235
135 -0.344163229990061 -0.03605510687207629 -0.008487007720868989
136 -0.3640214779188007 -0.05188302163215595 -0.3227861740158149
137 -0.39707720220706494 -0.19507182429285144 -0.01951365166706165
138 -0.4463798861266317 -0.04795558584953406 -0.09650965308168041
139 -0.4055137208983929 -0.08400582466954988 0.18675586089498733
140 -0.29598601539551705 -0.08369232054921655 -0.0011194932512359759
141 -0.30125027827859086 0.41744853226803674 0.19833049524614935
142 -0.3479119185443639 -0.0011811417872658622 0.22700571286262855
143 -0.3600791414207939 0.01803721774286412 -0.10330022231859999
144 -0.3210101513843476 0.009702020683984543 -0.1865855496364447
145 -0.3307289251006388 0.10244572401980707 0.1346142198025281
146 -0.40971033058094136 0.0047349928711210645 0.09067118489241269
147 -0.3169408695913819 0.04065336024911696 0.11197663134302666
148 -0.29395405444820366 0.37203184645743664 0.011481523776917022
149 -0.368888157255264 0.34108414800158154 -0.05389289213820953
150 -0.3941557811812228 -0.2921487923781157 0.0510604180826518
151 -0.31926088800255553 0.3382300417806202 0.15362065804553535
152 -0.3532150194710676 0.2611510970218879 -0.14030120877577126
153 -0.28274734560339815 0.07255830471226435 -0.11694114552811095
154 -0.37210721987325274 -0.07883036191676662 0.20010420901721745
155 -0.3386148915276907 0.15370270521011312 0.224203720929039
156 -0.3701553454923998 0.035111207335322345 -0.315102471612562
157 -0.43108632933472035 -0.17506899833194262 0.17563575430382497
158 -0.33677187626408234 0.25372517089601365 0.10095648082240521
159 -0.39938112725047986 -0.011319729207531742 0.3689859059882293
160 -0.37539982153254053 -0.024051011166828805 -0.1998104248824892
161 -0.38460998086135506 -0.005773573559640994 0.03382145805369207
162 -0.305647119795622 0.030755773579865652 -0.003564197505953714
163 -0.41005386617020567 -0.062158930151550246 -0.25448919539434317
164 -0.3520154781364962 0.20933096143864602 0.05731876021167761
165 -0.31094263938792355 -0.11170379714433085 -0.055485826051547726
166 -0.28256748764044387 0.04695800019219557 0.030760064461699294
167 -0.3472155577293743 0.15966818836541252 0.05066885507045279
168 -0.3353029971201878 0.15937693769802672 0.3478882173134013
169 -0.282400932741083 0.09221173620912904 -0.12824139946545765
170 -0.3323410768823333 0.02122260456031006 0.020741444796609654
171 -0.29535702293006666 0.19652119780947405 0.1119484056206657
172 -0.3232752264565218 -0.20392962675055576 0.04546509829697438
173 -0.3230355160091111 0.14815796782259152 -0.04888653088520672
174 -0.3422647056586188 0.10732502505283728 -0.2276503460509195
175 -0.36366803482187615 0.0759757759069705 -0.16162854866396872
176 -0.357771368326071 -0.10908493558779703 -0.021426636027262445
177 -0.31179777717996676 0.21957869366229887 -0.1184682101323207
178 -0.34822961586572965 -0.021174776662854392 0.23955624928037347
179 -0.3514376731381665 -0.00218419798393459 -0.1411680311737432
180 -0.36190962569678564 0.020363571055446967 -0.13508770706453105
181 -0.3451615056612662 0.11941762967722175 0.16430510705597778
182 -0.30455053071537286 -0.06534369683734824 0.08279968191374427
183 -0.3994949765806072 -0.13393292959243616 0.28659311709285984
184 -0.3629195408321035 -0.17589022909096047 -0.1024548543269182
185 -0.436402817269085 0.007217752675527806 -0.20578367679114737
186 -0.349984414414306 -0.23141659777503618 0.21009477141585048
187 -0.3356497895860155 0.11754969627072252 -0.2246786059757941
188 -0.39057002003605257 -0.043192237670470646 -0.027948164159460855
189 -0.3880463404859695 0.2335681029568662 0.09051404362614252
190 -0.36200544356570796 0.3285137370884093 0.1631164915272348
191 -0.26836022070525484 -0.09125625720741225 0.025848981458041643
192 -0.3441286246138563 -0.22413955410051892 -0.14405349109663002
193 -0.33361474684988673 -0.047537832239511385 -0.1863823387043326
194 -0.39441696308989976 0.004136615542964465 0.057112077378081785
195 -0.42487086783032735 -0.2149318644300578 -0.008968319936199492
196 -0.30739136937064254 -0.05208597247262794 0.0652146549951536
197 -0.3251200379033076 -0.3094524438036939 0.04664704170338813
198 -0.41006769183072794 -0.2106847316986054 -0.04669851625769158
199 -0.3163774057287139 -0.011199577285836159 -0.2534904512857001
0 -0.46644954891134316 0.44341761150698034 -0.13643732023185812
1 -0.4057806514473129 0.030180977776345798 0.24679659416495744
2 -0.30422422794402687 -0.07958106496432908 0.055112387964416656
3 -0.4700646985629948 0.07512875051610236 -0.18035877382429427
4 -0.41992392490385827 0.06880408857404681 -0.1460653213539286
5 -0.43695692623306875 0.3866676384128538 -0.03815730698352237
6 -0.42702635613592765 0.3132154260762188 -0.052828242152814384
7 -0.36173950273572447 -0.24392655727545795 0.13737061774483345
8 -0.38079432468115354 -0.027936148078768267 -0.1641202187417731
9 -0.30905813765762474 -0.17007665065255415 0.3729782553989148
10 -0.41494798515258347 -0.1257097198357432 -0.23707803610276582
11 -0.32060887090484713 -0.22751514532206876 0.013671406289716756
12 -0.3555245250675743 -0.30748392364133004 0.1403671601406932
13 -0.4060468545690165 0.029210547244116904 -0.17509466139002716
14 -0.43210058811442426 0.3688259787888929 0.1692409785674763
15 -0.39688233442258014 0.19191681568888622 -0.0359916956618925
16 -0.45036809384336984 0.005164775802496306 -0.0795519413387985
17 -0.480424211671603 0.22491165335799093 -0.16516914387403456
18 -0.45966896444084915 0.21721145622973517 -0.11257159332730779
19 -0.5053282624372598 -0.10019145079894333 0.09269457967183117
20 -0.3845802504382607 -0.09559318387182825 -0.04139653267975516
21 -0.44846085701224603 0.2930096781501359 0.19434058781714394
22 -0.4941167517760829 0.060012666929444666 -0.2774958889442622
23 -0.44421247548813053 0.1480483227473616 -0.26411981953560104
24 -0.42681710907695314 0.1578885892658939 0.18130443600742085
25 -0.3876427373928625 0.08827740020211979 -0.16471781040669287
26 -0.45488294911687743 0.27650254031163835 -0.1604797178389158
27 -0.4034480228634988 0.27083137715527256 -0.03505319512181749
28 -0.4466261194789656 0.15617422602687103 -0.025466878654101473
29 -0.3421128935479952 -0.02758888483522322 0.010427492154764217
30 -0.34404467562233343 0.052361001442241775 -0.03913572771730403
31 -0.508043354828368 0.26863909268914554 -0.20439195471626123
32 -0.38860955530474633 0.12246770293900656 -0.13504051424222235
33 -0.3527590365541177 -0.1819963431576881 -0.022106736011537512
34 -0.3356143298914319 0.022330136738795334 0.12826485945121088
35 -0.29230434779866493 -0.1942517335894674 0.32996591934195124
36 -0.4438824746837624 0.2824362258235012 -0.21291971368800489
37 -0.37684499390031473 -0.00954636717508139 -0.1732457409852994
38 -0.37677106889564005 -0.0346508359021274 -0.27128925949495647
39 -0.34101689329085405 0.19392762248012257 -0.35358932522942005
40 -0.4258020597648992 0.16435930889614492 -0.2636310797579703
41 -0.4037966639873352 -0.1984247430251977 -0.25034000686675384
42 -0.39800526194758196 0.3794182214892161 0.10676301014253546
43 -0.36747267378435433 -0.108480017348151 0.07223090791637775
44 -0.44670431116783166 0.07748295634747802 0.060569733921900876
45 -0.5179539766884871 0.4302764720963474 -0.2870040825264589
46 -0.43168932158833145 0.3927711540370107 0.021097991402458795
47 -0.40554755589330277 0.2297904241076754 0.08954173123916916
48 -0.3995679337310353 0.002698499817812043 0.042651277033893785
49 -0.47055728419471116 0.07686050442770379 0.037275524383814145
50 -0.39555549680095725 0.013779177715129102 0.039713761727819166
51 -0.4013681412794261 -0.2944877958412833 -0.03019876502448818
52 -0.3464594912251569 -0.18966452946378246 0.1754323084822998
53 -0.33012860428201946 -0.023741258452186307 -0.0701080768976121
54 -0.43360049694707875 0.08889022261675433 0.01605526211234299
55 -0.38554162090493294 -0.30840045792592796 0.10100962938709
56 -0.4075922731540675 0.25676703128070455 -0.05258366581190862
57 -0.4211569359395951 0.0693234958105859 -0.1741691011411718
58 -0.4454400030960325 0.060219079700810973 0.09547039920486414
59 -0.43858252771507283 0.15848973379049064 -0.21704975962250828
60 -0.48736981868445034 0.0834561872423559 -0.2629995181861508
61 -0.41128106410429777 0.15005331437907196 0.03342562259982534
62 -0.28267404997277595 -0.0888578850674619 0.10969099747201987
63 -0.5054955387854926 0.01031652819943852 0.19939987079315324
64 -0.43964267817824915 0.06697155645688826 -0.1705609167964482
65 -0.396398977677552 0.11685875105723958 0.054772578991552176
66 -0.38308767707154656 0.07967828587686752 -0.257761159110594
67 -0.3612335556061708 -0.10017377347735643 0.06831880610080172
68 -0.5004213032129723 0.2808654806595856 0.18551407336957093
69 -0.417299711839436 -0.2464699027095243 0.11697110532454738
70 -0.3646369401880465 -0.24061545977762164 -0.208251523847634
71 -0.4311933698649073 0.18084859449060608 0.29159025531559185
72 -0.38510675483059637 0.07807453629603166 0.1567258932540238
73 -0.39502263184776376 -0.13597962990893245 -0.16302041693765265
74 -0.4181302085386953 -0.19308025900044737 0.08400307252913346
75 -0.3599842575820105 -0.3172625472740588 0.050331487985653546
76 -0.38365554409804237 -0.19355161090593986 0.0827338330839217
77 -0.45549183824520173 0.35614383368954045 -0.10598435659561195
78 -0.3259248101813872 0.16161715862798998 -0.22135143751598135
79 -0.46041732495813803 0.000290968658884458 -0.2277951610675708
80 -0.330099253484405 -0.25605568225001846 0.14210354103919046
81 -0.37707785238379055 0.04258066281916639 0.14642596958856063
82 -0.4220650766814221 0.13621789114543018 -0.28354919381107235
83 -0.40947015986536606 0.19094771333777896 -0.04481407212379823
84 -0.29120443288023007 -0.021011923259892252 -0.2470037976844737
85 -0.402644930579862 0.14817927425369143 0.10807945592708215
86 -0.3148239336029547 -0.06399314243297681 0.16791705048434039
87 -0.3578559118827812 0.35242010531763696 0.13183332222768018
88 -0.29611017942303963 -0.2903457710440567 0.1327312974204797
89 -0.5142917016286528 0.16512674026262164 -0.22010189215247
90 -0.3957868598725331 0.09437764598861487 0.07249841835717481
91 -0.4076264183075424 -0.21598607518051147 0.25198743767453424
92 -0.375879760371424 -0.15296213847913065 0.05488600923108293
93 -0.42506707464141924 0.04793855734093544 0.04302555273719393
94 -0.40822907058787333 0.04369701458393963 -0.31964142008382446
95 -0.3658422743492829 -0.11549117833741741 -0.03949357848392638
96 -0.4341901029355601 0.2001546398900052 0.056105737120286825
97 -0.49128191481243205 0.06436780254610668 -0.03910417981192998
98 -0.4140672948204863 0.1731126962041643 -0.03607892282249822
99 -0.3827397243972072 -0.008514089210099388 -0.14178692745866192
100 -0.33834992936968333 -0.14663822035026725 -0.18281111446923765
101 -0.461177100960304 0.07906117026748379 0.050465806859492736
102 -0.34870300165102763 0.036982519242344254 -0.11829957785936815
103 -0.46186442267846123 0.13742127751558894 0.022828491975904922
104 -0.40891323185301287 -0.12679688198458927 0.25648319669599884
105 -0.44091370617136594 0.3669494372661601 0.1462853912315608
106 -0.4113856715841878 0.33395094657053753 -0.20981585606806535
107 -0.31111665143270417 -0.24695308698586263 0.1239807994915045
108 -0.4084515967760819 0.035517429974873324 -0.27577254277526375
109 -0.35995658786508783 0.24652091179389887 -0.026900670702826764
110 -0.3563036026569809 0.2515686535880431 0.03460754115212891
111 -0.4158946129079433 0.07043686381911875 -0.07782359219046443
112 -0.402135371714623 -0.018361940850343438 0.3375237193667994
113 -0.3485655666486818 -0.10369820435441497 0.05980081480137701
114 -0.37265873671744826 0.27172577752403426 -0.0502083646682231
115 -0.3404466692894993 -0.20242962456855082 0.0890074578272679
116 -0.345411527202299 -0.03215718977123347 0.19209632975423707
117 -0.45675794106625095 0.14318579029627468 0.08147381781157018
118 -0.4082105480633254 -0.20493406191438432 0.23876484311636414
119 -0.39897729749957683 0.1809680943256145 -0.22695450761967603
120 -0.37962191952261076 -0.17588745657192487 0.07627343564670248
121 -0.3421176490382343 0.1280718707335964 -0.022506146021357348
122 -0.4323457096507406 0.046061761525546786 0.2117475645831293
123 -0.39821669290950024 0.2704039205778106 -0.3044017507852097
124 -0.3580975172664852 0.03230061126370649 0.0322446850937009
125 -0.519709046833463 0.16675256314388717 -0.01439922830945408
126 -0.30310770313217333 -0.003620138903087908 0.07803102580567524
127 -0.29916912112128824 -0.1631742299996732 0.205255524791446
128 -0.41459973062874145 0.016844281124735624 -0.19791648881730645
129 -0.5343445171929229 -0.025321334783922657 -0.33219463058350135
130 -0.4043371202553802 0.06226060619437142 0.020523350081402995
131 -0.38330320884206487 0.06987860322141926 -0.03171158194552066
132 -0.3591947774083427 -0.018816823673378922 0.02130378419636205
133 -0.3841538788444031 0.11635789489094225 0.20147893845086423
134 -0.33687869515187024 -0.26479985858576754 0.015195830193882749
135 -0.3277779252558361 0.04691527537736434 0.12724745385247926
136 -0.39237443132150757 0.05527139289235945 0.30570770587014245
137 -0.360729700110876 -0.06883851485992484 -0.101442980213776
138 -0.3826539983408107 0.2803283605144824 0.08465942565414268
139 -0.3699169589104266 -0.09687114947813413 0.24285900773978777
140 -0.3027408057211148 -0.23058169977190401 0.13065213152894067
141 -0.3830532079591368 0.037541925055834334 -0.28014119244567426
142 -0.39476558588940625 0.176905157897514 0.14056683616982998
143 -0.5045432038238522 0.010370455463799916 0.04271681248378451
144 -0.42676673634671214 0.09644936934084422 0.007161293767099602
145 -0.3954264637828236 0.008138629437603403 -0.07758920372997279
146 -0.48284649407983715 0.29402178956926084 0.26267043303025195
147 -0.3397320683904463 0.18404934122888383 0.19715589071771566
148 -0.4363810984772249 0.23450494648736916 -0.1586629934830905
149 -0.37701517145764646 0.2923444973034512 -0.28630219665096646
150 -0.2611208290972607 -0.0801651816443894 0.1441394523411445
151 -0.483067203401005 0.2629907687458251 -0.06913073917781602
152 -0.3813916984299356 0.23960351799892232 -0.005584652353731929
153 -0.3627102899971811 -0.15620310742676033 -0.02585611074726408
154 -0.35434685114479963 -0.11730132426153328 0.14292845168248658
155 -0.324114654349709 -0.08165038082040542 0.09860589589411912
156 -0.4934733127369379 0.15347477356088413 -0.13675782055229999
157 -0.38893689808299553 -0.09494611193952539 -0.09157710950014011
158 -0.4033697146698764 0.031010090439709887 -0.26387781691254225
159 -0.3254897281569493 0.031700063887812026 -0.08143343292172682
160 -0.4029863385129504 0.02693922495702358 -0.29759965430677715
161 -0.3347950173631474 0.1354898327435643 -0.004235434596588589
162 -0.43858175059663546 0.19069223409052385 0.10201685789519997
163 -0.46208086711999985 0.23588527105045892 0.01897599885178681
164 -0.35761442685444367 0.08824067009637171 -0.30912418761011223
165 -0.30073885842313763 -0.09968300315404695 -0.1965758303425346
166 -0.36255924477857077 0.24441003692592922 -0.07682046454608668
167 -0.4767387711783577 0.21136846567786838 0.3788340832463209
168 -0.42220378196751507 -0.03375859342327486 -0.11637262731787877
169 -0.43188336490764634 0.06301389270062911 -0.09976219520034267
170 -0.4137662165820567 0.24095250523288003 -0.013029824217774289
171 -0.39941671863327516 0.10899489705565583 -0.12680075599914103
172 -0.40867861300686953 -0.028696416328452004 -0.24146195064343304
173 -0.4577170519045194 0.18801808106880652 -0.061640661248427105
174 -0.44853442278646705 -0.029402465564717737 -0.3609566190192387
175 -0.46184750052234025 -0.0010537124387494602 -0.2216522597124312
176 -0.35817969299052027 0.22083700723442654 0.2786075888505364
177 -0.42609462207462906 0.18225506471011008 0.041629780328201645
178 -0.354934608570032 0.06440414567680844 -0.13231940844351053
179 -0.4441137602555361 0.3347410286498492 0.12091757761749941
180 -0.37384531923596565 0.009393803753667627 0.02225270024796919
181 -0.3950334738065872 0.23540615453711047 0.09247016343136172
182 -0.403818829580662 0.18122752007173498 0.23487013837850915
183 -0.3105166360037295 -0.07649391892445097 0.09791878334710108
184 -0.39747994812321596 0.10409032106762689 0.03936084855229187
185 -0.3529988497613673 0.11872731917535977 -0.04543973076704827
186 -0.3673675785841755 -0.24272380302191607 0.4579313311616888
187 -0.4038262045083081 0.29985261303281646 -0.1760218008788889
188 -0.39529351091484527 -0.13632616829691035 -0.12902082262301842
189 -0.4147774338386353 0.06393956408693086 0.03427249109143891
190 -0.34392743538632664 0.05724618244560898 -0.007476319131087007
191 -0.3159556557442257 -0.11401739914220965 0.1514666672941536
192 -0.3920634782508857 -0.04337254673594469 -0.14821795934486032
193 -0.40900984158393405 0.040171543264865626 0.005083539097892662
194 -0.42523001520081166 0.30867961711382375 0.004492945196837263
195 -0.38236648122825834 -0.03233073291460267 -0.07922850309650904
196 -0.29446381096421376 0.12552357823667568 0.08142946230173413
197 -0.3340744062452993 -0.12719391336640762 0.3038673905890351
198 -0.3517996242910182 -0.21111040734948064 0.14015674690232116
199 -0.39201405547112445 -0.06354323290411651 -0.03276301095601378
0 -0.45654216318284435 -0.09823791122780814 -0.24195622255978275
1 -0.4833492840631768 -0.3631017818486418 -0.035212890352542825
2 -0.4105286928850125 -0.2559223453324546 -0.22164898567144922
3 -0.3871492629340995 0.08626651024039862 -0.33545312183107023
4 -0.3905080995577014 0.12613730699647005 0.22683356612356664
5 -0.40569731122764885 0.010771753545994153 0.2731376858566815
6 -0.40899148408583086 0.25791892157636587 0.13816482828813603
7 -0.3855663028635638 -0.14534811195195751 0.04018310651544366
8 -0.3165195774571021 0.038748923997267315 -0.005498850233564446
9 -0.3532310252213218 -0.19610911294398883 -0.3100336602730831
10 -0.39507964737064905 0.338038289753952 0.17199594033899673
11 -0.43276373829028075 -0.260992453018764 0.11755830279259034
12 -0.367484174891659 -0.21148238419550647 0.1275233975290446
13 -0.3439494335345216 0.0033927618713298444 0.0794305597115
14 -0.3945292093791213 0.11234543552264209 0.11065392239678488
15 -0.4608404601166555 0.043054387459505065 0.32149599961042313
16 -0.44103428816827966 -0.21350851219374845 -0.04525152030037095
17 -0.3617408373170144 -0.17394569155406556 -0.04601823155125393
18 -0.4027849103329103 -0.19269881894163518 -0.08925350354465138
19 -0.33679629600613986 0.21454089270570284 -0.052744403046652344
20 -0.4396915636177945 -0.1636275011694289 0.19556700329100243
21 -0.3531430687267714 0.04029942862157952 0.0040130667272605565
22 -0.3579357765497634 0.09574327318054797 0.16901938109281145
23 -0.418307459869268 -0.2279551052521937 -0.16590466713282073
24 -0.48037887875436647 -0.12060609408982349 0.15785186314394312
25 -0.48220915680842774 -0.13285927505276224 -0.2063862918450422
26 -0.3376136341905553 0.10614519989674337 0.1904768965661669
27 -0.3836372732960159 -0.08230523249132608 -0.0636102763588706
28 -0.4023752058287061 -0.30603382495476056 0.09546477758764639
29 -0.44762613131534595 -0.09125509589381886 0.0361640897230487
30 -0.38546159340090397 -0.30514105091593724 -0.16204367077447318
31 -0.3560378469168762 0.21452107235395512 0.3270983793082232
32 -0.3536086797869785 0.29315194767013597 0.18569785479190906
33 -0.4475337170009557 -0.10160151419505177 0.1295536362628479
34 -0.38840920640611215 -0.158857892364171 0.020849927850258552
35 -0.36428413149542144 -0.14856814995776588 0.06881852412335805
36 -0.37476143051860017 -0.040499192054215614 -0.03857682139951764
37 -0.37837231148441736 0.019729023811965046 -0.045189642354450624
38 -0.3728190227643246 -0.017487469509930118 -0.0034922882067684926
39 -0.493357599280393 -0.3372880915989869 -0.10035754851951828
40 -0.395410570864155 -0.06595952218143124 -0.07705811625265141
41 -0.39892828056303237 -0.0967147664257314 0.0009198160133021567
42 -0.412699773363958 0.10605922131360063 0.09472365313375503
43 -0.3494760526172626 -0.03606108640357139 -0.11069075650790096
44 -0.36483339561023787 -0.02555126992670674 -0.056340375553167295
45 -0.3239153375449329 -0.15497149977120922 -0.13497256558361245
46 -0.5032762880400937 -0.21881263204251922 0.2715343575956468
47 -0.44719881832272723 -0.04646144239309885 -0.12732214034997527
48 -0.3966440887739288 -0.09639741222381829 -0.2625860007674541
49 -0.34590673779353037 0.11285011180947066 -0.06733752988369696
50 -0.3664747051363645 -0.14066447193572912 0.19484958049956227
51 -0.48734537534550043 -0.30384885485015295 0.32834962794024725
52 -0.40492847814988936 -0.16133674827072023 0.00672219481719093
53 -0.4869916994034095 -0.32003076632754535 -0.2308408331199633
54 -0.4450595750035537 -0.15766876487111275 -0.1359846354243088
55 -0.31637471342308293 -0.21049981555416772 0.2582653891701786
56 -0.3436273933381573 0.15218535725146404 0.2344340053601854
57 -0.33388150866213573 0.12540578990972118 0.28407391803482446
58 -0.3338344131871223 0.08957473128926806 -0.04089972428063027
59 -0.34371785803848703 0.03149382930030017 -0.10470646500858202
60 -0.33504987109281203 -0.08971102091017218 -0.3579015445946702
61 -0.29507344706745403 0.028773131848119082 0.05735016524112129
62 -0.3430178263399878 -0.2928181494091688 0.10203436406748888
63 -0.36222302279551166 -0.11526327181162081 0.19505846698961832
64 -0.37843213279776283 0.04486508985235452 0.15163429508464782
65 -0.3872262430774057 0.013031782507065328 -0.2339064234120843
66 -0.39202945264521294 0.2353310134257633 -0.01665679142495167
67 -0.39241654091973394 -0.32498235915938967 0.1528819937373432
68 -0.3388286292675927 0.014936062272182853 -0.15898636766035923
69 -0.44533009255597406 -0.1007848890261048 -0.018409399392654662
70 -0.39706650939137417 -0.1381957449489034 -0.015949253363354766
71 -0.42068514637281723 0.3299615509272433 0.15369492560687525
72 -0.43925739811441317 0.24748213270309868 -0.02025598016100635
73 -0.4130743811690805 -0.09990477624438052 0.12459876017253502
74 -0.38377394958213923 -0.1787708804117377 0.1306558034971063
75 -0.46857402896915923 -0.21244191762631198 0.060505915292894376
76 -0.3909479509614987 0.0013412930337728783 0.23295402984232663
77 -0.36331597369151697 0.1635083672438965 0.001123525479689639
78 -0.44470190832253664 -0.2682277106869659 -0.1753307999687375
79 -0.3597856896418817 0.075873523454389 0.3607303275786108
80 -0.3869485228411021 -0.03047919836498675 -0.14576324458287251
81 -0.37635777196138465 0.047878992888011736 0.12437149937994023
82 -0.43994426772323797 -0.06023473989250726 -0.25745459694077255
83 -0.2911090867869685 0.12660556591854713 0.10932607492202877
84 -0.34668027517801203 0.01915739038906591 0.05903615703946056
85 -0.4265469403246838 0.014519182386434695 0.15281353701921824
86 -0.4177583840766229 0.1525929510464981 0.1475255818256964
87 -0.48577067598745305 -0.14564464178207784 -0.039023014051504365
88 -0.5816729167612718 -0.1323823322438955 -0.16136034007612365
89 -0.309541448726701 -0.07237104169314351 -0.023858061304457147
90 -0.3832940615158376 0.34228907236995754 0.032080854324451465
91 -0.3509178466479928 0.05239610085647513 -0.013918760847013621
92 -0.3489244874705953 -0.1780402320594188 -0.06708280451856022
93 -0.31164690934880673 -0.2670658446804813 -0.10543042071752337
94 -0.36530083988032147 -0.1963367289521232 -0.15156384269668838
95 -0.4093466457375384 -0.003083992628453878 0.04279084503993364
96 -0.4730713850771218 -0.09072828672577637 -0.20743973234482924
97 -0.4623942297859869 -0.01511639505153783 -0.09150436388252181
98 -0.3074306281172098 0.10538429873655078 0.1845023743660423
99 -0.29770903357673906 0.14288905275991762 -0.025563969540777498
100 -0.3585946671672894 -0.0228421601943698 0.06049788553647891
101 -0.3760040266022561 -0.11925187933934127 0.09597153285991346
102 -0.3756608214371856 -0.10527035941316427 0.007834350343641858
103 -0.3345890611224964 -0.10301106845857737 0.05732888672964123
104 -0.42096057568043593 -0.2832686759688233 -0.014466459530852092
105 -0.35131881842337076 0.278377615651215 0.0809387925403614
106 -0.37891805813733925 -0.18041113190131167 -0.14996681078880975
107 -0.4159695464606271 -0.04813442597689545 0.01481013731100576
108 -0.39607983149367154 0.015766793076075803 -0.0736819156649406
109 -0.3165636941159466 0.035783485030013384 0.054357895194961224
110 -0.3982762592497775 0.023044873258972025 0.08659529021610834
111 -0.4339075810781508 0.2648375527971476 0.280682987166673
112 -0.4455025311208778 -0.010334095676323495 -0.19076819031608802
113 -0.4212593294333213 -0.14996944521022654 0.08345716497254511
114 -0.3917140324657838 -0.2083340017158903 0.07170417478323057
115 -0.3973105684919945 -0.24916359512306122 -0.1906906129937594
116 -0.4133094276308643 -0.21114448885875048 -0.2434838900662787
117 -0.34704413041864746 0.23034608096517073 -0.0048562517640309165
118 -0.4295333199068019 -0.2854899130400115 -0.020212347568094577
119 -0.40013267751301984 -0.04034932450021189 0.08855673221559283
120 -0.45454833636119757 -0.23750266131948342 -0.11398047300587873
121 -0.3448223991294941 -0.1551101911989526 -0.16275920494575502
122 -0.387066520844259 -0.08539730588317979 -0.203507172418974
123 -0.3763755321252002 0.3037808052148739 0.04960373830297557
124 -0.357921302672945 0.035494000409966996 -0.08841599942284648
125 -0.33008831528414756 -0.08738791373111941 -0.018983953998526485
126 -0.4225442646624363 0.16014569264254988 -0.13001593574724044
127 -0.4295989253762413 -0.11170144867060354 0.04938561269118336
128 -0.42937439976731484 0.17245145414344254 0.07763050549936272
129 -0.37376543652968064 -0.14287823387901954 -0.1310741251567703
130 -0.4456154699299404 -0.08150141535424735 -0.1441203940000569
131 -0.3277628590363809 0.2822137179353034 0.2096755875120169
132 -0.2879992811501542 0.17452675036066972 -0.05760842865174631
133 -0.4191168061607916 -0.2051902562008057 0.21246636976785027
134 -0.3916484490916009 -0.1442988936009145 -0.15767363604193343
135 -0.4321754368612373 -0.08452596440799033 -0.2653209840454586
136 -0.38630704786431436 -0.22115575065938078 0.22538810578075638
137 -0.43232771802897235 -0.1553612795860126 -0.2670527085110231
138 -0.43065581154618005 -0.1598931301529992 -0.024927508102339693
139 -0.3911309504823487 -0.19112234226339128 -0.013175317619276285
140 -0.4378126639370846 -0.0017936409919569558 -0.2991254730613235
141 -0.3569988807602796 0.09360769836227505 0.0888419769598744
142 -0.35893894148367333 0.19199637517088622 -0.028280586009838737
143 -0.39125555605768825 -0.31338054211711186 -0.006515493879316586
144 -0.3353866618211446 0.07427861531652001 -0.012099738045191202
145 -0.36990210517553046 0.22090140498006916 0.1868869432927548
146 -0.36315773933490464 0.006148155247634436 0.12425722729880778
147 -0.46070325068946394 0.05108412445564631 0.04201928952401332
148 -0.38081779354888007 -0.2610030910478244 0.09149168224952922
149 -0.36321749948282517 0.17852025578924174 0.05639236916327708
150 -0.46033188229577005 -0.19698450894091976 -0.03322389864107256
151 -0.35560901250491694 0.35765797225098156 0.15634467162015073
152 -0.2928005110127542 0.16131727057853054 0.15471782883277985
153 -0.41204448886032924 -0.3039945247387727 0.11917046704553329
154 -0.3451183674530536 -0.4487549722575448 0.12298006530668919
155 -0.3282472626330058 0.03871272051113501 0.16068225454421584
156 -0.4558424937835217 -0.11059321552700714 0.05660940876157954
157 -0.36389917342844386 -0.2329382163132904 -0.19576196606003848
158 -0.38747316068233245 0.3385446681170044 0.0629551914048767
159 -0.49316399584964304 -0.1741872684147199 0.28585706454678816
160 -0.3633609580608041 -0.006715075873629751 -0.08964425369402441
161 -0.3823684741146369 -0.3652764644167949 -0.02508733652288192
162 -0.42626781664099056 -0.41633806408217033 -0.07521173760696324
163 -0.30001227855922635 -0.12692823823530805 0.3190293619767634
164 -0.38892274055584336 0.047400756366943325 0.030245040659158066
165 -0.419274408965231 0.05222615189098164 0.13547068616698377
166 -0.38522456568583635 -0.23081088007906292 0.1447338807805183
167 -0.3767566693696703 0.16420438053036868 -0.00920142470803009
168 -0.3435015146782456 0.17144490609976323 0.06786415190768115
169 -0.4149373881968675 -0.04014116548191499 -0.23030504549756822
170 -0.4809296523449662 -0.22681389731760265 -0.11702578992682998
171 -0.28113262301703923 0.16293428704321428 -0.040591123659248884
172 -0.4331612152441062 -0.17538945399866668 -0.20827785249743294
173 -0.2913208477516813 0.20563066661750243 0.32012091451098496
174 -0.34947639315170204 -0.006595662034363383 -0.0371415681080075
175 -0.3370017938013322 -0.07066786068847278 0.041337096712284
176 -0.4442454206852218 -0.14367871777080002 -0.20590968333903886
177 -0.46888163390956283 0.001883112731126398 -0.08802350848418555
178 -0.411429078479171 -0.10236318994278654 -0.0876117918433364
179 -0.3936505555530906 0.34629334401345735 0.08558862834479579
180 -0.3236734129923855 -0.12287785108391888 0.01990593616226986
181 -0.35725377976729267 0.2057923220434213 0.06779202087300198
182 -0.41555938382997776 -0.01854892737011463 0.16504484993007112
183 -0.35798659255698245 0.030698819940516847 -0.3401492096805017
184 -0.34183167085912103 0.19200770437284775 0.09658413287203213
185 -0.3773598099752037 0.07027003356163632 0.28088227688756084
186 -0.38443369502950303 -0.2171717029974906 0.24350698846119942
187 -0.3889225908219979 -0.05605958916558252 -0.03186809414050767
188 -0.3613299338147984 -0.1241519049548358 0.1491989739736736
189 -0.4066867022140285 0.27158467730265495 0.04227707459342198
190 -0.24850558548150964 0.004792646684190199 0.3062973792063547
191 -0.3891634332607624 -0.009761957079049035 -0.04172708032659757
192 -0.37530465498311 -0.233273668591906 0.1892193253714318
193 -0.43591035014327323 -0.0019819123988102294 -0.2265180551563271
194 -0.4111747574810457 -0.26227024822735334 -0.1748819225949367
195 -0.41685923520808404 -0.11141388781442893 -0.03590487970137363
196 -0.40612534243708526 -0.4053457398838659 0.11579528713913124
197 -0.38142645110768675 -0.33850738182626844 -0.25360314288194347
198 -0.3755738414229301 -0.06210389040655773 -0.2670202042520874
199 -0.49517299381050595 0.02803419116329864 -0.29651547101310827
