200 3
0 0.001213716168116892 0.02383260395998494 -0.005300022442112473
1 0.0035077365056653265 -0.012514983393997172 0.020897470214139444
2 -0.010593275446992869 -0.0036013692424298263 0.025803561031953706
3 -0.021064554693525236 0.00763356311139295 -0.0005191409968689879
4 0.00719795400027818 -0.009545818251861779 -0.013023796610014252
5 -0.0021877924394637146 -0.013724488591070583 -0.02080660736504618
6 -0.004284248173370295 -0.018104713010714882 -0.04202975619899829
7 0.005590147473331891 -0.010396679081403473 0.009997026488410929
8 0.005416002406740245 0.01298083872147588 -0.001633651378227869
9 -0.0022111101449884757 -0.014526902787294682 0.023094244255506907
10 -0.021010938095230455 -0.012647847825437552 -0.016910719318791456
11 0.007525268990145087 -0.02015541084824394 0.031349162827633864
12 0.017271589355489947 -0.020833883839391963 0.022962233642009028
13 0.0004570355958645918 -0.009965166100096703 -0.014035284365335098
14 0.009891012931964462 -0.015573221437672032 -0.015823840637344863
15 0.009762913754476384 -0.010435176706902048 -0.00068173868074594
16 0.010356439662966517 0.01921140274842835 -0.000792848141328819
17 0.0024032704714887984 0.01729080195110037 0.012976721472145817
18 -0.003399418522215816 0.01825937136780268 -0.0016847929355424014
19 -0.0016465391268855024 -0.009102778952326786 -0.01630261959521387
20 0.005242313414033049 0.026738141980107176 0.0004097005025945153
21 -0.011014383260733979 -0.014448821020631993 -0.008323000825929239
22 -0.010636654101540133 -0.022523284234626975 -0.038896144533795966
23 -0.012562053124019895 0.02353420610101748 0.006658087479802639
24 0.0097425547675416 0.024875380358002255 0.005359444520912436
25 0.003454202466595018 -0.01545153659766789 0.02538553804028519
26 -0.009260440704782387 -0.027618811385710623 -0.021924632805351063
27 -0.008348575760487947 0.031215609942610884 -0.007574790052142302
28 -0.009736522882745735 0.01683961158609061 0.006208334446416995
29 0.01126239850751437 -0.014108105345841317 -0.0003767219324837326
30 0.014246721967254398 0.021741097976420945 0.010346733946813572
31 0.0010036742082113852 -0.01617258360956487 -0.019858224453928743
32 0.00243502471360494 -0.016438345454318812 -0.025810723174761047
33 0.005380564862992392 -0.015458234930028916 0.002874690559841228
34 0.007480354717808307 -0.014266458123225502 0.02006651537408951
35 0.00897311113450891 0.0030686262259362555 0.024243571824070727
36 0.002204043317667572 0.007469411308751679 0.000611027499169331
37 0.01989185495889674 -0.010924317663827711 -0.01869161017123113
38 -0.00636392639955799 0.008240423410820454 -0.009292581828438156
39 -0.02198844187737796 0.02088439142375354 0.003875121954987566
40 0.002203489387865673 -0.004836626752665773 -0.010007416997406551
41 0.008453797123791712 0.02244045666728397 -0.008858987142626822
42 0.006185512804797011 -0.011278180334128661 -0.02320580465516904
43 0.0013822390984221796 -0.021150568072156192 0.01715058652567346
44 0.0029258831744033917 -0.016148964103428753 -0.018381583640743302
45 -0.01710762757918402 0.024816673804029597 -0.007908890066317691
46 0.007943274384036393 0.01748041555848838 0.0020960000612246
47 0.0018758648094652497 0.020983834501117106 0.000948075433059809
48 0.010101759179319221 0.028122485633744955 -0.003918218821754037
49 0.011604595103510092 -0.02313290216630593 -0.015672450456083745
50 0.0019714202512500275 -0.01502579039105776 0.008953168484150287
51 0.014477709785446654 -0.016039068098027916 0.009080010845737736
52 0.003705965614983356 -0.006965445557230072 0.015187377001879061
53 0.00113216445383116 -0.01613936373354794 0.01585728486984765
54 -0.007317531916951052 0.023953494158157985 -0.01862749156431634
55 0.004751360157698611 -0.004365757421922606 0.005518538604323817
56 -0.010608635005552924 -0.00240842789259732 -0.02429561826146548
57 0.004282059746075414 -0.002205627655305374 -0.008907331124425162
58 -0.0023416332249114255 -0.01466716569241873 -0.011925933024795575
59 -0.014901775181109064 0.016634909754837793 -0.0033877825757934544
60 0.005621096042463823 0.023029329501783623 0.0011097119842823286
61 -0.008098921244546158 -0.010590446915415115 -0.017160656810604843
62 0.0013230933379252668 -0.0020729484997376174 0.008276618972144795
63 -0.010032192688048405 0.024557664653802026 0.0032971083541116376
64 0.0006853544025431637 -0.012984397512128652 -0.023938156258027754
65 -0.0026614756386873443 0.011067476869429825 0.0025193905663442213
66 0.003414866764085876 -0.020632643319464405 -0.026572367342726666
67 0.0010009992214896207 -0.012875099867771515 0.01749857681806606
68 -0.0016052967104803386 -0.007400182526171719 -0.012081913924645526
69 0.003543711199050909 -0.028037769909448694 0.022298222941120147
70 -0.009838077982622997 0.0031251476947606795 0.01399167944479876
71 0.015126249972991473 -0.014147192670862938 -0.020591232495574846
72 -0.002338661119776389 -0.010033730035789569 -0.013103863079556556
73 -0.0015059074083125096 -0.004792153553750346 0.02271951449106669
74 -0.019481903272078382 -0.0164327297259782 0.029168720043235202
75 -0.00537805815384048 -0.013264468542419805 0.010079327432389082
76 -0.011135616601092777 -0.008324992871884476 0.010451307115553157
77 -0.005699358975886706 -0.0029488853307094087 -0.016733146298707313
78 -0.00969435333400474 0.009527607844930723 -0.0009638406781627071
79 -0.0082807160972342 -0.014874348204943919 -0.014832548547420228
80 0.0072524320734380435 -0.005764805102303552 0.01912240187583289
81 0.007450876419131506 0.011188199212026899 0.013045394225524346
82 -0.0017346183889476105 0.011399857686568496 -0.011542774836707554
83 -0.002127114883080136 0.004780152862554177 -0.023044675373820468
84 -0.0039033932761962133 0.019601952906624497 -0.005861595196216682
85 -0.001512608192605687 0.026820641330745833 -0.013105763729537053
86 -0.00835482464123366 -0.016388070476280145 0.015667840185872646
87 0.007275957604063708 0.019989716365494528 0.003701552081120784
88 0.0007902423672936504 -0.01420744160396056 0.0218268917590997
89 -0.0008041688991806024 0.02743368962304931 -0.012745761381869006
90 0.005981141518810289 -0.01646287483319492 -0.014597670842826177
91 0.01621491262041498 -0.01049728658691993 0.020550538991386272
92 0.0003201846487301419 -0.018471016480433984 0.019690794474683193
93 0.007735682557244328 0.02722071066670645 0.0034713429783831823
94 0.011429654663799665 -0.0009523066192558792 0.007341843697869041
95 0.008696991751374589 0.017787020304679352 0.01124036447405475
96 -0.0017886305159038746 0.00844535284576807 0.00210117986188787
97 0.0029121256487720723 0.012016586018512417 0.0031551988089584624
98 0.01976662856332534 -0.016170667984349782 -0.020056029366926992
99 -0.005401172112619156 -0.01789060570673901 -0.020974020601979802
100 -0.007692153894403676 -0.02404814595168358 -0.019722351685135184
101 0.0013318567928014141 0.007107028095897534 -0.005453974107668501
102 -0.003876710898360767 0.016852001887215827 0.015998800097005605
103 0.0024759271350922735 0.028548443812224628 -0.0016015179960229536
104 0.004128975011427012 -0.008200674150989545 0.013160055284817111
105 -0.0032561162285323353 -0.02411892493273486 -0.028438407439368818
106 0.005625041981458124 0.016458034979138836 0.013308252194649213
107 -0.004191297903352969 -0.0132277770661577 0.010651518628458062
108 -0.0011385316242742138 -0.020657819198418782 -0.03325567350193448
109 0.00780943627703394 0.0013846610996928015 -0.012432635416860259
110 0.010818092520475733 -0.005736294708086729 -0.014186341952645273
111 0.0006567144314407816 -0.008278912602305824 -0.021371288109302784
112 -0.005234708610802633 -0.0005617372898366162 0.026913136708811167
113 -0.006147358611884923 -0.02131781537263864 0.02615937753227593
114 0.0004111213136733863 0.027974974281714804 -0.0015495869940551146
115 0.003589927667472681 -0.010130772106632858 0.01614992228117102
116 0.012561282718079478 -0.015298885423157878 0.016397867923437885
117 -0.00580189310945808 -0.0010697631637123575 -0.016876039051354666
118 -0.005719453316544651 -0.02270740863210382 0.026693880821503105
119 -0.001846702455476499 0.03288134942879603 0.003940357383536644
120 0.012812297130222347 -0.01952962935316179 0.01566953896856045
121 -0.009780180347843434 -0.008009465773163034 0.023570043829971993
122 -0.00044909232702407265 0.019809635193497196 0.005070908243581362
123 0.0038718235742936646 -0.005510522255355651 -0.01186998515482518
124 -0.007261950320585828 -0.008404875934420488 -0.01977904210665768
125 -0.0015519517899282645 0.0030370681382155228 -0.004712514187486583
126 -0.004097445531061563 -0.005279386509054313 0.024074217851512036
127 -0.009255047786062495 -0.0065132304276174745 0.012899710880093868
128 0.010427055988024188 -0.0286567226619212 -0.017311545777660267
129 -0.0038603222264638644 0.0284554550018263 -0.012042462157591626
130 -0.0143362033388292 0.02226149500913644 0.004215149594615705
131 -0.0010493056197093918 0.0025981268421461407 -0.01840131863670178
132 0.008601305856441387 -0.0058319253035780585 -0.025226097123664956
133 -0.007031655669319126 0.011178345830413619 0.006802784481833517
134 0.010093333493689446 -0.02378506734670165 0.024672399464341035
135 -0.0016995439080290456 0.019751831895008495 -0.007756053568400629
136 -0.00795984057797608 0.0291405200927529 0.009370385635798732
137 0.020801249642089514 -0.004931753187788969 0.022404245574854112
138 0.0034683844477437324 0.009677394346048631 -0.013003130349802302
139 0.013842749503330025 -0.011389583954255919 0.02808406301390373
140 -0.0021034379270194054 -0.013772205808285184 0.02815952174415949
141 0.0017540800097620296 -0.007471185728165998 -0.01117709013269192
142 0.014300960239654936 0.017320402735245113 -0.0008629456400532608
143 -0.0059495614557324925 0.02850579862871048 0.008177940583970145
144 0.01809372411010253 -0.022359349630774437 -0.011475560242469991
145 -0.0106089242948313 -0.01333712986542546 -0.020637975418640882
146 0.0031917463566316223 0.01868819312103586 -0.0005029623906573303
147 0.014528115025395832 0.02717689924275713 0.005049216220287908
148 0.008047295340516788 -0.022047935822241745 -0.021073249149506736
149 0.007119291799996319 -0.011762281599023941 -0.023255964634911766
150 0.010282148376869568 -0.0001999312060641037 0.028643658459660923
151 0.0019216751790506643 -0.019435934951593577 -0.019655740785552128
152 0.0038431098758407722 -0.012046127018994763 -0.024674928702435213
153 0.005519961400912748 0.007036364231430758 0.001635214328130032
154 -0.014510620858453074 -0.0015876142901989562 0.021656622422134016
155 -0.004576098645013467 -0.014860072471107745 -0.02324508954405831
156 -0.0030468880328726566 0.031969707613540385 -0.0069236507930951555
157 -0.01960167408905107 -0.015207216307052965 0.010733799569405747
158 0.010557781984787282 -0.005717535316228756 -0.015073822709689766
159 0.0063921110426581225 -0.013322928373826027 0.020979934875988454
160 -0.011331469970105102 0.006877907965088952 -0.007147473647957715
161 -0.008737956955157868 0.02657956425255939 -0.0026437923103246053
162 -0.0009722380650961197 0.01942225913733041 -0.003949635820124677
163 -0.0009743447874268902 0.012135753511677165 0.001119159624390686
164 -0.010012852670250039 -0.013782369197069017 -0.029557159729767857
165 -0.0001321563458201204 -0.001802404352011712 0.027091414371767673
166 0.0007301009220221453 0.034504469706511026 0.0065619678910497446
167 0.0044810963620547095 -0.012237050720597203 -0.01448020841624563
168 -0.004493183574948517 -0.00452547961861433 -0.011469357634052532
169 -0.005263700551019091 0.012366135684507607 0.004256183684620487
170 0.0006662991210564448 0.02554687615610765 -0.006077736002375745
171 0.002883752086883476 -0.012982223315758937 -0.02586771169248793
172 -0.004184209886269794 0.025854331916253637 0.004325052980121792
173 -0.002764372216430576 -0.020221274805067663 -0.011428600855375934
174 0.011375367182826432 0.022203270794829928 -0.003862121933757446
175 -0.02573995522808291 -0.009806608903703547 -0.012513033789206929
176 0.0022522924296810784 0.01916819576875763 -0.005235215297566971
177 -0.0002304349406514264 0.023421448389145748 -0.004026614239997329
178 -0.011833533955802965 -0.014367584630949497 0.002460605272830381
179 0.008345622404230105 -0.011681957492123966 -0.02401165920302801
180 -0.0018158648534747333 0.00900329074388494 0.001826294296809864
181 -0.006364966542806778 -0.013027230395313654 -0.007684118514157977
182 -0.01560197349274979 -0.003887728701876713 0.014246350249740344
183 -0.0031666663862022423 -0.011919348831817434 0.01118500179938331
184 -0.0066258450361105226 -0.020709183895957314 -0.017723891163459824
185 0.0010177097858497172 0.018415627397714338 0.00036506650324471396
186 0.0035327092636199195 -0.013377579651039046 0.039778790803833175
187 0.003448259463404657 0.03512349907344098 0.007868661922912159
188 0.019031250428856575 0.01034146161073738 0.0010300053824877555
189 -0.0069759872073022755 -0.018240806594478125 -0.008255680782303043
190 0.021921712487403072 -0.006419469206601407 -0.018899604283654045
191 0.0003418285250415022 -0.0207737327407913 0.02501073784922099
192 -0.00327016594280734 0.006989901320583832 0.030550310125616667
193 0.005808532607154785 0.014293717457356428 -0.009790928895235864
194 -0.007074059127325321 0.01985649842216622 0.006999947909457639
195 0.00572389334789139 0.01500489463757785 0.0013759432970373853
196 -0.01875656678655936 -0.011120057820158694 0.01120471027619526
197 -0.0012367848024241006 -0.01231888457407736 0.01186030109793798
198 0.004363737862465788 -0.012542964455716555 0.015000179653008198
199 -0.01798299202422371 -0.011060330577100291 0.026062409764102915
0 -0.009980784751747476 0.0025871042081164475 -0.01723042736284335
1 -0.012829972178886762 -0.009093570472164102 0.008219399062396916
2 -0.001029071891857681 -0.007532724192395656 0.01606417147087398
3 -0.010775267436807165 0.003153573179532257 -0.02443594173426535
4 -0.0004425965617538552 0.0025480357437217896 -0.014954336414204315
5 -0.004731906915259217 0.007196186934666126 -0.01562689647095318
6 -0.013344866112519699 -0.0048285845597314525 -0.015727424854934585
7 0.005821297636849259 -0.004194682719641142 0.02798688620734975
8 -3.6397251951168774e-05 0.00934468406879086 -0.024184516187615697
9 0.0011328905159886157 -0.015495366328723784 0.027347593330316805
10 -0.0019597252812597887 0.00042510170894928534 -0.02735522228728207
11 -0.009969244412831185 -0.01036736601959734 0.019756307194890577
12 0.010391541738736743 -0.010015558705523793 0.028461135777297517
13 0.0018260756576244652 0.0033611387199141314 -0.011840384111794292
14 0.005266993317130042 0.0015080510163746966 -0.02094029964292063
15 -0.003756329358516188 0.005782855842941803 -0.008615681335583075
16 0.004909404632175096 0.003460221208621911 -0.002132865153535571
17 -0.014566884636227864 0.0017802267616934125 -0.015124005057495681
18 -0.000288837183706008 0.0016151100541185875 -0.023361935471465943
19 0.0016556037537063 0.016091709740987926 -0.009108248658881588
20 0.006908856454159958 0.006533711807975212 -0.006805909703071499
21 -0.0033530288659178453 0.0016226076043771437 -0.01633015232020585
22 -0.01621849346481706 0.005325609704343245 -0.010463330183286088
23 -0.012353234330191518 0.0033514882046759564 -0.014739051298835614
24 -0.0004426741822366777 0.015959816445152833 -0.0043428668025123005
25 -0.0008987070299528131 -0.03091948456451401 0.029096809660470638
26 -0.0018506498669875332 0.0007236134516976356 -0.015818047807937337
27 -0.003393153970386118 0.008744019664424105 -0.02504510549239318
28 0.002023366487165168 0.005827684088404957 -0.00990285853849682
29 0.0015273909881432374 0.0015532654625822137 0.003685464216909788
30 -0.002112090572032238 0.009088711393821905 -0.017021785591720504
31 -0.002890891328873619 0.011556333248311394 -0.012321435111106477
32 0.005972911930092466 0.0006909808386531685 -0.011845044322296792
33 0.00573914458656214 -0.020941473122119747 0.03023268011938743
34 0.018894871229411594 -0.032890724279029115 0.029011125766967842
35 0.0060329954409782255 -0.013974920600127297 0.024420153996083667
36 0.0077372109466719435 0.00852653009965558 -0.01122060609193374
37 0.014916995141994169 -0.0035977200283893174 -0.014024002267703624
38 -0.00987015759547756 0.003022858126937495 -0.0151484697807491
39 -0.006415308469283537 0.008749463770345252 -0.009146224108440449
40 0.006039309262152619 0.014181129004329374 -0.0053066557754436194
41 0.006323656497365868 0.009761337769136423 -0.009925404872528867
42 0.012426783850120013 -3.626771120061878e-05 -0.011510705675594743
43 -0.0017643309962239884 -0.01413837487933954 0.023178459742092747
44 -0.004473948634236587 -0.007261527543046341 -0.012309500863067702
45 -0.016872397005820883 0.0021030779655026727 -0.009505550548901197
46 0.005804729659196921 0.0030635385855431324 -0.0036220261609959032
47 -0.004989490727405385 0.0072791017906021355 -0.025509899735109507
48 -0.0026142398869785782 -0.0008540922179711904 -0.00722277703841435
49 0.0032943192148560813 0.006149398822013624 -0.007386071143086016
50 0.009250845784950824 -0.012157834202830675 0.026204438652438655
51 -0.0017948458735860331 -0.008475112479226408 0.027337554261496838
52 0.006253000266363986 -0.0133492701639864 0.01834643467042083
53 -0.008254783417898509 -0.015163594217353853 0.0237333043731335
54 -0.005384267044315584 -0.004068688486304081 -0.014425689628362047
55 -0.00020281161385301769 -0.011414153544079129 0.01679684352021013
56 -0.014661163302793642 0.002156471292916226 -0.027155290075801003
57 -0.002741922824669935 0.019876607457091036 -0.010024684914436165
58 -0.009160050595583238 -0.001207076515005616 -0.011986703637005665
59 -0.0036174677479628853 0.018555924948902888 -0.012984376866366384
60 0.011373837415434511 0.007304609296261963 -0.01619806763752584
61 0.007955006093185307 -0.00286941214020367 -0.023540325385800143
62 0.009218097784019675 -0.010798478617575758 0.005491584809181008
63 -0.013644253850438673 0.004955477814974421 -0.01755982363068486
64 -0.0025862352904330033 0.009168105179532628 -0.023479068789083235
65 0.0030171940023205977 0.007245802915993551 -0.004851563777556609
66 0.0021055935560284115 -7.481119226146471e-05 -0.017608529439056872
67 -0.009928821821777314 -0.007513845264997383 0.03528948341008463
68 -0.0007795431125399016 0.016300132822619055 -0.005874836440206116
69 -0.001375408215850471 -0.006670867287632262 0.023745974902249417
70 -0.007844096502106379 -0.016234119898627282 0.029915870148447814
71 0.0012742207277956566 0.0014763533641104706 -0.011063034268546663
72 -0.0074305543009071245 0.007637721516787533 -0.009240471402203333
73 -0.0005915438035797999 -0.007044699431851436 0.03352387959655729
74 -0.008878105591835828 -0.010562953064149921 0.028023988945926073
75 -0.010505205269156562 -0.012455542691180412 0.010964497458831456
76 0.0008409917348049141 -0.012473303862046259 0.03745468183145046
77 -0.013826898313634345 0.007505408769372246 -0.01754046540202383
78 0.010377577875370704 0.009467422837271977 -0.004921105379135204
79 -0.005722093455178986 0.004871667967564913 -0.018709119001400223
80 -0.008615132434003251 -0.003211592854439362 0.014788289762162024
81 -0.003635265977168508 0.011833649313009079 -0.016293851705025616
82 -0.008479645329756112 0.02159088294363365 -0.008911901246330331
83 0.0037484887993660364 0.012578101282910426 -0.013652112934769804
84 0.0021472750030758075 0.01324604531593497 -0.012525576308229196
85 -0.00392804217456124 0.008426168347032803 -0.007351812280488182
86 -0.0020717728769365645 -0.02399538855159422 0.019476601128675414
87 0.005780934247737839 0.00977989402322317 -0.018649042021741957
88 0.0019379230249751064 -0.01344633602304035 0.032123555462442145
89 0.0013740458321614898 -0.006231565776637429 -0.009997279686467199
90 0.0025475480192305375 0.005595150183501207 -0.0247611090940323
91 -0.0027081189395905467 -0.022369752125930474 0.023819273577351432
92 0.004165589561521665 -0.00953132919636731 0.024864172712758002
93 0.007828755915974296 0.011334541288044606 -0.0038828779523541017
94 0.008852623401791396 -0.010464321456773203 0.022144723432742333
95 0.01486167856493241 4.5525474344651484e-05 -0.007769545465174343
96 -0.010319555599024123 0.0021868340808311217 -0.006427078688672515
97 0.010472291871097793 0.014430353743650814 -0.008209173550179506
98 0.007997655239432994 0.009553730847395359 -0.006257848658206541
99 0.00016893087635906634 -0.0018701403078652812 -0.009630426853145822
100 -0.008564760547496483 0.001235094097220904 -0.023094708962112367
101 0.008251945406317168 0.01340032550683306 -0.011751546791387677
102 -0.0003251877251646254 0.01352995146423544 -0.020605680926883814
103 0.002397354651512376 0.0019929897446973738 -0.0030698361344555546
104 -0.0002426131698299791 -0.011867482696268434 0.02346658250832466
105 -0.008351438038576124 -0.0006706348811817558 -0.018082408749675927
106 0.004752944616152575 0.010255977163307617 -0.007206936266444183
107 -0.0016458877442531994 -0.017837406116285842 0.031134979869550057
108 -0.011970803146188598 -0.0008995052337368512 -0.02842411859003985
109 0.014467387569976148 0.004549280453766332 -0.0192615206137368
110 0.006381611722047431 0.010409431694069183 -0.00893214613086342
111 -0.0002382352899320192 0.01751022047813093 -0.004753397107242499
112 0.010164048431859495 -0.014054995605377811 0.02779020030450874
113 0.0068364866981111255 -0.007834735459377531 0.026364348797509818
114 -0.0013659789253876722 0.004192740929856081 -0.015590041454192242
115 0.006728918912595354 -0.005529934131043154 0.02340601709011212
116 0.005511975434142148 -0.013636955844687531 0.01980785252196015
117 -0.003606083701430573 0.008133922859431403 -0.01877766286564861
118 -0.007057539964659829 -0.019347952864620994 0.02628375637875803
119 0.008974900939084571 0.009828686255398608 -0.015766619870229003
120 0.01829706920210389 -0.016751696323920644 0.01760014454249962
121 2.9654692236501246e-05 -0.003200619302293251 0.022031017576807782
122 -0.0028450569995080166 0.005952708846547555 -0.010032005381581048
123 0.017330460807669833 0.006916275035833265 -0.010850022593789567
124 -0.00860844212988287 0.008097578183825465 -0.02244615281644767
125 0.006756867592479288 -0.00234346204740791 -0.018824363006261984
126 -0.0034016375750301254 -0.011909123811652364 0.031024123917987784
127 0.0004953051157481417 -0.01233961200876911 0.03012735079627301
128 0.010554384141241581 0.008177442393129647 -0.006065238731179395
129 -0.0039539437268481005 0.007981165444827187 -0.016288959188009357
130 -0.00565749840897245 0.008916801728451926 -0.01756259597080468
131 -0.004778175508375291 0.00510066048738526 -0.00803402896704554
132 -0.0036954847619391842 0.003109041463267315 -0.012791910573554138
133 0.001143348839682562 0.02240407749472121 -0.01827364479667272
134 0.011330903297140899 -0.01343270851393729 0.03332309724258229
135 0.0073768124062986926 -0.007874717102831372 -0.024780627114061714
136 -0.01765664621816728 0.003508791069119027 -0.003832264325588603
137 0.018010682809898454 -0.017955409198778575 0.02432343626667781
138 0.0047650141521790364 -0.003989643288740106 -0.01148336652440056
139 0.011563472109702572 -0.010236833802216447 0.031792881023007924
140 -0.0155047426213051 -0.012682853536349084 0.03273691047967883
141 -0.003957572867363718 -0.0005853027293824115 -0.016695552579910566
142 0.010431757166813563 0.013191367020953554 -0.017560833106031078
143 -0.008043222062331205 0.014601103627147227 -0.018428022358528633
144 0.005477997499926182 0.01445923755963691 -0.011766229470216577
145 -0.0017825302456963496 0.013642011640369538 -0.012608308802663865
146 0.006770249200088105 0.006118423236819052 -0.016821071715049644
147 0.013613815450445571 0.013809715978425341 -0.00861318570716509
148 0.003991795376765771 0.009545312776807952 -0.012937108288108318
149 0.003035858233380949 0.005014625363471206 -0.029157834731404375
150 0.006508089992384371 -0.0245959747818853 0.03140543549539854
151 -0.00677001723251559 -0.0032648291604849763 -0.01483459640536685
152 0.0026346439125831678 0.009272656104928176 -0.013448879179731935
153 0.0009928778908578732 0.000709518195611502 -0.005455541783633575
154 -0.021388044340890797 -0.02147805993021244 0.012145667430374492
155 0.0014410734563164544 -0.0013428477379600068 -0.022530852564298
156 -0.001764958200397607 0.01274210490075009 -0.011008815221277873
157 -0.01308176049982053 -0.01538335286956365 0.029613127327272726
158 0.012626328337189838 0.0036317127984892526 -0.011240572477110279
159 0.0064439104446243345 -0.0027316391389433058 0.03365796665132385
160 0.0034415865850606943 0.0010485815110931468 -0.0002659507859249354
161 -0.000990698785699351 0.009956743028492213 -0.014327757553008658
162 -0.008071129060218774 0.0048252870148978305 -0.006846791893092112
163 -0.000738526050397087 -0.0034046899353467816 -0.0077917166274989996
164 -0.01314302366209974 -0.00990203548062421 -0.022708462331832824
165 -0.0004540276341333145 -0.01190927625007613 0.01901072536983267
166 -0.004657128493556324 0.011510884919477174 -0.012289898447857273
167 0.008348640190298323 0.0052224612809282575 -0.010811991550395715
168 -0.011605000656388566 0.018808055828634446 -0.0059508199369725165
169 -0.001359055869805767 0.009542965447013673 -0.009749358366561763
170 0.0025783493149889817 0.011417641225383524 -0.016603974451403214
171 -0.002247656665659785 0.006116510375696396 -0.01078353280122285
172 -0.001050314548832438 0.019243224884959192 -0.006624527058402205
173 -0.002699981691782878 -0.001406469840708649 -0.017270869038828317
174 0.00993219176129477 0.01411117803601436 -0.021497285294921006
175 -0.012197788251598382 0.017495183045153875 -0.014024487770081119
176 0.0036684049333486624 0.009718951984331918 -0.007912830736455715
177 -0.007992120879884941 0.012862208909307726 -0.006207242484896355
178 0.007721134659147259 -0.011325944972090843 0.029568961193621478
179 0.0083334820202179 -0.0018601807239869775 -0.019318908377753553
180 0.0024665274102887284 0.0023499376531334742 -0.017746996801111026
181 -0.0009441744380553133 0.0033936521897920888 -0.011692297627451574
182 -0.007928720924386262 -0.007782533226582351 0.013151611756746007
183 -0.0011143914205940034 -0.018817056156178458 0.02157173685222194
184 0.009955849637265167 0.0006481740118006035 -0.007725549333562141
185 -0.007347390221639308 0.0021991909540543947 -0.0040770144445137265
186 0.0013242805067036015 -0.007667747037301661 0.030754646208191072
187 0.005380577337576659 -0.0034980211689044777 -0.005733960126371219
188 0.01064413660047768 0.008836116128255814 -0.005151451344639029
189 0.008663269294560232 0.0048204745747627425 -0.017207906522327572
190 0.01758445987334363 0.0010811368027871873 -0.011172255918999154
191 -0.005421061067294288 -0.023506391075364674 0.028876267731463977
192 0.006915350761785509 -0.017692362707572455 0.02874162540067872
193 0.0013017553210069345 0.0027003359255450554 -0.005024605059330854
194 0.008574149094882997 0.014141186716909185 -0.006851852961645047
195 0.0144106294690051 0.006498321038319613 -0.011374221603233845
196 -0.009269740181777966 -0.011782655282578287 0.023455434231112834
197 -0.002784148494910463 -0.013978630384523311 0.02534830833180162
198 0.0003046260763702362 -0.0018992435393093143 0.027634022924740383
199 -0.007469779224402451 -0.0019128380619442414 0.013478094087227166
0 -0.006935051727685826 0.010503334734557238 0.01174878259432117
1 -0.014982459820010958 0.0065643608944925096 0.014816105113761073
2 0.0019949215650083875 -0.0048916596114838146 0.013979084958474497
3 -0.009542656220657586 0.009479430827584269 0.013128187158702839
4 0.0025000461975727487 -0.008619956982320754 -0.022251498749671403
5 0.0015675959768105957 -0.007185441701950224 -0.019760273648811832
6 -0.012581074137677659 -0.024441300235082106 -0.03622917625512531
7 -0.004680888407064574 0.014284786184621623 0.018190089595221677
8 0.0042247585887110264 0.013784362877030304 0.011700558794883718
9 -0.0020180672048111673 0.010808792602057006 0.025000665515761078
10 -0.00378055149915979 -0.005401627933734915 -0.022856482683896354
11 0.004202327285304948 -0.00024183160787375618 0.011237130907878284
12 0.014767146047827973 0.0029069705120993578 0.01736887476372756
13 0.0033804710615337567 0.0006976941873479414 -0.0225121464876636
14 0.007421135639283566 -0.003576177449312653 -0.02539356405423883
15 -0.000980164669531526 -0.008045944510607361 -0.016032082424286106
16 0.010012344144778314 0.014451970884120528 0.017162240726768026
17 -0.006890203789948091 0.003975367676993538 0.016708692149999045
18 0.0007370699954501432 0.013322479568385448 0.012719500474464008
19 -0.0023764123014689293 -0.018618095560618775 -0.023988819147646244
20 0.005960194426951768 0.00877576413394586 0.01598488730665407
21 -0.011874128234911477 -0.010206802134674009 -0.01619754763477873
22 -0.00997457893954766 -0.024231196600998657 -0.022854711664563765
23 -0.011505530653277404 0.008702871601466246 0.008097375243755107
24 0.0003757128623183628 0.015450167464102063 0.019686271469531693
25 -0.00836243340101951 0.006086428956242451 0.02267756047373433
26 -0.005192706139104483 -0.01454597550709924 -0.018605230206607898
27 0.0005134570160117008 0.01183818514291661 0.014372051986023569
28 -0.011314814471287321 0.004866674659605386 0.015360006294921966
29 0.01478115925525398 -0.016429834082744767 -0.021228049991698635
30 0.004342246215192649 -0.0029303304712172892 0.01568510604664469
31 0.008223270291845209 -0.01431047315687127 -0.01353908940187483
32 0.0027533199759324015 -0.013414658518868132 -0.013149065097588383
33 -0.010149985335715966 -0.0020030845991504814 0.024181075648422534
34 0.012476627349114339 0.01641171975409359 0.007683899029124919
35 0.00763788941914232 0.007312377351991604 0.015559585683108099
36 -0.01990024008897529 0.004937722484385468 0.022743602495640596
37 0.004758986164684495 -0.021258688232067544 -0.018282263241245725
38 -0.006637914874206667 -0.0010217180369414304 0.004252062865326367
39 -0.005105606828280512 0.006941235592001563 0.012187656358614633
40 0.011038902238401316 -0.009349939776210292 -0.02729876819692283
41 -0.0016818126575598308 -0.004424857007826459 0.02060283894217742
42 0.01884680839896552 -0.020179937721038918 -0.016512449464935228
43 0.00317045538219983 -0.010333010835674283 0.018045409598481214
44 -0.003192308412840855 -0.0020655063185763683 -0.004845959162194879
45 -0.017323085556336687 0.012422505168864048 0.017462319911803463
46 0.008087153910901514 0.01152117514320538 0.005058986263366687
47 -0.011875806709001405 0.00526168338700881 0.019678374858292793
48 -0.0009576909918656319 0.004170481050806946 0.0076176467149160106
49 0.0025191273612859694 -0.013113707799579391 -0.025547493004517453
50 -0.007406262971439462 -0.0031305543978494693 0.010325816612318912
51 0.003019560900021437 -0.0038914838950094705 0.014953570988290393
52 -0.006000788928439792 0.005687698083130358 0.00988517648008759
53 0.0022509067645894703 -0.0005166848769277976 0.01835949661999846
54 -0.007438303798373756 0.010118442206411338 0.025327965781930382
55 0.0017127870027176945 0.0027780725125727025 0.01706370230733957
56 -0.003362841477003123 -0.013634279785086844 -0.028999225878825002
57 -0.003256927838088156 0.001327015339275879 -0.013637572429002126
58 0.0036201691142402764 -0.008720608720044022 -0.025892890911902576
59 -0.01582313315403347 0.007710023901868007 0.01129599081786286
60 -0.0006689738763766342 0.011527478757844961 0.00804575631794626
61 0.006122414845790259 -0.018521075653511562 -0.021880391829530492
62 -0.007353780363895461 -0.004943509705197684 0.011678790103000034
63 -0.009156808506632294 0.010529340705714443 0.0033819705606248657
64 -0.00028380617871131414 -0.009188241503811815 -0.029708285916608734
65 0.004409020181886693 -0.00405995232120155 0.010496386398827696
66 -0.005616254685997505 -0.012229818059750812 -0.02693100215077618
67 0.0015557747505409968 0.005104205816528363 0.014725927919058482
68 -0.003365314912648994 0.0012481076846518058 -0.024581960885856003
69 0.00985181769628888 -0.0029672189983791786 0.02810314266085387
70 -0.011801254443086287 0.0108338654682719 0.02191559106911943
71 0.005938937901145518 -0.016961751337735205 -0.01918236126688371
72 -0.017427267067958427 -0.009468749740854399 -0.02528766003164583
73 -0.010856978297530798 0.0031872139176909453 -0.0005184509217017186
74 -0.02736065537583085 -0.0029600314585280715 0.014435252000003368
75 -0.005937440688885583 -0.005845755665521139 0.017032227069263946
76 6.478387785986e-05 0.00979148836232208 0.010655111086422753
77 -0.004706579077139575 -0.004140706940304207 -0.021484543149704743
78 0.002049671968600542 0.013853518843461192 0.019732466390004394
79 0.003924875532988165 -0.01089005040233866 -0.018228597839713062
80 -0.005299978240637101 0.007166885896471105 0.012309936565408748
81 0.006370196315656242 0.010378799281677523 0.003947977569497116
82 -0.006575442709421085 0.008468542712279217 0.008534468905601044
83 0.0067776862474134 0.006571342508939149 -0.012338652316887584
84 -0.005925173136746962 0.004506766293155287 0.012497482015443977
85 -0.012463786465675059 0.004639508925740929 0.007653748197852441
86 -0.011133178138059203 0.0011804944755478552 0.010704491791039654
87 0.003463035022742901 0.01411224093570855 0.008909993902324631
88 0.005477395728408158 0.007170452385565608 0.0072216436310576365
89 -0.004911201375409131 0.015516230114051822 0.018661791638782343
90 0.00976017832688652 -0.011519482125648343 -0.026072512897382487
91 0.003586207623728646 -0.0010569811138506913 0.02396098211376843
92 -0.002820647711420246 -0.004094976634555811 0.017776715668345794
93 -0.0006444162758322616 0.013650255981951423 0.016151383772772816
94 0.0017502937294279694 0.0032568889123457886 0.017325896213648044
95 0.005999379846258632 0.006943174376983656 0.015896910593312844
96 -0.0018349568315351797 0.004439253361296944 0.003622912308294246
97 -0.003660857025917088 0.0074332137908720425 0.006299248770956711
98 0.0028359947072678637 -0.003574818962625754 -0.018455194636305745
99 -0.006173350671178652 -0.012131158715540831 -0.017517029532390753
100 -0.004917376578296606 -0.01753318929959477 -0.030229301623359836
101 0.003366313438037505 0.0031682019355841265 0.007738222451635725
102 0.004915360487169601 0.004857248619123428 0.0047071296063301024
103 0.010487062576388172 0.01739622617148931 0.009824958909392872
104 -0.0011728069448815057 0.003969348387457657 0.009063793486182192
105 -0.014537310424529125 -0.008543828315435154 -0.0100382384206774
106 -0.0020931252853908823 0.021084784055830516 0.020653012128431562
107 -0.004557654554273281 -0.008906921379478766 0.015221088519356496
108 0.00038617498695281416 -0.009154831695619932 -0.025739230310237157
109 0.005624625651656098 -0.0014724535766698866 -0.021383257314461904
110 0.010895306504196359 -0.005813722783193689 -0.03492667720592183
111 0.012841404067053658 -0.007853804240580924 -0.020634858881612664
112 -0.0033030360136877763 0.003961082874396858 0.01692953173513241
113 -0.004927582184717888 0.002837104582169167 0.01299046899854514
114 0.0026308373139459404 0.013428559702923643 0.0019266582846656187
115 0.0043437254033255115 0.006247658134105074 0.0085167190878064
116 0.00647043935251293 0.011561675441269036 0.003987378202475467
117 -0.0011826464061663114 -0.028955080500819443 -0.018329107664864272
118 0.006012001111639104 0.011848458164016112 0.011656754709503475
119 0.003276183412323719 0.01273644293150121 0.02118686986154382
120 0.013337066137967687 0.005169623009227506 0.00983403961215288
121 -0.012267667947792618 0.008103982216483546 0.01693313768674133
122 -0.01318571127568259 0.018038977239751827 0.0076292790120564506
123 0.008344888936993075 -0.0065391522907076805 -0.013462132404322334
124 0.003100597849942134 -0.00844305206946832 -0.02320364877429583
125 0.010582387025099095 0.006400883716238518 0.007539524785367513
126 0.003949387195306037 0.003344992675479712 0.03219567346146322
127 -0.012221497870571363 0.010388138427946697 0.026232424059936713
128 0.002545705670227348 -0.017304975319959927 -0.02506125275653518
129 -0.004196279847239068 0.009097586276668207 0.022384388800743775
130 -0.0008696320469000693 0.0067924076025195484 0.016439275470431485
131 -0.0007603914824482229 -0.009553999100359045 -0.03159942620941793
132 0.012490006512763593 -0.00498706748767082 -0.02929997070105641
133 -0.0072557374318880305 0.0014915585948434562 0.0066266171927736855
134 0.008396856952747611 0.00921050873890622 0.013279892011645644
135 0.006172126753415472 0.010579332445440195 0.021515174294930536
136 -0.0010289826237889488 0.010496681196243862 0.0065005663678681935
137 0.012086720958121466 -0.008771719505066007 0.019270078813752867
138 -0.0008212316780884764 0.002622581464038475 0.01881111255614097
139 -0.004217279350154694 0.0015372265894399995 0.016332178620338464
140 -0.002574570721753641 0.0027037843602133807 0.012862938936953797
141 0.004778769163921444 -0.011412928492142125 -0.008370027124035104
142 0.008171968821822598 0.018079127046027182 0.005579268782344875
143 0.0005341902745113203 -0.0028227222875878144 0.011527206184268984
144 0.01177431853882624 -0.007257036835039119 -0.015434141377842991
145 -0.0011052176966330068 -0.0182978124112601 -0.020915923855019704
146 0.005366814158092176 -0.003286910519720833 0.012964094019053154
147 0.020609432765905558 0.003922491887350166 0.017176064807246698
148 -0.0023393487983548386 -0.02041160541956248 -0.010718563034549454
149 0.0111610320559146 -0.022992865126656548 -0.021265553820911914
150 0.006192754785301305 0.0003312735518880769 0.013986060401572381
151 -0.005538431593978658 -0.007995075214533374 -0.02085137605911732
152 -0.010954468739604418 -0.0037630211585533173 -0.02075981693742404
153 0.005004425104765481 0.00430854560713918 0.0022664287057553847
154 -0.014042975998136628 0.005015847034484433 0.009346923908499574
155 0.011582631450216355 -0.01203251435559416 -0.01903286877407802
156 0.0018587085281035346 0.012919026162866776 0.016690764282519376
157 -0.006016177223207839 0.012186470805627278 0.01912145684929658
158 0.007206154449231575 -0.006811539428597333 -0.017932375351072033
159 -0.004363616174527924 0.003517376966811519 0.017454816096687933
160 -0.00126135700732884 0.004155579531819411 0.015704932217442593
161 -0.007050631184115322 0.015923465883549134 -0.003197317554935415
162 -0.0019136521808377667 0.0014501150653980707 0.0030786836866676937
163 0.0007908436895435535 0.00582052989404264 0.011284184447725113
164 -0.012671684601211028 -0.0251288094946112 -0.018864997301178354
165 -0.0067823286210647905 -0.003659710318348351 0.010573778696900474
166 -0.0002836781990819461 0.005215032009703469 0.00515928503241657
167 0.013955655721514693 -0.014077479701305774 -0.021355685595382146
168 -0.008952628192132613 -0.01644197182594366 -0.023374380053750348
169 0.010779159894582429 -0.00214660143435718 0.014842228222594782
170 0.003028053067553549 0.015268924580968582 0.015090359335078393
171 -0.007482009151747749 -0.012833942257926684 -0.03142959589461898
172 0.007129454730218771 0.004162285324168041 0.014319266181072075
173 -0.01472169359870961 -0.019585310885655183 -0.0203540491016204
174 0.0009317395301067927 0.0056698978997457294 0.0105388337795999
175 -0.009612214938158559 -0.022235017768708742 -0.01249413914169848
176 0.011054255133181999 -0.0034295512284396035 0.016048445360713634
177 -0.011783139255859637 0.006238474478135983 0.012032471237635987
178 -0.0021953473401753465 -0.0054808905591202176 0.011784686679334723
179 0.016488534920426637 -0.012392471019159496 -0.009470182805229162
180 -0.0023960312832291874 0.009742397525322237 0.018240388857228083
181 -0.006063263575039533 -0.013492541870121784 -0.030020696454315182
182 0.0005526461915396214 -0.0002837705026070836 0.014441283408630178
183 -0.006570287333502803 0.010590423679192572 0.01963515667049106
184 0.01140916030648148 -0.02169221128404046 -0.007172566619742533
185 -0.00047439010645938806 0.0016483858841589427 0.013366705095344272
186 -0.00811345278952702 0.003992073213643595 0.020481665358862103
187 0.0060903816720691145 0.009234888975946903 0.011348192858557933
188 0.00785320401363196 0.004274198877006828 0.007888922560938384
189 -0.0175403126109514 -0.023746734132018908 -0.02443080496112849
190 0.009230616432183952 -0.013860930887622715 -0.022534197004913846
191 0.007599070272115897 0.009941757117282068 0.01063640710773918
192 -0.005343748022059252 0.010513249720390756 0.020230376383313597
193 0.00036392784816968726 0.01776508369787476 0.0137862938845206
194 0.0024447055270771043 0.018507140875286793 0.013404782433130567
195 0.006071298185927845 0.014720078896019673 0.0015484458830889083
196 -0.0014789233721898276 0.012572657461513318 0.013789983182272092
197 0.002159447583490657 0.008803565778761069 0.02100224876345099
198 -0.0031489309307601806 0.0023328510368828097 0.004784377099012506
199 -0.013035096601821311 -0.0010939329469345713 0.02912225132722565
