200 3
0 0.03818546996830327 -0.0342063435306108 -0.014077568455316736
1 0.029411030374488414 0.012818118441248593 -0.058550399798172614
2 0.03778596159253613 0.034818901287103236 0.01645955628697293
3 0.03614080837389589 0.02995021452098731 0.020567837982538334
4 0.038778002537659374 -0.03856634094840057 -0.01923557389332882
5 0.03818641790343448 -0.04053609239553928 0.005439495382348068
6 0.038581826235819384 -0.0329251468911946 -0.009889533005259445
7 0.03936251848340918 0.030865593538867468 0.01316682467881478
8 0.038582625090735616 0.030083851843725397 0.02194191019676808
9 0.03897435537840224 0.03034828798437438 0.014404846139251075
10 0.03676584919411192 -0.033717348714369155 -0.0063004767758510815
11 0.029668452297693715 0.0027612678000086535 -0.058188696238439336
12 0.03717770080106096 0.027006155128325975 0.021038908712568364
13 0.0377853583541938 -0.03805248084732588 -0.011430945601182936
14 0.03818594692936034 -0.03145130965547303 -0.003663733405916243
15 0.035716276685419525 -0.0352187295388216 -0.021261877254264323
16 0.03655842225102483 -0.040396608255480894 -0.009335723396575797
17 0.03717761439730066 0.027332191839614987 0.02017686873586371
18 0.037986430880621806 0.03036341636339609 0.011266442751991389
19 0.038384337036718695 -0.038338235065261475 -0.00898116016895474
20 0.035930193968562577 0.02814432516460838 0.030055395858707323
21 0.037176919994100235 -0.0318559525995104 -0.009672607665773138
22 0.03697186009962356 -0.03984785365365786 -0.010563290910910612
23 0.03838411025118583 -0.03799288853477374 -0.01524017770344975
24 0.03798703496952339 0.028780098469739505 0.02376406091924846
25 0.03697224888636008 0.030541919216848845 0.012900300202834884
26 0.03798632322814586 -0.04013970821231977 -0.004493443041514839
27 0.037785715776695566 0.027779708968541122 0.010825255021423093
28 0.03571765372122048 0.029518206622324128 0.022358907415640433
29 0.03676569313266642 -0.03497475658349958 -0.009963609311610498
30 0.038778496214183944 0.02867191968225165 0.0053375629073592785
31 0.039168828223665166 -0.03437225636642535 -0.0023478624999496195
32 0.03717725753102344 -0.04185747591130751 -0.003747932896434005
33 0.028089142834742585 0.006538447647049728 -0.055740628523204265
34 0.028089163091757678 0.004681657351391613 -0.05522883337093943
35 0.04050500365288309 0.02831771369247427 0.01715284410850284
36 0.03717684061069642 -0.03468197251861446 -0.011732991282490083
37 0.037380291410528406 -0.037141146703763485 -0.02329089698340166
38 0.03717754204103821 0.03234568052880423 0.01836750951683386
39 0.03717739552364613 0.03343032066937879 0.015856727925720644
40 0.039937711073314286 -0.03420802331320021 -0.0017755387958070423
41 0.03697262371932284 0.030951866437235777 0.021303781162685057
42 0.037381524514043814 -0.04034831226942749 0.004272536954753653
43 0.028889756024410622 0.0021034095169819205 -0.05406117941228277
44 0.03676578988334294 -0.031059644325752034 -0.0071076892312324814
45 0.03838528653534791 0.026211710647847136 0.025220681508180295
46 0.037583917440188054 -0.03428708979367551 -0.003983388353089181
47 0.035504243128113254 0.03276142885312135 0.026737398392637283
48 0.03758463268146772 0.02807936852501422 0.025584706982425424
49 0.036765893336646316 -0.03723846187756785 -0.004963920164703068
50 0.02966881707534043 0.005687837329714872 -0.05019695258825412
51 0.03655888293363836 0.027360185964226152 0.016531674778640412
52 0.02698503331429967 0.01159135281359974 -0.05154231059513263
53 0.03758457924140916 0.02662791922374399 0.023358650925349875
54 0.03993794123648006 0.03271668610369027 0.018611926937371518
55 0.02726545487141356 0.005893273822574134 -0.04752029945661045
56 0.037986046939758156 -0.03144646937841616 -0.010704100479738701
57 0.036972066987155716 -0.03624883213574308 -0.006160446157359019
58 0.03798590585006927 -0.03070236394320268 -0.013593858462430388
59 0.03858215637061035 -0.030424041345076532 -0.0012096370048034796
60 0.0371771736482516 -0.03592909166816505 -0.0037719535588198053
61 0.03676565758970636 -0.03612795525605951 -0.01087301003595399
62 0.03717744889080446 0.03560853464271182 0.016416555742361543
63 0.03758361532958096 -0.03406683984195569 -0.01099794764987048
64 0.037785232346481616 -0.03432202712911125 -0.014145671171544322
65 0.039168986699245276 0.02337779802624029 0.01407047964670132
66 0.03838482726534896 -0.038484500154353785 0.00294600965995064
67 0.03838497077999945 0.03565789835497194 0.020873997728578137
68 0.03738122734415448 -0.03891362130424275 -0.003311850304689105
69 0.02941095457125868 0.008333488694871384 -0.06161234417288917
70 0.03738113096161127 0.03516460662152418 0.011850872145172909
71 0.03916812956770756 -0.030552175205596093 -0.018860290348451825
72 0.0363496860535764 -0.03759472382218292 -0.013199076103695188
73 0.038974303273099156 0.03203939406389967 0.012593834877071532
74 0.03717774428010576 0.03210905826478474 0.022265427113494787
75 0.03655912556468748 0.032392884280972416 0.022025904075187803
76 0.038779162490953124 0.030550378827694607 0.021487854602551426
77 0.03778552720413405 -0.03585870353102402 -0.00852429659385701
78 0.03897414263399758 -0.02673574572841224 -0.0027024331229418513
79 0.03655851360439718 -0.03417273479472541 -0.0047944940382977615
80 0.037584371434854935 0.036435715290768805 0.0207353622376261
81 0.036350664991218744 0.03193553439779848 0.025949044766647424
82 0.037785875205548256 -0.03248483417529247 5.4033185451063966e-05
83 0.03614022509061639 -0.04489714324058618 -0.006552156137289078
84 0.03936200370285478 -0.030926305175445323 -0.011814062355431634
85 0.03697191751630949 -0.032584477233864796 -0.007530696412164435
86 0.035503924344294835 0.032934271798158096 0.018221491584199778
87 0.03571724066405374 0.03460636723852147 0.01486367256457665
88 0.0379867375799891 0.029914642690940005 0.018913604900549212
89 0.03550400950438048 0.031945503147571414 0.020836885224952622
90 0.03916848065473179 -0.028671296543070133 -0.01005217838696106
91 0.03778618545340861 0.029968091177618398 0.02062166495664087
92 0.0387792654958277 0.03136929571037956 0.02391113240788892
93 0.03738167544615338 0.03369862885184789 0.02418444847818602
94 0.03974718821105281 0.0318681672054395 0.019744836989913833
95 0.03550368090295536 0.03606535136518129 0.013485835259617144
96 0.037584475954007004 0.03236608966360008 0.0234276011109151
97 0.038581978103719376 0.02682563575428754 0.006911422501991714
98 0.039554975288413 -0.03289566515328254 -0.004830420877435189
99 0.03877822575642048 -0.03229642838482154 -0.013083283723796454
100 0.036558675196193255 -0.03836756532164797 -0.0010919031908902068
101 0.03614103051542249 0.025918516472092954 0.026375312160003373
102 0.037785715905878654 -0.03625973276128158 -0.0039831998503123325
103 0.038582279596951145 0.029002582335041244 0.014414251012751683
104 0.029151365043970458 0.00885129465926996 -0.060100918452757474
105 0.03717743397323673 -0.04125897915739304 -0.0006873713089744325
106 0.03877923654040377 0.0326638030054584 0.024064064406556552
107 0.03778631682313334 0.03187697828405091 0.024243469643194234
108 0.03778578400961336 -0.039568038277880635 -0.0032877120485905785
109 0.03550378097656902 -0.03698898553973177 0.000900830793229544
110 0.03614015861819211 -0.03435528379358672 -0.00447818798179989
111 0.03738093545177683 -0.03468485623013551 -0.008080728797465776
112 0.026415454859703123 0.008482315718382396 -0.05781386245677484
113 0.0397471056855049 0.0197611854743853 0.014517472679213534
114 0.036558999261391806 0.02782620076833974 0.01944131084382957
115 0.03858253455466578 0.02983845280012332 0.019232883894945003
116 0.040316888394465754 0.028010956998420027 0.01676567655544459
117 0.0395551213721693 -0.03420915382939955 -0.0008401882327310997
118 0.03897381370353137 0.038006193328821214 0.003282031455335113
119 0.03738118139902086 0.029313119307436113 0.011502672339660774
120 0.0365589277855945 0.03231652137319544 0.01781086631033004
121 0.037381292208831546 0.028322081697258417 0.01331883794526923
122 0.0363496570225978 -0.03208704932249771 -0.010695341973515201
123 0.03818579142226556 -0.03161148839908453 -0.006640358703058415
124 0.03634983943615814 -0.031430147042763555 -0.006906470911719675
125 0.03592986596160782 0.024433125214851487 0.021843648019424206
126 0.038186402857961786 0.0315081467882497 0.018515215641234088
127 0.03676659814125548 0.03234047511926963 0.024675156874210253
128 0.03798605245136213 -0.035302964644689204 -0.011185855944442534
129 0.03838521787979444 0.028396082864246424 0.024761794886988712
130 0.03738172905046202 0.030115956796230012 0.023245382704075578
131 0.038185747005343114 -0.031181047434401043 -0.008759537634230447
132 0.03614048176087635 -0.03961181213532546 0.0007891365622368033
133 0.03635013130744261 -0.035007738485645104 -0.0010905887138029432
134 0.026701610814394428 0.013240232526300378 -0.055929244579336186
135 0.036765394036134755 -0.03805434119363251 -0.016082197924836773
136 0.038186382288634066 0.03383384912143794 0.01996523602966295
137 0.03897436547268032 0.03105357626762145 0.013399013491976294
138 0.037785718513616624 -0.03345327534616849 -0.0029805427526114103
139 0.029668813325663734 0.00864901864989232 -0.04832310750152118
140 0.027265801039958997 0.013579130929011283 -0.04153098069525321
141 0.04031608708118923 -0.03315523322468222 -0.013668784158104807
142 0.0383847994565318 0.032127144049194034 0.016118822492060664
143 0.03717665281500722 -0.032360212967084474 -0.015670807196275977
144 0.037381129400775745 -0.03131898192036159 -0.0031402089637248528
145 0.03838406190323647 -0.038444617199931766 -0.015302458795520097
146 0.03635070601840357 0.03676120334540431 0.02717185973097343
147 0.03592978392011851 0.035856676489592385 0.02150553450874962
148 0.036765997439904254 -0.038897164825748905 -0.002732398609723962
149 0.03634992866896631 -0.032276666920635536 -0.004553162149560645
150 0.02966844298719935 0.021512603755537336 -0.0562582918122348
151 0.03936202440834515 -0.03250793726200075 -0.0115186094319425
152 0.03838436783380438 -0.03762048509468336 -0.008723266641092785
153 0.03635032117966748 0.030953536262533176 0.016537833114083852
154 0.02835860477056845 0.016014228342631467 -0.05149971506323343
155 0.036765517545767 -0.037390791560469386 -0.014318164193721278
156 0.038384954826181324 0.03204036515766192 0.019562939513591025
157 0.03838526105921751 0.03104703035919744 0.025357228636750558
158 0.03738086842068536 -0.04069306751949481 -0.010387624804558621
159 0.03838495135127795 0.02841307682698414 0.01884421285443176
160 0.035929379625407674 -0.03341565557654705 -0.0004747798331612999
161 0.038186813200529225 0.03245620910749287 0.02852818532118087
162 0.037584114938172423 0.028268774887480214 0.01309122743829315
163 0.036972495729846566 0.02899619439167453 0.017116646005068466
164 0.03877813074079074 -0.038801266495462866 -0.016012492908044424
165 0.03897495254885512 0.02629126065285305 0.0241766261253866
166 0.03798619570468048 -0.03598517803823988 -0.007673902467081796
167 0.039746705123356305 -0.030905966420992307 -0.00531590340547069
168 0.035717272081931456 -0.03752597357801569 0.0010187607090623284
169 0.038778694012832564 0.02830865785306568 0.010705908720603034
170 0.03798688151497733 0.03007652910878167 0.022644966950697
171 0.03550350602081293 -0.03552395849021621 -0.00632596387690879
172 0.03858264802599944 0.027747149935260725 0.022428632796503683
173 0.037986189219573065 -0.032690688658760285 -0.006405004237725587
174 0.0361408916312797 0.03013042721618222 0.023565642172620256
175 0.03838424898670263 -0.028715985591622594 -0.0091939546712174
176 0.04012830583136695 0.019220774215675376 0.02563497076704863
177 0.03877852578908751 -0.033287446550853084 -0.0050026919179182285
178 0.025537942096012966 0.010511171959367557 -0.0476763053134843
179 0.03838459932510507 -0.02935929823323728 -0.0012365607758052584
180 0.03738048734682899 -0.031202274055807354 -0.018108003558591206
181 0.03858182217875471 -0.036440086212702345 -0.010570177470505303
182 0.0264148737527963 0.019562544865177656 -0.06682413330495225
183 0.03676594753326229 0.03193166052507947 0.011070407325858055
184 0.03697199085474305 -0.03002318540686632 -0.007638207505503278
185 0.037986732224453805 0.03203815278915288 0.01907866210640135
186 0.0377859394656148 0.03362219716548139 0.016868199130909946
187 0.03738182695064249 0.02868691435123345 0.026084494320179428
188 0.038974502601251126 0.03354378591285979 0.017508449365261962
189 0.037584226150919706 -0.03413517230189262 0.003203400332838733
190 0.03634964680057762 -0.03397536342456942 -0.012374620156034863
191 0.0391684874523663 0.033441596018221525 0.0041859764224883075
192 0.028888993198087794 0.014468437490633465 -0.06892743319553868
193 0.03697247967613156 0.029288366594788375 0.017356410515287517
194 0.03676539271947216 -0.03137975485015685 -0.01585570864814925
195 0.03916870801122766 -0.03363202754377043 -0.005739669886739846
196 0.0359301048470542 0.030754189788352187 0.02933198076556403
197 0.036350468894916624 0.029834212837857463 0.02013162168370241
198 0.03778594577445242 0.034141966031424414 0.01667325547198021
199 0.040505010337870385 0.023763637923640682 0.015106372119098526
0 0.04545807437339584 -0.004313009314185177 0.020713121232009774
1 0.028089493700885957 0.012417008206345285 -0.04746485128122266
2 0.047261822012372334 -0.006116239342745177 0.015859688927124478
3 0.04837486978759446 -0.0016450686676325228 0.019388515134338806
4 0.04726168614455085 0.0007292159279782939 0.014329667979277354
5 0.048217113868049305 -0.004818921868269561 0.010728281310225012
6 0.04821730879934674 -0.003341973755071512 0.016549221233387815
7 0.04837450786557748 -0.00677472736064113 0.01000823038697921
8 0.046776722958870115 -0.0021613093384184193 0.015451757695841829
9 0.047100322054264905 -0.002212628304102649 0.007828464428404264
10 0.04677667519982395 -0.005056638815129708 0.014489076412637587
11 0.029411402460524243 0.011526495441898932 -0.04994410068789435
12 0.0477417904806803 -0.004338441877301658 0.012264839462975782
13 0.046938334915378015 -0.00568102167926111 0.0008389211707289377
14 0.04693907661382891 -0.007621664692936984 0.017117795412883247
15 0.04710101825460552 -0.010447214047186548 0.02220599300110774
16 0.04821737413405366 0.003135969660477903 0.018225986824109953
17 0.04805939271071433 -0.007897191152840198 0.015110266818849374
18 0.04677672041888146 -0.0003853193392735553 0.0168973488244313
19 0.04758245661666292 -0.004075906780696859 0.01584258858278602
20 0.04790063483520746 -0.0006659618821534012 0.009976357324351119
21 0.04645056226975653 -0.0005026609689611368 0.016526400158550662
22 0.04821705962685789 -0.004757422694410845 0.010002833387248142
23 0.0475824827477998 -0.0029717402711008493 0.016549545136279983
24 0.046939023221858306 -0.008509134917200357 0.016207477701544383
25 0.04884403796870584 -0.0099604432714188 0.01612625322435927
26 0.04710001020599116 -0.0016414358056089976 0.001245124562072385
27 0.04710077663196287 -0.006280708619806367 0.017409188621542625
28 0.04742232408334908 -0.0032643227305202754 0.01364757337267893
29 0.04529046195555675 0.0005756711483159469 0.019278083008164
30 0.04677671747390547 -0.009026218804873802 0.013833793877417854
31 0.04677668980604258 -0.0023869952461817515 0.014755524972207097
32 0.04837452993032092 2.393387411113906e-05 0.011657171848874208
33 0.028889311904143566 0.019683212379058436 -0.0608249395338521
34 0.02941102932839137 0.007000748800386628 -0.06013752324309069
35 0.04853155111391202 -0.0014738816767304048 0.014166699325584552
36 0.0486878402058197 -0.005126916307083296 0.010154584936293544
37 0.04677635667697364 -0.002719218240657103 0.007354600396809692
38 0.046121893965674655 -0.0012548787399367428 0.013907115608863967
39 0.04595693458675757 -0.005598473852723491 0.016323043755526137
40 0.04853175386527507 -0.010491933939895457 0.01756914301240764
41 0.048217328149242206 -0.005925674098802039 0.015240610663512203
42 0.04677679718462206 -0.00736036977838791 0.016586847079074298
43 0.0272646734637414 0.010551171382996176 -0.06581971265154905
44 0.04595676496780128 -0.005909503192293402 0.013610153088739288
45 0.04562489146036538 -0.009678403240246073 0.01569835617032731
46 0.048217358511638865 -0.0013055209336375866 0.01729440357260019
47 0.046121903562034 -0.004342886323735346 0.011883930650201397
48 0.04837475756694996 -0.0018711740764692235 0.017267969588657443
49 0.04545760384958506 -0.0022133893700233714 0.009092894014272128
50 0.025537245903447834 0.015479721215509102 -0.06203212930684918
51 0.04774149584662678 -0.003406324069636175 0.0048551156274602575
52 0.028088823842980087 0.01913751092035819 -0.06069785312795207
53 0.045121930805267656 -0.003411308618410533 0.011730355748837788
54 0.0475822305696718 -0.002882957466406963 0.011124424262717992
55 0.027817845977443786 0.00957338842261215 -0.04137841337669292
56 0.04821723516094436 6.699928472452952e-05 0.014408319344340576
57 0.0488440039568267 -0.00028769575224671 0.018502657666198453
58 0.0451223226579671 -0.006072698883970867 0.019422661612128217
59 0.04805936870991231 -0.0017371103228862078 0.016566779042023985
60 0.04774209865121016 -0.004224136805223902 0.020066221405104126
61 0.045791120831306445 -0.0038595590548899158 0.015386065735387274
62 0.047422621477672684 -0.004646958290796637 0.02079976035929701
63 0.04677641556298202 0.00018711011211663918 0.008957509162813935
64 0.0469388915606383 -0.0007141568955808508 0.014111471698958817
65 0.04742246709961366 -0.01017883098168758 0.016449029482367622
66 0.04693837952731562 -0.006218805822799721 0.0019687131343584536
67 0.048059613626732535 -0.006849947141762472 0.020481540441124924
68 0.04821708381707148 -0.0035266098687390347 0.011166366338979248
69 0.027817189564332236 0.0008247384928816578 -0.05670339475327074
70 0.04884374460854086 -0.00298927435845716 0.012199442431170363
71 0.045458108033688945 -0.00413469460019707 0.020331524995986477
72 0.04837491329626479 -0.001959301293026931 0.020484887446856753
73 0.045791273329657045 -0.007133307721538691 0.01746703660831096
74 0.049153758892929285 -0.0010919366640983318 0.003696468600410475
75 0.04774187829198112 -0.00039712521258142346 0.01474328344233407
76 0.046938799083752834 -0.007814540862253437 0.01115944662113312
77 0.047900948366247996 -0.008137452120131056 0.014417470250999515
78 0.04946234819963127 -0.0029910900250586267 0.009793011186752475
79 0.04774180162620751 -0.005211160520339957 0.012392066019733515
80 0.048531764269020436 -0.006794063978333623 0.01887248832634887
81 0.04868780917905264 -0.001942526204352781 0.011291313401655739
82 0.04693891554669879 -0.005662719810119871 0.013619198903050564
83 0.048059184059857075 -0.0006223200117080998 0.011583520396114808
84 0.04837462192482591 -0.007352152315858213 0.012656063670382595
85 0.04790095075235085 -0.0022417543220896938 0.016978046383445966
86 0.048531480878404074 -0.0010004952676607116 0.012835467838801452
87 0.04805948543353785 -0.005676018121713323 0.01793346275903996
88 0.04579117334704781 -0.00010651719443373496 0.01737988386628249
89 0.04774210406411271 -0.003586983611524937 0.019037021905524757
90 0.04661398001207403 -0.005850697936410012 0.016943850989554848
91 0.04710079700762658 -0.003627514044187805 0.018623106999968865
92 0.04790060328671995 -0.00283917733450498 0.008320556842140966
93 0.04805887829873263 -0.005597431312507801 0.004008185442174787
94 0.04790078839272328 -0.006989766985472456 0.012214560375335276
95 0.04790046000610012 5.0367492301389305e-05 0.005819165253346382
96 0.048999388651893 -0.003813289957023517 0.0166353346619624
97 0.04444264100164171 -0.008706564456552485 0.003872444221718759
98 0.048687650806563225 -0.003981060292861154 0.007125651591537881
99 0.04661416424118707 -0.006996294656132234 0.020718220604671798
100 0.04742227554423459 -0.006944620833354746 0.011705919605948335
101 0.04774209364121423 -0.003489337104311732 0.019176832347995162
102 0.04758253786150375 -0.0076591219412765 0.018012485480759833
103 0.04693845077343975 -0.005301672960129962 0.0036857991262038104
104 0.029668968148178956 0.010697521920077143 -0.04565545930897959
105 0.04726179347658518 -0.007633003629535262 0.014841415439341164
106 0.047261753228158565 -0.005068448269963559 0.014672033836209132
107 0.04645071745300635 -0.00444512314836529 0.02024013531767126
108 0.04805896191743033 0.0004553768539410232 0.006463204828082196
109 0.0467768094458421 -0.0033075081686642616 0.01759045050485257
110 0.04742214024923067 -0.00027118544427296755 0.010452744427240035
111 0.04837470886325112 -0.0026757359844784942 0.0157240390256129
112 0.028358895802031776 0.007044952984497241 -0.04580000762614617
113 0.04726169882201475 -0.0026628801240208347 0.013404654850719629
114 0.046938996249580665 -0.0011832484119496697 0.01658763329958778
115 0.0474224631551134 -0.006227366512041074 0.017586511715179994
116 0.046939003108916674 0.00015953660191801795 0.017520533965223076
117 0.04693897042855926 -0.00360444043919749 0.015433772379168596
118 0.04774177826858682 0.0001844460670198428 0.012014054638422204
119 0.04579086039518416 -0.0008330819260302652 0.008849811076927484
120 0.04693901834694254 -0.0016700252366426526 0.018337701780007935
121 0.04742191848526184 -0.0021890714298992255 0.004680170250180979
122 0.0477420548144649 -0.0003358530771973033 0.0192846352078347
123 0.04726180680072892 -0.005138901293437476 0.015705441672572432
124 0.04805928901061802 -0.000823014553679169 0.01421427327731434
125 0.04821727608564637 -0.008920267996272536 0.013705715128724122
126 0.04837451393242041 -0.007201585930927288 0.009177528512455745
127 0.04774192683109512 -0.003418301384600014 0.01521006396093677
128 0.04742215591975672 -0.006323712241461398 0.00925701150535209
129 0.048999254560609565 -0.0030034771675074784 0.01382361239122889
130 0.046450290512155705 -0.0031179060854544787 0.01004106746148584
131 0.047422369646281444 -0.0026336907110585625 0.016580827014582314
132 0.048375002165130174 -0.002077637076023839 0.022806582741910473
133 0.045956933815645355 -0.007783316301781698 0.01611445262514054
134 0.02781719140276946 0.0017174762777137059 -0.05729655718647946
135 0.04628640175159941 -0.007410735561648513 0.010700588091275658
136 0.048059714793187644 -0.007371231034977874 0.02252352865263099
137 0.04677655573093852 -0.004348686889101742 0.01069612945768077
138 0.04946245774182765 -0.004291160396181157 0.011699479171351269
139 0.024935210529025174 0.010610728558780846 -0.054631821087807814
140 0.027265034138830087 0.012367061689576846 -0.05767477727726516
141 0.047900730502988584 0.0007429453904893041 0.01187849073556667
142 0.047900638068962755 -0.005633975005569486 0.009778492924728622
143 0.047421826402610744 0.0005468744857230346 0.003096648235741686
144 0.04899902422527731 -0.006381996730607783 0.008936158266869651
145 0.04758237163008069 -0.0017579184438860887 0.01340955662885728
146 0.046613799689246296 -0.0017057327695119565 0.013525542805755937
147 0.04774210258989835 -0.005014000731782084 0.018532022583135223
148 0.04693893805559696 -0.004628619192856444 0.015196909103531381
149 0.04677660773319208 -0.005610587389843647 0.012664443477864112
150 0.029411011547023684 0.012616676916043791 -0.05931715552042264
151 0.048058976315697 -0.004247380761092481 0.006765892866731599
152 0.04693886118010505 -0.0006989735095898566 0.013978359256772302
153 0.04645051458135833 -0.004141180914956571 0.01555261821459899
154 0.028625996888015703 0.007344863472234482 -0.038685573172027594
155 0.045957112504981766 -0.004488731318547986 0.020486019531684864
156 0.0471007214398683 -0.008524397688124939 0.015731377254933603
157 0.047421982585088875 -0.0029956004562978317 0.005633938969409164
158 0.04661371102026362 -0.006975442705380221 0.010850107690711364
159 0.04790078480536278 -0.0011444482005942432 0.012911678366678794
160 0.049615924779525734 -0.002209759010589797 0.011890069574185447
161 0.046939126437043635 -0.0017574268417196893 0.019093957096998397
162 0.048059065427049026 -0.00313920542889985 0.009074159283439649
163 0.04726163516553451 -0.0049038110123539504 0.011814536030809345
164 0.047261799814142635 -0.00017832515775670344 0.01718290263001374
165 0.048374142868149506 -0.0021939435257161354 0.0023120839413572703
166 0.04710027258869288 -0.0007372255325510546 0.0081634866986857
167 0.04853139152714408 -0.0037681170735983233 0.010798980424789233
168 0.04742228117744213 0.00021993367505321302 0.014467585350821903
169 0.04899916113067489 -0.004412815203665457 0.01129122379344211
170 0.04774171617849905 -0.00500835235109429 0.010513667881804117
171 0.04677690410330746 -0.0014364502919612106 0.020359278464204034
172 0.04868795287928544 -0.005503387950617071 0.013545013168081987
173 0.04837463597797649 -0.008218128589953275 0.012388493116543027
174 0.04884351991996973 -0.0026422456790849923 0.006799898781512825
175 0.04805880034827923 -0.002446459159273773 0.0026373071382518034
176 0.04976891292412733 -0.0040633648865911354 0.012816580348338233
177 0.04758236467312535 -0.008462899057530697 0.013353205784359452
178 0.026415115800307774 0.013022644977192032 -0.06399726210929799
179 0.04645038183150244 -0.008228706424849016 0.011140133067672989
180 0.04790052353613677 -0.0023112898717996024 0.007234766549494514
181 0.047582465130847455 -0.001031220251074439 0.016256237267485877
182 0.02698499234369743 0.013724514776819824 -0.050120675940938685
183 0.04595686671432714 -0.007669892098351516 0.01411172033892243
184 0.04628677559039108 -0.005541331070201307 0.02164523400913694
185 0.047422277110089284 -0.002359352529587188 0.013676672394753628
186 0.04821694935370148 -0.0018173643059153904 0.008081462416330874
187 0.047900727982848446 -0.003576954105665128 0.011645930338817684
188 0.04790060361454542 -0.0036189443437070422 0.008189263003211664
189 0.04868804814419865 0.001994377638912092 0.0165647354331024
190 0.04774167277308435 -0.006270692940921035 0.0093112482542119
191 0.04742262104451443 -0.007195694656606181 0.02069494720268892
192 0.028358470493351988 0.0069524941071483345 -0.05544899326063727
193 0.04946239549667434 -0.004008368548218335 0.01032477115694563
194 0.04774184453550017 -0.00680984307069194 0.012023599492141438
195 0.04774144570760611 -0.0056810543416765166 0.004113635499877481
196 0.04661401597858944 -0.007045921520346203 0.017301144717717334
197 0.04545784634528383 -0.0004287712672752462 0.01557427453547816
198 0.04710057835635222 -0.009399769925360563 0.012747438330531454
199 0.04677685462430496 -0.0022449531401108 0.019123629962427145
0 0.040127806339195195 -0.03148091893750699 0.002581287602051041
1 0.03936117508860377 0.034650030551756174 -0.01607729145468009
2 0.04069050879863203 0.028495969446454047 -0.02513052598665396
3 0.03955425646631198 0.03761037647139977 -0.007725271135461939
4 0.03758390309894395 -0.03876036998570386 -0.006031301874783168
5 0.03507268824336987 -0.03847967315446841 -0.003696726054073421
6 0.03738077691388684 -0.040882087025470845 -0.013426505128695245
7 0.04031543159614499 0.029925908225310823 -0.016707608746632817
8 0.03916755778883797 0.033597580801659116 -0.017665063611887324
9 0.04087700944247877 0.030004720439265217 -0.021803584346730416
10 0.03798640438561328 -0.04210841799873193 -0.0036526182060314565
11 0.039936388064651746 0.033569857488077504 -0.018506148098533442
12 0.039361388146991284 0.033794104907389835 -0.012362908434723601
13 0.03717705573009631 -0.030680839261724293 -0.0048908053708428085
14 0.03634975966660634 -0.03837690266167056 -0.01037083780808299
15 0.04031609457024119 -0.030456524467011383 -0.014918014390040138
16 0.0371767177390776 -0.033543988642795994 -0.014354147836994825
17 0.04050318063885874 0.03617880919552131 -0.0234475926579944
18 0.04124741717280207 0.03073924440260228 -0.01823706807275764
19 0.03778568904023136 -0.037171505271660576 -0.005306318112191073
20 0.0403151438355229 0.03713030699796058 -0.02052600127797814
21 0.03818600358280332 -0.03419290210242544 -0.0030365425634133214
22 0.03858227805556527 -0.03580568896752379 3.5924023725202585e-06
23 0.03397171268304036 -0.0380701581254065 -0.0009344186056781415
24 0.03758254667394203 0.03159117226832513 -0.023567493614337763
25 0.038972889779542046 0.03561258349814194 -0.02069508620889447
26 0.03528852430979486 -0.031579295123274245 -0.008446322973120363
27 0.039936084622387014 0.03797153240956115 -0.02366657496468285
28 0.03858106102259146 0.0393934536710151 -0.012015338647781268
29 0.03955449544933384 -0.029209946450575758 -0.016252324499673676
30 0.041614184980517215 0.03577738244522447 -0.021708947271078655
31 0.03798641643197234 -0.0335337071748602 -0.002461638874712582
32 0.037381433377676895 -0.038686132652513944 0.0019382629986363833
33 0.041796660063610186 0.03717283592426805 -0.017893152608593373
34 0.04087717518254464 0.03820103220769777 -0.015520354747133388
35 0.039554275785885835 0.028527121577172604 -0.00846544058793514
36 0.039362361850573666 -0.034109835534297785 -0.005524629801703895
37 0.036350255676136374 -0.03651242025738008 0.001204541013190043
38 0.04251809999840742 0.0325362699119446 -0.015243324935693815
39 0.03936138866791266 0.03285333570427649 -0.013333082288681379
40 0.037785189873885586 -0.03553501080668155 -0.01568527146215551
41 0.03877745611048121 0.03932703893822864 -0.01596331189094836
42 0.03778538888113449 -0.035786204543044375 -0.011929445823215954
43 0.04251829734644901 0.03391607395169261 -0.011077139241887269
44 0.038778655334819126 -0.031043234190818815 -0.0010651504510563261
45 0.04031542540777759 0.036414678433830186 -0.013331610191993214
46 0.037986466536536236 -0.03396606731995671 -0.000495835336948527
47 0.04143119356365134 0.035774552367611734 -0.01799363457948622
48 0.04161451815676054 0.040219587922687934 -0.01190722710144948
49 0.03936185838655739 -0.03003136133042816 -0.01612164759678107
50 0.04050343828312033 0.03052768463837547 -0.019343879390361744
51 0.03818454364549779 0.03955328046974385 -0.0208196603001299
52 0.04050335227452342 0.037339335487456424 -0.018903475374818908
53 0.040315366482107526 0.030770642669087345 -0.016765690592054606
54 0.041062776974748534 0.04033515140651019 -0.013359710737736216
55 0.04143133563348944 0.035652465137527595 -0.016373058254261674
56 0.03858230430446033 -0.03434961623304896 0.0014121336476452405
57 0.03758382296238574 -0.03273380185625537 -0.005531254636198985
58 0.0363501487110909 -0.03178158683399569 -0.0009647591997604957
59 0.03858197832015465 -0.0307038229761464 -0.005355654633713887
60 0.03717712496734712 -0.03886480769935214 -0.004862971392119357
61 0.03592863941960965 -0.02226919294865183 -0.015935273309939435
62 0.039745587593028237 0.033451686291968326 -0.017161510616900112
63 0.038185640935495806 -0.031926651160765464 -0.010148948100548907
64 0.035929078372659864 -0.03200144719971399 -0.008227163925835767
65 0.0395537826028496 0.030590978429882502 -0.020037749698904758
66 0.03571679275629219 -0.036232875459361415 -0.011049614969740947
67 0.03897316196514448 0.039164856657992596 -0.012337434346372368
68 0.0401271741546366 -0.03334639482716114 -0.012271814132450824
69 0.03955435511283524 0.03719251101985109 -0.006461746842525497
70 0.0389728358787387 0.035744668255595684 -0.02066439599025108
71 0.03697208721124228 -0.035640093372239605 -0.00562692447210764
72 0.03758390647953489 -0.03745053953791202 -0.005965874409819357
73 0.03955391184756699 0.03901059834445005 -0.01358531805814104
74 0.039745344549412615 0.03157362819060777 -0.02406094387839395
75 0.03955387841436383 0.035456709850015554 -0.01640272569146585
76 0.039361214061066026 0.03173737903534142 -0.01810500532137069
77 0.03778541069215328 -0.033448222777820266 -0.008347516963380559
78 0.037785689122821674 -0.036080677716086126 -0.0037494905899094952
79 0.038384674406457306 -0.03535472538808218 -0.0013283226878784177
80 0.03897282674025411 0.034293994840157924 -0.021421336751682736
81 0.04161425312293624 0.028078054490432394 -0.021901670748596603
82 0.03798614415888727 -0.03875792075318188 -0.00928708870735352
83 0.03697198077357395 -0.04128432913897607 -0.008285989861560301
84 0.03758396707170446 -0.03571484482795035 -0.0046516894158051825
85 0.03818570397828304 -0.03460528356720331 -0.01112687709058085
86 0.040126370784891195 0.0343135040576195 -0.015119201894716867
87 0.03798498190129811 0.03794106119446582 -0.019554710633232577
88 0.04012630006556164 0.03767936680363666 -0.017269349363221335
89 0.04050327800364543 0.033878631271282836 -0.021621560066965646
90 0.03758402742255195 -0.03957489686036031 -0.0026024057333018484
91 0.04012585942824877 0.03654395117376966 -0.027404998526897418
92 0.03858084103935478 0.03771283803744062 -0.016824283197967027
93 0.041247621004795974 0.03408295600505938 -0.012755616926669055
94 0.039360941646966977 0.03996445942980517 -0.02169853184996067
95 0.03974571526128098 0.027611363765297534 -0.016568254298315484
96 0.0414315396145613 0.03414146015962698 -0.012845983535893956
97 0.04179685502086946 0.024065702462160447 -0.01473626251722344
98 0.036971980117047186 -0.03438266247898901 -0.0074662510284159425
99 0.03592934682598394 -0.039296607994435684 -0.0034957551679360758
100 0.038582046530239486 -0.032887367114544146 -0.005381182534387827
101 0.03974541809709144 0.04048597188170185 -0.020956539517784502
102 0.03916839588204542 -0.0329979176044209 -0.012795920858879707
103 0.03858085678307325 0.03953940863367244 -0.017411490066291082
104 0.04050343264249207 0.03837289544309473 -0.016794113794481046
105 0.03838444785850257 -0.031563459255439484 -0.005398398153716065
106 0.041614767076765154 0.032560280129971364 -0.008770572649818405
107 0.04161422425973253 0.03697524848006866 -0.021544477403603577
108 0.038384447429660525 -0.03460063458096542 -0.007370110995614659
109 0.039937405515929614 -0.03118924068277066 -0.008433074576057213
110 0.037785364680535234 -0.03567338857286583 -0.011324318176870801
111 0.03717710686227334 -0.037050266086058686 -0.005053861437364068
112 0.03877758938055826 0.03733319293566337 -0.011967847930716154
113 0.03838350990768156 0.03929110116033582 -0.012746061186864869
114 0.04012625229607356 0.03400294992669803 -0.018838916023994665
115 0.04161487158957484 0.03211551229675669 -0.00761901606210095
116 0.039745792926459446 0.0333821202208497 -0.013654927836959962
117 0.03838475308260697 -0.03407217852333683 0.0016267277203714985
118 0.03818467626717491 0.038301993348876885 -0.01674233614761471
119 0.04124742932950736 0.03535195729693904 -0.016294376676948722
120 0.03838345535225732 0.03448067643909293 -0.012600696891423251
121 0.040315207536467126 0.029186497863956835 -0.02065760151348334
122 0.037785695485811156 -0.037334791229442964 -0.004691463745777403
123 0.03738092697597447 -0.03597247349607562 -0.007919427919939883
124 0.03697176484175843 -0.03277657227807633 -0.010936002980145939
125 0.040126596291998606 0.03925413553069762 -0.010225930932976881
126 0.037985231885260824 0.03714172389106885 -0.014689482921164232
127 0.040690489406982555 0.037706785569957525 -0.021812318582702682
128 0.03877855102540506 -0.03447677887954449 -0.005890203042439406
129 0.04087694660215533 0.03689281050700304 -0.020853494508589265
130 0.03858092460242336 0.03652260084501253 -0.01499607264085571
131 0.03818552752744226 -0.03812100589913143 -0.015109265859675957
132 0.03897422924085317 -0.03461548580799993 -0.0035836899823917336
133 0.0379861126192912 -0.028217306787301204 -0.009114742529526036
134 0.040690723966570884 0.036830744592549494 -0.015817424675183468
135 0.03717727747151579 -0.03929695850396349 -0.0026611820453670185
136 0.039936562603977724 0.03593362798135864 -0.015463857566046115
137 0.039360939031970084 0.03858467320843163 -0.02233905277799926
138 0.037986334050183305 -0.03788997142509813 -0.004456840352996811
139 0.04087745882420023 0.031145511657052444 -0.011465583976000131
140 0.0397458479261387 0.03352885459346914 -0.01238519399131548
141 0.03613976198739662 -0.03341848882814981 -0.015946053028853536
142 0.03897297912128563 0.037086221042316445 -0.016115143669816534
143 0.035717133712730796 -0.0352177630506643 -0.0014233328693709424
144 0.036558331103985514 -0.03704546430274436 -0.009661122608792864
145 0.040316090230356365 -0.03327983693156468 -0.014741568330229804
146 0.039745649259354796 0.03499353060471437 -0.015364633542359675
147 0.03877738616411965 0.035564863015179 -0.015965218151880557
148 0.038778357732407655 -0.03198357631019561 -0.01005006881089906
149 0.039746577288102956 -0.0340151415515672 -0.008131266244815406
150 0.0399365014494124 0.0399745663366846 -0.013833909257484595
151 0.039746601289362936 -0.0297539727804037 -0.007184844219959908
152 0.03592918297133389 -0.03774784898034086 -0.00541576813735382
153 0.038383475760969114 0.036643443632715406 -0.01401333578988828
154 0.04161434750452333 0.03812541736168941 -0.017671812808374064
155 0.03758372922018811 -0.035092934213273426 -0.009424537127275319
156 0.039936852340463305 0.029366018679921963 -0.007671878851486027
157 0.04106286677822392 0.031200231217238084 -0.014134459365030671
158 0.037381007085555994 -0.04066796167982878 -0.007396785813096541
159 0.0387778341783746 0.032146148741618 -0.009176249359730396
160 0.03838410899540151 -0.03329699243088074 -0.01430624313322122
161 0.03993613744222138 0.034292365083917024 -0.023312671359437834
162 0.03916746117143037 0.03483265386705596 -0.020807288103965677
163 0.03717599196695163 0.03632196948199769 -0.016997161902408704
164 0.03955466397348055 -0.032711776463987416 -0.012999848935028781
165 0.03778442059565109 0.037024152115275585 -0.017568983336529786
166 0.0375837642447105 -0.036226993688398657 -0.007777495027839062
167 0.03635007260837692 -0.03511787439644394 -0.0023948934817082774
168 0.03877843409570992 -0.02634221101331526 -0.007843472972221667
169 0.039553902947227854 0.034526088370586926 -0.015811420014102576
170 0.041977993461341116 0.034427043692990274 -0.020802229649564394
171 0.036971957802249385 -0.02858955406876597 -0.004636101956108982
172 0.039167206347805385 0.0403672143683989 -0.025375914794863053
173 0.03614038784506269 -0.0320332231227456 -0.00014044981668183027
174 0.03737930057903981 0.03778805124342136 -0.03085270238756817
175 0.036140022908862944 -0.03568796970737591 -0.0094097339472647
176 0.042339008279702404 0.025371730431720196 -0.014980341685859905
177 0.037177188980312297 -0.031101856727331657 -0.003498878084141431
178 0.03916819243845406 0.03568825631965783 -0.0031870897413127874
179 0.038384609193653906 -0.035093892308586956 -0.0029071592601665835
180 0.03838467853285964 -0.03482475613137327 0.0008476973930162948
181 0.038186187582886 -0.029842901141012543 0.0023311899616473863
182 0.039936161971218326 0.037315460219029324 -0.02165325139404253
183 0.0423391064108095 0.03534699232127708 -0.010681341021319707
184 0.036139773654294584 -0.02306842738789219 -0.013062896396111714
185 0.038580979633410034 0.03711955643245039 -0.014149251436058968
186 0.04031556305465249 0.0307044236984073 -0.012562400449207171
187 0.03993649856636062 0.03459165764976966 -0.015679306585114024
188 0.04012621979157694 0.03642290994052215 -0.0186843271734534
189 0.0379863487317097 -0.034045032295314026 -0.004283482865879183
190 0.038581847596812845 -0.0351505837269099 -0.009762359296426564
191 0.040690791692625516 0.02529370819709035 -0.018512682659979525
192 0.03897298319779931 0.034236451919221485 -0.0177006401758797
193 0.04143117481284776 0.027850518289082277 -0.02205086960335722
194 0.03993749948898666 -0.03552305733613106 -0.006796513912135357
195 0.0375842446440622 -0.03430690258221308 0.0025881013028135405
196 0.03974585495594276 0.038329668163593116 -0.009181180574909277
197 0.039361199071359876 0.032021737169042656 -0.018319179832338627
198 0.03993592147872307 0.03837073500122134 -0.02803065146082614
199 0.04031552909233597 0.03310998996784743 -0.013528022417186779
