200 3
0 -0.4436998376600641 0.08784229715857551 0.37417915029080207
1 -0.33753764696280025 0.15037715975834373 -0.36814607144454625
2 -0.39097232451508956 0.27593655696814917 -0.25590966884789657
3 -0.4594405811834118 0.010532718323500799 0.22902883579540162
4 -0.3827092449020743 -0.29851522088524163 -0.2078916000993254
5 -0.4012101552727026 -0.27557648036992394 -0.18354696647631463
6 -0.40116878424560987 -0.27088531390327664 -0.3039245514031414
7 -0.38475009172611085 0.31640506513813305 -0.28530181348250017
8 -0.4873729173561441 0.10678512862865003 0.4061531997564281
9 -0.44885342668322703 0.07275332591330366 -0.3571731868961255
10 -0.4199047329641169 -0.2847029539178102 -0.2998792576279484
11 -0.3643720427554808 0.22563991098789662 -0.3702842927043985
12 -0.36188210643459784 0.30091006721908115 -0.2561039602990503
13 -0.4220203185544771 -0.21450941300694648 -0.07311704121268205
14 -0.3633159381672694 -0.2629303774715847 -0.23908664636067042
15 -0.36250241306172387 -0.3711496776474258 -0.19534880190911427
16 -0.3922106967317319 -0.03733399973251084 0.3455687411723526
17 -0.4484993109040446 0.16086222594730373 0.3567451212199249
18 -0.3999239110707933 -0.1026216277080657 0.3557677203579989
19 -0.3805819314978916 -0.19927057052827946 -0.17365370796930474
20 -0.42885209833347443 0.06034850952644056 0.3876818506606239
21 -0.3647038771877536 -0.4194856671055935 -0.14568784521846426
22 -0.37379816017013673 -0.23828867895879458 -0.2118558049341384
23 -0.46242930464269444 0.03452686745740298 0.38632422740996325
24 -0.43081320593329053 0.032223560927408613 0.3552716245178399
25 -0.30722164936526325 0.1730439037858541 -0.38382407389247647
26 -0.3478676652248063 -0.21466213261357775 -0.27048792786635173
27 -0.41934109874522557 0.03509794494657343 0.23072322981764185
28 -0.42202957550607567 0.046982467325174644 0.3880273966571494
29 -0.3564521258361616 -0.1900510454429809 -0.18454633756177108
30 -0.45678879266109845 0.06993507040184463 0.1507478037707063
31 -0.38506176943851195 -0.19900049474443585 -0.10593702301683797
32 -0.3193334946594319 -0.270194583237846 -0.08327105964427058
33 -0.4284914346045118 0.19911761389751093 -0.41943165897213897
34 -0.3079735314558303 0.26810853692809 -0.1888658054598018
35 -0.2862844492953115 0.20856213936388196 -0.15972420552686997
36 -0.39493018075390324 0.08631745944693685 0.3366640094662957
37 -0.46741648755228965 -0.28663027408355324 -0.17834562797375725
38 -0.38943658827779515 -0.015105659298174097 0.45423288809871626
39 -0.4855532378861125 0.004014572125017424 0.3634137870908182
40 -0.36843335448678244 -0.3008248550931344 -0.19658879769275633
41 -0.38800748131958407 0.023846507361484796 0.330218900923866
42 -0.32023899980962584 -0.3170137248483453 -0.12373484564361967
43 -0.4000657108372709 0.3145084378207633 -0.16821045305213914
44 -0.2794034620563166 -0.25910830389032835 -0.2683801325229811
45 -0.421996928550246 -0.02149968250134237 0.434263904875387
46 -0.36503262475496734 -0.030611842540081566 0.1723362756532444
47 -0.39771248303174184 -0.012272863343364885 0.3357472666057546
48 -0.40115558116888655 0.13787151734124747 0.3655872462480713
49 -0.34319389295486 -0.39043831480521307 -0.3163209001396527
50 -0.31761518313845394 0.23503644982813438 -0.22870394601799887
51 -0.3495468163434997 0.15105856149953512 -0.2005399976741834
52 -0.3351390295119832 0.24018954497090841 -0.2925849272396561
53 -0.30401839070981546 0.22931114084313756 -0.246629549677796
54 -0.40669898229394047 0.12515668934539412 0.3390478920475351
55 -0.37072311385146334 0.3467591002745687 -0.338541115980611
56 -0.381302400978736 -0.32978997933752635 -0.13018373127540264
57 -0.3868064133362869 -0.3577566333008051 -0.2385846768215982
58 -0.4050738076601653 -0.24989020348643448 -0.3510211315334945
59 -0.447005865278588 -0.08561525779048412 0.22431245394825225
60 -0.45886082308536197 -0.03320872796280495 0.45292657008566267
61 -0.3941866620554055 -0.20153801494529427 -0.1057520923538493
62 -0.2961830810530133 0.2562750986800407 -0.3227753194241375
63 -0.38659380776581026 -0.057511103260325755 0.27843461908101574
64 -0.4217486318672434 -0.29535748156292 -0.18312555521356347
65 -0.4238438168234314 -0.009916303808755732 0.3464690449094944
66 -0.4256436689119913 -0.27297982178548497 -0.21278288408875068
67 -0.3478353200007113 0.24921878002389838 -0.24405064152789713
68 -0.37989992758045577 -0.35183057500754644 -0.2918324272703928
69 -0.3236770096224208 0.2587615294835387 -0.22847649447430846
70 -0.34686460738406033 0.2100873319517644 -0.393815179609439
71 -0.44235524066745585 -0.3326138031150928 -0.3215016147020003
72 -0.3572743016823355 -0.16730758825214814 -0.1336401344193682
73 -0.35600451607984 0.35402783309046354 -0.24731066148370226
74 -0.3349984185151011 0.17365850979387626 -0.23549611379107027
75 -0.3176351199393349 0.1058559535482784 -0.2923739424798861
76 -0.32381323307720433 0.17184234182103558 -0.20437352721002314
77 -0.4388538568713841 -0.40335534379227245 -0.3185305131335564
78 -0.48426507958145426 -0.03297478397315197 0.2619866176450627
79 -0.399716287273705 -0.36367160275760846 -0.342035276446315
80 -0.3633766675224837 0.2991816593852782 -0.2295202751701634
81 -0.39657069020599406 0.03205687859008825 0.2915984496818949
82 -0.3530821354642945 0.03141580789738203 0.46053585376380485
83 -0.36615607419019436 -0.17639160353679775 -0.14982959512804905
84 -0.44847570245755497 0.04397878250521721 0.23159372659593105
85 -0.3691265718608551 0.01448913577986475 0.28393239343618076
86 -0.36376526134774395 0.21567394591365405 -0.378187288305264
87 -0.415826688123776 -0.023199987886830736 0.28643785697052204
88 -0.3522247496686411 0.19908239971552955 -0.2866999781194733
89 -0.462012723490249 -0.015533279017509147 0.23140090343005876
90 -0.34992133543438614 -0.2689063170739828 -0.15139906042312182
91 -0.35217543173816496 0.27394269263295395 -0.21351913016405732
92 -0.3933253866129503 0.2716216235128928 -0.22117474742222074
93 -0.4191576734721962 0.08041322642325353 0.17710419227626875
94 -0.3998261262757057 0.1726490584757534 -0.2910096761257581
95 -0.42171380372330586 0.06313581555210135 0.20445808962365972
96 -0.3926101078310908 0.07377705544367245 0.27188896185116634
97 -0.41226298991674987 0.04156534445616552 0.34968277810060894
98 -0.33401090041598924 -0.29349778810658883 -0.19419421859754957
99 -0.37676059185737865 -0.29580491647343404 -0.3410011089724153
100 -0.41133768675639876 -0.2377925595823543 -0.23690085998099344
101 -0.4721420034535798 0.017851471032389515 0.2512533750164452
102 -0.46134861956743944 0.10708606272356726 0.38607155918437136
103 -0.40057978808760386 0.05687859614221081 0.39816138300618026
104 -0.3338930372715269 0.24165420549575484 -0.40100930238405547
105 -0.3772049313040792 -0.4778700563525332 -0.1881506010779432
106 -0.4703344334512691 0.17183974005440072 0.22808339755594081
107 -0.37852014027913883 0.3158807293191114 -0.16971963646327812
108 -0.47368865084491313 -0.5161492106995048 -0.1572153158677638
109 -0.4056984429110798 -0.32915693634017 -0.20507936252827857
110 -0.43646815586882426 -0.299871959703345 -0.011233263374350351
111 -0.3786921724163064 -0.32037798970790876 -0.29111425073650304
112 -0.405852301421822 0.2035752286927173 -0.3586723054071418
113 -0.3400849683670969 0.3209273079532738 -0.32012594557345153
114 -0.4222886104146514 0.19150348064682876 0.3208500898329009
115 -0.3519918671936932 0.1572647947884164 -0.25475879729594897
116 -0.33738318367703063 0.23113604525305353 -0.5009907481988757
117 -0.445298161400743 -0.36212242209711293 -0.2893346979321599
118 -0.41797164444324736 0.25065201662036246 -0.31013293194255986
119 -0.37514762137790064 0.06187997434948703 0.3949970742331644
120 -0.3459354536224987 0.16716402309713352 -0.3398286839706978
121 -0.400182797874396 0.17978917043986098 -0.22067500952815208
122 -0.4329084709903336 0.13250606942484935 0.30370097882196984
123 -0.3333852828202158 -0.33212629666902643 -0.22342044857678425
124 -0.3805626753018849 -0.32390495363586014 -0.06769884878337007
125 -0.4216757925885821 0.042724807749901124 0.4098515539147004
126 -0.32363986629868297 0.2564285674409951 -0.4077640222266966
127 -0.347441217672673 0.31236895945496335 -0.20916044779729
128 -0.41973913359319825 -0.43579755833413636 -0.19957408982948152
129 -0.4163378348100776 0.07863205725555307 0.3392982199814418
130 -0.3893795424726343 -0.06729349238142834 0.22128047222843564
131 -0.4000903093400692 -0.4318605205167617 -0.24060753250095848
132 -0.4334526318468901 -0.2639496759906871 -0.22766441812264446
133 -0.4939485993463231 0.06479825752355284 0.4899966922602732
134 -0.45358474294251 0.4314105031598573 -0.23077175544886844
135 -0.4184177863389012 0.09615707333016109 0.18423225120719025
136 -0.42017085040768715 0.11840258180149701 0.3789154243235469
137 -0.37089854267201733 0.007929599649152026 -0.4351946146559596
138 -0.3844781570364447 -0.005730769709110699 0.09320270831321328
139 -0.27142494172398807 0.18430886418883305 -0.15064880728813398
140 -0.3053174376589127 0.2700801925443434 -0.19538511500911424
141 -0.34827416276671824 -0.28018277518297274 -0.18031049220122622
142 -0.4237954815740623 0.06906752578244245 0.2962061487141441
143 -0.42748947935958387 -0.0001327880415274505 0.34684252944759203
144 -0.39104897104984043 -0.2845924328466667 -0.2817665432136678
145 -0.3557466464863639 -0.35515008230365175 -0.24845630413334685
146 -0.4186267315040579 0.12687740292234018 0.3361059822729158
147 -0.4318808407360081 0.02821480576759725 0.39735519994339147
148 -0.37101378448998296 -0.3100969688397798 -0.16949580444070686
149 -0.34960956459400816 -0.31515399022405516 -0.1687247207584005
150 -0.3431275362997015 0.25857660299843493 -0.23400856136296833
151 -0.36496253728618533 -0.2750297106218023 -0.13629529231025359
152 -0.346673832670127 -0.36307924358625027 -0.2762640188636277
153 -0.45644445234799397 0.15472940885526426 0.2554756022047609
154 -0.3386900788189329 0.20404719577149072 -0.27068323545663053
155 -0.37402714016721056 -0.19510273935724623 -0.3280963738017592
156 -0.3424625635350185 -0.025860988273425606 0.22735925389541164
157 -0.33475591005020755 0.22021051084044696 -0.2931790618812333
158 -0.3242486390859139 -0.3193621838649802 -0.19900989582895337
159 -0.3681059676740922 0.2914269567692611 -0.2829462464460682
160 -0.37979780867862784 0.056066227133174315 0.23200455248424426
161 -0.48883507141236215 0.13237330118575824 0.29905913582445737
162 -0.413659037270959 -0.025459981762531222 0.26333091096370714
163 -0.4513661123584868 0.05677300239007809 0.40992891116150043
164 -0.34693281729210534 -0.26677351210823197 -0.09918196228555569
165 -0.4027321391444991 0.19686223703650432 -0.2469044160952037
166 -0.4730392659443669 0.010377785435651451 0.1963201055554155
167 -0.4297081052449202 -0.2696408232901803 -0.15116500672708288
168 -0.3690243927645791 -0.22754129105377624 -0.26096248831781116
169 -0.4179105197117991 0.04897645041127322 0.1980260644390038
170 -0.370023039815327 -0.002951118565773804 0.3284158895924652
171 -0.3736331463198797 -0.33709865582030474 -0.3700815578331811
172 -0.42899381549853743 -0.04716853169957938 0.3085613964709549
173 -0.3776183543952172 -0.31861746003626523 -0.4271179914824083
174 -0.46048390648871435 -0.06358843869246848 0.1706733419307476
175 -0.3717136301430081 -0.2447871643404752 -0.15580601793685253
176 -0.38327909104346186 -0.07687257766151195 0.26836796399599194
177 -0.39841575592347356 0.07796878437139734 0.39783214899328195
178 -0.3485462812595482 0.2739907665000699 -0.24738753559166143
179 -0.3626988197409356 -0.2966719023081945 -0.028342271510652235
180 -0.4546427946802834 0.0824072579873402 0.30321328665431635
181 -0.3312212114111348 -0.27322235993183636 -0.16781133306843038
182 -0.3583978642159564 0.21225260212489674 -0.26624190707577056
183 -0.39841775156805526 0.1597263417023831 -0.3048545073343238
184 -0.35174939085813145 -0.30996351192793214 -0.1468024911139778
185 -0.43797720408599544 0.08328085450746327 0.40431605133203274
186 -0.3865906668429808 0.19497589625907183 -0.24298942123843315
187 -0.44843132182074197 0.0734774946822686 0.09026900985691429
188 -0.3334006521802907 0.20403182030266426 0.20998735563565885
189 -0.3677398551550007 -0.2875934381824549 -0.2987560671045918
190 -0.32314605139031277 -0.22916507033074102 -0.2709585867680583
191 -0.3540220915884318 0.1248542245908681 -0.2367974019568591
192 -0.3755634287066132 0.20869242646787756 -0.28802480872976327
193 -0.4379613081369642 0.011779684716904274 0.2225379266763473
194 -0.3955331607998466 0.06389151747046211 0.1878113957091439
195 -0.43455308363372747 0.08683984384621886 0.3326636134730924
196 -0.3812501469290392 0.4184325391546116 -0.28818495700568086
197 -0.3654833981099973 0.31610305929157717 -0.19305173800540346
198 -0.32346916949071974 0.20164436913535203 -0.46494770214108483
199 -0.34812751742171255 0.18213057680466044 -0.2966251714724004
0 -0.5331237416213469 -0.38662999671289533 0.07302459762900586
1 -0.3840774001060086 0.21961207714213193 -0.26777981147385654
2 -0.347237553035549 0.2718919608528311 -0.27565081632089083
3 -0.4594052386888621 -0.2909563250670966 0.18813911574150463
4 -0.470066489657348 -0.24875555696321314 0.09912334137002173
5 -0.5623544467864927 -0.15015564779835316 0.18418169210510252
6 -0.4832590770454397 -0.2869716992684649 0.08836612862744449
7 -0.3372792241737971 0.24218602678225268 -0.23597079379678712
8 -0.5407907526000071 -0.1736424764743615 0.19882479609153844
9 -0.3268633015053818 0.11380388994746947 -0.09199509729639203
10 -0.5486750701563302 -0.15612939403200035 0.29368621067266076
11 -0.34689808593756555 0.2777905321776231 -0.2412524335385209
12 -0.3268024399961901 0.24763871457378797 -0.25542000766170886
13 -0.5640519251814081 -0.10369662040508121 0.04176273830890563
14 -0.4707882409458658 -0.1663908839874528 0.3323441193830072
15 -0.5802258706474029 -0.1530373355403963 0.14535597469030065
16 -0.538434905754533 -0.28453316261298073 0.06820785253751792
17 -0.5688757353589798 -0.2535921328028003 0.1069134583288656
18 -0.5153516729033273 -0.24115182528009305 0.10019969147983886
19 -0.4427800322619621 -0.1663700425573324 0.11745077297745816
20 -0.5203231284149443 -0.20769636160498778 0.11675948768056504
21 -0.5412786275499198 -0.10019774639614698 0.08454966851744956
22 -0.5238092450570979 -0.20369431099690583 0.08075672010358625
23 -0.4754637658958804 -0.1721036321347699 0.020715569219962336
24 -0.5639868039312395 -0.2744906918281111 0.28696904329510986
25 -0.38027186190032125 0.21186346350745675 -0.20642036375217934
26 -0.47064667797531806 -0.23983259280945432 0.034106093698247984
27 -0.4820815202328295 -0.280852345499502 0.04388392086213389
28 -0.4937454036001556 -0.32751958253142877 0.12873489566351323
29 -0.515742856093264 -0.34576700368428265 0.07528728141184597
30 -0.6014536211856374 -0.25638960376326925 0.07727225979485926
31 -0.4911444755060442 -0.1763250411848753 -0.03739654326800422
32 -0.5753670587105214 -0.19738866780937633 0.3544153224167009
33 -0.3905519913706018 0.2949463054624554 -0.29617966103952875
34 -0.3456774091927982 0.1896638168592077 -0.23034921396765873
35 -0.389372994237286 0.1328313068919045 -0.37346708351785246
36 -0.5946499874516915 -0.29053389631381316 0.10735242176209697
37 -0.471942424315622 -0.20280026266798848 0.04136284073196501
38 -0.44201996781705344 -0.2858388055465289 0.02415150837911857
39 -0.5501894012324083 -0.3342378670344207 0.19279163710582856
40 -0.6066700042351616 -0.15354478777395703 0.1413677591732338
41 -0.5421686930018018 -0.36360280998070454 0.0747664049969563
42 -0.5208239161885523 -0.1904952819423179 0.09952361950750523
43 -0.34480445877340543 0.23179312367816174 -0.32594427722503394
44 -0.5193322729844831 -0.1964325621655813 0.23970044274813837
45 -0.5761230649611907 -0.17393598737693186 0.17022634833064826
46 -0.5184253082149729 -0.12505377970071235 0.1286872610710747
47 -0.5611976714338935 -0.313572812143528 0.23065176537115623
48 -0.5077947306788811 -0.37251187141882114 0.16608974691844183
49 -0.5779019178198258 -0.23359356301849798 0.01654024404330192
50 -0.31555362121253083 0.2611383215555515 -0.3663061732881401
51 -0.29973874659724553 0.1564235612206378 -0.3423551697081844
52 -0.32740826698778225 0.26387420237919973 -0.28624707009807876
53 -0.3862705623894063 0.17854533491480246 -0.18522754308305506
54 -0.5139939331783988 -0.1291191475283227 0.05727727065618816
55 -0.3952151895886292 0.2350540123708556 -0.23290119299379777
56 -0.5180140194715994 -0.2359844309076618 0.3219256992588034
57 -0.6071122577153217 -0.2838631912093603 0.40221232772794974
58 -0.5261833080450983 -0.12093270134654897 0.15979170974477455
59 -0.5069695382783369 -0.12063815904997154 0.11091157267520006
60 -0.5889377383983566 -0.18850250423296358 0.08456917664615589
61 -0.5093721817164543 -0.10216969963942236 0.0820200632337282
62 -0.36130780447027594 0.2600660007716412 -0.26868148427033045
63 -0.6070651876614883 -0.23249479276302143 0.06897808041657848
64 -0.5135921603291068 -0.2441379450476263 0.22401443471457122
65 -0.5092701076139722 -0.20159834156195916 0.14520446235009418
66 -0.5368877640878309 -0.31891902694307683 0.25402131616555185
67 -0.34697604515162983 0.15776145128801183 -0.20819407157020145
68 -0.5828522911916645 -0.26681472859678956 0.16393153903549867
69 -0.4359439578444662 0.22066362667657063 -0.2979824481125462
70 -0.3078780242980645 0.21603693117800382 -0.16528564074149937
71 -0.510885722620323 -0.2344081267528322 0.26414011854497055
72 -0.5664483637003719 -0.22447407563933308 0.19203751567141425
73 -0.3360850120384475 0.19910943360509 -0.2445692690557552
74 -0.32408938571264617 0.1539912937444748 -0.2361037378498225
75 -0.38081684935784654 0.31735974160540137 -0.39401217908147207
76 -0.3963212376965233 0.34657970771331964 -0.445065717865055
77 -0.532822789612299 -0.2038875756145178 0.05057100309863883
78 -0.48349619075869826 -0.33800019437741446 0.08254542373368437
79 -0.5092628752447044 -0.29983821453485426 0.19746105234230915
80 -0.38589030776367367 0.17014731678167333 -0.452705635943713
81 -0.5820930775054634 -0.17759685358013366 0.13303965133701365
82 -0.6511400728143103 -0.2973887619152582 0.05707367679266788
83 -0.47649967273112875 -0.1964236634856145 0.13247184396345588
84 -0.5855441405609606 -0.23892087116542263 0.06118067227369656
85 -0.5723553391316508 -0.29056997405227536 0.1725931389033365
86 -0.39160033840698827 0.22029781060446157 -0.37436009426571903
87 -0.5649840864829058 -0.13547461584680892 0.3091059601015358
88 -0.37182096068832804 0.31442882408277134 -0.2374203606168321
89 -0.555892351297876 -0.1651935631184556 0.1665290202452744
90 -0.50391924071017 -0.26224203682572556 0.16403192784612294
91 -0.3488724503727461 0.2152439883333221 -0.2323386049649165
92 -0.3514790131582801 0.3223747489156324 -0.434889139949409
93 -0.538745046174922 -0.37018930629899466 0.1619884286623496
94 -0.40806252644115776 0.24630391762694442 -0.3355633019993253
95 -0.5700341288757219 -0.2854648656161016 0.16340287776962573
96 -0.5350371006485125 -0.27441709523655566 0.21527780992176687
97 -0.3846898025543023 -0.14213799999675453 0.17992117361910195
98 -0.485437337745518 -0.24040749013055315 0.10706952271219124
99 -0.5029732452429028 -0.17561774289723237 -0.008545276912316263
100 -0.49319079377495995 -0.25724112480455524 0.07388098269516837
101 -0.4890333801859042 -0.1766411461885339 0.18074238056196465
102 -0.52116828090922 -0.3171003965593252 0.16239118041878375
103 -0.5108331235941862 -0.18916682242546237 0.0480808492827799
104 -0.35680369027335945 0.2770142897887577 -0.19100389351732527
105 -0.592030933282268 -0.2632180187841206 0.05523057765869202
106 -0.5984847355049862 -0.1782896944448558 0.11289962822023865
107 -0.37451165357827637 0.27384401087176263 -0.27563333874034135
108 -0.5392182354123606 -0.23952776753196772 0.21201157081620772
109 -0.5316524777218827 -0.3979584932735834 0.178319739946949
110 -0.5377267895730439 -0.34682569124019785 0.11418619582174784
111 -0.41770287515915405 -0.2107649560525987 0.1477960087520606
112 -0.34922599372438046 0.28045057546191504 -0.33861658916711357
113 -0.37985070366530377 0.2063850261137038 -0.19459857613749146
114 -0.5508471247566137 -0.23419513685554538 0.014717927461553074
115 -0.3215186763451467 0.2258014851531171 -0.31994764960192446
116 -0.32440279848242154 0.2954117694520332 -0.20400824476650145
117 -0.5229786571731607 -0.28934757034745584 0.0739517974522919
118 -0.35219358215713414 0.3088199611422758 -0.1966328756058268
119 -0.5663181348252032 -0.24646693404407782 0.07774311771613626
120 -0.323692856751967 0.27871337464639834 -0.31745088125138415
121 -0.35205506710204265 0.21946488478895393 -0.18951986577241328
122 -0.568199206470642 -0.39848968264309464 0.028341151514095324
123 -0.49632837213007924 -0.03802010105466916 0.1453975997213633
124 -0.5458122096979822 -0.20308608097658706 0.03538987621267949
125 -0.5478195112857219 -0.2549054448496361 0.14709149526887055
126 -0.47619677227795704 0.13774727398795752 -0.26733228328234204
127 -0.3927190660685165 0.3003189721331901 -0.26607874705292833
128 -0.46146783675551345 -0.20746519584523462 0.10282473340554979
129 -0.582489751303525 -0.2466586514822161 0.06594830305889791
130 -0.5155556030027187 -0.2039842149638903 0.038014322948351636
131 -0.5175554147170075 -0.32294808662478325 0.13518154627954013
132 -0.5396571980617008 -0.1060484467505747 0.2225868791511217
133 -0.4755759660840186 -0.1529170504268614 0.058834116016778605
134 -0.4149760201992867 0.19089671347237566 -0.24429457536570223
135 -0.5711637155896994 -0.15835861379257382 0.12300771222594332
136 -0.44314685773173285 -0.18391521189377508 0.23054661437346413
137 -0.3385366958694107 0.23966743256678788 -0.2084353818645041
138 -0.5570209309239954 -0.21183554794022286 0.24348953531853443
139 -0.38906521962862634 0.2300065207976852 -0.11068471884340746
140 -0.3830052366294971 0.30231504348392224 -0.33682917240930166
141 -0.5047444052154192 -0.216770122973057 0.08695339931042399
142 -0.5440292531027962 -0.15364671884085454 0.11806253579831466
143 -0.5428964628237198 -0.17986129012524216 0.26088705780912996
144 -0.5493148176856134 -0.3220727845289128 0.04995677405899505
145 -0.5128770168869671 -0.2367233888159098 0.13806856042281587
146 -0.5445287221094665 -0.2529143031136025 0.06086323214513179
147 -0.49241648543783073 -0.21938676459416123 0.12640924382086827
148 -0.5445532311087691 -0.2532017268077041 0.15621412764563244
149 -0.5058697752935367 -0.15394042550377893 0.24701106174364018
150 -0.36843074889724503 0.28048203146136785 -0.3511917902852129
151 -0.5144836351057771 -0.19866917317250957 0.32770081372864485
152 -0.4890231275802277 -0.24114742922859495 0.09065096059067308
153 -0.5003039340223717 -0.28458155396380086 0.07700760900784531
154 -0.4267541067669282 0.09555309659084457 -0.37951348990628364
155 -0.6143056398136757 -0.2226938819808852 0.14999933771018722
156 -0.4706972316360658 -0.23951630904063154 0.0812424418053509
157 -0.32468660214413303 0.17154859173760778 -0.28003567526590917
158 -0.5532275572260219 -0.36978106496191887 0.2477534556768049
159 -0.3631596003256364 0.28731357472013386 -0.24937231621728437
160 -0.6468263477703634 -0.17880569884499042 0.06004781750349266
161 -0.4598704007196513 -0.19150835235597205 0.014415488258890868
162 -0.5626881190487927 -0.23878361726075695 0.10896593030854888
163 -0.6141078513259007 -0.414628479520142 0.06427116025953532
164 -0.5276468245927831 -0.16272548376249218 0.17963090438134544
165 -0.42286609484152277 0.26302902165302033 -0.2316009149454535
166 -0.5471756902749116 -0.19323928236893112 0.1350269959334157
167 -0.5211613273131694 -0.3024056462533421 0.0367820549740016
168 -0.5478727588529138 -0.2613657474137537 0.09912153039443024
169 -0.47330166564787385 -0.3348235254591284 0.11669117933100807
170 -0.5640083494324641 -0.21711268411707488 0.04586984203956354
171 -0.5712714427212581 -0.15411030374201312 0.3038015030479341
172 -0.4335898540451622 -0.217599443475437 -0.025879493491601315
173 -0.4716131966349617 -0.3122912979359441 0.06906546439117324
174 -0.5505709177477262 -0.23347102860430963 0.2229881305109888
175 -0.4940036183224046 -0.256155965110764 0.2082355072690762
176 -0.5574256954353697 -0.1246273795446742 0.16164812498310907
177 -0.54445074910512 -0.321968594702185 0.14066164007464033
178 -0.35392238135202037 0.27003850845275995 -0.3119902959533349
179 -0.47667440705887043 -0.1858631407525873 0.25844775130816894
180 -0.5827106550091358 -0.3494885289171954 0.18271715266121397
181 -0.4866914697918121 -0.3508923244892762 0.1554253338975207
182 -0.3786938348201528 0.22350001304234932 -0.33102850136610906
183 -0.36957998433270145 0.2426208439175869 -0.3180213133687356
184 -0.5569371821390516 -0.1329538522341315 0.16549810743543808
185 -0.46296396779810156 -0.1862136092896213 0.07413101737545956
186 -0.2935763163267651 0.28637635614363066 -0.29214444351231245
187 -0.5287602284090849 -0.3729417338451507 -0.07721209533960857
188 -0.49922300244043105 -0.20778290117095116 0.042412211936087955
189 -0.5051806923328962 -0.21211134456157513 0.03731111806159387
190 -0.4984006828366583 -0.1987685793144135 0.07926362095534721
191 -0.2991492588699028 0.27081280695580184 -0.23471900056491063
192 -0.3545810659024576 0.25413052777527684 -0.28946577786895067
193 -0.43876423274806764 -0.17159551112916657 0.13040741953830146
194 -0.48855272190820587 -0.17111677391583713 0.17717973536773268
195 -0.5395337775447515 -0.21397802813921576 0.08782559362027613
196 -0.40064472427771736 0.3050208603428995 -0.12117772868572822
197 -0.3823978888768051 0.28331815226622675 -0.4472630923787723
198 -0.31501995430732627 0.23883061071240666 -0.29340482402471074
199 -0.348067581463523 0.1354155241654464 -0.21719073342609455
0 -0.47773975521579387 0.4577021800604139 -0.006659481100676739
1 -0.4849104494829892 0.3798934012417147 -0.05740699875409829
2 -0.5531560438286596 0.13891948448859492 -0.052363207702432496
3 -0.4992905882554016 0.25920721132525687 -0.040847069958955026
4 -0.3086647192690311 -0.2162483696064672 -0.2502343887441238
5 -0.4146964531418309 -0.17668266663142732 -0.2936726206582799
6 -0.3328318165391159 -0.22724207340771407 -0.3195433679612083
7 -0.5932565937357589 0.38503881639840937 0.0929325456683988
8 -0.5231356615680829 0.41125252743267365 -0.023636882778935286
9 -0.5719765563459503 0.3217055127479937 0.030410955406140267
10 -0.3607170582017055 -0.2681871035733567 -0.2090450230174833
11 -0.6050597427483556 0.34975138658259436 -0.04674399781565716
12 -0.5144412211764849 0.3179454377847392 0.14024444259740174
13 -0.3788162188443938 -0.350287165688111 -0.27557825219851867
14 -0.39667498163547177 -0.2776269902158283 -0.2647212625621849
15 -0.363489710458084 -0.1986479253943991 -0.1834023582222306
16 -0.4644466438085905 0.2783263774750224 0.026928856695012507
17 -0.4801126529356059 0.22079615627024862 -0.005502470097635782
18 -0.5343741844746481 0.33570483604028745 0.1777819957678524
19 -0.31466019318520416 -0.1693327022967275 -0.1701747481754127
20 -0.5186175215266193 0.2836922059341637 -0.01366368080410784
21 -0.37740068622734674 -0.16761504056808738 -0.2094531429463058
22 -0.3179226387329013 -0.2938193245887073 -0.19826217732279117
23 -0.5967104333297263 0.289420259818284 0.27824590314408854
24 -0.5082652083118646 0.27969996328658525 0.16946894084323627
25 -0.5162609891910148 0.15056979669100332 -0.09731858997498964
26 -0.41095276162124533 -0.3221398408009255 -0.2922171792525524
27 -0.4583148657833527 0.3338503370240712 0.13867939322571618
28 -0.5548988371570074 0.28226096798911626 0.2129215310170732
29 -0.34581757074476893 -0.3588831171366775 -0.3075946692876794
30 -0.526304863795528 0.28532509243093834 0.10258758727220896
31 -0.3587108343665777 -0.2846527129556983 -0.3475092417269012
32 -0.367251160314606 -0.36117406210567127 -0.29303830957526167
33 -0.5402045426628148 0.21134958155160416 0.13345780679490915
34 -0.5462426927999838 0.24255424510899293 0.10051147217713968
35 -0.497900978954059 0.3448665560012551 0.05065434539878028
36 -0.5394375943974589 0.40927202450594485 0.16436064315581453
37 -0.3303208845008801 -0.3788590310127507 -0.18790956069140333
38 -0.5143299861592223 0.27321344372780215 0.19357094696168128
39 -0.519655736430028 0.35485220793278416 0.004938669293318525
40 -0.4022396167864715 -0.349583679726769 -0.17101608785607209
41 -0.4792375921374056 0.3213482950540805 0.14976666451626505
42 -0.38081960282769983 -0.2914578868039262 -0.3898667574446025
43 -0.5190637073674197 0.33127151339511884 0.004138252565830776
44 -0.45535197048205595 -0.2703368676471154 -0.23618157091938563
45 -0.5329894208697716 0.34159737373761 0.08223054096674624
46 -0.43990906673700214 0.23243351945849208 0.06679437219679793
47 -0.46955991650452805 0.2742582150183606 -0.12581040861004059
48 -0.5289306931595732 0.24977160604454943 0.1187750081634725
49 -0.3286639972284487 -0.34004713651293195 -0.2790309521453234
50 -0.4488803480644615 0.31763255651035843 -0.09410321972049542
51 -0.48521132326830324 0.16834906154841633 0.24705758831996016
52 -0.4796255623120525 0.24093915592538548 -0.07289194103343528
53 -0.5247028796858124 0.16307970860227913 0.06638455053995333
54 -0.5258222962683087 0.25189725376015953 -0.04249202864195043
55 -0.5934972189604415 0.27353834635983443 0.11420325068731309
56 -0.36994623538046034 -0.2877877780047769 -0.23950639767871928
57 -0.3282575291192208 -0.22774737169334097 -0.1268682819282201
58 -0.4014160842695953 -0.4277854851130219 -0.2913684162696387
59 -0.47896927344880635 0.34284179701134065 0.08097305513071834
60 -0.5403962673842465 0.35189201981680085 0.10701032043639447
61 -0.3478420738438561 -0.35952262137866975 -0.22490338552550587
62 -0.4987219578025169 0.3062353332165058 0.17307125063925202
63 -0.4716470969381805 0.19406816449176387 0.0811982629067326
64 -0.39016016912125007 -0.3032734859439437 -0.09084807248886947
65 -0.4418682535033369 0.29481204482521733 -0.0049362798610513275
66 -0.36248852803080295 -0.3668464715797136 -0.1979026225156914
67 -0.47661973953462916 0.3920949988796143 0.036753868519954234
68 -0.33947067861519103 -0.24440898733879754 -0.13316275724217883
69 -0.48867873598292066 0.3354988541235187 0.019856964707326518
70 -0.5701107886140364 0.410062174185889 0.06962082951883952
71 -0.3857717314964815 -0.30817798964841236 -0.3603814780192138
72 -0.3406685468208495 -0.2314083415608751 -0.13657893408249033
73 -0.565817363025942 0.2882326174881147 -0.0017905158349990928
74 -0.5248425310849921 0.32705817680135046 0.06630606678608808
75 -0.5506456611665415 0.24250240872939421 -0.017072481283836233
76 -0.5248079951468249 0.33251009229797407 -0.05646031775557274
77 -0.36353944633075314 -0.34852624361222645 -0.26009319898662264
78 -0.5001220040881235 0.3167977888083148 0.04998774611980003
79 -0.4685737200606649 -0.25011494495379505 -0.21654609334815922
80 -0.45001263480787407 0.3321729249544933 -0.10822297069854954
81 -0.4794721739087236 0.33711576431592877 0.20055141106845295
82 -0.4880983182201387 0.2898850153726053 -0.11421579723424169
83 -0.41914354641472923 -0.18905465760475365 -0.249491692547354
84 -0.5801977321384101 0.13939372696183733 0.02012769141981169
85 -0.5275121720681601 0.28277782435970267 0.14475247428024618
86 -0.46216244842066023 0.34626429059852765 0.19384691286778846
87 -0.5465443759643547 0.36077039077151646 -0.03317544483587016
88 -0.45807816763286807 0.267911484984729 -0.00934891506503289
89 -0.5255831195516907 0.23413478810775698 0.21455471645258722
90 -0.31211503037549826 -0.36623735532143575 -0.20675529109981272
91 -0.5914259057651798 0.3574081449762342 0.09991219619692822
92 -0.5454763611847943 0.308975986554377 0.019070551102913308
93 -0.5668522588283049 0.2656916647008131 0.025935962439298445
94 -0.5106211630235247 0.23371241359320286 0.14560481039493048
95 -0.5825062684714974 0.35792383241056575 0.04812319308753384
96 -0.5585127687130806 0.46690685395411596 0.12688237515482065
97 -0.4853018491244064 0.2881340494523066 0.08844861411634239
98 -0.4058975174057338 -0.29649572982071387 -0.32473478220158475
99 -0.3413438698352794 -0.35803850205691384 -0.08662027592064718
100 -0.3320476754864198 -0.28950747732014925 -0.2087453646503969
101 -0.48972009347909173 0.18202539216684097 0.24054746922321601
102 -0.48217534841027465 0.33639917759886584 -0.019501825289245323
103 -0.5682661250035215 0.384325050414782 0.11239868304078487
104 -0.4927739042026342 0.34190067123345824 0.03973917009357216
105 -0.38898441239563825 -0.332117666388181 -0.21420780359265457
106 -0.45803382514351154 0.42279023369047647 -0.10009361902166403
107 -0.5791671289248571 0.3303950162733779 0.11797938459874278
108 -0.416381319160979 -0.31007993800117883 -0.3197250768043489
109 -0.34681317276139445 -0.26994367730091834 -0.14320906597391614
110 -0.3046893559357539 -0.3287273023853055 -0.21789649888994028
111 -0.37332125481985606 -0.3957633653669373 -0.22886424911818312
112 -0.5342888578601082 0.3047565752266408 0.021936056372565807
113 -0.4785143563141141 0.22269908950606743 0.011977862384962897
114 -0.5473440331942061 0.3734253783317839 0.11348172666667918
115 -0.5711655634328999 0.2488659688175107 0.2609000898033002
116 -0.5497138076879202 0.3196560114294479 0.0022705349203128436
117 -0.3177918442079377 -0.2702787951418948 -0.19482234389366826
118 -0.44730435304007293 0.11675452751124397 0.05096646147686809
119 -0.5020892010609722 0.3167019000025984 0.1263468121327241
120 -0.5685394542486352 0.3352206591147643 0.10618785149925386
121 -0.5716221753986055 0.41332614146619745 0.08469851389552098
122 -0.47753695330646323 0.3720366148284302 -0.04386703485935982
123 -0.4321898812651526 -0.35908039989388807 -0.2763210583526943
124 -0.2934753211130224 -0.22521089649839632 -0.20644057293530957
125 -0.5045707534339593 0.31963359341861847 0.05302608064064438
126 -0.4902163621074862 0.3137265425542137 0.032976411682512245
127 -0.42761697760499146 0.22151563486382858 0.09299886196107683
128 -0.37588657885911886 -0.2951674154022793 -0.12683744554857085
129 -0.4719420372259838 0.2267201811351829 -0.019426279947998743
130 -0.4408396803429625 0.28621099406182987 -0.06801979945003848
131 -0.3424464674442878 -0.3419280950263067 -0.22240975094441368
132 -0.3821076093025421 -0.30070472380927793 -0.3113841665913148
133 -0.4900770480693089 0.29983499230912375 -0.08137280473141341
134 -0.5603720852567666 0.24113418032102713 0.14835717888337518
135 -0.544673066891161 0.38312114851207685 0.02285062913994512
136 -0.44595851757272875 0.20801889998098116 -0.020295097219793785
137 -0.46383045496694864 0.2924655420232953 -0.03722670928810176
138 -0.5137184006739388 0.27620676097229796 0.09210909381037798
139 -0.5673204324382256 0.2122066704917365 0.12062261706003229
140 -0.47249434931689316 0.3145001334728532 0.09444525788369998
141 -0.3841452997053682 -0.16973593459459485 -0.44681499797197344
142 -0.5866653825046672 0.2725523813623307 0.09744050503994264
143 -0.49131257833365977 0.21003281090643022 -0.011334415317908969
144 -0.3884751239734987 -0.31400003732745174 -0.21387789327505485
145 -0.4053843393806228 -0.2936099312167012 -0.10717345972344593
146 -0.5832780524858395 0.21606762221686984 -0.06850498341012187
147 -0.5647526410290306 0.2547190475710555 0.07029142104525754
148 -0.4314558118374226 -0.3607631401236099 -0.3826710368445328
149 -0.40739382638234084 -0.3551078202392937 -0.21390721725766387
150 -0.5116182706580964 0.16781183800408303 -0.0620987061042742
151 -0.42695210728698946 -0.3538708806133773 -0.2682079442545614
152 -0.3551924584760916 -0.22519733341212841 -0.18763624006332943
153 -0.5301870558038198 0.29447853955877173 -0.051381874213203185
154 -0.4481093776369255 0.2664717983245806 0.08299661880711406
155 -0.3471129706320996 -0.2775785038544165 -0.29641277777869474
156 -0.5065177897920812 0.37408287440722177 -0.10088785595801647
157 -0.5484306866367457 0.2853864626614459 0.08830429908059155
158 -0.3304349530213504 -0.29606446081109045 -0.33950749644672973
159 -0.4159748477678564 0.345796096429042 0.10504842714799165
160 -0.5609042741644421 0.36413657052886983 0.06723695955883016
161 -0.4168634847184372 0.2814157974784484 0.0936357751885395
162 -0.545363235485016 0.31984074448796945 -0.03168519328306545
163 -0.4899440311253008 0.3128763379468697 0.2824111396776714
164 -0.33688506905340293 -0.19275872230538602 -0.14394907093704795
165 -0.5095026598166567 0.27594396255146125 0.06687158275630392
166 -0.4767063981136495 0.16880865550862895 0.03623939766806542
167 -0.33772512688673045 -0.32783318621930485 -0.1881697884720662
168 -0.37229113422270926 -0.46857665089573586 -0.29153046094554547
169 -0.4827644731621148 0.27721070006004805 0.06519107284351679
170 -0.5201337365566198 0.3413471470024796 0.06190642873101718
171 -0.3184768367621503 -0.3158954749287829 -0.3226854722919005
172 -0.5235683384623847 0.2691707988600162 0.37743972797185327
173 -0.3512399587305492 -0.27700303482280975 -0.254657192287427
174 -0.4679155130758602 0.309637188650223 -0.11036213245151578
175 -0.33960603352465246 -0.195421306680057 -0.1826465181730899
176 -0.493062501808541 0.4204499868043838 0.09731377691609674
177 -0.4958394271991488 0.37146610396850827 -0.06778511569613205
178 -0.5584358503688237 0.2352242576287819 -0.05538705641294032
179 -0.31218580682227337 -0.16615129797559483 -0.2863932865032739
180 -0.4448978359927694 0.2970807104190866 0.04386520808010042
181 -0.42297316891640063 -0.24990585601971996 -0.38427211209861095
182 -0.5458815715560418 0.3315939199957075 -0.0784148808564019
183 -0.5072435691992937 0.3020980391739139 0.08175182051897857
184 -0.3344795224570478 -0.17694115497188254 -0.16507955219509168
185 -0.5336998216061465 0.261009740527473 0.19821465863094562
186 -0.5201331837536897 0.19681297492852434 0.08615684671336647
187 -0.6279845309505557 0.2387755882466379 -0.04756897135142391
188 -0.444643051628815 0.2849934238566296 0.33322886547277836
189 -0.4161342612089714 -0.27904833886339603 -0.2733206376862751
190 -0.29661137803322735 -0.2665932527582522 -0.12253782425657464
191 -0.44250019700129906 0.15686927923418476 0.11749862833628917
192 -0.5276501649544502 0.33844813398265144 -0.01683725648185228
193 -0.5556877250613135 0.2286003664480694 0.23752429852743503
194 -0.4778918653728157 0.31299239012088376 0.10581742342064752
195 -0.5537029361786484 0.349570865392773 -0.12715473280708803
196 -0.5184711861136935 0.25212389078273356 0.10130792235994489
197 -0.5524972287001605 0.2902837431194194 -0.07251346781929173
198 -0.48701076060285053 0.2591841597193698 -0.05573502488915306
199 -0.5177814895987392 0.30145397329481255 0.21681517624363167
