200 3
0 0.04059376665311041 -0.02051856098886457 -0.004464487092293897
1 0.033992458033442266 0.018385334088884573 -0.01640316424077197
2 0.043686934485658774 0.02658033837905839 0.013505227821605983
3 0.04059460624953132 0.036858528188165846 0.018170521158597575
4 0.03987486329840123 -0.011858170762887027 0.011223028314759215
5 0.04434486370553773 -0.012053452879899965 -0.024136625632026423
6 0.0364594264595401 -0.01200279259883201 -0.01341129200672228
7 0.039510406711003566 0.020517736662138707 0.022510316638544442
8 0.03951005672806928 0.010223216507696748 0.011551761532080845
9 0.04023592026640104 0.018735646679535676 -0.008312992215902157
10 0.03914084957274238 -0.020264953451458 -0.008213460756814828
11 0.0368545871270573 0.01948510158129265 -0.0010619794831155508
12 0.04023590389721399 0.02092018736406389 0.005708628300934723
13 0.038769550880559875 -0.01641744687716294 0.0029312787075417737
14 0.03724521696615311 -0.006513364620221705 -0.018470009578467252
15 0.036060171471405916 -0.031257323904430666 0.031400170142900155
16 0.04130106452384033 -0.02188886420758642 -0.0030807664950395753
17 0.03763258250793355 0.014884417564466729 0.01278381612064923
18 0.04059478942555922 0.020454545160143948 0.014133578397413998
19 0.037632040268890825 -0.02002114425976424 -0.02065747126301669
20 0.035247550702672534 0.020504522567174138 -0.012184553881552871
21 0.036854284548211484 -0.019143598364100404 -0.026033869156804598
22 0.03987396642312684 -0.036111253223556294 -0.021206999786139755
23 0.0372459667446279 -0.02894409792075361 -0.0006248451851480598
24 0.03914191179310099 0.008801861466651477 -0.01265123827001763
25 0.0405939090425509 0.01895265178011777 -0.01127800672099162
26 0.03763197728572045 -0.025181955113728997 -0.006723802671327651
27 0.041997263552143144 0.015172869164584372 0.0025851797638086075
28 0.03987487977416591 0.02366206372651284 -0.0008870139006506046
29 0.04165056707864203 -0.02500293973017269 0.0282956994501851
30 0.039141461434543987 0.02110868526002295 -0.017360295965573726
31 0.04165041305741137 -0.03641404189506036 -0.008027838049137813
32 0.036060307779056854 -0.024260565583377254 0.030872492616695797
33 0.03565556149707121 0.013281251865311882 -0.053920322041378796
34 0.036059963929071355 0.00805028843257063 -0.0012366877893097
35 0.036855486407867594 0.014223311645831616 0.012400460605826861
36 0.04094958878616767 -0.03600203256869408 0.005674087608309294
37 0.04165049523145801 -0.029559425590352663 -0.00845972379954553
38 0.039875066484227124 0.024383427751163148 0.03029464040201085
39 0.03950972527672911 0.023521374670930094 -0.019057269847326534
40 0.040594317059341634 -0.017717299485767897 0.003328690451741611
41 0.041651041888203726 0.01433461151561968 0.013196114346783966
42 0.040594314561519323 -0.032926479797652834 0.0019460601139658534
43 0.03645921379718069 0.010656214663903266 -0.008580477595324053
44 0.03646004467608636 -0.02510976035405451 0.008075604363783786
45 0.04335403927859332 0.014695858917902385 -0.006328357179148958
46 0.03914152721728046 -0.035563870174116254 0.00356084030323776
47 0.04023565687235726 0.02338859859515919 -0.00933474739895116
48 0.03801574117839011 0.03195037254421761 -0.0008875769015284707
49 0.041997231269320145 -0.023127305158656346 0.022203701852423912
50 0.03312923063324088 0.004778268469440867 -0.009476718396269767
51 0.04023639951846723 0.019538314604578628 -0.011150767874407457
52 0.035247771897973554 -8.368793232944542e-05 -0.01991388543992247
53 0.03565711514073133 0.04343289558028105 0.018469739160834605
54 0.03685498159384216 0.017790851108179434 -0.002260819410164224
55 0.03441646736329859 0.0017342401061687066 0.011339291946238702
56 0.03565678695190875 -0.03284132667251844 0.006943686926180354
57 0.04268000558367009 -0.020285494327030217 -0.02869606877461377
58 0.03763278468516942 -0.019987691588071354 0.0194376772567433
59 0.04059337049507374 -0.023817205479961915 -0.022863462456374786
60 0.0391412472648206 -0.03319372967249772 -0.01366369252222726
61 0.0344165894312154 -0.027787786441637406 0.0051860644912978685
62 0.041650971229236215 0.02191081659295439 0.02718627118660431
63 0.040235929700301556 -0.014550501879439178 0.012580282862134123
64 0.03645946751602736 -0.029637459409367916 -0.014432068207337478
65 0.04531439899632774 0.037807235942147716 0.0019957817400275994
66 0.036855047133339064 -0.024673451014190096 0.007329806498668175
67 0.03039539895708636 0.011540311577501036 0.011125142536344997
68 0.036060231698933805 -0.027716708303186524 -0.007308668179357784
69 0.03763197941355216 0.01249167467285037 -0.0022252777469983004
70 0.03987502000944644 0.022971111896767298 0.00670978291171303
71 0.0398742994181539 -0.019285969297714763 -0.004411528514650197
72 0.03763188545896508 -0.028183532397775463 -0.013619114647097237
73 0.03356481946626366 0.005975287620997323 0.008973417437615554
74 0.03987480652295941 0.01614399018149971 -0.0024400570221552727
75 0.044344869405163814 0.010104725491451411 0.0051412935947634155
76 0.0416506305976013 0.025733981366464334 0.0031960321380547305
77 0.04094955233557279 -0.03014070180150616 -0.009489487555584914
78 0.044344371539605125 -0.03622411803885835 -0.007422063103791066
79 0.04023520061449622 -0.019073969777056252 -0.027118727046324606
80 0.03646011393135088 0.020448430709435823 0.020481480077623238
81 0.039874255525562674 0.025619727554400784 0.010201708463352263
82 0.0402351950083369 -0.03187835990710293 -0.011245444267198678
83 0.043019075947417384 -0.024119260170163834 -0.014836953893839778
84 0.03801531190989697 -0.030869697312548613 0.013398290244859267
85 0.03524804501059967 -0.02103788066060908 -0.013113835582671814
86 0.040594130173516936 0.020776121958832258 -0.01686196468800572
87 0.038394786855211534 0.01999807271322804 0.026933098098396176
88 0.04199689354827569 0.028050071729776565 0.001220246872062049
89 0.03645993631985757 0.01259118192636264 0.0034968428949102726
90 0.03763187683224239 -0.004398230470539902 -0.025242762598189368
91 0.03646002459468109 0.03485644978072604 0.009279875960033481
92 0.03606059966196597 0.035996955775952334 0.013413504966019927
93 0.041997552453632854 0.02227781884700006 0.024280633640602577
94 0.039509986410414734 0.006311724777916821 0.006294036383632808
95 0.03951036204697302 0.019030699377302108 0.023821669712339066
96 0.0383945361172943 0.007423007592664682 0.004492460471140124
97 0.04165099406388663 0.021190011402701433 -0.003889397825522172
98 0.04268134285393434 -0.029583626407727357 -0.01040366568360273
99 0.03876986985187267 -0.023947118800354227 0.014546790060671801
100 0.0398745943463757 -0.008469309457812187 0.005779960662064564
101 0.03914159238563301 0.01760749554809378 0.0023487568150694807
102 0.0368548898589991 -0.021136366917347896 -0.002061007497152871
103 0.042340715557930085 0.015452675528261742 0.006130366449904149
104 0.03441612473887771 0.015728802961187168 -0.031217771847784542
105 0.038014497262696845 -0.008223681336122435 -0.03507942952896821
106 0.041996901394262175 0.01867648278850377 0.009364232577626164
107 0.037246261269694735 0.018028808988831455 0.008889159870538923
108 0.04199669812576064 -0.025013871500404544 0.004773218349695885
109 0.03763267435053802 -0.014587386975684511 0.025329804297094412
110 0.04434420048220843 -0.007897125280897591 -0.01482359324175662
111 0.03876954787459453 -0.012932143188862929 -0.020683313086932376
112 0.03483421972612165 -0.009079800817642727 -0.021377757859908104
113 0.03950924693754105 0.017802189088142382 0.008934323742723755
114 0.03839421555638603 0.009593482675248914 -0.01119933137230501
115 0.04094994018310509 0.008500218090292208 0.013509782631942302
116 0.03987460983050041 0.02163623181317106 0.026015590635383886
117 0.037245099420387145 -0.019570705617708333 0.004123768538106511
118 0.03763304053922936 0.008754068678374041 0.025315403660584983
119 0.03987491232590016 0.020468721622237552 -0.006561232174118993
120 0.04301924377380685 0.015709146453597722 0.005911544825229369
121 0.037632308933573944 0.028410402329473654 -0.017361005637694302
122 0.039874420810894165 -0.005188288919790549 -0.003477319012705062
123 0.03876944118664837 -0.027197379100169217 0.018091281372720768
124 0.03876953127718763 -0.012523583083609933 0.02540671930810869
125 0.03483523558232471 0.002319767249704744 0.018013930640391806
126 0.04094949760664267 0.026116606424780246 0.004278254745024852
127 0.04234048814753358 0.020323451362468745 -0.0008059546490118301
128 0.03441699719734038 -0.03602283032158956 -0.004584510342549506
129 0.03763269782117115 0.027056108943620014 0.023540203649062015
130 0.036061087330431174 0.013386698181854683 0.010652743346638535
131 0.04233976857495308 -0.040743014638370156 -0.014542558990064276
132 0.04199675244529816 -0.01248654413748167 0.004243731110582613
133 0.0387694929309175 -0.016745592703215455 -0.026737977468866945
134 0.039140744597598545 0.015205890115059673 -0.032201170842966836
135 0.03839447381860241 -0.038438330831563984 -0.005882597201023389
136 0.036061392603503384 0.013975112272061586 0.034031830962051056
137 0.039141515986709535 0.011689438054424704 -0.0011412749260611905
138 0.03839411382615385 0.002499816762367423 -0.03312450086464447
139 0.03399253618736241 0.00012114319776012309 -0.023134506023887568
140 0.03313035029664106 0.0029182645007868294 -0.025771127905698136
141 0.04165047368391331 -0.01954210403618074 -0.007601496788352148
142 0.04368707759818091 0.024288446952025818 0.02186369743472944
143 0.04059399690262578 -0.017459862143113507 -0.037229754766132064
144 0.03839435510612334 -0.034033497332628976 -0.0024852612341357016
145 0.03801483907172676 -0.012332817621434511 0.008704612070741935
146 0.040950065853518076 0.022077221786975826 0.02223451254460793
147 0.03483479374444355 0.020545377482510875 -0.038731574098074054
148 0.04059430992429914 -0.039819795778980115 -0.02866163363100858
149 0.03950947166424053 -0.02602111485733638 -0.0432620454837752
150 0.03399253018030357 -0.009264263734007456 -0.019731116290728875
151 0.0383940708385897 -0.008394198916746037 -0.007295033269170109
152 0.04094917610830412 -0.024056961017692585 -0.005553035391903101
153 0.040236141712213534 0.008620695768905598 -0.01325759744827208
154 0.033564180902010916 0.009325739829966515 -0.03647733597237145
155 0.040949942293287835 -0.01593497895425001 -0.008516897139911411
156 0.03877001848707262 0.026900292278685317 0.005995157844049871
157 0.03987527581524689 0.02340907842290574 0.030663690942331994
158 0.038769302678793555 -0.02944858594683969 -0.017388474293687093
159 0.03876971023368258 0.021448197357206485 -0.011167221866114964
160 0.038015364863853075 -0.03170650836381491 0.006103222742268154
161 0.0372459004432284 0.029754316390437806 0.01726525848074246
162 0.03987444670949965 0.00794543477690823 0.001053352481940726
163 0.040950063005894106 0.029121109633119053 0.015570162254225393
164 0.032243985682574014 -0.02774135031341097 -0.03205388310427833
165 0.04023646149634832 0.021776126193907303 0.0018635196214332726
166 0.041650164715765846 -0.015815975224818472 0.008429935580747797
167 0.03914118127297285 -0.021671600061199864 -0.02202425672079874
168 0.03313097975142625 -0.034155396556403206 0.01096888322472466
169 0.039141706355515456 0.018204483816340433 0.012317759247990978
170 0.03987480986633368 0.007093192264333418 0.03822810394142853
171 0.03914161164853923 -0.022801767283604054 0.005049079520750185
172 0.03914175280778988 0.03409447151203958 0.021512076677608957
173 0.04165087489181916 -0.03824770122921332 0.00817819498596735
174 0.037631940761486196 0.010794211828269246 -0.03226079509618934
175 0.0360604892961103 -0.01690814359415312 0.0016571221421671366
176 0.04059506767560737 0.02211019404039345 0.011131805711826532
177 0.04059389175749028 -0.010401513644983653 0.025557552126818185
178 0.031791872346311895 -0.00020126883256421603 -0.013039474600245413
179 0.04094926593090622 -0.0021544482779393983 -0.005946359070488982
180 0.039509413570326175 -0.010233252173395983 -0.014783154071100887
181 0.040593816385572475 -0.0168931776783434 -0.017302739042906294
182 0.035247294925607846 0.012252951531454151 -0.03485222398965454
183 0.03950975957895293 0.03501222437187622 0.02372499314886313
184 0.03987434351201088 -0.02311733879451626 -0.02036945518758736
185 0.040235897245436025 0.013844243143055171 -0.0302509035607391
186 0.038770246417725834 0.015473915990025677 0.01693175753156768
187 0.03724603827969961 0.02569193450676657 -0.005117268070096819
188 0.038394528851783655 0.004597098482621623 0.02926502476632047
189 0.040235481540884147 -0.02403096668689498 0.0013076057681596222
190 0.03606021826349477 -0.01538180429842344 -0.001370125911342833
191 0.04199696216182077 0.024787857433185144 0.021624703177372886
192 0.036059298592103425 -0.007265128452975013 -0.012632792916176463
193 0.04130208929144097 0.0018306731677974377 0.009102435439444856
194 0.04234066668670569 -0.034922754395831666 -0.0027613650160777745
195 0.039509928241311124 -0.01812687552801154 0.0021706755385407146
196 0.040236560693496216 0.02192859304054045 0.03596455779237264
197 0.038770037539004605 0.02759000739751992 0.0025427207581545028
198 0.04165088500062941 0.01987697100609668 -0.01338540128366168
199 0.041301564238180384 0.022685150553484208 0.0006584164559288782
0 0.046885009990541425 0.0021991777992881817 0.030722519748283585
1 0.03356403532578828 -0.0072856697707260895 -0.034663343797473364
2 0.043019454821201134 0.010109578947148647 0.022051385113003256
3 0.04199700481901982 -0.0065765722764976565 0.02565555059765887
4 0.04594876698040845 0.001039031286643633 -0.01301603288101699
5 0.04059466404050217 0.004046137535722729 -0.01452036104133719
6 0.04401730396858927 -0.0073279005404503755 -0.027750319136651987
7 0.044344659963130896 -0.01979714463291609 -0.03944983177358248
8 0.04401720460407633 -0.02582138049125674 0.004625047680804019
9 0.040594136879521715 0.003638661713724602 -0.005159550586174174
10 0.04563223432879865 -0.009416575318322379 -0.003269374944512534
11 0.03839381163022666 0.014307789535201322 -0.0246840601587555
12 0.04335422015507126 -0.009029422519019783 0.005794224413563609
13 0.0487022958812149 -0.006218524056536405 0.008614907026964465
14 0.044993328491071 -0.0004962266955190803 0.005896279017837782
15 0.045949009671587784 -0.005668376664291557 0.03212548623022379
16 0.04594878326046983 -0.02231063449812301 0.018330311148921093
17 0.04301924406383972 0.0018670417137618663 -0.013516349448422066
18 0.044993001925061574 0.0022275589116003847 0.00010266432948729516
19 0.04594866673932287 -0.016008085780183368 -0.010711805696143325
20 0.03914144956178364 0.0015078741790692655 0.0143647850263126
21 0.04840454243330191 0.0049303365655858165 0.022978434159715285
22 0.041996778580267395 -0.01062817475502374 -0.01013771555793315
23 0.04563305567392144 0.00045885285293352073 0.004709930690073207
24 0.046262620059385334 0.008866862392080703 0.008191509680828355
25 0.0443450995359473 0.0002820793395183124 0.00037940316146818816
26 0.04130185031703711 -0.009685797386921371 0.021000901540963974
27 0.04626293115638104 -0.008299736659750964 0.006850626828878133
28 0.04467057938378793 -0.006497025363028278 -0.0017210354728463702
29 0.04657447444335852 -0.01131494409159953 -0.01818186896695787
30 0.04301904680480738 -0.0013153744286891142 0.023159579374779582
31 0.040949578797772605 -0.01291609284054212 0.007895436381037454
32 0.04466980234905847 -0.004123807165631787 -0.009864426926508336
33 0.0376312480002753 -0.0020516557018361377 -0.061396983289638565
34 0.03645881357598304 -0.0068467891790919 -0.035564178002059604
35 0.04467051503480271 -0.0011972859371921945 0.01995058651765036
36 0.04657514482411697 -0.007363826901723761 0.02309789933139707
37 0.04499352042995551 -0.0005977773613822285 0.0033888421639957844
38 0.04301900465617081 -0.011692193318765635 -0.01961685215180738
39 0.044345240217875524 -0.013346712608130877 0.013280229073029207
40 0.04499318294187402 -0.015118569215910649 -0.0005224327594445511
41 0.04434519214814877 -0.008596818509468553 0.009636803672686357
42 0.04657435238533462 0.009387069737484223 -0.00680956720524422
43 0.03441619289828661 0.014138195545747877 -0.027101422631184865
44 0.03876973538220198 0.00261516681498896 0.003150820976959783
45 0.04688473675478543 -0.003036393752748529 0.0032942734048378697
46 0.04301936250833661 -0.00957751633870246 0.011671308139267967
47 0.04467029080170462 -0.01298545456192766 0.02257122766928233
48 0.045949133886936985 -0.0030277289540148727 0.006596640525160778
49 0.03950958678176566 -0.016775735612689736 -0.027538323074193786
50 0.03876847925861954 -0.0053799785933434105 -0.06279348241333295
51 0.039509853816142325 -0.010578789656224264 0.01412226597897989
52 0.03876898639859548 0.02143003667455359 -0.007745554220329764
53 0.042681316207896 -0.01618276815154173 0.028874325879838583
54 0.04870262451530958 -0.007286258853506058 -0.0069830672108621
55 0.03605932453223009 0.003371988979240439 -0.050903179660743265
56 0.04401727558140505 -0.01457785949924562 0.0305669802851772
57 0.04657505302700736 0.008892289597397079 0.012945969377355352
58 0.04434525018563183 -0.0016058364836207075 -0.007264115101729098
59 0.04594901170406508 -0.007351920460536198 0.0041135767441696554
60 0.043354174416136794 0.002595558862421569 0.021518544697439978
61 0.04130185296546381 -0.008834944019717222 0.012173507522496815
62 0.04094913123502021 -0.01570057032102864 0.0018656229339883619
63 0.04368680064681796 0.0038282470756853568 -0.031047485906866467
64 0.040949052508557945 -0.007686920265615473 -0.008203006502077108
65 0.040949521946774856 -0.023767363225435097 0.0022454942929573895
66 0.039874865285679 0.00577481371824756 0.024957136781967548
67 0.046263306156191286 0.00934862478460214 0.027812328275952754
68 0.046263041966407396 -0.008384584898941144 0.0008672622065168408
69 0.03179286936964206 0.005559184473297301 0.018399192802823698
70 0.041650981015680544 -0.01861298464559516 0.016982269834593236
71 0.04094891586281801 -0.011004063089834204 -0.013278484830621775
72 0.046574516937847595 0.008792986498411431 -0.0250335914478876
73 0.04268139580203155 -0.012617186760863541 0.009298183588475468
74 0.04467048911518281 -0.00763194685772361 0.022960037199776327
75 0.04499315893338605 -0.011914062608659475 -0.0028290516607275776
76 0.0426808517803388 -0.007546362866680008 0.0073008717845552676
77 0.0453138480959107 0.00486251286664865 0.011225718167790263
78 0.044017092951559776 -0.008278324905379216 -0.009479352383432978
79 0.046574987676688245 0.01358215193357212 0.01337359801316439
80 0.044344845404085814 -0.008103247922346428 -0.003189712966277473
81 0.04401752014634897 -0.00016388740674547835 -0.008602194731093459
82 0.04401714887922647 0.005895682364807192 -0.010661016768036258
83 0.04401754644086763 0.001543327616389871 0.011941284782791967
84 0.04657468672560863 0.0002558426104490606 0.011084075333141211
85 0.047802145893994716 -0.001776301820227412 -0.023206752684479078
86 0.043687053760315626 0.015501647179479662 -0.0026982302816070287
87 0.043019345813545905 -0.01914072324464916 -0.004198031293127316
88 0.04023603743546067 0.003160629080653579 0.024963874074317743
89 0.04719247739776089 0.006889417356683926 -0.005516446542510161
90 0.04688460620254552 -0.0169988223027729 0.022259114789954845
91 0.04531401658792868 -0.01374059169582736 0.018096607688760712
92 0.04268135695176683 -0.001635409184943188 0.0194730220430925
93 0.04199704478838968 0.02455267889755239 1.133028417559014e-05
94 0.04563236577580308 -0.003723646745065393 -0.0162161279908058
95 0.044670891678479374 -0.011126437888374837 0.007755593232477494
96 0.04499331760978911 -0.008443457556038777 -0.03034343793051769
97 0.046262794036208345 -0.01075003122958372 0.0087834666060987
98 0.04499341825011989 -0.01895389428445221 0.012506576456140183
99 0.045632621123024575 0.00216640289357908 0.04008808054325999
100 0.04023645160750988 -0.0007215398000206403 0.009751539487733009
101 0.04301938906206339 0.00644239981608055 0.01227289697736114
102 0.04301950707793379 0.007698559950717916 0.0400141128573526
103 0.03839468083490173 0.007579659017732565 -0.027328694614584096
104 0.033563669225613345 -0.0010856068109904333 -0.03815459375822943
105 0.04467075642619743 -0.0013776003921726011 0.012059496102847757
106 0.04023602653218143 -0.012222110432295685 -0.0024755635058279616
107 0.04301877451445466 0.005949008036096751 -0.0034622091068166956
108 0.04434502083792315 -0.00298447475279274 0.003231105047543585
109 0.04688447515743869 -0.006531527890275419 0.01428466078894942
110 0.04301898321556516 -0.008587742508150331 -0.010934103297386082
111 0.04368734848734199 -0.014841816967498771 0.017741751296319008
112 0.03685448927203375 0.006904252338545791 -0.018557098750201933
113 0.04467041824991289 0.011069902129851377 0.010135034004087991
114 0.042680985907729084 -0.005979413135716401 0.028126560871246705
115 0.04268135804020643 -0.011354286107823595 -0.003780665937834235
116 0.04434497546985484 -0.019204652850839818 0.03465507519919252
117 0.044993531135938264 -0.020673173447742783 0.007028326628630407
118 0.04657506276611536 -0.009856484816869559 0.026015566865122054
119 0.04368749984661437 0.006154867222672208 0.008016338469428624
120 0.039874637034771745 -0.0074314824460435655 -0.023418199908487338
121 0.04531397882961108 -0.0033350131076229778 0.008422939658187472
122 0.04434497531869407 0.0074188880793689274 0.006700550522184241
123 0.04531394776636133 -0.005265506871331502 -0.0006988757394330799
124 0.043018917865321 -0.011123780469047237 0.022308243273842208
125 0.0453138481887842 -0.008200672855570735 -0.00828593756190554
126 0.04165112631641619 -0.007225765241442668 0.017648173164922686
127 0.04130130350219607 0.0005849990018181974 -0.00132779691589592
128 0.04594897394278588 -0.005446134788325224 0.010864563719406365
129 0.04563236121897145 -0.005771761058516074 0.012827041215585871
130 0.04531391744354267 -0.002854602801910541 -0.002399365739522535
131 0.04499346410311242 0.001880911885251664 -0.01610848025311888
132 0.04531416023352566 -0.0012535864478367806 0.010465752856450971
133 0.04401732231268774 -0.015434586170094817 -0.024295294531938554
134 0.03763199623334665 -0.0035588645238210552 -0.014049945724784279
135 0.04401730133357047 -0.01509445599436768 -0.005972314563740098
136 0.04563276522035019 -0.010999004190961725 0.00897977084251042
137 0.043687298453191574 -0.00723637333278477 0.022274639977261725
138 0.044670604224443175 -0.0005765886478969368 0.02670492945502699
139 0.033564038600453976 -0.0005605355561938396 -0.02600356728416108
140 0.032244224485880324 -0.012608421346551912 0.01499320132014942
141 0.044344693382234415 -0.012715464146863503 -0.01919538500672927
142 0.044670603738825476 -0.011667029802685264 -0.002252621935698366
143 0.04199743580694281 -0.0010644726513709976 0.012327059384375848
144 0.04499302828590254 0.0006231862416341835 -0.015792690076856936
145 0.04165113054510674 -0.01627475578619723 0.008760131454606796
146 0.047802271773849686 0.0010600594800081033 0.02267475992119307
147 0.04434516742732027 -0.001417144752869651 0.002231599531887512
148 0.042680893326255895 -0.022099053400355194 0.0031030705594557477
149 0.04199683809670934 -0.003539510881561774 0.010463365617108174
150 0.03224450147724308 0.016505695277902185 0.010677515583168576
151 0.04467045394663319 0.0008796273143872808 0.012038778244282443
152 0.04130157761289315 -0.008592793514038586 0.009788008258165871
153 0.04401763876381538 0.011326611863027965 0.01914899285919066
154 0.036854026398613036 0.027972930260462388 -0.014356604480449044
155 0.04130199285141262 0.0015551375072244114 0.012628572427876884
156 0.04531405762902141 0.012416694204296665 0.020533366333909845
157 0.04594865610031472 -0.002574435982952791 -0.007247776795838742
158 0.04368648913151682 -0.00012533410067363295 -0.033787398103089526
159 0.040949575448243056 -0.006957489280954015 -0.007728221648384416
160 0.04234000224319971 0.002073410249372591 -0.01576367983144161
161 0.04401775244482331 0.0028708524146374274 -0.013147524855177367
162 0.0433541114306685 -0.003338529872063599 -0.012938795308306864
163 0.04301903450364389 0.008300188689275293 0.006627010399383565
164 0.04467025147058761 -0.006197886797556885 0.03662371945133161
165 0.044017171520921085 0.008738456376940576 -0.01311634141840948
166 0.046884795312571136 -0.011605529836115713 -0.006497044982315617
167 0.0449937145090421 -0.011989746116429612 0.016322311005905924
168 0.04688449715582986 0.0035940103550659015 0.011110582847983733
169 0.04594883765443872 -0.010204716564693602 0.021075978973681558
170 0.045632650264366866 0.013583913891715616 -0.003964931395109464
171 0.04594883391092408 0.003469931701138898 -0.010352253959685382
172 0.04594895782064955 0.006035231312817575 -0.002223906836699068
173 0.04434547138881071 -0.0025556757317248863 0.015935040004112073
174 0.04499347810728111 -0.0017060802718055117 0.014600063761437264
175 0.04434506649886348 -0.030817167039011634 -0.00854412506755054
176 0.046884546869802285 0.010211546738508189 -0.025620333244996227
177 0.04499343143034496 -0.007069799407583082 0.004966257465614382
178 0.029426382593075884 -0.008685705851814683 -0.054649882147803655
179 0.04368720172580954 -0.0004855552089745288 0.01764753662180316
180 0.04234027897372289 -0.01804671288639401 0.021477033360785405
181 0.04094918288776249 0.013748777864378156 -0.01227492692007919
182 0.03876910591573478 -0.00178855787011147 -0.00029516375029468145
183 0.04335426106410444 -0.012536809118809727 0.016358458213400408
184 0.04268122879006524 0.017372843270617735 0.01692015834728208
185 0.043687561602191415 0.00901417639869455 0.013959136390946947
186 0.04467015006853341 0.01195889309218242 -0.00022465310884685563
187 0.044344591968405456 -0.004167548552270017 0.0009970558136092515
188 0.04780250571963315 -0.006614597221092509 0.0049850188593521215
189 0.04467044127141544 -0.008776276718593911 0.022247571364783097
190 0.04199682070159415 0.009217372279509944 0.004515143922109863
191 0.04467026866332221 -0.007006301754222839 -0.014876450889595003
192 0.03356363480638505 0.01336970858031967 -0.02178149208699653
193 0.047192510452645796 -0.022314823407227697 -0.015079235748594487
194 0.041301527242685904 -0.025556916178202806 0.006526740245742305
195 0.04401767528756338 -0.0025992739846248222 0.014839786413129689
196 0.04749843963656416 0.01850000326482203 -0.003140867327536093
197 0.04130168144200161 0.01057469995451567 0.014572072133060002
198 0.044017305325612585 -0.010536798981974873 0.0013706648660178988
199 0.046885188235047545 -0.007995386555978284 0.002505092488155523
0 0.04059380709654609 -0.030382814779992905 -0.015139067562579881
1 0.04467041198212513 0.032727893443783046 -0.005538882515375872
2 0.041650465402540617 0.018754171903922513 -0.0007379971979803495
3 0.04368697340669999 0.02055148262955972 0.009951400444404084
4 0.03839431833359931 -0.035622876424421884 0.02139324228009015
5 0.040594262914130645 -0.019367622723655647 -0.004202527178653492
6 0.03565605458447527 -0.029463724512867332 -0.015425329599848514
7 0.04023501706900592 0.012853321213868561 -0.018121778056111423
8 0.03951017827758609 0.014466831583208248 0.008611325669019308
9 0.04130098961375433 0.027205460150078273 -0.01242077318982945
10 0.039874203763040156 -0.02491003311107938 -0.025216388134381314
11 0.0376320076900291 0.01885279163330999 -0.02532786813420877
12 0.038769015362553054 0.029842565720935736 -0.020955607230073912
13 0.04094961370869408 -0.02417314984739847 0.010076192055363808
14 0.04059401571429093 -0.03375925660530315 0.0015056268484863534
15 0.03987447559398232 -0.027544333309182874 0.011393150070694223
16 0.039141195686181546 -0.0141850124792133 -0.013412100843480167
17 0.03565616602649142 0.014454987799756413 -0.01345197216504951
18 0.039141557684510137 0.017032968188130715 0.004023894026390029
19 0.038769225855189604 -0.021041675364850267 -0.0035305966540684075
20 0.041301623034203455 0.016865808131611024 -0.009721904527100365
21 0.03763255963189629 -0.029240461082135634 0.00013437951909038679
22 0.03724586316426719 -0.0362208090269359 0.0016360362025853237
23 0.040236404300808354 -0.020463394145693353 0.0004195762113933969
24 0.04199700984983157 0.02027116203859082 -0.0026823609176575025
25 0.043018383373211885 0.024486157499833648 -0.01788387174115259
26 0.03801493856201178 -0.024452186400123813 0.024244358221334493
27 0.04199704596092379 0.014587427374599931 0.010815332869649587
28 0.04368695493560947 0.03249026488871417 0.011920070136438693
29 0.03524812177968658 -0.026833029590258163 0.0062763145739540855
30 0.039140992320406985 0.01748455157282989 0.0020792924317456856
31 0.0419968123363458 -0.02254679218382494 -0.0057287391434243965
32 0.03645986975016353 -0.032556650471425856 0.010734961602572002
33 0.04094955892312544 0.01916094211583989 0.020065884440507623
34 0.03645971215887485 0.027338738348379753 -0.021890317204209468
35 0.04023576387728222 0.02164890515310949 -0.002114781967626156
36 0.04401742383829722 -0.022020597412750365 -0.0014871582775690404
37 0.037245360889552034 -0.012067518610419874 -0.00625400944161393
38 0.03801523771694696 0.02894109752966673 0.01464050014373832
39 0.03987413248164276 0.026253013641308783 -0.01767646817036161
40 0.03839481699003158 -0.03800449900092711 -0.0006751898751267211
41 0.041650909433294886 0.01352112632958431 -0.012586453347513907
42 0.03801520945630861 -0.018741497892468192 0.002521734336013797
43 0.040235208900480546 0.031326106505922297 -0.0018384323664286475
44 0.037245688633932995 -0.022697927640463078 0.014246716175292898
45 0.0419963566096821 0.01774694255735029 -0.02139977252664531
46 0.036460380926731345 -0.007442388435936947 -0.00955318513179397
47 0.03839432648264312 0.01925950185699084 -0.023415823200099932
48 0.03987424266274243 0.019942008202872473 -0.024285369028376587
49 0.036060025542006345 -0.01012234747418711 0.011247922454011598
50 0.040235521795040245 0.02501349227433266 -0.019969686380981684
51 0.04335364553447684 0.02497165605488679 -0.014679665906126413
52 0.03801481698401108 0.033494165411890806 -0.02651230126766258
53 0.043353414134561785 0.02879266864677215 -0.01844641885908592
54 0.03524759315586573 0.009100372538945979 -0.025463250221617318
55 0.04023560683887778 0.026812934316743604 -0.00841476891680291
56 0.041301301090480254 -0.03581474260794603 -0.029292318728268985
57 0.03763202535087089 -0.015573601408311908 -0.012030458135863259
58 0.0426810505858136 -0.023308083959424408 0.007190499992321819
59 0.03645931595978251 -0.015268390207008315 -0.002685393569127777
60 0.03763269201190699 -0.03630088323563824 0.006229339909840016
61 0.040593729903134104 -0.025481515159403192 0.01666602902917589
62 0.03876937156124149 0.013295957693272412 -0.029904168976863817
63 0.03839448533081368 -0.026324360021297 0.007821168166589678
64 0.036854732264859164 -0.019566203407623557 0.006353301389171961
65 0.038769678466632845 0.030753399703911166 -0.012710210754317072
66 0.04130163420996491 -0.021467149687319047 0.006219938273827751
67 0.039141525983940814 0.02987648259366172 -0.017867934727998483
68 0.036060282561222505 -0.03189414981319977 -0.0029935383541087523
69 0.04165024590122544 0.005610752398022874 -0.03502636562885202
70 0.042680919113021916 0.024904462609730102 0.0027525887608975145
71 0.036460048274922906 -0.022551473171759796 0.01328687493701244
72 0.038770086541665194 -0.007808215574379986 -0.01634540774269403
73 0.04234096505860143 0.030881922476345667 0.023037688431696467
74 0.0423405055049381 0.019560121498667808 -0.009675917624652468
75 0.039874388009234304 0.03262735036736339 -0.0041036580056524165
76 0.040594246847005536 0.03235217313214296 0.0017424383918027025
77 0.03876928385454831 0.007353333619974414 -0.021658121410026383
78 0.03565619663245997 -0.03285658496422815 0.004677860675949196
79 0.039509378579220884 -0.015819782757979444 -0.012585091215158259
80 0.04130152547842303 0.013188617150402768 0.004149029957040387
81 0.04059370167561662 0.02785160538635315 0.00011493597330691692
82 0.039874406237600045 -0.02785127737146479 0.005448521139127508
83 0.0335649226663647 -0.020648717433631992 0.02156501986168282
84 0.03801547281396183 -0.011128422058987337 0.01709485744885576
85 0.039141606081736675 -0.02672220749418521 0.013035332504656359
86 0.03801529144108309 0.023353026304393162 0.027117995625828065
87 0.04335400242777605 0.02005710211154847 0.010051608098457378
88 0.03950944302705137 0.028245550957325175 -0.027186703789151286
89 0.039509388168305876 0.022978643442918587 0.02530167061491759
90 0.03763258639547184 -0.03789792232200762 0.012009618221384495
91 0.03914136305164328 0.012006202373725539 0.02333765829171589
92 0.04023619126926452 0.02369154206867621 -0.019309697541955398
93 0.038394375570999055 0.016654057528949263 0.002340295707000017
94 0.040236465002720045 0.026332246586702027 0.00514620929132765
95 0.040594589712519454 0.01439612481349975 -0.014573691522376805
96 0.04130208113797547 0.0161181945810987 0.00885408008492205
97 0.04401700962496008 0.035332419212725764 -0.016116497910241404
98 0.0395097566906103 -0.017682083136731003 0.0029369896151668004
99 0.0416508886776887 -0.007416076920556889 0.013960074397400915
100 0.04094947308297417 -0.007710668351336921 0.012301598530629365
101 0.039874264801709684 0.03182250483925035 0.007711228968085352
102 0.03950925094681658 -0.02213693369319105 -0.0067466405974205244
103 0.03839440128848324 0.01958936571223041 -0.0183205984229821
104 0.03524779479795468 0.025872853386631662 -0.02348563158035997
105 0.03763211121084811 -0.021478472583245346 0.0062857575988008035
106 0.04094855901853405 0.027737934480832695 -0.017818632829229183
107 0.04059395354525405 0.01898822104611039 -0.0053445851437136805
108 0.03876979207116756 -0.025096264062905677 0.008348896280723193
109 0.040949166226415416 -0.0408032653761388 -0.012192854168183505
110 0.038394279953373384 -0.01437866815010223 0.0032314897962135818
111 0.03876985537805815 -0.025253574217826237 0.011505053034069415
112 0.04301853670783402 0.014383725645596838 0.023425264308805413
113 0.037245559913257474 0.007841645777584328 -0.013136108148079218
114 0.04165057225801547 0.023933865062043327 -0.0036215200338413013
115 0.038393743189260546 0.02798709169798565 -0.002588689023217666
116 0.03801525995290412 0.02927836367747125 0.007138914224672427
117 0.03914095105875216 -0.02686757678657966 0.012919925581231074
118 0.04268069300685682 0.021559573901550534 -0.016464939818109085
119 0.04626269342698727 0.036593158693898585 -0.008116759988595287
120 0.038769218231212606 0.034346133283827796 -0.011632852031968668
121 0.04199725636854835 0.03405750584652073 0.017811958480970204
122 0.039509402520061146 -0.013529218995178362 -0.0043814648607552985
123 0.04094920687437136 -0.02572053910343288 -0.010992035772364675
124 0.03839374533904949 -0.012685310710840664 -0.0004207911749278113
125 0.04301809745328111 0.02704036760783046 -0.025759124633233245
126 0.03914160803208888 0.027295544482127065 0.020253798670479627
127 0.04130151870622541 0.021504392714490717 0.007917275947577403
128 0.03987440924807961 -0.0329351612599846 0.02190196408342564
129 0.03950935811433653 0.03487730632281897 0.0060161461429758525
130 0.04059386060020918 0.022751584979171888 -0.001279333529954879
131 0.04059399664453156 -0.016691129764520914 -0.0005912104307900935
132 0.03876984550424152 -0.031425634761398875 0.018899573667646295
133 0.04094943441227244 -0.023545543933304235 -0.0005702846347987753
134 0.04199710923623107 0.03455836848378464 0.009141290578550105
135 0.03876996585584989 -0.0248218352561187 0.01915680315944441
136 0.04199623476023736 0.02240625439040721 -0.023869807993027414
137 0.04368690705271762 0.02383115955879705 0.005599979018457547
138 0.036855537756744626 -0.02903232463954027 0.008302863493823908
139 0.04199719916705127 0.033851451892800706 0.015519145257330466
140 0.039873835824445286 0.025390042862788852 -0.014355763233488352
141 0.03839389600598375 -0.024772701563893267 -0.02252646114751011
142 0.04268127828017843 0.029156027484425875 0.0189053691798449
143 0.03685462226321152 -0.02965608462836659 -0.013369795612975294
144 0.037632536334851203 -0.02744944823055935 0.0005762502647604151
145 0.03987435161963298 -0.01862901594570729 0.0036627082577097426
146 0.0402361846121952 0.04106850582570921 -0.017621410858745273
147 0.03839418097217674 0.03350201998162932 -0.020241383977003636
148 0.036060644729716866 -0.02167146946270422 0.012335157693465595
149 0.03763195159032595 -0.02850150848895228 -0.014032942942296246
150 0.03801537838695504 0.026278620032821533 -0.0159600641964224
151 0.035248527663519796 -0.018813239861708023 0.04636987147625001
152 0.04059434935572272 -0.011156032225628963 -0.021242548203065932
153 0.042680826892640744 0.026070760457001397 0.011582840826127096
154 0.040236103743852204 0.04344997930128882 -0.004726504196446485
155 0.038015622781329514 -0.02720667726901426 0.0235681230176671
156 0.0430189077022482 0.033324705602748785 0.015078904148628404
157 0.04199644519212117 0.02158812772198374 -0.026424575046657697
158 0.035656543941379064 -0.00360055987017487 -0.005589822586575389
159 0.03876978226947371 0.03623155775980511 -0.005677698289091374
160 0.037632096004745354 -0.020964146964360195 0.0024136453424202474
161 0.04094931959708515 0.02944471674818628 -0.006373401275999144
162 0.04059465535339292 0.03525997267966597 0.011512064270248094
163 0.03876929070475314 0.035558018330050435 -0.005724577605058911
164 0.038015057794865324 -0.01613540815453763 -0.010698357693782473
165 0.04233993010727333 0.03181210021942339 0.012994285090150954
166 0.03483469015296135 -0.02853889107760907 0.009505368005699781
167 0.03914121268881722 -0.03961421049958896 -0.001593022509458618
168 0.0368549270077852 -0.028010030666342754 0.036346138831905746
169 0.042339908276282215 0.035095927353488196 -0.008950349258730882
170 0.042340488789081934 0.015256816365493638 -0.010294351933805684
171 0.035656324112400134 -0.026028003378595177 -0.005734188164744305
172 0.038015229058130574 0.021860864453322037 -0.02022788715213643
173 0.0413014414873118 -0.018793686916199214 1.9253816900633354e-05
174 0.040594114085623266 0.02639131414244078 -0.00505781195574412
175 0.03914067290648501 -0.012991286222189655 -0.04192101032931995
176 0.04467003171260232 0.026266428452627437 -0.00022215515750013192
177 0.04059348073866326 -0.007374886448855595 -0.02061275949089163
178 0.03987466177082456 0.03240179472493147 -0.0024124055850766593
179 0.04268058870859225 -0.015018871070881547 -0.01613768374057513
180 0.04301844615193898 -0.01352663053577407 -0.015822603756631658
181 0.04094945016583525 -0.03158785111201854 -0.004168516103195149
182 0.041301763058435706 0.03007104135069822 0.003513408746544592
183 0.04268099833218338 0.008931911785720762 -0.0060711840938800846
184 0.03645985919523284 -0.007050989006074153 -0.016153052999839868
185 0.038769674694104306 0.04258734949713485 0.020136261287837433
186 0.0409491363696079 0.03578570418808975 -0.00453893237801913
187 0.040949429110823304 0.02520565998834666 -0.0022050114942682338
188 0.04234041616222637 0.030668623718571913 -0.003908306827884037
189 0.037632202442859246 -0.025933351301322675 0.007064822529150012
190 0.041301413851719995 -0.013535756128516764 -0.014937773370383607
191 0.04023640220739013 0.011220847949967342 0.040836861005132515
192 0.04094968701990546 0.03362332033341296 0.0032531795742421522
193 0.04626226019768205 0.01661423101000857 0.0008370532561186392
194 0.040593923307792455 -0.03483362982710269 0.00044929631919339406
195 0.038769810634333324 -0.02517342685465476 0.025565973473343127
196 0.040593970950313515 0.03671040400701251 -0.0047543542556983944
197 0.04094946713349641 0.020691486366433743 0.014219348998913205
198 0.04130094270692792 0.017278046239296945 -0.011654825599989631
199 0.039141095958947256 0.016656235368170555 -0.012221606901442732
