200 3
0 0.0011874797859257376 0.012108035268953977 -0.03388372758495938
1 0.010486695513217029 0.045644118332923644 0.02165976427692507
2 -0.006088924464484093 -0.008932095083117746 0.03484161532943339
3 0.0104750874203072 -0.0150966910874369 0.0374781218342912
4 -0.0017814490518918303 -0.0009626047384995451 -0.0312886874204759
5 0.006191272947061122 0.004048375378384294 -0.023914192589375206
6 -0.007545869290440765 0.008285108809151015 -0.033480696065492394
7 0.00567950193044333 -0.021013577646383994 0.03104531031931081
8 0.007928989165729539 -0.018997689568196006 0.027519779301766183
9 0.0007191845817644468 -0.012296763799311968 0.03265694592739629
10 -0.0010311098940291134 0.01295990729018182 -0.03419831649085712
11 0.013014016576606488 0.04238257317176629 0.026034845136661176
12 0.0013287331833201493 -0.009391110256548431 0.035014732264181794
13 -0.0030731844082394887 0.006735916684187852 -0.03450849799392049
14 0.0058256590414751536 0.0099865531773317 -0.03621421283169683
15 0.003519992648883469 0.003962352769428615 -0.04460447134891322
16 -0.004464183870415954 0.012365046783225248 -0.0338737387236795
17 -0.0025913543764840416 -0.012892870169173898 0.034757064673253735
18 -0.00100973113404337 -0.02297686927231441 0.03501839675945591
19 0.007190540332162505 0.009795513469486324 -0.038460133788018505
20 -0.009027025225419497 -0.0029856764066231913 0.03682507307611643
21 -0.014893835053534643 0.009168897173004483 -0.03500135015947464
22 0.0070052558382725505 0.008926301367422416 -0.04584573642894358
23 -0.005185999697740182 0.0031012773121195727 -0.037187313653068044
24 -0.004394542631978425 -0.017799686797526686 0.03040587316626143
25 0.0013390628252037268 -0.0056500772673840575 0.032791527654640676
26 -0.009542836140819952 0.014710081176039001 -0.040793495921218836
27 0.008483083161694036 -0.01593206976835328 0.03034344793269674
28 -0.011344002185566436 -0.011525734685510117 0.03317754847312611
29 0.0016002548652315138 0.001160242205201091 -0.037242103918475274
30 0.0010877430947182102 -0.006920374011550888 0.034061188968172826
31 -0.0072134632766715084 0.005316996155995504 -0.04068480976926256
32 0.0030619438617688413 0.00487866977875386 -0.04236915231049977
33 0.0025632195005009795 0.04581581870933507 0.020863308274427998
34 0.01746620434593027 0.037836097657387255 0.014345538030652576
35 0.00104205658852519 -0.017548885190403055 0.03011168879422149
36 0.007636102620897187 0.002748884253382669 -0.03848192885096873
37 -0.0031365008447697684 0.006034395931800838 -0.03921222040931198
38 0.003625480068887854 -0.02280530533022356 0.037082409843050904
39 -0.009557531071504234 -0.008541335544264773 0.0377700711825761
40 -0.0006125233449956627 0.003838469844819752 -0.03446709922620568
41 0.002619608901964766 -0.01295895378879 0.033915081159222905
42 0.013354627989473317 0.0073641389298785345 -0.03568199081497784
43 -0.00766998699447697 0.034225257722773045 0.017196252518702174
44 -0.004232590430772745 0.0005422810836843914 -0.04181907995086242
45 0.0043893334021368816 -0.008120176825537078 0.031829319666738666
46 0.0014949361016443063 0.003637591598826838 -0.04019969233384011
47 -0.000815594678045449 -0.008662390714686708 0.03593658615361666
48 -0.002193469232735945 -0.014892457451604297 0.040512184150645475
49 0.003668315885151042 -0.002446145998891803 -0.03494677919022678
50 0.01225924846763915 0.04693877265143545 0.014867896681961777
51 -0.009099243679956476 -0.013484084602566608 0.03405557597546395
52 -0.014774533088597039 0.03820854400346439 0.012040318792607238
53 -0.003086208187258962 -0.017972161633729243 0.043536429851453534
54 -0.006111892432954041 -0.014683576526675464 0.0334260788259903
55 0.010601526259007205 0.04546841977116786 0.017099869510851518
56 -0.0031938849312129706 0.005409217803785685 -0.047824075726517916
57 -0.013693602774483768 0.019766565473352628 -0.031586566139557806
58 0.0029572280032625978 -0.005272786881626074 -0.03871565708260941
59 0.001439182383125237 0.013646126247372686 -0.03775701535860981
60 0.000986130816110438 0.01285598012338312 -0.04310222557478135
61 -0.000949342882606577 0.0045074318108321194 -0.040599580951988574
62 -0.007285478487408577 -0.018639195031705535 0.03508914604852327
63 0.003981250904917341 0.002060823278833631 -0.029684942281243028
64 0.004255096687775571 0.006960922975714346 -0.03930818107254315
65 0.00029568760062891747 -0.010552151346499299 0.038585920490888895
66 0.001921293054178378 0.0013446303619493415 -0.03926481164965683
67 -0.0056889559425389235 -0.02254924979818054 0.03591335272277109
68 0.004214700287146059 0.005382083684989438 -0.04436815948682546
69 -0.003882716662841526 0.042341031747170924 0.019122441626107427
70 0.004066029164413249 -0.020053633325870436 0.030408351473544634
71 -0.0022895756047703504 0.0054942239896448915 -0.03571840257540762
72 -0.0001612522610100267 0.006701326174530415 -0.03870017972156324
73 -0.0001755265548741931 -0.01977347386031577 0.03502300082241727
74 0.0006318778895982972 -0.018435464422426946 0.02770230096695447
75 -0.009588253730771587 -0.006963161825016093 0.024896524341775687
76 0.006326633632414418 -0.013384284043686957 0.03422878928981422
77 0.0001706796748781117 0.0005537430440516388 -0.03598011847481998
78 -0.004061258453753333 0.014910586580106189 -0.039983195666258665
79 -0.005932258237465168 0.011168747969493078 -0.02985478042817036
80 -0.00200780656240453 -0.020240940452255378 0.03665282379845891
81 -0.007453300965355639 -0.011400885970090592 0.03266909124006913
82 -0.005621265953928169 0.016077678352296725 -0.0380426945454372
83 -0.004593505229396444 0.002238229148667254 -0.03465939956785012
84 -0.0036569013230861105 0.003694208071712903 -0.03865859919026703
85 0.003894391545747465 0.007274021795586491 -0.0436266582705566
86 -0.0011013486744443773 -0.008739000224151408 0.03390379171510907
87 -0.007263466786885893 -0.02209191353489537 0.03381426920880764
88 0.005680231764249831 -0.008882111512386721 0.03784262009716739
89 0.0016751214339526532 -0.01630868942259231 0.030700055688849672
90 5.6396604647460796e-05 0.01138579256722189 -0.027623369578405298
91 0.008718255627012159 -0.010791622403858583 0.03968353123178172
92 0.004268611076344991 -0.01743492409757549 0.044094776094015506
93 0.0031050546286878374 -0.021482450565340393 0.032789714043155185
94 0.003244429148082574 -0.018632386981170403 0.027439763727360893
95 0.0010856729567738869 -0.020622943407756514 0.03464959224343207
96 0.0007679465206596459 -0.020487940483629303 0.02880070138662329
97 0.0015038253445653676 -0.015690339518684787 0.03578224257000935
98 -0.002690354148453287 -0.0018383577502619833 -0.037452184976549216
99 0.004667689803913418 0.003912581900023413 -0.034904296444397485
100 0.011195722755917029 0.002220819163364276 -0.0328425878870983
101 0.0019621870016686468 -0.013122329616748172 0.0341515357744904
102 0.009003726646166277 0.004902475881561638 -0.034432971735094596
103 -0.0040885856194718545 -0.014323974384455235 0.027193654122783652
104 -0.006130187340974549 0.042812777291166615 0.020702188176996025
105 0.004273236337669271 0.013641537751106174 -0.030261512518690525
106 -0.009725537700071618 -0.008613917695101784 0.03143055142332651
107 0.005412926591187958 -0.022487333881082282 0.03455364604999017
108 -0.010782342931367699 0.007147146434625033 -0.03498023601204138
109 0.004753394805056323 0.0031917886928568774 -0.03427304287125332
110 -0.0036371939754250363 0.00940940993667534 -0.023427520058050638
111 -0.007731736952853251 0.001988256356640815 -0.02839393621376133
112 0.014862497169403521 0.04774197308383624 0.009054988340837226
113 -0.0015572573479066681 -0.009347350750544143 0.03352596414463835
114 -0.007671844258108504 -0.01025515987883687 0.02635998696919685
115 -0.001502968855488538 -0.022047777353339758 0.02605634853542407
116 0.0001525352354104512 -0.018315284240081546 0.03136610743777659
117 -0.013051687429890074 0.012010170365406397 -0.03946034408605368
118 0.0021405358719367735 -0.022770456460896222 0.02894586733910509
119 0.008644323921397766 -0.01719912773624236 0.03344723181275819
120 0.004802259508759482 -0.01670295328144612 0.02994995290164536
121 0.005797339646658822 -0.007702888576096016 0.03759011995654864
122 -0.0006172928032303973 0.003076844449510372 -0.027636068404543645
123 -0.004177376554156037 0.0038917799092729193 -0.03455476002195002
124 -0.008396391079201655 0.0024722728530069196 -0.031147395118146716
125 -0.001267525814391858 -0.023659246303335102 0.0300273193684391
126 0.0044334467333188125 -0.016190694359787376 0.03630363159707589
127 -0.006367060222320059 -0.014574478755376558 0.03391822752142087
128 -7.36191239670116e-05 0.00194568137244539 -0.04857634516517108
129 -0.003480119214947265 -0.020603809702982905 0.03556011498367568
130 0.004754660513631659 -0.015698667224755557 0.026466157774289463
131 -0.0051177806049412106 0.010215501104110071 -0.040762580378155416
132 -0.0019815560666836957 0.007506676500692047 -0.027092478479975313
133 -0.0007622849570871087 0.009140594768685985 -0.03378027825932069
134 0.0010593980225709204 0.04239516614869082 0.020647750826170236
135 0.007879243743422394 0.005807668379341855 -0.04444714673786153
136 -0.0015972289709897947 -0.02342805363014463 0.03084683393811744
137 0.010873237064695014 -0.015495452411571388 0.03250189088327962
138 -0.003108561719723705 0.017106217031856937 -0.025592843436151827
139 -0.0174075543790385 0.0444883061274324 0.013136798948242198
140 -0.015052533888395836 0.04097815150125525 0.017420729178280102
141 -0.0020887861278163604 0.009271130013128688 -0.03200192327450633
142 0.0020677906393829146 -0.010305503549226984 0.03291651234648259
143 0.011896506004218654 0.01024437837471963 -0.030933514398425288
144 0.0010312841055927363 0.0013067687996504533 -0.03980165340249091
145 -0.00183512036144768 0.008948026825714703 -0.03290184631978761
146 -0.0057955579352136355 -0.021332537353898742 0.03359677974986219
147 0.005849693275204543 -0.013288099464895606 0.03600159870501808
148 0.004295938328525182 0.008101104356870852 -0.03980558939463832
149 0.0035736024292423937 0.007332335460725656 -0.03295182759394538
150 0.0012933029010480908 0.051559746525157685 0.008935572209967102
151 0.00806222800751126 0.008988773874785451 -0.02636124111484519
152 -0.009653713225062518 0.0016110528056358774 -0.02937137220400149
153 -0.007322342361218207 -0.014420917988834502 0.02921529036917511
154 -0.009846473443268722 0.044978430749683884 0.019412640904062375
155 -0.005086460000896895 -0.0037726280241860283 -0.031973958505263515
156 -0.003488620149254152 -0.016281392472634146 0.03348077585155777
157 0.011185110320956648 -0.021597627743625593 0.028125198689689598
158 0.006594299651418618 0.008428107851250484 -0.038735617755511514
159 -0.010197598030734709 -0.012234033235211321 0.0385469624150207
160 -0.009087135725047747 -0.0004420696317989515 -0.0408962412407439
161 0.0012855886913652574 -0.021060488249175825 0.039279445049500136
162 0.009014387725744435 -0.007780884717051226 0.02483903960852643
163 -0.004413205456661989 -0.024446458132955037 0.03710585174794308
164 -0.000509115433641117 0.01307695638397919 -0.04395975723355836
165 -0.0024262694699155977 -0.01844648230717081 0.034496446051942735
166 0.007760605759682553 0.01102194988947152 -0.03092584333868499
167 -0.01667143207601715 0.007593877087590071 -0.03155814331525524
168 -0.008631323771374683 -0.0016041365681232576 -0.046447838033432665
169 -0.004197104425791423 -0.01725032070068399 0.031129564216119215
170 -0.0007628016428791046 -0.018789421520084743 0.026312504104222825
171 0.00034315805829647494 -0.0025573470553761236 -0.039055433523105795
172 -0.002540258731529332 -0.018843586264961854 0.03903864876973902
173 -0.002911039648087625 -0.0008548900564815665 -0.04076580168155044
174 -0.008764538311255454 -0.00922715383665208 0.03555688726152856
175 -0.006074836915135336 0.005594550715159803 -0.042815084279974255
176 0.007173882927496218 -0.02078603169501754 0.03132864781327886
177 0.005607139047002333 0.006202820794363828 -0.02957256939217411
178 -0.007280234487848758 0.041809417831977086 0.01542420031559176
179 -0.0016144080169387433 0.007562327137165001 -0.026044330104482254
180 0.004155304017715744 0.006608817271484572 -0.03575061474422953
181 -6.192822481861787e-05 0.008229896107088113 -0.03274728801345961
182 0.006579480177749897 0.04072599596822961 0.01515925064151459
183 0.0016559609375226061 -0.009323901669721916 0.035667195148980806
184 0.002949752108373012 0.0033768561683669047 -0.033730333680146656
185 0.0009317792132543558 -0.008129488985531784 0.03392308673568441
186 0.004631417424297162 -0.02049223599892647 0.031107460259025603
187 0.0018330685455124757 -0.013162607321306832 0.03677237818597343
188 0.004848567420297194 -0.01566260864107628 0.028150174473005427
189 -0.0042699263478111205 0.008810018220808555 -0.03638786885181702
190 0.0026662590392060722 0.005589033675210646 -0.036150130240916824
191 0.0022374536777505435 -0.007737567706532859 0.032728289649112244
192 -0.008080547155129337 0.04985131548218977 0.0072199531345033055
193 0.008703896992001671 -0.019469246189209994 0.02583621957556247
194 -0.0035227090726729915 -0.0038942597223904137 -0.03707569943105807
195 0.015134960711666173 -0.0021602181921556267 -0.03358300245972489
196 -0.006133548148913218 -0.018950776529273027 0.03408172721806414
197 0.007544083758776188 -0.014221069300547326 0.0353734686446798
198 0.002987168450801598 -0.009706393198276313 0.03457834060923469
199 0.0030109856828806486 -0.015218670989026819 0.0336446739516762
0 -0.0013336044622121934 -0.007069704413685599 -0.0010444934767906283
1 0.0067192851823315025 0.04504717343374448 0.010355196865598534
2 -0.005190919140085751 -0.011957527860961176 -0.0033608041428782043
3 -0.00011942915033179985 -0.0032083779321310964 -0.007337034887207994
4 -0.0004751891343215582 -0.0039042568201080223 7.28936585929485e-06
5 0.006912002318100047 -0.010808967612367895 0.0001758501948535482
6 0.00012331270975560193 -0.008897213362009711 -0.005788076752161725
7 0.0017164891221690057 -0.0028902711003912264 -0.0026650478521407367
8 0.002177446018428203 -0.004181329056427832 -0.005549755964395421
9 0.007941561893767456 -0.0030324687466220003 -0.0001697567909816622
10 -0.0023393016598546295 -0.002206452404624956 -0.0038454239310281857
11 0.0004958378938776792 0.03500350014863146 0.016790175519285425
12 -0.0030533713304672534 -0.0025911102551799217 -0.0037285252763817472
13 0.002223413125549984 -0.00034372948133443507 -0.0021582676276787477
14 0.004027748306571741 -0.0031621927147561443 -0.0017990755590823748
15 -0.00316060819007616 -0.010436714856895454 -0.005730780817570363
16 -0.0004879492459538288 -0.005070289731237909 -0.011093341429588649
17 -0.0035026722351930075 -0.01316453756514669 0.0004334893664677958
18 -0.005100222796796748 -0.0013706518708257384 0.0019568451656952063
19 0.0007065942933130454 -0.005406504445351503 -0.004441949852105748
20 -0.005014482057896799 -0.007154782480943202 -0.0060227050318477846
21 -0.006671516417207646 -0.007168255237494085 -0.005153536369212619
22 0.00906525213670721 -0.009852724340959369 0.0028741685885501217
23 -0.0018667069256139493 -0.011509435138370532 -0.000388400527735297
24 0.004306276871122432 -0.004937651484134772 -0.0020844829858580813
25 0.0038968632081065047 -0.00411655748434725 -0.0039944673735142905
26 -0.0054818432055419725 -0.010122139571886797 -0.004228191781557811
27 0.0020343150036601504 -0.006688143221922224 0.00034541408149110775
28 -0.004457538505152452 -0.008197354924707946 -0.0027181470592125972
29 0.005964124326626109 0.0008187216277213312 -0.0018763682460422176
30 -0.0029710149761450985 -0.007316743310989603 0.00021052198568869557
31 -0.0010468985413323653 -0.006489879606979535 -0.006305860699529001
32 0.0010459146363750171 0.003958674287487017 0.0012173158229326353
33 0.007950749171111694 0.05492642577242485 0.012565379441311239
34 0.014264299867970537 0.038544472668399346 0.00558362016460668
35 -0.005977608941904312 -0.007810954959801331 -0.0034922366677559644
36 -0.0005835951775442355 -0.009335797264838325 -0.0018512582534471883
37 0.000549801944315205 -0.009725608296315611 0.0017809994910856636
38 0.01133066914086723 -0.002442148686927291 -0.0012711464446515108
39 -0.00035837353830051044 -0.007572117200303211 -0.004510863697854139
40 -0.0034672557744830565 -0.001982117372903185 -0.0037593139246870078
41 -0.0024633758154396146 -0.012109118469427513 -0.0016450872032688219
42 0.00631970634805952 0.005166468553915973 -7.108182166855326e-05
43 -0.003386268169130985 0.048876593627869974 0.02328084640907733
44 0.002125541938753722 -0.008316754838686562 -0.0011542199647170681
45 0.0044622947844952035 -0.00539905735823095 -0.0022269199339938137
46 0.001770227095310977 -0.01026917596300101 -0.006439929885629178
47 -0.004132347024037544 -0.011158695746299642 -0.0023479817534226843
48 0.0017198632573125969 -0.00623448503785734 0.0006708898967785898
49 -9.758168500719161e-05 -0.009693175614997105 -0.002886333594198584
50 0.011039548499440728 0.04609103691560712 0.0129618503375026
51 0.0027860051174406902 -0.012316518606958319 -0.005570809915423393
52 -0.008435415200974877 0.02930620775636615 0.01994687405940944
53 -0.0018519992689680007 -0.011927687429277148 -0.008888767365335476
54 -0.0024424647321380846 -0.00604369878602818 0.0005175577511893695
55 0.013518893806887186 0.04948436298421502 0.015226662590800188
56 0.0008220780760230251 -0.0030930916269482044 -0.00719961994108638
57 -0.006879818325544462 -0.005974344822691928 0.0001864042045082448
58 0.0023792566931727308 -0.008326813875024182 -0.002349031415170441
59 -0.0024425455824163694 -0.00832099484872232 -0.0017904813715891726
60 -0.003107659378188972 -0.007333036293934038 -0.000622291756945767
61 0.0011926145378864036 -0.009359932151379612 -0.0015003333081940878
62 -0.011208968631539466 -0.005772745492606132 0.003674527229109069
63 0.0008268849882425849 -0.003635555354882041 -0.0011608171661439959
64 -0.00029400583326411045 0.002043091130926539 -0.005341608261856062
65 0.006396444459413848 -0.005096907737763182 -0.01002129723824266
66 0.0027090054217447923 -0.0055430075950641845 -0.0077413440142920925
67 0.0009392794950928152 -0.008702881508876374 -0.001405882743443665
68 0.004173680674528973 -0.011961657046345432 -0.0013117000625815362
69 -0.008179350307418572 0.03790600557554846 0.01860846468004731
70 -0.0024896224085553375 -0.009239989385180447 -0.007748846042829938
71 0.00014686788975513954 -0.002868197046858572 -0.0016472590402716453
72 0.009300846815470911 0.0014230506436319476 0.0012576815056315888
73 -0.0013670795638712043 -0.006259620631983175 -0.009324698951174666
74 -0.003802898463814623 -0.009413264960882482 -0.002520655006180393
75 -0.00022411612913472712 -0.002555440845056321 -0.002902977410038844
76 0.0015749119501628009 -0.00767954084649853 -0.0020484805806992856
77 -0.006259724184212879 -0.0030295364543341252 0.003063371180035912
78 -0.0010211421360180953 -0.005400930472199375 -0.0009505593316183891
79 0.003673375812909288 -0.006209668639100479 0.0032658481757094765
80 -0.0022804551005404725 -0.0033384557531557016 0.0004116825050091352
81 -0.009619469661078503 -0.010168965848270275 0.0005020461674305615
82 0.0009242296179998027 -0.002998286929105906 -0.0052752835435480455
83 0.0012542062750284123 -0.00839619028265288 0.001570477724048544
84 0.0019122752213093716 -0.00676211896601954 -9.575586932175639e-05
85 0.004101264442786801 -0.003122176694638641 -0.0012657005341323996
86 -0.00049951303065561 -0.004360091028211036 -0.000893600041894059
87 -0.0035339312217044436 -0.009230626527915231 -0.003013805671026451
88 0.0018771237336768845 -0.008718386173692083 -0.0010482553283559654
89 -0.00401469010189822 -0.0036698486775464736 -0.0004962881525557433
90 0.0044077058272472686 -0.005727794235041253 0.0028472128340834707
91 0.004844665648779806 -0.008576933998434719 -0.0029726062044020465
92 0.005201908945976469 -0.008137988380446472 -0.006249658628417282
93 -0.003202135948764385 -0.00268715370931992 0.0013965009437718473
94 0.004362210122580389 -0.004932672643802441 -0.00366541285423809
95 0.0028048572953028026 -0.013062570015674367 -0.0023080848863800685
96 0.000192910442187208 -0.004899778980520755 -0.004578693103541441
97 -0.0017703738467821852 -0.0027170202667575654 -0.006383179958740097
98 -0.0004161594439424515 -0.007004095095707763 -0.008785120684210918
99 -0.0006934133743449408 -0.00838991893807357 -0.007016288439515066
100 0.002447122360913795 -0.008849666763228152 -0.0017564311798385149
101 -0.0006650634369147566 -0.005560205844047199 -0.0027550060040571756
102 0.001550151768487787 -0.006825359462422853 -0.007093988581817506
103 -0.00043053051082538735 -0.005058663112817802 0.00021600782604849073
104 -0.000204486204803421 0.039964875706279546 0.013437518420977568
105 -0.00034054176741402445 -0.009764437048549821 -0.005878171275958147
106 -0.006720179841784302 -0.0074632867513869 -0.005401130038935727
107 0.00744652345851822 -0.0031291579650396875 0.0010227215621550906
108 0.003355796688183421 -0.0046390703589464545 -0.003960023095754939
109 -0.003593213521536927 -0.003700154912422869 -0.0013811343646823182
110 0.0007586343294276286 -0.008290751094146396 0.004071079545159652
111 -0.0031071409523088962 -0.010909686328101504 -0.003098549811518768
112 0.004021700987506691 0.035139823614390275 0.014655417147877485
113 -0.005615881427917989 -0.005559872253517402 0.001181823768437687
114 -0.004561781686193561 -0.002229134656568618 -0.0055194213292403815
115 0.003016658756245464 -0.015912871913615935 -0.002351149299164537
116 -0.0014580001865125902 -0.006407468371660275 -0.007383245719814198
117 -0.0003732274096018978 -0.006047118790471661 -0.007281068140234437
118 -0.0009754558951952375 -0.009013055762703837 -0.0059216318805048115
119 0.000421284534963276 -0.011707852205017286 0.001733390437264018
120 0.00601264148708279 -0.0076660726038566 -0.004239990707575067
121 0.0035308747076018276 -0.009371217912832304 -0.004896829196848952
122 0.006322812772010258 -0.002936074142326736 0.002806692777880773
123 -0.002594203481081664 -0.006290520582877101 0.0010009271677792475
124 0.002794907356340748 -0.007362203387047262 -0.007423890701784071
125 -0.0010274762193141496 -0.005041195780252056 -0.001969803531102432
126 -0.0021077097736360885 -0.014429471646959208 -0.00532144848234007
127 -0.004644189432736923 -0.003368615234269061 0.006700157890016573
128 0.0011305875481944377 -0.004395439874477708 -0.0004597703196675823
129 0.00236839561658269 -0.003889723266261802 0.000359604166206437
130 0.008469146600336458 -0.004987506686982231 -0.0044211920365442095
131 0.004448777402550339 -0.0001458637905525119 -0.0017458867567760328
132 -0.011183670029457388 -0.004010594965048719 -0.001707139007208744
133 -0.001315873484556624 -0.005370649107874067 -0.0008428166817371491
134 0.005533262166721377 0.0285300415202428 0.008511872848483745
135 -0.0009575653516274846 -0.006741907315224926 -0.004642576725994552
136 -0.005526985095874404 -0.009909782970475615 0.0010257407388243739
137 0.00390749842862069 -0.011129010933784534 -0.0016927537309945756
138 0.0026487774309534363 -0.009718756879587783 0.00047282956680949617
139 -0.007563239418626383 0.04543322325902156 0.014297770037642724
140 -0.007612874928111815 0.0392612479639837 0.006945296521872417
141 0.0021801010685325167 -0.002010307131150895 -0.0003807590453601545
142 -0.004106231174896859 -0.004387057173444182 0.0017851531020209588
143 0.00537507833367494 -0.007924658635834863 -0.005547501350841755
144 0.006430185337885641 0.0010215275156746067 0.00015484418554972956
145 -0.004462628403666201 -0.009198683332029042 -0.005617057600042913
146 -0.005850016374336374 -0.007289243175016551 0.00047282599518616575
147 -0.001678569201988958 -0.008357245929840974 -0.003925078168347404
148 -0.002529457933565127 -0.0066099387649966495 -0.007425348640843363
149 0.0055570702302316505 -0.00846677732734219 -0.0017667023409255328
150 0.0001483631076907863 0.044287401186347775 0.026869179904601408
151 -0.007402166857903073 -0.005171081252162174 -0.002476557656383882
152 -0.005748215249717414 -0.010790012976104489 -0.002415589735195914
153 -0.0016967343659070946 -0.007546597405816806 0.0016763816556793834
154 -0.0074050742251024065 0.04048645068899406 0.024708766743873005
155 -0.009553425275833236 -0.01276974195330657 -0.0014649429678919024
156 0.00302155925230084 -0.0024359247234959566 0.0014344593426137142
157 0.0041226942952196505 -0.004297018958934869 5.5297909267733314e-05
158 0.0010860524606321684 0.001613963106955267 0.0005535292925435004
159 -0.0058418237341893164 -0.009159511600797046 -0.003737638556231729
160 0.0027757090099992804 -0.0006385696813802147 0.0006503179116864044
161 -0.0004019014747507436 -0.010277355887452856 -0.004128978017191698
162 0.001003868013509747 -0.005467426482493185 -0.0002926173810053681
163 -0.01089335498832976 -0.00759641233160753 0.005640638629343192
164 0.00018174206614193084 -0.008356852691912352 -0.004874566154357982
165 -0.005265181745779744 -0.00029313221139030607 0.0041990871825027185
166 0.003220513355430589 -0.007083373384445649 -0.004915043109916098
167 -0.00023370791153617954 -0.014840274162068467 -0.004318585411782969
168 -0.008898039268702765 -0.0015544286364411975 -0.003752684211083532
169 0.0029562018280641436 -0.012352767288482752 -0.0009554725680288242
170 -0.0026465017716475504 -0.0019957298668229935 -0.002493650598626676
171 0.004282025602083794 -0.005767271740256642 0.001685508663561347
172 -0.0006275055880282914 -0.009526752144201601 0.0027274098627285415
173 0.0024953490990959368 -0.008513306437375096 -0.00605229494010516
174 0.0029431951913038504 -0.00784806620898727 -0.006009697564976907
175 -0.008456892909918433 -0.005256161203270545 -0.00825324938750531
176 -0.004290077046529804 -0.004331654534664775 0.007572411163408038
177 0.0033326762703851237 -0.0054340187393307135 0.0011219882500475148
178 -0.005196550321130589 0.04566395859539496 0.01402362110527277
179 -0.0034010113527993026 -0.007819833988130104 0.0016017460602455597
180 -0.002432215789413942 -0.006755391226447182 -0.0071186080067780835
181 0.0018918475609234764 -0.0036473085007553557 0.006296953876194687
182 0.01130459439269136 0.03737137841506441 0.008840506491851627
183 -0.003915459299742043 -0.001270563147598025 -0.008862162011638322
184 0.0040818491941537124 -0.003520688605856287 -0.0008861386852976327
185 -0.0014086206231169705 -0.010197614166415972 0.0044826801767535035
186 0.0021595708285941546 -0.006650449191442573 0.006714672402062527
187 0.002217066028556501 0.0008194035349925084 -0.003362112531187747
188 -0.0042531325705813736 -0.007902889263941455 -0.0016687802093465348
189 -0.004636068220830514 -0.00744124610627666 -0.0014057921184085082
190 0.0017131383149470237 -0.0031472053692522175 -0.001187902078866071
191 -0.0019345573809249087 -0.006896863426356269 0.0014813383627204565
192 0.006564306729303596 0.04215502113084352 0.018244168343366965
193 -0.0006823961098981063 -0.007215282504634778 -0.00703594472558898
194 -0.0005670371163073104 -0.008801756755165742 -0.007195870416988895
195 -0.0007730700021511827 -0.011019201578896982 -0.004136200102014549
196 -0.0016926060630500922 -0.001643078887429865 -0.00033115743778415474
197 0.002762279055560951 -0.005656586697747441 0.00019797608324555183
198 -0.00275464104714851 -0.004234574997004753 -0.00026365332914476264
199 -0.00032016795115140384 -0.013745379497808144 -0.00719710117261569
0 0.0009597500754816978 0.007824600301285917 -0.038906560958353154
1 0.004402238590742208 0.003925255965729707 0.03513249895766255
2 -0.0020076261724036384 0.0009129139970898217 0.030605017036978484
3 0.004186325890513924 -0.0011567360605302772 0.030655064523391947
4 -0.0020261979684084858 0.0031918317425299204 -0.042001593149087094
5 0.00336162613814521 0.001159870603019664 -0.03734699942490679
6 -0.0015838591220716583 0.009279404741192251 -0.04280858349743334
7 0.0010375419995548862 0.006232482584969834 0.031235567934127878
8 0.004915810205031845 0.0006653688670770208 0.032545907965524104
9 -0.0008871025243110051 0.002173351672900819 0.0355580448000382
10 0.0003237064045689287 0.006696769627153775 -0.03808164661881738
11 0.010617950756177469 0.006175660117787973 0.03273161470482714
12 -0.005521104278679183 0.005986553747872179 0.040255431786542825
13 -0.002594961322321532 0.0034759588446713913 -0.03789900136099576
14 -0.001842371355698355 0.004456450316506034 -0.03892823812131986
15 0.0028903489266626312 0.0014620699814053666 -0.03777445065862499
16 0.004650035498112032 0.006762713577234292 -0.03438742021170391
17 0.006857470512177055 0.004674315597341064 0.03502353059137449
18 0.0018315937595225727 -0.007299836448061897 0.035475312830547875
19 -0.0017755543413305146 0.0033568856693388036 -0.03917463184568689
20 -0.004881764033753969 0.00011790631903543271 0.03066867333578914
21 -0.012080791046340383 0.004471285869137717 -0.041063154297746464
22 0.005812201969763189 0.0018857348120512865 -0.04392061519096196
23 -0.0035151833920933004 -0.004078712972544411 -0.03970713776553442
24 -0.0021116472648344854 0.0021355760358768086 0.03569489958596195
25 0.009453465604887065 0.0007963297255619527 0.033371067733805174
26 -0.009571568929645391 0.00553617804236157 -0.04090391627754086
27 0.009325566812335054 -0.0005966189187174703 0.03083368588411734
28 0.0009157794259104513 -0.0066738891754809515 0.03132426237317782
29 0.006286465067015426 0.0049727867778038976 -0.043632441073589
30 0.0013781869863334659 0.008126461192479163 0.03370664822878181
31 -0.0067345745606931726 0.006317864385017505 -0.03829630658947945
32 0.003847074115265109 0.00010194197349377467 -0.04352728697356666
33 7.856614748225771e-05 -0.00016950014529903967 0.03353865965265757
34 0.009485131008769354 -0.0012695500115694758 0.03842327450743824
35 0.0028869815661095033 0.006520951162944811 0.034126527497300205
36 0.007772814583212571 0.0010299454332403975 -0.03664766542212875
37 0.0043279275823722395 0.0035940617672403203 -0.03369507401582851
38 -0.00218426306903826 -0.000846544476461146 0.0391091864613627
39 -0.0027659180977655587 -0.002697935673883413 0.032500469276080815
40 0.0033796178781308997 -0.0020776550334738186 -0.04552232866764916
41 0.0015649113788206177 -0.006771842835299538 0.03264866972061449
42 0.006634729547465024 0.0016954293240559783 -0.04179082204373209
43 -0.0050502788403181675 -0.00038666244027132923 0.037577516222388314
44 -0.00526877539501866 -0.00023973120421916586 -0.0391516452613773
45 0.0018336402602444624 0.006619533110228247 0.03337594494180889
46 0.0029138352411046467 -0.0014851175873352614 -0.03851139167514768
47 0.0005282926302550388 0.0032791811629317748 0.035339275262098915
48 0.008916831965178711 -0.0013325574559882175 0.03276744196697897
49 -0.0038920978595561387 0.0034629224271982215 -0.04038505368847014
50 -0.007219869925525507 0.005741105429635379 0.036741767993667324
51 -0.0022055113726071537 0.002203724754244643 0.032453653759315734
52 -0.009572584102396309 0.005521767486681983 0.041718677709817464
53 -0.002754633532229305 0.010603399961091976 0.038462546857701674
54 -0.003589038185992592 -0.0016420017416075294 0.03463697444733002
55 0.004475160516220683 0.00019966848329486253 0.03895744301166177
56 0.005405349078737265 0.007972685055899065 -0.04083341027955509
57 -0.010958166086926707 0.00919730338940912 -0.03451341883193738
58 0.005450452667916293 0.004175943877333738 -0.035255752074439005
59 -0.010026209685939765 0.008199231925222771 -0.03535809922355667
60 -0.002429929496448241 -0.00230670274191821 -0.04690812182459081
61 -0.004735495449185565 0.003234301969632416 -0.04163179665146512
62 0.003641254816638448 0.005215035872497418 0.028921352337886855
63 0.012542095730973576 0.0034876261104063114 -0.0409190547646342
64 -0.006289365759441591 0.0010830103421022863 -0.03887296810300587
65 0.004274547399288578 0.0006147555237460134 0.04020691702923708
66 -7.65352273841835e-07 -0.0006324534887378348 -0.03820713378804836
67 0.003290484255999899 0.004461990512940585 0.03930024428186128
68 0.008218875058763689 0.005022597066577506 -0.0408408424464513
69 -0.003862921349832321 0.006180306646419609 0.023222067974055093
70 -0.002875847436129906 -0.004461832702056259 0.032992441396121286
71 -0.004327417440913053 0.002345711005144588 -0.03893284568310794
72 -0.0004065388266310116 -0.0020769459011145356 -0.039350502489548876
73 0.001889158967001934 -0.006639192852574569 0.03741078958238604
74 0.0009782934098382916 0.003288370170182117 0.03143216770936354
75 -0.003070452872230414 -0.0006895612698580942 0.035613447779543055
76 0.0020110844856207274 0.007489357503015191 0.03957980630360812
77 -0.0012130863430100149 0.005337985802609995 -0.026199370351990103
78 0.0003238080090560737 0.007339858007816166 -0.0435179767352543
79 -0.0026719153400448503 0.006446657007464584 -0.03362601459367591
80 7.925359959747719e-05 0.0024651249817779428 0.03136321441728581
81 -0.007316771027930713 0.007918989185365686 0.03828652024565166
82 0.0004743903461368222 0.00042032363572201345 -0.042585330387435734
83 -7.842754218702168e-05 0.004877400860189226 -0.046407332713353525
84 -0.007814244095595411 0.0025873681322485667 -0.03687331637349916
85 0.0012295306231045605 -0.0010822887398770026 -0.04019607839591567
86 -0.00999426458026817 0.0019173705275348923 0.034902580127715035
87 0.00034606664532702003 -0.0034573983005171324 0.03279791298821551
88 0.0014451061437380855 0.00801376026758807 0.0370858240905213
89 -0.008600729763068478 0.003938226934404709 0.03269512309299775
90 0.0015251269638074036 0.0004938758648169988 -0.04246513211945148
91 -0.0021302560552032904 0.0019820085649393596 0.032819497450256696
92 0.010110393061945264 0.006213869914345211 0.03596004037191858
93 0.005396494018951769 -0.0014973611971996065 0.03207809133208685
94 0.00272722880712762 0.005792377767455663 0.03407679685317482
95 -0.0026699904115198613 0.0015147696707358549 0.029600188840015754
96 0.006215477835193717 -0.0010156009456504939 0.03408078053406895
97 0.0006587498352181676 0.009740002578934783 0.0372076518518764
98 -0.004553327913090103 0.001640702230351919 -0.03642037462179955
99 0.0071501119014961145 0.0029929126184375385 -0.03009159784332536
100 0.0027913107029867434 -0.0006220929220584551 -0.03370499922261668
101 0.0014270860773754127 -0.0014454162053363015 0.03701995615854345
102 0.003365647240294395 0.004939061285617815 -0.03875754529852274
103 -0.004092522079792854 0.004152960774721305 0.03595536395579975
104 -0.003462057628198692 0.004694058180705868 0.0412210931526044
105 0.00267927357313957 0.009578772490663658 -0.04084118176628837
106 -0.005060524059658539 0.0013575460401849433 0.03656700222541682
107 0.006902193813995441 -0.0026860361860042425 0.03239905069363683
108 0.0006255221132788827 -0.003976908893479651 -0.0355198975591098
109 -0.0031972497962070605 0.0022894948706037583 -0.038916135091939766
110 -0.0018935344019865505 0.0008227774290706419 -0.03779578261433087
111 0.0039375135727718405 -0.0010432919360747715 -0.037909417045258534
112 0.008355737261237672 0.008262080705622621 0.02635883063759011
113 -0.0014095411436983868 0.005799183617122785 0.036168060449982706
114 -0.004129245755874769 0.0073532711914079734 0.03662445074474026
115 0.0031362768452676444 -0.002648502441401801 0.03597364180185031
116 0.00012646481363511302 0.004474294235733867 0.040408422583054174
117 -0.0070555125455988715 0.0034342727458403777 -0.03573544603305015
118 0.0014271330285605208 0.0016069592405824479 0.030105032908808674
119 0.001299834965108028 -0.002148612750175298 0.03689997838258604
120 0.014872987818976988 0.0013625120187314363 0.03827293691925972
121 0.0023081295093040563 -0.006396128757335931 0.03719745309820806
122 0.006912004173968964 0.00619007061360168 -0.034386106766496484
123 -0.008084418752684515 0.0033057822266442916 -0.04064483194282016
124 -0.005116035905735776 0.009576020631000359 -0.033432542631978625
125 -0.006278834015659818 0.0039580162066290905 0.03456400480622211
126 0.0038702011465689655 0.004559657762951967 0.03998460715287209
127 -0.00413686625539246 0.002030372293129818 0.035596718859158195
128 -0.00099079245643138 -0.0009231320169224826 -0.042425165999157625
129 -0.006748515864213336 0.0016234652785909395 0.03967076950146141
130 0.008503220038923925 -0.00044474943766642516 0.033177785628935405
131 0.0029339086226255065 0.003486838274732701 -0.0353730789603981
132 -0.0031154466645892526 0.003108043953006682 -0.041484787158026865
133 0.0019457754669020052 0.004121778450354387 -0.037838265619302175
134 0.005505138197236442 0.0020953398600272455 0.03847228927495382
135 0.007793277652030146 -0.0012809668526739953 -0.0389236316708276
136 -0.0034758262644321997 0.004446168474980715 0.03300200386081912
137 0.002114942760402222 0.004570853581840624 0.037549376864903124
138 -0.00020402598539853278 -0.0024468417221047345 -0.0430054291668967
139 -0.00628267925188894 -0.00027716173082648066 0.040401954899246424
140 -0.004701028216860859 0.009249069582040553 0.03639066352714515
141 -0.005669058820118998 0.007091903745670498 -0.037623933526714094
142 -0.0016400514910566953 -0.006969416860540943 0.03877400854429128
143 0.009600671557233847 0.0027625791228367176 -0.040331692000466754
144 0.005223166483999141 0.005104286795380296 -0.042581043947376
145 -0.0018660134131008033 0.00471238901761762 -0.03753091828329324
146 -0.0022688204203072243 0.0008242636622257174 0.04389548168074032
147 0.011603647560572139 -0.006651158189140263 0.038189624022850185
148 -0.0022039136027854583 -0.0014646986524905412 -0.03898347725552641
149 0.001322951248759717 0.006218048919554448 -0.03809825371278651
150 0.0005392117405969062 -0.00025098003354240284 0.039340631177444706
151 0.004804513030816131 -0.0025490509632797942 -0.036056166512998936
152 -0.004382752223367814 0.002681433554409831 -0.03155039812619441
153 0.0006705376316629361 0.0048863917388354584 0.0330318284177812
154 -0.0035244117991194562 0.004783353973502269 0.0423506011437523
155 -0.004679382603820559 -0.0017662157609474594 -0.0397121398741211
156 -0.004094175480374124 -0.002136118114213763 0.03803207943693014
157 0.0014891206463429757 0.003993413884472025 0.035444638668596845
158 0.002207379632119068 0.005006095818592852 -0.03780336800635965
159 -0.004680733191533587 -0.00409959994753651 0.03945985835268392
160 -0.005856796141678361 0.007256528781142837 -0.03345818590498932
161 0.0017486437967249684 0.002345919230819879 0.039204857261520176
162 0.0005801646014223505 0.002134984625022561 0.04318003473050461
163 -0.009000745754506975 0.00650900933057106 0.03979942017359359
164 0.004302505572754587 0.004406160283673416 -0.039248948247718636
165 0.0015104207256069653 0.006071698197561492 0.0350937876352613
166 -0.0022884351184263504 0.0017152061246600795 -0.03647276731297342
167 -0.006080915177006749 0.002951757675946515 -0.043390349329230506
168 6.621950790147713e-05 0.0009957939473143052 -0.04263551454577328
169 -0.003090433375471248 0.0012252210247187395 0.036498824823401735
170 -0.002128326992926914 0.0017273755533145849 0.030781212806735937
171 0.0035170192861233296 0.008977057538800192 -0.04352398979492298
172 0.0002839984399836317 -0.000765953460600162 0.03764051830568678
173 0.00021238847491798332 -0.0012250239055414044 -0.03106690433954082
174 -0.006258225861802351 0.0035119536828182446 0.036931683911365656
175 0.002861631416090041 0.013758780189378858 -0.03261022701637641
176 0.004622764366979632 -0.004482099191826766 0.034025410226191634
177 -0.0008902378172795794 0.008895248811400205 -0.03118369693542644
178 -0.003557753600553118 0.0021702232274320166 0.037851169301588335
179 -0.0005866069997490543 0.008300736189875379 -0.034495925149836
180 0.001212087758265307 0.005842541623944265 -0.031746579009736896
181 0.005841752682215696 0.005337931731927788 -0.03922407451984726
182 -0.0047548050119518015 0.0017787474047705754 0.03775375296980849
183 -0.005028458913420384 0.005231138297777563 0.03147710900838557
184 0.0028045567130301763 0.002374149386624515 -0.033848070768978986
185 -0.0013622346687133975 0.005599410670289698 0.04140769161949398
186 0.0010373323780357643 -0.0006318552867055002 0.04018925626346334
187 0.007159350921524678 0.0024974666503278873 0.03500125123563652
188 0.0037381547490204555 0.0014125318569447112 0.03773168974104614
189 -0.008064470452775183 0.0089041925062764 -0.03896169637081317
190 -0.005928375111305696 0.005009941875462022 -0.03654492026022574
191 -0.002273116597730278 0.0010922190690015841 0.030914688477808424
192 -0.003947849481639298 -0.000992276333466574 0.03880558791743332
193 0.0032341999532705806 0.0069260058927971616 0.030938926135638416
194 -0.003944067733082882 0.0059186816775809396 -0.04006490469035404
195 0.0035866390892606848 -0.0004754075479488744 -0.03387570051474262
196 -4.929081362325255e-05 -0.0012680629798694706 0.03679928687945744
197 -0.0026763972779759726 -0.005482417376716182 0.03330220267375757
198 0.000358054906606516 0.002058902340697912 0.0332019404673794
199 0.00691506966383925 0.004826283163654188 0.03508086147111412
