200 3
0 -0.43636603641906435 0.0415368351751689 -0.27528651736675325
1 -0.41741546969063736 0.29419342439154533 0.44864782818435706
2 -0.37307923718437447 0.1934214825771712 0.26128336864938656
3 -0.4676392335255404 -0.0463666921299342 -0.3590133028289929
4 -0.3677926129176454 -0.26489409835661804 0.22726365452387404
5 -0.379570076731835 -0.3905652925878932 0.2263129250687305
6 -0.30969959982602324 -0.2734352526104638 0.20487255860188747
7 -0.3371765577888574 0.22213129821312677 0.3863464626578314
8 -0.4482038405690326 0.025174084208114605 -0.36601182215835565
9 -0.44209787444317533 0.23940956686174236 0.2955921674613495
10 -0.42360768569056173 -0.256700135121357 0.1354700650464322
11 -0.36826115891811445 0.321160693705359 0.47844670600898803
12 -0.2919299651517382 0.2418724711894629 0.3178901167781835
13 -0.38247207886759327 -0.2888004442100255 0.1553765400552067
14 -0.4345780583896066 -0.40303030596903766 0.27942154791203855
15 -0.41533585017485264 -0.3094925539218986 0.17396001602891834
16 -0.47653966859576774 0.13425805135891786 -0.3850864927369134
17 -0.383052562571734 0.06380140636814866 -0.3748836876808323
18 -0.4137135164586389 0.10627040351127594 -0.3496711225434892
19 -0.35604334421662465 -0.2578549454196548 0.20187437425876675
20 -0.4859935262915355 0.08186401581065482 -0.49304529409119713
21 -0.3391792310477328 -0.3740162879003762 0.2121380934427341
22 -0.4042486459391851 -0.38596760368410526 0.3563947366297191
23 -0.4386559390183216 -0.037349198896637376 -0.36195023419224737
24 -0.44673780763223964 0.09782561570604284 -0.4816449788450714
25 -0.3740279358684739 0.3269334036415472 0.4789768506695187
26 -0.3979213712602752 -0.3002134393226954 0.30916357998280286
27 -0.47322211063936065 -0.06651953442973393 -0.49034006052704643
28 -0.47653930315660487 0.017042195240332594 -0.4459640159823261
29 -0.407246968557801 -0.34072225890247615 0.11570472914425005
30 -0.4731782913860773 -0.040471932715665175 -0.28880336444106874
31 -0.45143002874843524 -0.3215927329972854 0.2044058605732613
32 -0.4235807050827693 -0.4386668544473977 0.28604977714698154
33 -0.36272637213265785 0.26419374604935353 0.2704847468657664
34 -0.32225066820085696 0.2226260926931662 0.4120729888761969
35 -0.40846320982474354 0.305726741609101 0.29469494250528333
36 -0.43640615163080587 0.018603846753554764 -0.40859630401780445
37 -0.3872962481656415 -0.3167675499341345 0.20853480576648767
38 -0.4326116886102059 0.040383589705035555 -0.3403642810795158
39 -0.45719035302617606 0.0992948648945626 -0.24328345648934302
40 -0.3627467645856831 -0.30965633482098165 0.27698474120732114
41 -0.4173975600781824 0.06027412514257825 -0.33599246728615684
42 -0.3823008651888897 -0.14773677625194256 0.334166957470997
43 -0.28574766974362875 0.2948637689071349 0.36338886943477217
44 -0.3685635378456324 -0.3787556395626308 0.2025688647849462
45 -0.4701187494247895 0.027556718090552164 -0.45820747899659914
46 -0.36986831131191106 0.00811798779445555 -0.2527911050652153
47 -0.3845889939611973 0.02232467225430164 -0.33039326239310024
48 -0.49416526433961394 0.024480253760558804 -0.33608776491952813
49 -0.4390400021130225 -0.3465446753031769 0.19316670915722944
50 -0.38634482296130396 0.3320996866688985 0.3603288724576444
51 -0.33170289728864893 0.26643459387110274 0.4452771851077368
52 -0.33120272089172237 0.21681827972442283 0.41375974628151185
53 -0.3198510573793582 0.3649743797373539 0.3553568357746342
54 -0.4024325555878749 0.0752513395219071 -0.47906751303512496
55 -0.3080028937608287 0.3848574930740288 0.3582825644512529
56 -0.3393056667846264 -0.3117037561441734 0.28982319159408015
57 -0.3695869519775798 -0.24468517974189463 0.2755739384106555
58 -0.4033535863600686 -0.39832731049914205 0.2777401865760147
59 -0.4354210935588953 0.07385204933767062 -0.36034073608579076
60 -0.40692854087336994 0.04101954373177259 -0.3982255011144798
61 -0.41609233601167916 -0.29406287310758245 0.2817302236680057
62 -0.4020241886720342 0.3752454799514809 0.35988848513659233
63 -0.46461245585494604 0.04469590342554977 -0.4440655747371274
64 -0.411891733669284 -0.15978404874245208 0.2765410639269231
65 -0.49621427660315315 -0.0550287465723707 -0.319731722249228
66 -0.3923162336388005 -0.3027821305652906 0.29779721292399436
67 -0.32901586257952414 0.25931797043480426 0.1888413479371911
68 -0.36755610588313475 -0.24709161610742042 0.37032263045068586
69 -0.3895910778784956 0.36680556595998465 0.4048373886599928
70 -0.36265777045555203 0.15210896688460704 0.2670827769211739
71 -0.36617647606991716 -0.23057180105531197 0.26284747311100903
72 -0.4457191549229112 -0.462667896077975 0.2483508484170952
73 -0.38341012983173156 0.2888571920903323 0.30273754466006025
74 -0.3792368181915073 0.31976148510738994 0.28995594904089544
75 -0.2735008272911994 0.2526659691497608 0.31206484906583537
76 -0.3055307340136431 0.2534687851184627 0.29938401367658163
77 -0.3639007432801514 -0.3010285120256539 0.15535992401320908
78 -0.4452526888872905 0.11502079620390822 -0.4529819116290101
79 -0.4198958547113683 -0.3908071070201405 0.19792008944626763
80 -0.35179553168594635 0.2507759560398936 0.3778797022555197
81 -0.43958516694993793 0.07394891088802374 -0.3725509807294323
82 -0.4583531386777872 0.03578303308301785 -0.25977473305929144
83 -0.40841690964257915 -0.34248029098146077 0.28492917414530394
84 -0.4284531135600307 -0.002194863396852403 -0.27572804798075967
85 -0.42947454063150137 0.02174303998116961 -0.48086646474279177
86 -0.3735067830002236 0.3601815711052443 0.44830234543012465
87 -0.45212256416202296 -0.0005931344167044693 -0.28032678929969973
88 -0.3483107954168402 0.24881899829053356 0.30664903394555554
89 -0.4529773082094591 0.025274665289854132 -0.46878780634630224
90 -0.42050123152032576 -0.13543990188015964 0.38097803850035833
91 -0.3185476423607481 0.25861370034152636 0.23841801917730257
92 -0.30531461066678744 0.22909639649288283 0.30960240478043327
93 -0.4404745288932424 0.015368166705779682 -0.4146846015404779
94 -0.30560749589833375 0.27121346970433863 0.283231435455475
95 -0.36359623714113154 0.09361888262359852 -0.17200223358517178
96 -0.4245344707712082 0.061619715412994706 -0.40920887419923746
97 -0.4571595116946492 0.02202019899343268 -0.3401959484205246
98 -0.38805773524635523 -0.28885672467780016 0.2556050189732334
99 -0.34814910574778746 -0.34905160510499944 0.32577093697896875
100 -0.44559993136371406 -0.3927751351356809 0.25900499785564746
101 -0.4621447854334012 0.07380272767208992 -0.40129880099540316
102 -0.4906494033634895 0.09269714328670348 -0.3769851013456148
103 -0.42901261563216164 0.09821634780146872 -0.36880594377833
104 -0.42555311941395124 0.3479601204980994 0.33524443120498193
105 -0.41464247810631555 -0.3735956736933523 0.3044918280930178
106 -0.45446333267942385 0.022227206498109615 -0.26638462285490166
107 -0.3685564190842363 0.1838873466014809 0.20253401766831955
108 -0.33071557303427845 -0.36886010655831586 0.22712205994869253
109 -0.4097469151008756 -0.39646548941798193 0.08137506002313512
110 -0.3826132202407513 -0.29675976259598474 0.2988143396453446
111 -0.38967330725767685 -0.26372072874905433 0.3712411687912794
112 -0.3523054952901026 0.300545539857144 0.4212502514513463
113 -0.38019407532080074 0.3537693097478235 0.23766864716493757
114 -0.4628844126199867 -0.06821681635559339 -0.22230158615400275
115 -0.3764800517208514 0.17394435365649707 0.38652324288715917
116 -0.3085488862495307 0.2701211103921648 0.3872050507906201
117 -0.3394880983558988 -0.2970568408341933 0.3512795295453189
118 -0.34750030661370523 0.3451081113879913 0.38778411317973027
119 -0.4238184964616188 0.07235691109741597 -0.36760517192580705
120 -0.3083037114011307 0.2460629013121261 0.35273898380015123
121 -0.4176496138942227 0.4093796954648245 0.447252312761225
122 -0.4426217348943185 0.1094035352481123 -0.3921050511254275
123 -0.3696653824194853 -0.2638897170749109 0.2182335654490094
124 -0.37181049832020724 -0.3335213668265441 0.2929209899811047
125 -0.4474649609595944 -0.06014581359963779 -0.3433345550723545
126 -0.3654380601625121 0.3103730079908108 0.3179026200462942
127 -0.3247963495462552 0.2968620649335469 0.38381381920424157
128 -0.3355078967640061 -0.2649466815996235 0.25150637025637174
129 -0.4594298836379349 0.15367711504891943 -0.3570592388780281
130 -0.40451602136788184 0.013700953099971545 -0.3726836407199777
131 -0.3857105961618197 -0.24655724716497435 0.1804235881117285
132 -0.39196145043733344 -0.2991958575541442 0.31497430247573455
133 -0.45026570340247385 0.1559693915190702 -0.3477342784166019
134 -0.42848590046192875 0.4480833538326521 0.33480160383756513
135 -0.4636188464361054 0.023192033359730337 -0.44223930067242734
136 -0.45246518562710253 0.03369651648526093 -0.33528515865179054
137 -0.3285665266310286 0.17361819113804441 0.29123901268202074
138 -0.45124311534352873 0.022096207542833847 -0.34546304238728126
139 -0.3362319531142709 0.31232582983761037 0.39062896697583654
140 -0.37632938440927044 0.2487565805416078 0.29009697538156615
141 -0.4383564754068226 -0.25767342750238026 0.2651148260445304
142 -0.42053100077309785 0.002069948244554037 -0.4118688549683313
143 -0.43355741330785175 0.058671121089624495 -0.4162672794363727
144 -0.42023119512079266 -0.35514208749255066 0.2927453433348001
145 -0.45420761790580216 -0.3071279568711969 0.2634926890726607
146 -0.43609533727174227 -0.07509033176319266 -0.38159175309809
147 -0.41941055169219055 0.010366996843904732 -0.3387422863423225
148 -0.3378951968161598 -0.39563066578486084 0.21077127048167785
149 -0.36599451716099124 -0.3435381945390613 0.20682944889892155
150 -0.3633591076576035 0.26585660388243904 0.35180382771149393
151 -0.3688284098962471 -0.2518760956278072 0.23650416297433044
152 -0.3434259757830324 -0.34042694424372016 0.3112838604562205
153 -0.4439640604434358 0.06069929414675547 -0.41510451054076947
154 -0.34396582838842554 0.3231067758996736 0.49968830847405454
155 -0.3756755966766141 -0.47205339664952517 0.3167944903400911
156 -0.4093586929089282 0.0318325094926364 -0.3262842682289068
157 -0.35881057577358805 0.227879443783413 0.2979249136079174
158 -0.3563255224210656 -0.3931878594759681 0.18583375452899925
159 -0.3951451134073692 0.3253884178112713 0.22301957837954153
160 -0.46843839824344063 0.02842363510363088 -0.39655725350604887
161 -0.4452393028223936 0.03835698322030971 -0.2691374800451942
162 -0.4299837672443063 -0.05324654739598698 -0.32491628982020854
163 -0.43514863498687445 0.0735226164709081 -0.17463654101878148
164 -0.4081264017588101 -0.26308849499391757 0.26955942490963836
165 -0.35196082385767063 0.2953517134955257 0.32961628009576505
166 -0.462977095219105 -0.056725170706762175 -0.35580345914762895
167 -0.320600466856258 -0.3265930352438907 0.20094191671389958
168 -0.3924396317875365 -0.21141583510987388 0.31833705035845666
169 -0.44835488850415156 0.1299459122865799 -0.46932749931150125
170 -0.4214961128433209 0.061909629894490316 -0.46689148046929574
171 -0.3602461845552428 -0.3637833208638421 0.16377680737586522
172 -0.4646124708026689 0.011564400459136023 -0.28668043075042937
173 -0.39481171143784755 -0.3393803474623804 0.18411200450694223
174 -0.4263493194656559 0.025859546787814425 -0.335751666854013
175 -0.3439556641324309 -0.35981551710293824 0.3136095246804842
176 -0.5283692071890502 0.07594498072869893 -0.31242739060419
177 -0.4217178753607112 0.02468510393711195 -0.32501957852062713
178 -0.38314092432959584 0.34531090472926335 0.38857053393805724
179 -0.36546780707615795 -0.3273607374321517 0.3219359226843862
180 -0.4276407346072466 0.05092500680759904 -0.2805175579939254
181 -0.4265958378851607 -0.32551303573880974 0.27444295295012106
182 -0.372360488273761 0.2549129597329365 0.2617602035619087
183 -0.3816959459990667 0.35017927933856147 0.35470141551616247
184 -0.37813160039303034 -0.43596361338924294 0.1686275460018842
185 -0.37436344677613176 0.02269336352748208 -0.25867073633185006
186 -0.3419657736415161 0.2575970173898512 0.2230159450074457
187 -0.4008273197619168 0.0433765893704853 -0.42307661204088176
188 -0.45651811759977257 0.05870236653755109 -0.35352926244855054
189 -0.39224754292875524 -0.2979039860496691 0.20329743733010014
190 -0.39737693232962357 -0.36154508556496334 0.20235119833615595
191 -0.3437292540803268 0.20642891108566688 0.29584179506813846
192 -0.32697400423173906 0.2631923671573745 0.39357506810013065
193 -0.4845831437043155 0.04319539855759995 -0.3858625798096066
194 -0.412535620068842 0.054431979235794424 -0.33895887817254344
195 -0.421458856917223 0.06228541343629749 -0.28754063328436213
196 -0.37425601031665995 0.2759358756927457 0.2415109480980891
197 -0.39875188646938475 0.25183244764606366 0.458352588470019
198 -0.3116198053816073 0.30544034014561355 0.3905866070230945
199 -0.35407020187211385 0.31288471618865393 0.2642252022798791
0 -0.5622179851785903 -0.2838020265389851 -0.1251541949362957
1 -0.3712303753548442 0.2879754758369803 0.18071003830111784
2 -0.4320464858976135 0.24229762063248103 0.3704820645039741
3 -0.6092778036036492 -0.24482320245606037 -0.11253336058781319
4 -0.6171863383647364 -0.20096302938247532 -0.1894944732085444
5 -0.6213448309375141 -0.11040810399754718 -0.09065641202833793
6 -0.5863940418024085 -0.18676155486863516 -0.08707771786007246
7 -0.340764397906021 0.2818796319031929 0.3785795100351574
8 -0.5478666994419185 -0.2797146992552253 -0.18912392005972642
9 -0.3108053357225677 0.25702847118736455 0.28374283480278933
10 -0.5007411092057414 -0.3203043914154103 -0.030787194783342454
11 -0.3248076801027937 0.24758018547628602 0.31916866764925245
12 -0.38093823738130095 0.31094879836013434 0.36742454074669734
13 -0.5929522425536835 -0.32582052758865754 -0.15683399021518948
14 -0.635122691860382 -0.37185187997186103 -0.151703398897828
15 -0.5573274732618098 -0.2799826322236318 -0.13655867033313318
16 -0.6629284006029845 -0.14899291265207393 -0.2107689765371736
17 -0.5907050573336495 -0.33973185259328154 -0.16537281358055342
18 -0.5762950048646566 -0.22422627057764272 -0.021943091895742416
19 -0.6727221116238736 -0.3311271050889863 -0.1001773898197662
20 -0.6414584264507246 -0.33869997590382794 -0.08635018468449118
21 -0.5886328377379704 -0.2127589599209437 -0.11325328052787209
22 -0.611469168163447 -0.33611307521199785 -0.17341775361938813
23 -0.5492522397086226 -0.27171736549622727 -0.01694956388521168
24 -0.5997086063152446 -0.26629296545266395 -0.22904348066901367
25 -0.33160143779820206 0.2667166902071354 0.3712286259236195
26 -0.5466764783354542 -0.2243568517421981 -0.10160110653021785
27 -0.5459700673556167 -0.2824529671055074 -0.19942459943266844
28 -0.5302005991022362 -0.3043271652326582 -0.08854749162987417
29 -0.6136010535202557 -0.29597419545695985 -0.2008560202880495
30 -0.5959257970127215 -0.2468510538442089 -0.08494056425812835
31 -0.5935672314437889 -0.2707274549335951 -0.17280810824921614
32 -0.5771771257509085 -0.24257525160126242 0.09057352384751303
33 -0.4366834549309082 0.28465006490803474 0.38505476622059304
34 -0.32156946668038494 0.2937283746768546 0.3204802635211959
35 -0.4006551501481268 0.24043584577457355 0.4117873639434194
36 -0.595033390454364 -0.27440090338840045 -0.1501115986884132
37 -0.6178660264558719 -0.39271772710772085 -0.05274547057702653
38 -0.6101315145069052 -0.28746812678289774 -0.09015495406255615
39 -0.6124428815797108 -0.16489559174104818 -0.004622157187067143
40 -0.5232398453273739 -0.24895024204525648 -0.11482036348598625
41 -0.5577613033302062 -0.29793491521269044 -0.22337692655499125
42 -0.5660600010554081 -0.22747155013204956 -0.13655528149965343
43 -0.38419852717878306 0.2725410532404747 0.38627074588066823
44 -0.5762819208705436 -0.3312474110596594 -0.1529081911749622
45 -0.572600397610035 -0.2768727833329441 -0.2459993570346133
46 -0.6341621870039655 -0.23917438299355911 0.04540882872139586
47 -0.48916037282522445 -0.33552822706550645 -0.03596936826081377
48 -0.5441747816983802 -0.2698094797828152 -0.04899618164498725
49 -0.6287036673626434 -0.29778519583146096 -0.05794976851344641
50 -0.36451124558272396 0.3406903574158099 0.4089234166330191
51 -0.28146617460557233 0.30490582166626345 0.43886024326680245
52 -0.37954913400761603 0.2289127119379363 0.25945745366972395
53 -0.3075351786158424 0.2279717967477895 0.3948193492946174
54 -0.5881841485955478 -0.26357644381774226 -0.10567059307485117
55 -0.3949592510400661 0.2576242811572048 0.36046599490370074
56 -0.5910238480086031 -0.23721285331302094 -0.2435050800128324
57 -0.5760711508323549 -0.3450728393806195 -0.043263372065864926
58 -0.5304681833028959 -0.09809598237919631 -0.05614643725907939
59 -0.5436625228808074 -0.4482672183947296 -0.003791582061222006
60 -0.6104411572536896 -0.28007940742673604 -0.01662650764310131
61 -0.5889770610601315 -0.21336924897955695 -0.1539775453356944
62 -0.32759412242436664 0.2724116403639209 0.3326284824840231
63 -0.6368390039245335 -0.30048498302054044 -0.22607890005041634
64 -0.6301733519718979 -0.33297984933178015 -0.20195590532922064
65 -0.626261037549219 -0.34756384744594154 -0.3113141543257989
66 -0.5880698723780493 -0.3489884189026668 -0.14606841677728105
67 -0.29367457736813296 0.16243175473481558 0.18004842366593266
68 -0.5872350321055072 -0.3839798756821766 0.007653485003371079
69 -0.4110150646682488 0.28002929148803474 0.30507445818121187
70 -0.3594859167044036 0.29497833103473836 0.4021059140408407
71 -0.5555784528799526 -0.3103756484229237 -0.11567195826835416
72 -0.5291060770218815 -0.23693445292986698 -0.11846306118332128
73 -0.35143494959365135 0.3642642380599292 0.4105857506851021
74 -0.3309214335022693 0.3024465555784743 0.27332990492655823
75 -0.38332701136077435 0.3296572065236762 0.3732761922677864
76 -0.383643004670694 0.1396103614371443 0.22135432011616019
77 -0.6231010716288152 -0.20463815917442094 -0.2721478668792222
78 -0.5485720124921677 -0.19236311705927117 -0.1523862960246819
79 -0.6274394038857288 -0.2322990303784048 -0.14875027455113585
80 -0.3168010693162714 0.21469609437355966 0.2861437411026576
81 -0.5770811112395392 -0.2630137544518966 -0.12360066220011906
82 -0.607026042183349 -0.2452741932812004 -0.08486541996710247
83 -0.6134422682755681 -0.32672115147260283 -0.293644349156054
84 -0.6216357584672643 -0.3235951640602462 -0.23444162731740745
85 -0.5701146097329441 -0.08919837098613696 -0.1250260470176364
86 -0.431178944754251 0.2429158877655202 0.2963149046772179
87 -0.6046861037905336 -0.24507310598159288 -0.11728726330263597
88 -0.3472536327896859 0.18605702327795956 0.31219927255715946
89 -0.5958296478692718 -0.2313676908860719 -0.18012307867624364
90 -0.5399761824280709 -0.32681441278839757 -0.06236916194122038
91 -0.33495353056056487 0.1860675938986139 0.30327104169142605
92 -0.3314028462701842 0.1872117991805296 0.23297741331238847
93 -0.6601685228098438 -0.3703398771700489 -0.07729863442282316
94 -0.3498728737533428 0.3444978063492997 0.35612398282523905
95 -0.5311612897009321 -0.17987394176248353 -0.26771473806838714
96 -0.6241456728384813 -0.33545630358577094 -0.2752701220121053
97 -0.5883702888700306 -0.2645484937369771 -0.10523176976646705
98 -0.5379243546667959 -0.3071520737245671 -0.19940393503461984
99 -0.577058707470232 -0.3198241200515855 -0.0862391966276309
100 -0.5980642928640254 -0.24871385443280455 -0.16714001736303774
101 -0.6387623329721028 -0.3326601735280684 -0.18101504569329951
102 -0.5858850024048843 -0.26029176296784046 -0.023738311496149033
103 -0.5824323624058895 -0.2850786681420195 -0.07833515253445189
104 -0.37507699597218386 0.28646632217189794 0.4907505663983899
105 -0.5853622687156951 -0.2613570455396813 -0.04703549550964474
106 -0.5002226473420558 -0.2840249575106857 -0.20886972597376927
107 -0.3541204245494098 0.20705562982638165 0.24503092395774562
108 -0.6068553320440493 -0.4269952144238135 -0.07868434991518572
109 -0.5640429227382666 -0.15751915470256728 -0.21026478002257698
110 -0.5870265213944905 -0.17151537477415268 -0.28815458418143086
111 -0.5450023015288356 -0.19658945059912636 -0.06972618714411806
112 -0.3604240130186185 0.2675559995818665 0.2801317453191581
113 -0.34723762794827717 0.21846573336561415 0.3026340872603535
114 -0.5596030910323267 -0.26242181933822767 -0.1257212184920816
115 -0.3115460659181489 0.3629455427822401 0.4001900293270946
116 -0.33898157778668436 0.28360937102860084 0.22778972012517973
117 -0.5316254230463947 -0.19013188901516895 -0.08148056779613726
118 -0.37657614436464226 0.29772327445993557 0.30529492479207315
119 -0.6567129156534258 -0.3607442258897475 -0.15195909259963608
120 -0.2616737668106558 0.2785666809526921 0.3172397882961628
121 -0.3845551410466912 0.29077930401591673 0.3251051978905303
122 -0.5567942498628163 -0.15820584173418967 -0.2603475446116811
123 -0.5629699852792905 -0.19992888915429444 -0.06854564320379797
124 -0.593060043749737 -0.3234873303290382 -0.2437149313378682
125 -0.5958981957570127 -0.3160311735234388 -0.09104472366909751
126 -0.45233026649728103 0.23029667074308371 0.26427685005277063
127 -0.3649210894560097 0.24859165062659086 0.4336786993117381
128 -0.6259792474097056 -0.3514711647817818 -0.21634329808540778
129 -0.5609774687528065 -0.21673376836007557 -0.10389956483514584
130 -0.5321930004790899 -0.2588895287518219 -0.025476485940408907
131 -0.6599115728870683 -0.28352008170975895 -0.05047083209657847
132 -0.6575981793333268 -0.28653492295655136 -0.11801145700167175
133 -0.6406192461820674 -0.29425282058141466 -0.1687606163573783
134 -0.4153054726616007 0.36615673956848355 0.18286236949967932
135 -0.5481160161862776 -0.27112188854452435 -0.02166316026502748
136 -0.5853484954851045 -0.29944586364062775 -0.03102370237836033
137 -0.37593228429566033 0.397577862191207 0.3103383016932792
138 -0.5744536551117313 -0.25382361056827313 -0.15861737922737454
139 -0.33480060284869423 0.33075147416386946 0.30722799496033143
140 -0.3783847031125137 0.169995169234397 0.31943313839675186
141 -0.593453728969695 -0.2992531897087584 -0.2658771064917552
142 -0.5572934871920562 -0.2898146296855652 -0.15809263150337474
143 -0.617914028342429 -0.23745264278753644 -0.2020630511795095
144 -0.5295488560702719 -0.10872804902443915 -0.10490504002113592
145 -0.6529546697741142 -0.17875866757978007 -0.3159857396449137
146 -0.5552209361035307 -0.25791167712909335 -0.051207563103568304
147 -0.5450920419838826 -0.26329952043247956 -0.11517258769538455
148 -0.566578376914449 -0.26922442880091657 -0.14539269950958503
149 -0.5591375546093302 -0.3393946493542919 -0.17083394726727108
150 -0.3953257949496802 0.16638670713866802 0.39188906318088784
151 -0.6013279572155155 -0.27987625064593913 -0.2578294136949752
152 -0.5857793492170943 -0.27510004191440146 -0.06275368488317933
153 -0.5851366142544099 -0.2804283203621102 -0.24163827691281295
154 -0.407135386746224 0.28802853927950567 0.3176465211166076
155 -0.5516652099139232 -0.2676089532491981 0.04478899055363613
156 -0.5175713930121211 -0.18090093195231222 -0.27368873062240306
157 -0.3547470449114201 0.20502605184710973 0.441285247374589
158 -0.6386103960214887 -0.2887635346947047 0.012515817156503191
159 -0.4006392132133501 0.3588777952218126 0.27597537260729954
160 -0.6272676438402621 -0.4049353870458135 -0.2282382690289122
161 -0.5185153990823268 -0.23329653553525073 -0.15995508192155772
162 -0.5669586740452504 -0.2789831877829928 -0.11864759374393752
163 -0.5193108321859178 -0.20637898542228703 -0.1813711746844846
164 -0.6231868966284209 -0.2834962004250033 -0.11838681049367257
165 -0.39795222747684134 0.3022877309920713 0.38466330610418914
166 -0.6375664693794653 -0.3440193776836151 -0.17437866239887206
167 -0.5704860925019665 -0.22850939502112683 -0.07550336467542862
168 -0.6548812963229018 -0.26094243300233455 -0.08744330746045736
169 -0.6029129166689186 -0.28694055338517227 -0.1512767386644631
170 -0.586325355733298 -0.25494275510222275 -0.038143861470197306
171 -0.5495872595994055 -0.21785106444996222 0.009553207263517242
172 -0.5210679628687073 -0.2674146722973254 -0.21818575886624436
173 -0.6189543088766064 -0.3447230203372441 -0.16687317490795156
174 -0.5118069599967245 -0.3932139458977689 -0.04973583302482695
175 -0.5466180306966288 -0.35881023123869554 -0.0605822879240523
176 -0.555767207406384 -0.30502850191476943 -0.14317507917193234
177 -0.5970940179754486 -0.35504356173216345 -0.17679417705447573
178 -0.31810566469475776 0.28235609287447727 0.32637843561774177
179 -0.5678596646714003 -0.32871406962724603 -0.08160130264871773
180 -0.6192084803833087 -0.2907904528130106 0.0067285928487179425
181 -0.6283311954969659 -0.3088147420791411 -0.18992631983726163
182 -0.32306867893397617 0.2687838064622047 0.28564695508222404
183 -0.38285862541695537 0.41469546514363204 0.32978451428868333
184 -0.5610313416476574 -0.332008662408197 -0.06302855671599003
185 -0.597906746289667 -0.18357386631231631 -0.16027581587444598
186 -0.3721451589449135 0.27203633281285716 0.3335851153902423
187 -0.6201778026202558 -0.2611612856495862 -0.14677590009815406
188 -0.5385108483855512 -0.10812291902824327 -0.1813227194533253
189 -0.6439679245941159 -0.2333811490741638 -0.08495288414494771
190 -0.4954590744795111 -0.23578957365042805 -0.08354441226994601
191 -0.42576595553089663 0.213995892872118 0.1846900015978656
192 -0.3571462881902497 0.2070276569608097 0.3346068758151526
193 -0.5348839814672071 -0.22450152932640174 -0.09182014031072447
194 -0.6263324171539331 -0.42022064607655396 -0.06056812082031196
195 -0.567888229268393 -0.2840029214464177 -0.05471475500337809
196 -0.36885150444276654 0.1882764935870122 0.3419206500984131
197 -0.4034012262195667 0.3728068680678072 0.42513041848702965
198 -0.3669090436127431 0.28056134836245133 0.39607767063671623
199 -0.39356409054656416 0.26612269762930335 0.26373846959355934
0 -0.4589277652141658 0.30098993011536485 -0.04338259288534415
1 -0.530728242592297 0.36182053917270807 0.07953139386236519
2 -0.5355988298850567 0.29061020923487657 -0.17439038945893018
3 -0.533033941636338 0.3977805160703724 -0.047830663347095605
4 -0.3724741655484714 -0.3542728866772127 0.2781453307817006
5 -0.36410154569834363 -0.4360789822287938 0.18186539107446634
6 -0.375211584009323 -0.29631279833038365 0.33629802653160756
7 -0.5218446578769667 0.3687849478443801 -0.11563520375445462
8 -0.6331391701309831 0.48308420844946776 -0.027892098714282228
9 -0.6332454628753467 0.24358391462580944 -0.081525933423446
10 -0.40131795221745675 -0.4448815341218317 0.39485424690456594
11 -0.465236242747459 0.33237161652190755 -0.10562460280474648
12 -0.5566463471241553 0.26448550387179426 -0.10331874183033382
13 -0.3971387689117586 -0.3989774722362383 0.29563477051767567
14 -0.3916926148659116 -0.35962881797908475 0.3772988758366097
15 -0.42080892599333536 -0.3254859801511396 0.21067002816913089
16 -0.5740110796807405 0.36872658871630437 -0.0036031449323274674
17 -0.5850979287513176 0.3335107758783591 -0.028784962591819833
18 -0.627420389977696 0.4565623033454241 -0.2339077436970029
19 -0.37735139150380953 -0.2743476100005749 0.2390286422160915
20 -0.5416480387811061 0.41635568168045645 0.01400871423174787
21 -0.45169601506650514 -0.3870406896387079 0.22514035115928585
22 -0.36953461069057697 -0.3071919463554485 0.2936880302189134
23 -0.5270260457340363 0.36822132379199435 0.03216457840923825
24 -0.5551695200993778 0.4039079436809682 -0.1857266361625463
25 -0.5810418651868908 0.31686911042373556 0.1273099032296254
26 -0.47368813122792264 -0.3637532130230888 0.2523146654198334
27 -0.4876601876411812 0.309440817653928 -0.05473953624964435
28 -0.5846745200581441 0.3091667645308119 -0.0038620848022940762
29 -0.39133819507025397 -0.2337487319762904 0.1572151473898179
30 -0.5894861380052075 0.39712411618429994 -0.20353761169881723
31 -0.3865842738795094 -0.3459560618647665 0.2951227851632796
32 -0.36636039754101396 -0.32009821300111274 0.3495176328388593
33 -0.5969235554920556 0.2706835350014977 -0.07754482798257478
34 -0.5875376929171299 0.2507423445941769 0.03582743615091506
35 -0.5218299044449295 0.35621229217201217 -0.09809679061166644
36 -0.5922679922832202 0.36927203418082233 0.14043544687013707
37 -0.35686774572404945 -0.2632731693964929 0.2925462083216928
38 -0.5671168859299259 0.37644490112270257 -0.12112424313509762
39 -0.5788148652842597 0.22819345022263884 -0.12063232037643519
40 -0.34935368442600045 -0.3558985746622675 0.31329185179613356
41 -0.6255920311252587 0.4978868583931549 -0.06353187337127514
42 -0.4475491050813376 -0.3506178234920387 0.3473198745226498
43 -0.5585014606311614 0.3125701645701015 -0.21127051466256463
44 -0.38700936759334753 -0.31327170774231894 0.3583138852134174
45 -0.5435741116098971 0.3647076933583144 -0.08797537959026323
46 -0.5954800207568324 0.4093629674548658 -0.0743272036169146
47 -0.5287253811123942 0.2211379858115087 -0.05846983610624728
48 -0.5532021784812172 0.3621592768998184 -0.06527033485881525
49 -0.39469798443610776 -0.2740985067798667 0.3595189580755028
50 -0.6011174845311075 0.39571171484815276 0.033440041518432675
51 -0.5850992968705245 0.3068820752520054 -0.025877043562986587
52 -0.5919843457571358 0.37420667690084297 -0.11282458438545796
53 -0.5262180592735897 0.32586809490799046 -0.015482602970771966
54 -0.5017702681654183 0.3867384425053154 -0.1214734667666614
55 -0.5412982422846109 0.34602097473877713 -0.06519530673528308
56 -0.3730798852608995 -0.3095562709129244 0.28802301480986875
57 -0.42988357286137285 -0.3057790541756347 0.3334010427109731
58 -0.37186557826139466 -0.44651762784446153 0.28613977102777416
59 -0.5860682302094963 0.2537289142181021 -0.06288918707327738
60 -0.5844208833087231 0.32059518618229005 -0.069790234935539
61 -0.3832858807606873 -0.3443335258128287 0.2454739346362417
62 -0.4742681559443498 0.3453250239922672 -0.1693041225512882
63 -0.5708058414233478 0.28249942537155615 -0.010741292375305038
64 -0.3896944712151946 -0.3935044563774769 0.2418984349502619
65 -0.5697348522638298 0.410682268643397 -0.020552786611135243
66 -0.3595392679355115 -0.3433437823336566 0.12485291078085793
67 -0.5775139543025104 0.5119055496793175 0.05347011791065226
68 -0.38735898877261404 -0.2613570294741337 0.38099021755063267
69 -0.4941188063477411 0.32909667551227334 0.03835810487112296
70 -0.5777800052535191 0.36293492539244715 -0.17251020571187625
71 -0.36105634787913427 -0.32784923203405353 0.21469292546991578
72 -0.3428435754286877 -0.4016370351669023 0.3778610330190844
73 -0.5559520827163692 0.28228355285682805 -0.0962071425935131
74 -0.5079176284991408 0.2961473843907818 -0.029242928230624014
75 -0.4930857591803576 0.29579651766697557 -0.07775203496327691
76 -0.5674828631001797 0.30886190209650466 -0.06662053411316028
77 -0.3828379510198331 -0.35971326535026177 0.26923334333003845
78 -0.6157840160095961 0.3452241854479615 -0.09822229026093841
79 -0.41056826107516997 -0.5060203274785576 0.3191992950372925
80 -0.5565574234260783 0.30748320237181637 -0.026083253216693535
81 -0.6305662601792574 0.34843393531502603 -0.17471284580604737
82 -0.5930709226844463 0.3853760677448703 -0.30407661042696466
83 -0.4790130002835045 -0.20269141773990515 0.16724444024912463
84 -0.6011809444890603 0.4416330778306236 -0.16855824722963694
85 -0.5568229725275279 0.40336054857049053 -0.02731909885765657
86 -0.5391695442199329 0.3933107626395808 -0.06638801354508037
87 -0.5398827554260618 0.36476591160505833 -0.048101094398474466
88 -0.5822949271675602 0.2782439976043775 -0.012343974707758542
89 -0.6501837510849365 0.268711575379033 -0.13503291858329144
90 -0.41002484448940335 -0.360388347737375 0.3089313923835444
91 -0.5071263398120459 0.3018974883153514 -0.016185669700935868
92 -0.5671527000153468 0.3967964290617811 -0.12092407920629841
93 -0.5958801099003811 0.22248207670920764 -0.13656709104544265
94 -0.6087727745174597 0.35990026913004736 -0.0709921469810535
95 -0.5954559057045017 0.37813250203040566 -0.0526216722153305
96 -0.5718169116514754 0.34719583207439864 -0.0491592752142287
97 -0.5253172226347551 0.378852339750047 -0.03892747928692705
98 -0.3417961325677238 -0.3440657265047569 0.23586780877877303
99 -0.45916514800617936 -0.37120922296099096 0.24180257052643564
100 -0.40132781715416094 -0.28578299422187464 0.3203505145356293
101 -0.5363924433714623 0.415483248545313 -0.11730381856797749
102 -0.5702176995848021 0.3288826135861868 -0.017875451083223196
103 -0.4809406794264148 0.37713709080015856 -0.1577270271740022
104 -0.6228155501549567 0.23876757594454143 0.15106045452996925
105 -0.37661792130483335 -0.29865692925618836 0.3686720078426403
106 -0.5547741418048422 0.34559523704503065 -0.06614836208767952
107 -0.6108178284338561 0.36148320853756644 0.05114034988962369
108 -0.36299976169867915 -0.2827153262706277 0.17806039170564977
109 -0.3638018211691341 -0.4064370100903338 0.24037478717217617
110 -0.3764278373351181 -0.2698523188506028 0.1997215544459813
111 -0.433928086051146 -0.3295485709467566 0.337620094444468
112 -0.5718022121263836 0.405859938693151 -0.07469805555445552
113 -0.6317026510549377 0.31188145767438324 -0.11730926855104726
114 -0.5408053239227333 0.3551926559661225 -0.10218961344817788
115 -0.5176646477916915 0.36532369822720157 -0.028327328096728537
116 -0.5751514434500886 0.38379261506373324 -0.1713191559728352
117 -0.40470475290867974 -0.2387361472836237 0.18819639989480477
118 -0.5513810754638763 0.40637372601281324 -0.02941518915290529
119 -0.5582122475753668 0.39759340397930953 -0.09437814296383612
120 -0.5205810479686073 0.34536360696466945 -0.07518415509115091
121 -0.5518682604004003 0.4010955970653299 0.05962648534539825
122 -0.531150680935457 0.37979517909721106 0.0009505511979866385
123 -0.3898371117919206 -0.32886403481990895 0.2704814232117064
124 -0.37124467120916366 -0.3755712015803438 0.36954212745283715
125 -0.5900261646256226 0.3337238524242693 -0.12527826424831454
126 -0.5542848426399 0.4436504945639592 -0.06482755269157381
127 -0.5438232727054185 0.3319350751434676 -0.08351174972065147
128 -0.39922601543583675 -0.3335227004268803 0.30499039879686907
129 -0.5567986357250743 0.38089534261734437 -0.1091287672881047
130 -0.5106082780566293 0.34489249266958893 0.04009917000373777
131 -0.36949791151748124 -0.36719737990123563 0.26421418645808376
132 -0.34422166240999136 -0.3052237935480497 0.15878468958682404
133 -0.5334548673019086 0.35595481780942023 -0.037137260707511735
134 -0.5267580944421502 0.25486703469149347 -0.10264466999884106
135 -0.550973178391783 0.24336940610882918 0.07662567875361803
136 -0.5860491328695898 0.41526979909777967 -0.13881562412636383
137 -0.5689432531613569 0.4037062203008846 -0.014448258900735759
138 -0.608626709254401 0.3143669923714125 -0.1563512451365601
139 -0.5323349785251966 0.2300427216596664 -0.22837493997882627
140 -0.5327310930192257 0.35828320657981605 -0.0712564292908432
141 -0.34336575496035404 -0.3114339168332646 0.18452220118886836
142 -0.6209648812685845 0.34461231080762056 -0.19039233006758585
143 -0.4609585998626408 0.2788958841807079 -0.1605706578701238
144 -0.41234674629398366 -0.30518046638127166 0.22389886366229036
145 -0.4665393147452959 -0.41238143944908756 0.27041401216651806
146 -0.6486866159122362 0.33563556171474634 -0.032003218240880496
147 -0.5381093753682347 0.3915479162818628 0.047894987252437154
148 -0.35292677921524074 -0.4120555091128384 0.29181299473655997
149 -0.3846549403836747 -0.42442634502388854 0.32999162654568964
150 -0.5712141332574535 0.37516434257320613 -0.027378488248167195
151 -0.3349120572875121 -0.3110543625381146 0.26584057623800134
152 -0.4111632054693505 -0.44249900530115827 0.41264414036677327
153 -0.5356171483472734 0.3195246915998978 -0.12923197474052636
154 -0.5496275693039824 0.4741048964022269 -0.0826863590260624
155 -0.3574505689925646 -0.27964815259962966 0.266947891047711
156 -0.6395986524951314 0.259473090854494 -0.20665285162717142
157 -0.5609040343980238 0.37703935431602636 -0.09556504158185647
158 -0.37325707772840594 -0.4748176434012047 0.305171338520081
159 -0.5978720541015542 0.26999181573846437 -0.08663809142877532
160 -0.5752427890690694 0.3437609809779443 0.0024470585868793977
161 -0.6569697816862711 0.46272204963416935 -0.007878114337326143
162 -0.5930564615042002 0.37093564115846195 -0.052722551731235
163 -0.5591146981095355 0.2565407645033461 -0.15200468792900432
164 -0.40267652533885623 -0.3138985085113459 0.1942253124250568
165 -0.5616301323236036 0.250271650307592 -0.15494735706357168
166 -0.5257204315079008 0.4811613403603138 0.0014795210830991158
167 -0.38836394549164505 -0.36465181259078155 0.2808438440844132
168 -0.3733744512132521 -0.40553834534127137 0.25423879969877067
169 -0.5087776521435005 0.29243842987372165 -0.20026358875726097
170 -0.5541523706112048 0.255758501688646 -0.16974198624299822
171 -0.3248755992257576 -0.36670010957916604 0.3329450199739146
172 -0.5930897077491216 0.25630623955010784 -0.23598869155115473
173 -0.4065927438589345 -0.3141876967406173 0.3772902421999517
174 -0.5310770690628861 0.3843026656011797 -0.135021410698453
175 -0.34933508079319975 -0.2144136993566841 0.3188388790634813
176 -0.5267279569635939 0.3214970455213551 -0.04850172616715755
177 -0.5934318749902271 0.2993874563890843 -0.12735320164368916
178 -0.5121736938300524 0.35885664928446925 -0.15742416124314873
179 -0.3805977867487881 -0.3429460360203992 0.30782694152401335
180 -0.5373017537263267 0.4193428970464635 -0.021879740954031623
181 -0.3775920891079871 -0.2661756257359357 0.2521445667814745
182 -0.628708016469514 0.29305675031491785 -0.12987259394709288
183 -0.6174144010377206 0.46088180898455183 0.004182274274189573
184 -0.39009549721326076 -0.3422497081133337 0.3752363331825573
185 -0.5367293020256971 0.3696861401471154 -0.10565816528699189
186 -0.5505566039129638 0.34351588149684237 -0.06732026108516181
187 -0.6395438694970439 0.28343295597794366 -0.28657161889771793
188 -0.5915402436886614 0.3460866917607976 -0.14348712424279284
189 -0.36034709412618404 -0.3681507654935444 0.22961482992888202
190 -0.37786129373253197 -0.34997607057635094 0.3561212446302088
191 -0.5301734604336945 0.3252910257994427 -0.053138427992490835
192 -0.5992343857255052 0.300667669044602 -0.036821781044042746
193 -0.5467001983396752 0.37005838879649494 -0.08322476373875716
194 -0.5578903927656137 0.23395262166533906 0.013208558580869025
195 -0.6147178153292717 0.29661223550201454 -0.1401032156484914
196 -0.5904086434627001 0.2771206243637294 -0.24096374525195927
197 -0.5910611517237606 0.4276136389791492 0.03836998360405482
198 -0.5686423440810541 0.285721348000329 -0.07878698380077849
199 -0.6284594851518172 0.29002611311175674 -0.11207634672998176
