200 3
0 -0.3991856456384422 0.262098899388401 0.00477561696977165
1 -0.266242863043938 -0.13833035005130723 0.22669124073112049
2 -0.47723131907313987 -0.3221240560436067 0.021046571312109092
3 -0.41558533914672896 -0.38351181438021487 -0.017981272074809918
4 -0.41152387143597613 0.20773779126913341 -0.27011519181441307
5 -0.48155908827764227 0.15834331081311417 0.251189198095909
6 -0.3396208348803839 0.19971520971297818 0.1086534544026153
7 -0.4055578872235495 -0.2529341418273508 -0.2069352274391
8 -0.386019385872565 -0.161510135003978 -0.036948830344288176
9 -0.39521950120789207 -0.21330911005005268 0.0986382098894045
10 -0.362754921257312 0.21204138847475207 0.12374877099906592
11 -0.3178704445979418 -0.16596708026776394 0.07571239862694588
12 -0.4101886056460685 -0.2458162017412983 -0.052031594604814234
13 -0.3816991496172651 0.22919773128445264 0.05720228461924495
14 -0.3564360218912443 0.14951008494279253 0.20706355661386489
15 -0.3321882661684074 0.33112481034437774 -0.21549432900537216
16 -0.4307138413215094 0.3313252884149222 -0.14733953966230903
17 -0.36141346861173895 -0.18405108889977576 0.07178458015678686
18 -0.42197154750881366 -0.2322263659195369 -0.126149775341131
19 -0.3374616545043595 0.2010562516953211 0.17407094885231258
20 -0.316183626752972 -0.2070712110687915 0.16437582776865522
21 -0.34710218158145845 0.2632826215126421 0.17536608481963367
22 -0.40303295673058237 0.41050662654119036 0.11873624073901226
23 -0.3632183231191142 0.3144477274965613 -0.05325815229155213
24 -0.38412454492748327 -0.12374367318323486 0.16872143731208114
25 -0.39832358787373356 -0.18724395956033385 0.18120233510483516
26 -0.37740069322836045 0.34581794988030384 -0.06691587038070775
27 -0.447589335068927 -0.2063696200811353 0.16705994614690187
28 -0.42344926445528486 -0.28424711145990605 -0.019566417173284903
29 -0.43548447039968535 0.3025007936624113 -0.2906832940865467
30 -0.36493527544906657 -0.19834768409030015 -0.021980733214909724
31 -0.41851883549695834 0.36643218224650426 0.042131060161097134
32 -0.3409826361794881 0.2781878612035246 -0.19746100260512828
33 -0.2795374220500044 -0.08259683788251292 0.34311567535733106
34 -0.3045192020974727 -0.0663878612192622 0.060454238736583565
35 -0.3353084636822186 -0.14000814448554846 -0.15185381499481865
36 -0.41098603610555473 0.317382888924446 -0.03254222619671001
37 -0.4058240520622159 0.28787139353960317 0.05890357858671645
38 -0.4045267563240005 -0.28051910300919664 -0.4287010931841044
39 -0.3970883297375917 -0.25112193390887644 0.22997021201011883
40 -0.409176603298599 0.19258986853642882 0.024101543521477867
41 -0.4627888779003373 -0.25948123654582644 -0.2731994315658069
42 -0.40824876686182077 0.3512117864250442 0.04553341258871769
43 -0.2993553454921355 -0.07536526203099231 0.05244183190023177
44 -0.3361470900505278 0.2531924371874421 -0.1802321390431738
45 -0.4679955554864223 -0.20530487541587103 0.12392974196140621
46 -0.3765068078695107 0.3482129050466802 0.1302652219355311
47 -0.41979087448654595 -0.28435427096308086 0.2455147761515284
48 -0.38222494797148543 -0.35462579965477514 0.010585852919026145
49 -0.43519943868068683 0.24569180732312912 -0.2979405601678341
50 -0.24018172604366517 -0.032529323427172595 -0.08756227347729578
51 -0.38832047707100353 -0.18105167247086879 0.08373352427144015
52 -0.2880956177940837 0.011406883280765187 0.09331028402450221
53 -0.31464212946586373 -0.35789509934330027 -0.24544228623252676
54 -0.34588975589980503 -0.19724573491817898 0.004541285069993676
55 -0.2785273037246255 -0.012641110549945649 -0.12091684952103722
56 -0.3554772794272522 0.3741347969213057 -0.006914359073622671
57 -0.42979909391468396 0.24919428308376448 0.250118052679507
58 -0.36746005678668264 0.21729708196170264 -0.21811133847479197
59 -0.391375564506085 0.276961362287933 0.28934761975049117
60 -0.38705600057291273 0.3693274158143564 0.22921191052783235
61 -0.29769542805145494 0.28057478025825733 -0.04494368280308711
62 -0.4469453621814793 -0.26210020882591484 -0.17480899234929126
63 -0.38856979758717464 0.1451126158456074 -0.07140536318769776
64 -0.3068073777646486 0.2273209683614041 0.10665578123290262
65 -0.5137484855977973 -0.4327584364962278 0.08792892439828257
66 -0.37042906804859344 0.2997881333820957 -0.05605345139982324
67 -0.26443483356925024 -0.17379350461578497 -0.0062294525048934585
68 -0.3178740328595835 0.2700644490125963 -0.07019110183344501
69 -0.33700553254757387 -0.11641073954662892 0.276314126234983
70 -0.4026318748796926 -0.2555775231486331 0.0955578723101146
71 -0.37891003833551945 0.19455973139012786 -0.025675457472561388
72 -0.35533532294038994 0.31120800556764183 0.030055363179470086
73 -0.30668179607665425 -0.13788348882228446 -0.20793524848842157
74 -0.37815283579078196 -0.1629249471255106 0.15958962496999884
75 -0.47543923677308214 -0.09116901175207204 -0.07051876837078837
76 -0.430595849644207 -0.30014083499771055 0.11930754674195825
77 -0.4199743012200984 0.3415439421149961 0.17870748311572318
78 -0.4756021247739881 0.45988332900834544 -0.04791759638750578
79 -0.39925178982798937 0.25325895793025477 0.26303995154503623
80 -0.3752555709363642 -0.2865419370597487 -0.17742237498791766
81 -0.40151143803250394 -0.2708912176620241 -0.19606300664862392
82 -0.3862294224803958 0.3342011872888048 0.04089650832912038
83 -0.4456331956891409 0.266768005905792 0.10405600272230203
84 -0.361473056442771 0.33440330376229527 -0.009404313238257333
85 -0.2982929902142211 0.2097477635159693 0.07521091978723199
86 -0.4014806115398875 -0.2009194641789535 0.016715603557207193
87 -0.35498224739842277 -0.1743148482100957 -0.07933169872820221
88 -0.47004900191293164 -0.3656621677931281 0.1867164226056996
89 -0.36547602246648897 -0.19611172441164312 0.046689583722403935
90 -0.3373426264221376 0.08065485484967189 0.11549441747689618
91 -0.3506929049430873 -0.34880066415512784 -0.038267385835552864
92 -0.3509184461421043 -0.3597780989708363 -0.05884334974270013
93 -0.4523222344254859 -0.27186149108578084 -0.23724727998238554
94 -0.3949294407058126 -0.11363362635612084 -0.08178164899059777
95 -0.39066293291207227 -0.21789917529035374 -0.1588621814435629
96 -0.3641532431636482 -0.11623248462038403 0.09702504401083997
97 -0.463382241456193 -0.3066347178374127 0.09995603993480891
98 -0.453755764196976 0.326416996438634 0.10917967261009472
99 -0.3768327151564492 0.2586993168666966 -0.11019881076528984
100 -0.40512441127058796 0.15933049709712246 -0.29418520096104095
101 -0.4068280793412204 -0.23057960644915326 -0.015820171162002617
102 -0.34862636666880226 0.2197687047105856 0.02872979329739422
103 -0.43536953433637887 -0.1708100761608015 0.0072008965818765765
104 -0.27600338319104345 -0.12179410578422904 0.36485431786232425
105 -0.3640801325593575 0.16809271254397387 0.3801002147457304
106 -0.42281390598808816 -0.2094685556946088 -0.008040318237021237
107 -0.3492287229424382 -0.18929954784604106 -0.12578869436961426
108 -0.4253584252934967 0.30782864327061904 -0.054263415582810684
109 -0.38506213369934117 0.2417697510143857 -0.23890184607147857
110 -0.4666806663143885 0.13546845229875792 0.19601585850998396
111 -0.3933483099466889 0.2172492148009921 0.2119512918091006
112 -0.2726396421389152 0.07495738347874173 0.1340632718973474
113 -0.39281511494852184 -0.21339862056350198 -0.015725904290355065
114 -0.38142219674539385 -0.14038659032703035 0.07995789882078186
115 -0.435702957618916 -0.1932735699825127 -0.11726744219624356
116 -0.4065600473195935 -0.2482650748482413 -0.3709021209235629
117 -0.35003792281155927 0.26588337712621757 -0.2124947668492856
118 -0.3636315908928711 -0.10863837130993881 -0.20038428022108604
119 -0.4442065480649926 -0.304862199026062 0.3031254283511737
120 -0.4627442789628873 -0.2141575757428863 -0.2466990265574264
121 -0.38343706820336826 -0.32451675431683064 -0.06680468288644675
122 -0.38917098991733 0.11091511841357449 0.10895024879616105
123 -0.36925355559837003 0.26954996487331523 -0.09149667275789668
124 -0.3597402508188683 0.12734571286743718 -0.21017999226759482
125 -0.3331263365790211 -0.1263562441725072 -0.0652113272851491
126 -0.4331806986247507 -0.3278946467055896 -0.041679851887828065
127 -0.43111187090734215 -0.22070402747143986 0.023202927277506148
128 -0.30429892366627104 0.3329560943373342 -0.02029599659678883
129 -0.3803403625521513 -0.2982775470376729 -0.18058506752735398
130 -0.3625984271896411 -0.2386975175081657 -0.06770525492129321
131 -0.4275666146692655 0.439361130300214 0.09891099804645596
132 -0.4209526513235354 0.13401969976931716 -0.23172902503689757
133 -0.36612194358171124 0.1945834607310606 0.2982142462730222
134 -0.3512962320926117 -0.10478041689305545 0.2974697423650731
135 -0.3971757834808941 0.4328638935722962 0.1362851125867891
136 -0.3406148513551572 -0.1879081868368162 -0.3110246066305128
137 -0.393022520856927 -0.2095983979023391 0.0166214065823173
138 -0.3638737745438152 0.08061215572480093 0.17435552004395996
139 -0.26262630049972896 0.022877976223386977 0.08080777793891644
140 -0.2682755091957858 -0.03610001111091523 0.23492009906283542
141 -0.43250111031339933 0.25906773255384163 0.09996003849450436
142 -0.48617204018945376 -0.32413088301518556 -0.2976681217018841
143 -0.40714539285973883 0.2281124071151621 0.10753284959765771
144 -0.36255183429966653 0.3250196217509342 0.11674284025987328
145 -0.34998318129446065 0.1430700095769994 -0.08456307327713675
146 -0.4259260362790001 -0.2967884764322623 -0.10223012056288766
147 -0.3215526038178606 -0.22828562505393835 0.3319148262284564
148 -0.4155314354720547 0.4176571993654994 0.20846130543392916
149 -0.3869974156297005 0.2866782634916961 0.5109744992252486
150 -0.2657420715278816 0.08485017249005149 0.04083230515795476
151 -0.3427791945119255 0.09436347923971353 -0.03413574780119563
152 -0.4076887711129327 0.23693251201463073 -0.07476774734302119
153 -0.40440812145489896 -0.12596658593749516 0.1475517820499298
154 -0.2545934387155515 -0.03581005337763172 0.14298403730396192
155 -0.40377513801015785 0.15835058379022304 -0.05853828957233715
156 -0.38655041346665586 -0.2777133875441184 -0.06324579088144032
157 -0.40886152436088197 -0.2783423898292163 -0.2527676206468116
158 -0.3697622853219709 0.3145795042798902 0.08385640740354194
159 -0.39002007660490295 -0.24635420371424452 0.06122014215396661
160 -0.343090121539798 0.27922771780285716 -0.06527200034068267
161 -0.3673141623084723 -0.3098542958796824 -0.15923902239702986
162 -0.409954069975348 -0.14174669905558382 0.03828722765590133
163 -0.4330391178694786 -0.3437149768516647 -0.06143022475598528
164 -0.24961922461244734 0.22707727053470259 0.20886699722228982
165 -0.4174202287394539 -0.2878992252372252 -0.005369376271880836
166 -0.41448609867666303 0.2014530249196064 0.0009389693511058244
167 -0.36621063315594166 0.24921720360085378 0.23261192483637674
168 -0.2786200465637677 0.28984982493961386 -0.13499108315892336
169 -0.3870052363421037 -0.22621356583856134 -0.17384658462397196
170 -0.4134346084807559 -0.17254339339736635 -0.28968903685121616
171 -0.385751279748673 0.27509543992681773 -0.04607813596858524
172 -0.3923432077011859 -0.37776866591342584 -0.03393383258492651
173 -0.4520979193471648 0.44344126395353434 0.01858693765645637
174 -0.39929430517749026 -0.2044710411484335 0.17485029908193575
175 -0.3343126962106906 0.21883348007794118 -0.039426459357012035
176 -0.40563427909113986 -0.2543838220066906 0.015535655117560046
177 -0.3966133955781225 0.1364797949778285 -0.27031374351123855
178 -0.2366577343877002 -0.004566970481692966 0.112027681709141
179 -0.4128232263944267 0.07873705039306392 0.10355885104352788
180 -0.40444110481751516 0.1987268499430149 0.15725323677140157
181 -0.40344585417869255 0.21341037458153453 0.1756898783303957
182 -0.2840899177764398 -0.06156784638821623 0.1291683132460193
183 -0.36994539133819293 -0.3283594270243777 -0.2268651249307888
184 -0.40301167488106787 0.29445699127222424 0.23143832969614797
185 -0.393893286605798 -0.1555711915778728 0.23889476648704805
186 -0.40543899587737703 -0.23877141244347877 -0.15050610569914108
187 -0.34379978680757445 -0.23178787376899118 0.05958578177358983
188 -0.3793227446504897 -0.11441326136312992 -0.3499208013510829
189 -0.40463828693629805 0.328247032969457 -0.028572815561131327
190 -0.31245539578626363 0.1729560446729551 -0.03682993379358035
191 -0.4347070734072034 -0.2597648335208852 -0.058515021972907276
192 -0.2868756424428488 0.0930094358516082 -0.04555712708173178
193 -0.43683440373229704 -0.09419439672202103 -0.06621542277362334
194 -0.44136529944568115 0.3770945626202007 0.04609572343793145
195 -0.3946904168762548 0.1982723630493104 -0.017912093927273165
196 -0.41197158839435016 -0.2822085218621725 -0.29369792564015795
197 -0.3804114577122137 -0.28702367775187365 -0.025982227684060118
198 -0.43107730592374116 -0.23602170335029346 0.09898327010332286
199 -0.429006590833314 -0.283626875898365 0.011098617088387204
0 -0.5572188689901426 -0.07380546641676689 -0.17671340598649035
1 -0.26356841108074824 0.05259776425408495 0.11214607707965539
2 -0.48285090900622535 -0.10481706006570149 -0.30365364766845576
3 -0.4493406759872052 0.14030800366191598 -0.24595936475212812
4 -0.5475301848030822 0.0022826695402518257 -0.029544711848653534
5 -0.4783759872028869 -0.11440801720917397 0.22051438109655783
6 -0.5121313430355904 0.08480119472846294 0.408704197146585
7 -0.5239838404182746 0.17880860692872716 0.5364492730268109
8 -0.518990237959219 0.1778592279280804 -0.19138228140009317
9 -0.44006418511721823 -0.03659995965677929 0.04750673103331168
10 -0.5553689409092258 0.1033484346676559 0.20051824076429822
11 -0.34085223097959194 -0.08076824230379692 0.12289692862392974
12 -0.5024814030134508 0.09499197929111348 -0.10606474163509015
13 -0.600552631621802 0.0674785015032243 -0.1897085626224348
14 -0.4843194775118857 -0.017985098030749123 -0.05029729687145825
15 -0.5579194348116351 0.04448759851386623 -0.070549980637309
16 -0.5378835209088342 0.2582562904561546 -0.3254745300452094
17 -0.5016175666646783 -0.04502801300919511 0.1585401820034122
18 -0.5493995110324578 0.008859656111110534 -0.09112897156809938
19 -0.554438926930622 0.09646400267670713 0.35480807608115716
20 -0.43691002776871757 0.054480484516706056 -0.06365148151184008
21 -0.6281505032316725 0.02368764534658033 -0.2764036025145918
22 -0.4475061071612405 0.03862331955623256 0.008062035204523694
23 -0.5538561284247921 0.06007882464402008 -0.060737894753179186
24 -0.5653525337424595 -0.05111411107505928 0.037416278532385695
25 -0.5393276596489661 -0.027667267759951743 -0.09094420167871971
26 -0.4469605434296702 0.08754606034605528 -0.08654666173133166
27 -0.5282660191089353 0.08584533561711417 -0.04616762938446245
28 -0.5290260099954087 0.10499067226015511 0.08974606786995809
29 -0.589596356478279 0.10086249947134547 -0.0033880532268800337
30 -0.5066546469023446 -0.00960418636141048 -0.2705693567813022
31 -0.4381424544949996 0.17523931796730602 -0.1923528117137114
32 -0.49797656899119996 0.0014314338215223965 0.029830716544172766
33 -0.3167058854977912 0.05344139182010439 0.5415479247715371
34 -0.30002930742481027 0.07399887152009564 0.1359885624162422
35 -0.5083930920998846 0.014436774421320037 -0.1965421859155481
36 -0.5784379649666487 0.0528243728853894 -0.18567844138187536
37 -0.5299166016419163 -0.0362678459705712 -0.16758386464062988
38 -0.5055273750234136 0.02600148141663315 -0.018512746654970998
39 -0.5702074828957665 0.1626060584023795 -0.03635269468400461
40 -0.501681510968803 0.14776314595263332 0.1253614275610908
41 -0.5145485743272551 0.022119582312403196 -0.10739180166641331
42 -0.5531053753587829 -0.07976360713913776 -0.060790686009996715
43 -0.282874233609963 -0.11114977328988346 0.14984437215453866
44 -0.3908674161947573 -0.07634003630474298 -0.06695211007265461
45 -0.583495706807386 0.0828408130532892 0.004561901780523547
46 -0.4833681707002996 0.10606608107950226 -0.24453347363911956
47 -0.5549187115892523 0.09288186217931754 -0.3955261880025645
48 -0.5471585097606934 0.01332623551162921 -0.017875237774676398
49 -0.4231242324093754 0.20521783898867696 0.35896352945914944
50 -0.3337481885652095 0.06859760362247108 0.48991584359605556
51 -0.43534722041031265 0.06279837601936801 -0.15304621508573676
52 -0.33900647355223773 -0.16444043343690798 0.10296896995283501
53 -0.5144394143696588 0.20643956810593292 0.04347346956146461
54 -0.6303487376382086 0.020488192173603946 -0.11606193970196012
55 -0.3031951396571898 -0.029920528269503758 0.3906354832541988
56 -0.4832095434868677 0.16551889968078076 -0.2948989043300055
57 -0.5572011158361081 -0.09567963116488917 -0.11373051894037134
58 -0.5501020945129521 0.07551975504915656 0.1451567335767474
59 -0.5822421085275452 0.047835019840483606 0.3093659998904124
60 -0.48872132007436914 0.026970333897502894 -0.25860004885381227
61 -0.46687707553721486 0.0901712885371744 -0.10037533036538389
62 -0.4144342474523284 0.14673606079312562 -0.021176812226733815
63 -0.5267211856160176 -0.03708178618285715 0.2007698121068277
64 -0.509371186862343 0.1692279019607947 0.10347752263894891
65 -0.4444302902204264 0.2614951860071042 0.11354746081391684
66 -0.4426712463275852 0.025419792623314483 -0.07905129381264434
67 -0.5651173541132762 -0.09329153802794735 -0.20116864372653262
68 -0.5409324242184773 0.07260507623364867 -0.021587179399797315
69 -0.2527438302477117 -0.06325926695979468 -0.06403201395993903
70 -0.46789758262791054 0.140602137888326 -0.23417274630926754
71 -0.4949564618588406 0.07233751875999232 -0.014757200631754995
72 -0.5532527409296402 -0.02384994848307025 0.3102108384843119
73 -0.4879243768881515 0.10902541940086351 -0.0234072621525082
74 -0.5283851786121176 0.07290401038229484 -0.1351091805187093
75 -0.5321748079194929 0.0834061286692184 -0.19792840171665002
76 -0.4637951027470026 0.04344155439317717 -0.17655790927382375
77 -0.5089048668526753 -0.05990957445205406 -0.02055023633864798
78 -0.5520865985226331 0.09542389231690133 0.21110851238714307
79 -0.6019518907624942 -0.14739208369939252 -0.2799377107478703
80 -0.5150393644326837 0.10846579374453001 -0.06829943250942015
81 -0.5299981315107538 0.026462592502911796 0.17534162463795133
82 -0.5592175615198162 0.019007655842802458 -0.013233410142841358
83 -0.5157754114363975 -0.07507842357922843 -0.17662783374159757
84 -0.5328743839493689 -0.039502810156345255 -0.01644536361642268
85 -0.5830598057145147 0.07888851958226764 0.4603072186663044
86 -0.5096148601876821 -0.08327038130015132 0.19356976848477786
87 -0.5104233490478561 0.17208771034765355 0.14899437045006794
88 -0.4302671907020299 0.031301763729702795 -0.1356160219655599
89 -0.6010121673783835 -0.08115921227413288 0.0531713815281146
90 -0.5721759424452991 0.16349216557234705 -0.34881157037010335
91 -0.49475582969598986 0.15891718571418742 -0.09038892378145283
92 -0.4952427278648958 0.08902631400950949 -0.09289287338039763
93 -0.48114391674136686 -0.20096142555238367 0.046801602823723976
94 -0.5559398728511021 0.04442448693114836 0.22436484766486
95 -0.5103813004288733 0.1562816261274376 -0.0020687541794827033
96 -0.5907122654876211 0.13337452008790673 0.3315447224045064
97 -0.5152124664891528 0.08952783393545455 -0.08776609118932448
98 -0.5261341921997222 0.17616577563426183 -0.17404568868703196
99 -0.5319460265611358 -0.0026156012822888246 -0.28683520917283994
100 -0.4489167068644105 -0.03603493551329238 0.11133551270399188
101 -0.47522786158299873 0.025229765910887235 -0.05050241581035245
102 -0.47870363301437796 -0.08625686853905074 -0.3848249552958152
103 -0.43427987015783037 -0.09548716742159126 0.27702510449070494
104 -0.2514229735735897 0.025099198236052552 0.13746655537120042
105 -0.5527350747147602 0.0375656200871783 -0.2468271430898324
106 -0.4105008720494587 0.11287951288498678 0.3014070309563479
107 -0.4611987213001201 0.006498694741127614 0.03953144974441638
108 -0.5320398253455301 0.08587677617208561 -0.1440306430410961
109 -0.5844016381363458 0.10029951454026577 -0.16498795064842772
110 -0.4987552587556381 0.02033276632212902 0.13405942541563043
111 -0.4814483280676442 0.11209690521048608 -0.022888935556953992
112 -0.31467209589089135 -0.04810788364161371 0.2446562661579965
113 -0.5063621067627011 -0.15434496820762664 -0.17237255856596348
114 -0.4759661368011493 0.07900384391842745 -0.16909671053715652
115 -0.5103428984181336 0.07933809517941821 0.06734813659004454
116 -0.5037630221424698 0.1817677843985673 -0.4894665864548716
117 -0.5071617849279838 0.1843016214225892 -0.10386363493305313
118 -0.5569423821267508 0.07665779004902125 -0.3258370861384048
119 -0.5118194170136626 -0.012582257969355531 -0.07659033438373364
120 -0.4619670701829562 0.09920749029213749 0.317175661423551
121 -0.5446257372156543 0.0448917718129597 -0.16966835347384593
122 -0.4925215728842578 -0.0742949964166501 -0.04969843547499445
123 -0.5486004199688742 0.01973546783395173 0.099861044421096
124 -0.5382275753277819 0.1637882039238514 -0.2953605041965868
125 -0.5370254001692485 0.024832206285797225 0.23718282091014276
126 -0.48258539245399323 0.042037906131269835 -0.4540029475404479
127 -0.4596286052855193 -0.016820184303077707 -0.1495790645638518
128 -0.5636261861852215 0.09027474362728267 0.06955399249050871
129 -0.5608783060517596 0.055604916930101195 -0.12418545734441093
130 -0.5349775736206792 0.11611546564786908 -0.1579494646325577
131 -0.5352362602037694 0.03478902005970464 0.06809401012335156
132 -0.5664500091341874 0.09487086023190489 -0.20074864283508462
133 -0.5071418778688139 0.12460783096748762 0.17107814284654718
134 -0.32942993719409314 0.02640708863795789 0.14259331509700093
135 -0.525088341015316 0.16374346063449943 -0.16255717535360376
136 -0.5671274777029136 0.09923304240269092 -0.04731748713827268
137 -0.4994719214413637 0.023699513329623438 -0.38317603031970854
138 -0.5225544203423178 -0.009327474188015526 -0.3144160335959756
139 -0.2645804624539687 -0.0027107145426360432 0.31660141245112544
140 -0.24188981282796318 0.08506048722601339 -0.16777399871562576
141 -0.5301179943354951 0.15743383307147407 -0.007435373373325261
142 -0.5147367189655168 0.12206539851750635 0.12311045010226314
143 -0.49283295291324397 -0.013127046007068852 -0.020915268220051884
144 -0.5502172859129547 0.05681870209834649 0.21767241091148307
145 -0.5038831845746224 0.21692433086668864 -0.01194347011491211
146 -0.572769787306905 0.058623230904514254 -0.2930026086608582
147 -0.5214592620585285 0.03276506712241713 -0.2098141668068231
148 -0.4548352337185875 0.17261534078282545 0.10054487185973181
149 -0.4852726081828189 0.018257527538331396 -0.028317646282979857
150 -0.24744696422139786 -0.12253266486541395 -0.044899520576255014
151 -0.5223586955671419 -0.0626039049728913 -0.0675483113327045
152 -0.4388937487834815 0.08671498986938658 -0.16205120877035925
153 -0.5171750375410811 -0.15025003027215258 -0.06696368754291773
154 -0.30275203244900234 -0.19696700765306752 -0.09814745335722085
155 -0.45157952753989716 -0.04086354322322411 -0.085147361979402
156 -0.5562414649781767 -0.17197865984892663 -0.10785128634974213
157 -0.5398160809989545 -0.008676521021178347 0.06009158779208083
158 -0.5158463995642929 0.07408232485093244 0.2954786991521552
159 -0.41982449972959623 0.015585858870269288 0.0759697575303595
160 -0.4881171407659808 0.022834158667118815 0.08551872420332123
161 -0.5194642907661599 0.041124982252183605 0.2362534003804517
162 -0.4988730502795458 0.019704380466568635 0.1953118633731477
163 -0.4724776597992653 -0.10005244565462655 0.1431168547627002
164 -0.5116944275244807 0.014171246860139248 -0.15702709445330681
165 -0.4972749074853049 -0.0486839397132225 0.2664058189197011
166 -0.5462874039484915 0.14962776457540675 0.2438979276725353
167 -0.5319691597259594 0.04561530656665602 -0.03919207289515271
168 -0.5845135628463958 -0.031883581358448626 -0.11395881081537207
169 -0.5351651740478617 0.09252863593763916 -0.5255353966874768
170 -0.5423090700214797 -0.11401261928220173 -0.09916572869679871
171 -0.5270763006812232 0.0017211183933980093 0.14198654206336084
172 -0.5691100835861319 -0.06048121292954872 -0.0873166549195735
173 -0.5125928778803641 0.0736088409319262 0.132891168785298
174 -0.553507027562769 0.0967777323864186 -0.16622259558655847
175 -0.527867242664594 0.2772352315921334 -0.004325450795331882
176 -0.5773421273362968 -0.17171817369934791 0.34006477817871106
177 -0.5212171616876866 0.06391292357265628 -0.35327395652011834
178 -0.19978120166492352 0.06522056109582967 0.36457267509621755
179 -0.4883257178522696 -0.02317166558830293 -0.23324369134545367
180 -0.47281489102450586 0.19543845025934597 -0.09795054430275651
181 -0.477646947713482 -0.16779003017822428 0.03220315027423782
182 -0.33845202315171385 0.0458902396064596 0.05182681194779168
183 -0.5115425296798071 0.16443327567407587 -0.27903583298664686
184 -0.47201005528755513 -0.14575655258547218 -0.12984579307605165
185 -0.5035490069535745 -0.07076661070652517 -0.06472168759884248
186 -0.5377956442378222 -0.14985497926390925 -0.23922547213063827
187 -0.5165877534588919 0.08806575704584904 -0.2163855466491238
188 -0.5825543789704889 0.06159669073575993 -0.0413445467609466
189 -0.5521888126396451 0.08902949803183045 -0.1145709177665302
190 -0.4796013335851332 -0.055437938329200964 -0.020946852315004587
191 -0.5248113467571018 0.0603241134771711 0.12488917159837798
192 -0.26526685305145636 -0.10023719291626873 0.033357005237800295
193 -0.5788740111916343 0.24986677781948227 0.16504774504738814
194 -0.47248458877129357 0.18362855569806372 0.0916360825434557
195 -0.5095654848809075 0.03410131931774986 -0.047324018647782205
196 -0.5748536333022802 -0.1798357609878911 0.07353255172183075
197 -0.4449552505096276 -0.051583803151635084 0.05219470925694371
198 -0.5579864748244062 0.13246252756767196 -0.18071818669435705
199 -0.5802678023995386 0.07307858214812629 -0.038193290339299475
0 -0.39720272835256315 0.32596284995177105 0.04509650756989437
1 -0.49041851103121764 -0.38301340942598966 0.09594954484565207
2 -0.4528903558865247 -0.26582661693148696 0.15688460703940707
3 -0.490778849955678 -0.2875708449533844 -0.08997054421535394
4 -0.3553056878324328 0.31871809596399736 -0.13496715061906447
5 -0.4267600604971025 0.25591306684195364 0.13769077367938565
6 -0.33732306265211115 0.34783833460786057 -0.04323000436759275
7 -0.3767037566751486 -0.10080655198589114 0.05096577123951458
8 -0.38607507472258307 -0.1644600071949312 -0.0032327684464784627
9 -0.45767547596750163 -0.33965621106391897 -0.02364891252482975
10 -0.4109854863982764 0.3075254614407522 0.16758353278258947
11 -0.3433779629576964 -0.1893292707594987 0.23216573959082115
12 -0.3649845912721993 -0.28741002651857855 0.14318952221698453
13 -0.4285089272376466 0.2968480078722934 -0.1834159004153166
14 -0.4055985010321443 0.35153928207073526 -0.021741136056322306
15 -0.40029421469105003 0.29663000976503856 -0.11025557029925002
16 -0.40642372225415196 0.252636888688365 0.09519101725031402
17 -0.31685199142032766 -0.14316234075996162 -0.0360752143206008
18 -0.37128485393779115 -0.16101129593899757 -0.024211823364331052
19 -0.3619306072239641 0.21729138245638674 0.14362247913128498
20 -0.41199131594679206 -0.1795974431678919 -0.030045265256784068
21 -0.3476935315165944 0.295731948315244 -0.058795291611834936
22 -0.3493254880766101 0.3523629010241093 -0.02990875333699158
23 -0.4238168148365996 0.27012459589277416 0.02432690303903383
24 -0.43190643490596464 -0.24200487810645868 -0.0067440239340375175
25 -0.46236489413366694 -0.2886511149947997 0.21314935118217018
26 -0.36200122922399364 0.2735812458179764 -0.28963225511007284
27 -0.42620500719457266 -0.18347413235058144 -0.1663352945277765
28 -0.4644219679241014 -0.34225884438153453 -0.0269123191388912
29 -0.31468374612189004 0.2731621014464112 -0.0671680500529296
30 -0.3894567917852317 -0.23503454701585083 0.07005921303301095
31 -0.44791045320199413 0.28540968877488226 0.02697133537607937
32 -0.34194258567168095 0.33594364896464685 -0.18776856819096474
33 -0.42611299862324004 -0.24567464424125687 -0.2716746685724123
34 -0.34026245857991216 -0.30446172796895105 0.07567987259410522
35 -0.4133288860880355 -0.2499747428581264 0.10412106735955934
36 -0.46816743493739144 0.24262860134374653 0.029090911874435237
37 -0.3523423559839448 0.1684712062566028 0.14025928846007402
38 -0.3834667749289765 -0.30481393007268326 -0.12042696208980304
39 -0.40569684493787495 -0.28339850640251407 0.1286328862391286
40 -0.3828272336439148 0.36864058092838686 -0.06498504328589347
41 -0.47105849305426095 -0.25205610938421164 0.28265839036565266
42 -0.3519510722438588 0.20370827902193814 0.08693954162770419
43 -0.3993745384737334 -0.3243625928551947 -0.04395190025189286
44 -0.33484963646440413 0.2004909668988489 -0.2633152931722905
45 -0.45525011725331366 -0.23484775790617804 0.281118520907789
46 -0.38040605956281515 0.19282560080901803 0.17704958731469866
47 -0.4099386407043459 -0.2784581751293728 0.17052475940622128
48 -0.4115749295766077 -0.24111906497909627 0.4588969799223513
49 -0.33664585104788064 0.16612466524453334 -0.07832068715971087
50 -0.3955087508825389 -0.24581596270614567 0.21283581889461653
51 -0.4690037200578506 -0.31324364210965355 0.11371485479687737
52 -0.34744119501158965 -0.2821212223966175 0.20588442202928803
53 -0.45484658952388474 -0.3509924771387367 0.3992641672887
54 -0.33335120023287546 -0.1525323991065947 0.1467654511577598
55 -0.4290523099255945 -0.32963721805990776 0.18603694491057984
56 -0.42012729835117524 0.42362846790119935 0.25638141116013535
57 -0.37241617226296175 0.2456445391478132 0.13516378160840595
58 -0.4355765910260968 0.2601435136525661 -0.03364385383252878
59 -0.3084514059797492 0.14019422754340854 0.020467963502887723
60 -0.3772517847096049 0.39065109497122114 -0.021119245078009614
61 -0.4037105572092392 0.2905512076372344 -0.15557711696533444
62 -0.37258872841299423 -0.14641502531789516 0.19940895020094299
63 -0.37569599984248364 0.2947630472048156 0.008516744823693726
64 -0.3594535174971566 0.24436268168667413 0.020783029324754537
65 -0.38669073737622794 -0.33576268118887104 0.0694818224042757
66 -0.42650297789999275 0.26605818435816303 0.0037111262651712347
67 -0.37546105211864067 -0.27015236942259246 0.05564999878058475
68 -0.32573116561388277 0.309602567855985 -0.0985023438405925
69 -0.41008413837903007 -0.07391949375982895 0.39407183038506427
70 -0.4464650942991299 -0.2693385522888436 0.11982478333294194
71 -0.33594263397575186 0.24213528088807665 -0.20079759625393478
72 -0.3909872697341526 0.1751149831389976 0.27231885192808414
73 -0.47292897510743265 -0.3877151225670275 -0.31956656700839486
74 -0.43814716581336427 -0.2168180525313755 0.1986791497370025
75 -0.3873497422104303 -0.3006116758129912 0.06272001017022535
76 -0.42299216225876496 -0.36694007617812113 0.09156813493478877
77 -0.38457422462594426 0.048581144011940844 0.10075296444276609
78 -0.3287256951132742 0.3605946541331006 -0.08959507940961757
79 -0.3996417946288065 0.2329316589096729 0.30971690396999996
80 -0.4554297519092303 -0.2063662350486558 -0.04196788733567574
81 -0.417496667527121 -0.32952676776518086 -0.13779116988814513
82 -0.39913034953600335 0.2999200513461983 -0.06899400934204332
83 -0.30820727073508997 0.2508419165392207 -0.21614828092694496
84 -0.38091755893941337 0.18724464118092446 -0.1327475342663322
85 -0.3847624914693976 0.29270008643486684 -0.031319087425838166
86 -0.34786265191116317 -0.22980139992903606 -0.14410361851356768
87 -0.46024758749072214 -0.2463886312070942 -0.013116766351188906
88 -0.4266155201876449 -0.33413642742904254 0.22704892187247105
89 -0.38643083044746096 -0.21850446841162754 -0.11138010230996327
90 -0.3357121219008642 0.3316420655369902 -0.03670337567373267
91 -0.40570769189295264 -0.1781649634936729 -0.14139204670394687
92 -0.3925410684556796 -0.23224705273507304 0.23694892114659022
93 -0.3772961038829838 -0.19576433151925693 0.07371629356804231
94 -0.3933838475468016 -0.2517040803768515 0.04422989060939085
95 -0.43232997330329676 -0.20766082694023155 0.19585101016790316
96 -0.44276408257465794 -0.24684860061611796 -0.06906872057138687
97 -0.4816066100094057 -0.3913912198654546 0.09611711077964236
98 -0.40486599808428014 0.24690602286033483 0.031463577025958964
99 -0.4288415798706215 0.14097815213663112 -0.12662429119361493
100 -0.4147791040989216 0.1438890382234417 -0.10664729077608123
101 -0.3985113114347282 -0.3239319298358308 -0.037096314923852465
102 -0.3912283979036456 0.2606071802266718 0.03005231347679363
103 -0.38256243257339306 -0.2400972218627049 0.3172279934359147
104 -0.3243336758463904 -0.2520892424431315 0.18982138050830358
105 -0.3504692055317275 0.23354422207213496 0.0385022571729637
106 -0.39938562564235813 -0.25460750570549456 0.2614956606535178
107 -0.4474090397893184 -0.25464289331569995 0.029029793101151287
108 -0.3566523013189124 0.19013411192131344 -0.141943121933528
109 -0.4125934358128913 0.4086826751380633 0.15785507431890142
110 -0.3822324087477636 0.23401404482586768 -0.06625598592185064
111 -0.3654553189214682 0.23307467205613053 0.05627220837860079
112 -0.4440347601992894 -0.16446386758054246 -0.20014892741435042
113 -0.3713948110465586 -0.15183987040239316 0.1482960387292996
114 -0.41861902283903596 -0.25875725671047073 0.1290810207641196
115 -0.3790542555669216 -0.3113591269694816 -0.05734896668531526
116 -0.35313350927307635 -0.2853175401930171 -0.008150615369366298
117 -0.388665448380977 0.3147158916635453 0.0634482868889445
118 -0.45737509682484623 -0.2746305954145211 0.19688428575069666
119 -0.5298748807097025 -0.4146716293598555 0.0829407038574396
120 -0.4072567524124442 -0.40064460576479144 0.165640048814233
121 -0.4480035390863193 -0.3721112641336143 -0.11209000610794433
122 -0.37356227452532864 0.16322426907637 0.006232868406554548
123 -0.44815045509544826 0.36739830588621414 0.10242652348534531
124 -0.3588737353973998 0.17467515865103495 0.0032979581117108738
125 -0.4445921797266586 -0.2674658384338514 0.14288209359396128
126 -0.4173970044126151 -0.36466814799717 -0.04857284579996842
127 -0.4130486379213177 -0.2275674690214944 -0.017231554653868438
128 -0.39392133884399233 0.3478201380983343 -0.1976912258183477
129 -0.38430821702717194 -0.32593948123147803 -0.02627525507452955
130 -0.4125071463640729 -0.2461258640550941 -0.07060160995840467
131 -0.4245566736230931 0.2549226158211999 -0.0020338416923672267
132 -0.3977717960210923 0.3828790327398887 0.012102896630849723
133 -0.4148114448894361 0.2929816021130622 0.11835252824365028
134 -0.45294092938727304 -0.38948155563983977 -0.001833948181720439
135 -0.3701737288120891 0.24251731736436152 -0.11418040150806147
136 -0.4245646339402656 -0.2191836521251748 0.34269886518015985
137 -0.48990890148903704 -0.2969694143796123 0.04876265279866057
138 -0.34311006471639743 0.25403256929582846 0.14509245537672416
139 -0.43725419613374966 -0.35271906551055293 -0.04308878368574504
140 -0.3938586895280713 -0.277376087630121 -0.03767295106531478
141 -0.35675997666985 0.25474768908897466 0.21245893637277952
142 -0.47907534809246477 -0.36737099307926085 -0.22446434431920032
143 -0.3461308315332038 0.31237155793200605 0.12771611966294713
144 -0.3550622258709636 0.3216855755421848 0.015890755431735758
145 -0.39205624668725836 0.22036669496501296 -0.06928038038288915
146 -0.39283600480146824 -0.38702920892700715 0.18184114259294296
147 -0.3589121408589188 -0.32636593921350876 0.22836544057874456
148 -0.349119330554308 0.25734906988423095 -0.08582469489748705
149 -0.32936582206246345 0.2271143733569911 0.02631620593245454
150 -0.3646900499850513 -0.24911466832722723 0.05490999540668298
151 -0.33167943016365253 0.22402159622468532 -0.32934715427848166
152 -0.4220545206586121 0.18288812599103652 0.11463309458213924
153 -0.4313337822205735 -0.2603593515392426 -0.03617465362660827
154 -0.40943231930791185 -0.43394669737208186 -0.04748281054699198
155 -0.36369059091671263 0.2797248865083637 -0.14879935666918473
156 -0.4481939744416662 -0.3627436106728597 -0.245136559864556
157 -0.4351587839924526 -0.25465932671123076 0.23384921419373716
158 -0.35402630314306355 0.15668957165854758 -0.038223255292260394
159 -0.3815304563427927 -0.3681293090905984 0.07852766433617
160 -0.3700229714177457 0.2943938910339006 0.10672479742314377
161 -0.4485884306383066 -0.3440744658246529 0.11435081379650641
162 -0.42164389385294754 -0.3839633208814707 -0.08665965325923299
163 -0.3712239325723719 -0.3273443738294084 -0.03593883786242516
164 -0.3655001701895109 0.20214884099790992 0.1629448590481014
165 -0.45300336838226063 -0.35677729953345194 -0.21585920018406046
166 -0.2924692571563944 0.23703097451724084 -0.06812067040885127
167 -0.36650110105652706 0.3674451269534706 -0.039326930869600873
168 -0.34819843500788583 0.2779531828057212 -0.07941389027930329
169 -0.42053033542993135 -0.3456161340439558 -0.023180294613954825
170 -0.45023147184737605 -0.19227297955398795 -0.05962311259754251
171 -0.3175050792035985 0.2960071923568465 0.0777005304724876
172 -0.3703064762645729 -0.2736915536433283 0.15799123914977303
173 -0.4458267948064823 0.2824767652581746 -0.10225276304120387
174 -0.39134128983008915 -0.26213795843060095 0.05922241364977834
175 -0.36209935663671455 0.17129773982743068 0.24855269914438566
176 -0.4808895663264507 -0.3116484280592005 -0.08523997565719606
177 -0.39051679101555925 0.10928122684239246 0.16905331517056915
178 -0.39653953056168567 -0.3088813844820283 -0.0007646151298665388
179 -0.45313724904793645 0.21975113648274214 0.19508184592446998
180 -0.45811254277689273 0.21807420365589153 0.14202351298967816
181 -0.42319103975415573 0.34793931866918554 -0.018507361091606993
182 -0.44755147216865776 -0.354902404761707 -0.13270146602989674
183 -0.47234851446851256 -0.17639037488213355 0.11257895489284783
184 -0.3278567169764075 0.10831121088897751 0.0241431265214655
185 -0.3854567437069628 -0.43745765107786877 -0.0870762649849472
186 -0.43269659446041414 -0.3991934939088184 0.038663780578101985
187 -0.43602419923569713 -0.30086279496416213 -0.0973664588802173
188 -0.42899748015927225 -0.3183358451930398 0.2196022250272615
189 -0.35132512254596593 0.29324748709242116 -0.21021737367840435
190 -0.44666560262890964 0.27917288727362055 0.19361001790096297
191 -0.4196255610826095 -0.18586546964769565 -0.34047764292182187
192 -0.41819986966255634 -0.35287148174156086 -0.06499175487627627
193 -0.5233815038411407 -0.23784188172419485 -0.013154511112581787
194 -0.396770597915735 0.3608204910628537 0.09876600845872535
195 -0.35717813774834245 0.19473613166046555 -0.049724540813473
196 -0.40201231250205083 -0.3581443507581333 -0.12231218734630056
197 -0.4313634083212208 -0.26700252144520426 -0.237433966067069
198 -0.40838980681575787 -0.1952713031505335 0.334421652601185
199 -0.4000304231943727 -0.22563612038573755 0.03316428514844267
