200 3
0 -0.3507346201108477 0.2794389480514498 -0.210792095198195
1 -0.29389909482350135 -0.14608718529471748 -0.1644876835841253
2 -0.41094186364777935 -0.305698142277171 0.23536299699765373
3 -0.3488028411453227 -0.1924369746418781 -0.04765192725079813
4 -0.3559546751133109 0.3939925789876856 0.1578172512685606
5 -0.37024944023448914 0.2852286305766772 -0.20064201145895944
6 -0.4599793953011399 0.307215114636896 0.05432083232518265
7 -0.37495723456002716 0.07046943810704856 -0.05022769716409623
8 -0.35640908674469857 -0.11476916267068131 0.30344407637439147
9 -0.3983791406215106 -0.28556121359282743 -0.032952341527252176
10 -0.388327760731142 0.2998497362851252 0.1589702644305703
11 -0.2884199899265389 -0.052555724533725395 -0.2034897108961291
12 -0.37358459476809 -0.29545883467107825 0.18166539587321484
13 -0.3598338899520483 0.31721510474336573 0.061371550848599625
14 -0.3708967462782484 0.31835029661154085 -0.04470439723985
15 -0.35239411694588435 0.09974155849180803 -0.04427326575772255
16 -0.36601646944178245 0.27714805176591456 0.059384789507046135
17 -0.43187520056350254 -0.24006689661657574 0.32882859649312557
18 -0.4254328246031419 -0.04689542284806887 -0.1525907950964705
19 -0.32248649123788625 0.28552992898067975 0.019008815222025063
20 -0.38855540423007096 -0.32762846742912716 0.010534315127520143
21 -0.4125927058898048 0.2485626014617443 -0.28828444497800965
22 -0.392063648791372 0.17048248745399447 0.06903098896865918
23 -0.4614341601797479 0.35695105884793843 0.04619587929762244
24 -0.3534599760920811 -0.3162001687428777 0.15098023855301504
25 -0.41926553522636406 -0.42931029911167196 0.3432451067797651
26 -0.35169676215112067 0.2628459511532115 0.01691157279816719
27 -0.3082440103876195 -0.13287424060018582 0.0309459884642345
28 -0.4364983032391468 -0.2813163296747295 0.17043791473025577
29 -0.35577953674029333 0.20205729612379197 0.04987167174321951
30 -0.402839399156753 -0.2676856272754915 0.17737581541675196
31 -0.42629586893342836 0.1661813727109102 -0.19432949356793874
32 -0.38758484123247267 0.2052009653749744 -0.20578490468367475
33 -0.3048771638786837 0.06666757190212337 -0.2127368002405256
34 -0.31432159553467615 -0.11630356489132951 -0.153123291742516
35 -0.3931787533237837 -0.2578807672229341 0.1646103289733465
36 -0.35261372585095285 0.18294324216398944 0.13514293032723976
37 -0.42931208965130596 0.3215433965089113 -0.12483895876584238
38 -0.4127498254477302 -0.2723627401402947 0.15914617673367276
39 -0.39057333521147763 -0.24826422345078464 -0.2375715808689368
40 -0.4183848144816841 0.3066804042826414 0.2927363977019675
41 -0.332903962139914 -0.2504059256845855 -0.024109009567335003
42 -0.40480533843378025 0.40611209809084553 -0.25627394137647047
43 -0.36428364800303853 -0.06888921520413961 -0.2517445112882608
44 -0.3242584067539368 0.3826745397208872 -0.3139766227538929
45 -0.33958005601647906 -0.2451850521394273 0.06995293099008221
46 -0.3691652750925315 0.3855889753069167 0.027769271373486934
47 -0.3533547266055371 -0.25086948111512486 0.05348734080201773
48 -0.4687279907580015 -0.2427873330349433 0.04188765452643394
49 -0.3940972567153759 0.32299498504715124 -0.050788346140330745
50 -0.330918691234508 -0.2135648758305198 -0.11983520148170014
51 -0.4237107380290864 -0.2215988337844384 0.29224950659224797
52 -0.25512719101207915 -0.06991941826704104 -0.12382785722076996
53 -0.30716426870334873 -0.16196696757841184 0.08086685739968609
54 -0.38177069183618695 -0.16348837544004097 0.2875877665269067
55 -0.27481845028843865 0.03187642304093478 -0.11264068062367763
56 -0.427506027063612 0.2321568664518406 0.19720384586093806
57 -0.3542538938921376 0.1598342381917365 -0.17226061265062098
58 -0.35600674856102427 0.16722613997640678 0.02141796195497826
59 -0.45100769321508843 0.4063108322334591 -0.017723750184568267
60 -0.3700066424840569 0.2907945298532377 -0.07628632072017046
61 -0.3421491978564575 0.28516554357397583 0.015587455397222259
62 -0.4079914238686338 -0.2216017795822704 0.1345160129254764
63 -0.3826153267245933 0.43117755728100243 -0.06114540043320197
64 -0.35330692723239404 0.334166044431251 -0.23764446319528218
65 -0.39806206650858134 -0.39741127587615765 -0.09852687625589353
66 -0.3793655206976948 0.09940525117105424 -0.14563046966642665
67 -0.33340460177721576 -0.21508747141454174 0.05489347182899255
68 -0.34856395795138745 0.3757540136453463 -0.015576247434494365
69 -0.33524543627573095 -0.10898786173930775 -0.19889045351571166
70 -0.3875686473035938 -0.12299453252243274 -0.14714955578400069
71 -0.35613610759770853 0.28637360411325286 0.08855535675495137
72 -0.38353897240854196 0.3687232932397734 0.1691538410034748
73 -0.3835773513917048 -0.18814030339602367 0.1009375551702582
74 -0.4447903272734774 -0.2253400254613872 0.06657916086175705
75 -0.4511810734595665 -0.2758687626722143 -0.1465201213766732
76 -0.4146564152379726 -0.23714084228219026 0.09553992008266625
77 -0.4023289064581307 0.25093299781854955 -0.28879610301464775
78 -0.3868492988646848 0.3474932470407537 0.03357236267610808
79 -0.4137665655078884 0.2888450729402876 -0.16918611007916096
80 -0.47770959315535216 -0.2183000306645966 -0.005248778532510024
81 -0.4044888636577932 -0.2711740775482363 0.09879353596508401
82 -0.4268233424416243 0.2574242175170724 -0.05914629232173493
83 -0.3561880727543194 0.28095175727572735 -0.014428834642848526
84 -0.349325042544049 0.2852664058339793 0.15415810621989057
85 -0.47282531912112186 0.14411742086893775 0.05749837649036792
86 -0.4571118700154517 -0.26761344555833516 0.12282373718591147
87 -0.41054767125273506 -0.254793828287763 4.3345234708176565e-05
88 -0.4109817512588853 -0.40533975874339784 0.04732076973644915
89 -0.38905959909991755 -0.1263207618634998 0.04045150365812692
90 -0.33714179854377774 0.3609838314761502 -0.0872634816675937
91 -0.4694190178440472 -0.20007184139527887 0.06126553703986183
92 -0.36870042486171006 -0.21360403710897322 0.020971662890951173
93 -0.37708885097344624 -0.18612029687279663 0.09940715953709132
94 -0.36702894347849835 -0.23617617349869033 0.14767385851035175
95 -0.4139346155677416 -0.22529424820671262 0.18358266473333992
96 -0.4189958738590058 -0.22394307044443726 -0.06435149315186743
97 -0.38595206257346804 -0.2555085405768014 -0.041057010657466426
98 -0.34715491742420773 0.2671585474376151 -0.16528288328091964
99 -0.33670230398717255 0.10322174291617878 0.0002762845966367624
100 -0.396925689190379 0.3201353461963866 -0.07751108954006783
101 -0.3095060873736888 -0.14924771500902134 -0.08380557905975855
102 -0.41293044718826716 0.26459097933789344 -0.07286144238565624
103 -0.38502671166306557 -0.21154803352010096 0.19403229968294675
104 -0.3284086610981965 -0.023176748541926234 -0.3093519863560934
105 -0.42537731732342554 0.2713529188377794 0.04171518437371035
106 -0.42925393820859087 -0.2966364667949502 -0.006964336443209336
107 -0.4029014900846794 -0.2505608478418964 -0.05661294870240558
108 -0.42302165898408295 0.40269889837126943 -0.0692620006533129
109 -0.3726202953263918 0.24379556240882963 -0.269274407373624
110 -0.39760329306920955 0.32179188009400667 -0.057346046295354766
111 -0.4020253581081187 0.1866418590918409 0.2051743202375486
112 -0.24975234257174628 0.12659718625369723 -0.14215692772854255
113 -0.382797013949169 -0.18250087967416043 -0.0363969399705137
114 -0.3553631307913525 -0.3067625658572972 0.2062051717176826
115 -0.3861958231721863 -0.09798013160212676 -0.054471848499312595
116 -0.38777585007639426 -0.22905252242274313 -0.09910383125817869
117 -0.3869574309746824 0.3567623867433309 0.1159911052891809
118 -0.4316774441257732 -0.264612200230035 -0.18254738075199536
119 -0.32561306660190653 -0.25087700637992927 0.08216160948490359
120 -0.3657765282281414 -0.2147838961475669 -0.2615532932810365
121 -0.3727767102891381 -0.19700345417811585 -0.06549412258301245
122 -0.3099365587862575 0.23976925775284705 0.1172431581046385
123 -0.41758797336423437 0.2671582589334939 -0.18372989803604275
124 -0.3878186736349543 0.13227679882764037 0.07781439768990624
125 -0.39557856469159625 -0.22857461081801098 0.2046837244594
126 -0.38139527578514665 -0.2367023410725321 -0.022326476458260285
127 -0.41239242147183763 -0.3646777432249926 0.12256288213793845
128 -0.4023417189636117 0.3136044438616863 -0.033068516744115733
129 -0.3416348998466246 -0.33762669437401605 -0.02682302703992846
130 -0.4297505420961502 -0.15859587334065425 -0.09263315122279801
131 -0.438461768523384 0.157900006634639 0.05024113658425014
132 -0.4086657027971616 0.33003232736237154 -0.019290246389803634
133 -0.36201595581283363 0.31097356351587785 -0.1627334865981864
134 -0.2606061230987807 0.06924573043068828 -0.07125667087872166
135 -0.40715510024036905 0.13533429799467628 -0.1666219319546888
136 -0.3399218113752906 -0.26095688485341834 0.0868931198409458
137 -0.4122665103673216 -0.18768901732229576 0.09782893901311465
138 -0.34239259357140484 0.2841006831285104 -0.06410512453214265
139 -0.20618769805153225 -0.09090972788023789 -0.16743984409243354
140 -0.2993838848186896 -0.060640103632092074 -0.09010358632841496
141 -0.4120091409573484 0.371600474848142 -0.08810204255639656
142 -0.44104668243001055 -0.2420961061291692 0.28457779862766386
143 -0.38629421761921334 0.18754976667806417 0.07241846687850041
144 -0.3800590707674697 0.33393029516521383 -0.13193139398831794
145 -0.43021605953404846 0.3181652663840146 0.01368417846008673
146 -0.4142309471787853 -0.12422908957245772 0.0770172758535691
147 -0.31282985715558426 -0.2535273455412823 -0.1048838562920948
148 -0.3666564039078473 0.3709193520644647 -0.1078712691255854
149 -0.3964818939183869 0.45581215282199367 -0.18851668286226594
150 -0.3217629682172362 0.004797029939922878 -0.152848161826067
151 -0.4055098892184151 0.3160190273816976 -0.11029262188353195
152 -0.45485172515720323 0.3852506577058383 -0.04992339657161807
153 -0.40651389570869917 -0.3746085771212876 -0.045753406870046656
154 -0.33301958700949297 -0.0786706447810782 -0.08433544165145458
155 -0.3968710038827071 0.12664717770051356 -0.11401419344033006
156 -0.3959302631173123 -0.18417941187690984 -0.02640109746896523
157 -0.3368087867658753 -0.2870348240134933 0.0974447484613294
158 -0.4034276656741385 0.2523686260326223 -0.05321592414117865
159 -0.37779585880642225 -0.3334113136150443 0.12189218707712464
160 -0.30788244006026066 0.228093058090221 -0.17652374305912963
161 -0.36792960641207084 -0.16301716262641736 0.027941874319382446
162 -0.36116752874448704 -0.26615719782741687 0.08357533476912016
163 -0.38031827170087096 -0.15847463486051291 -0.2181966306074592
164 -0.43721973016001914 0.44069331753096463 -0.2601641753853865
165 -0.35511754394151845 -0.3356611269797735 0.015562351530069216
166 -0.4028762694689867 0.3266941647397798 -0.08408648120826258
167 -0.37226857893850546 0.155477998400148 -0.17187239041287053
168 -0.3613037118356268 0.3616642372368682 -0.18982830919697966
169 -0.2762881943237839 -0.1946914114204092 0.07054493982610069
170 -0.413208478251507 -0.13007137463561488 0.008214401241460188
171 -0.35921215471715845 0.16255372120153605 0.07252158934507388
172 -0.42183761071098386 -0.3467307191353623 0.1335847364150441
173 -0.4705512664647792 0.3767300555396344 0.09681303306566967
174 -0.391531791177887 -0.13891432020347338 -0.11604611181049718
175 -0.36501833222318536 0.23762899445474478 0.07868852413751357
176 -0.3453429996845052 -0.1978666918500155 -0.11656077739029225
177 -0.3477491314370659 0.32764862935178596 -0.12407885730348271
178 -0.2708204013581097 -0.07611894189471204 -0.2729164863730938
179 -0.3607543115453198 0.28966592845762307 -0.20609183907785722
180 -0.4117435281584531 0.26633539488883406 0.10396541897857102
181 -0.3639558626991895 0.21553318130943305 0.17741414931107607
182 -0.28163688007348786 0.002801375198150474 -0.08628665844502276
183 -0.38534282789866003 -0.19872824888355975 0.15341045252900462
184 -0.34851502512729443 0.3658222069955271 0.023166280591199004
185 -0.3964090503150448 -0.2622580329582611 0.2152257798903378
186 -0.4257901593350303 -0.46568476302326056 0.2855434157089784
187 -0.40258016168923094 -0.3196034850464538 0.12925436811968044
188 -0.40865467180185694 -0.27909403170968056 0.10163139115887385
189 -0.3427395213104986 0.27264770456532456 0.11629659620991918
190 -0.34725286983034226 0.18342556780141428 -0.08409680681787936
191 -0.36474503678114806 -0.15840556109861326 0.10094415847140768
192 -0.3279922516442654 -0.034251414175690616 -0.2807540575729572
193 -0.35561286616843313 -0.1819786073725504 0.07220969957163494
194 -0.44016688610726706 0.20393227199419378 -0.3285838059298048
195 -0.39142014677107084 0.23523164177011385 -0.05197233694383713
196 -0.34630650776982763 -0.3050167452725015 0.1232399012094631
197 -0.3964402307676706 -0.19875990288805398 0.07791848571741979
198 -0.3169817719840348 -0.12512837987125566 -0.03174339069327906
199 -0.4385396762981255 -0.16946433435814595 0.1595284494551916
0 -0.5405358810628296 0.13437258217846676 0.11686104441858021
1 -0.3589688555375586 -0.08961127778448459 -0.388130420081725
2 -0.5567456004597868 0.05628475351546823 0.1935775091132863
3 -0.48604530038477956 -0.03025899034278543 0.29832815153431363
4 -0.5608655893608636 -0.13223733639873742 -0.18381394571375784
5 -0.499853891439012 -0.00035594034455417513 0.18841018431457124
6 -0.5043654385158443 0.04858434764281744 -0.19515064070938287
7 -0.5606081824295148 -0.005062716041592436 0.0155098427805146
8 -0.5073499373398513 0.027662581526666587 0.11775463759749828
9 -0.5476966380225059 0.21842982445390902 0.26863490149676655
10 -0.5296052526575291 0.22802183502167547 0.09393038019031048
11 -0.3018004333327678 0.009405478268935678 -0.23815503842994457
12 -0.5801946880772537 -0.04773279705693564 0.18471353876909868
13 -0.41031860549791527 0.08298876817955046 0.2361267344015208
14 -0.46464661501392707 -0.08541037041704806 0.16869587588695908
15 -0.6030995626209121 0.11620764562381254 0.3008468293453466
16 -0.5282200076992196 -0.10758846728774135 0.06143440656390188
17 -0.5789039529399106 0.17314203727209723 0.03352914787326057
18 -0.5307221319183848 -0.08424309532745924 -0.14039865758237458
19 -0.45563935874147937 -0.022297214686024733 -0.0497002221140459
20 -0.5838741038746093 0.06980514263744174 -0.031288884996906095
21 -0.4282607419515422 0.08009700948804538 0.1338247377778131
22 -0.4964918525743793 0.04650838525771686 0.21320038277943404
23 -0.5114187780390504 -0.1003024343655503 0.36319168258514595
24 -0.5687600044966735 0.0388031301384806 0.2918760395477179
25 -0.5337874598487901 0.09662749633722224 0.05889744500908824
26 -0.6158864655551997 0.04058790511093176 0.19973442206404235
27 -0.4956919492752497 -0.14395391518477424 -0.012561264733865997
28 -0.47238957197829873 0.0010557377973695018 0.27185111099066217
29 -0.5207393276880956 -0.018839733044920527 0.2102546461037439
30 -0.45300157935389435 -0.037639813623335815 -0.004256603145175763
31 -0.45203908801542714 -0.024844326209044757 0.0463168374299226
32 -0.5355537963606674 0.056882990121850094 0.139838709628877
33 -0.2660676352467491 0.08427781983985644 -0.24001175168280214
34 -0.30184421733044636 -0.04833728330686655 -0.2972348120347288
35 -0.5067613789805678 0.13020292513432968 0.1298189521261731
36 -0.5137029724826797 0.11531254054899653 -0.2554607109903987
37 -0.44843170538133964 -0.013446868221731249 0.20356383176485685
38 -0.5619355646385449 0.06809279340214792 0.03767080893314306
39 -0.5749467238612397 0.19384010018805833 -0.1324202911572061
40 -0.45643710806735305 -0.08201619089916672 0.24422391950706618
41 -0.5525347129525703 -0.15604154830840927 0.14892745353307799
42 -0.4430626471590784 0.1096662655824725 0.3521968178040763
43 -0.2654547690756543 -0.18818500409431344 -0.22120593672690808
44 -0.5274614871014126 0.04423577774208082 -0.10127600998436258
45 -0.4460928444186221 0.11468129890099207 -0.034564111128403636
46 -0.5545498220929342 0.1505842168508525 0.1699812597818986
47 -0.4954186326236042 0.16682236777428136 0.42457251087136494
48 -0.5487553649411313 0.10159659441080442 0.1556402326707322
49 -0.5333191230689338 0.34036144148097824 -0.0271637688719461
50 -0.24473503132014382 -0.08032654012106274 -0.16934613507478713
51 -0.4400275995461626 0.07520246195067021 0.19902953101977974
52 -0.3159132484811399 -0.018259988644098654 -0.4103135246672405
53 -0.541026168264876 0.14467780660360696 -0.18444970744185057
54 -0.5143998573046862 -0.020805914912298325 0.023720311296229146
55 -0.2289373033268254 -0.10660455277702267 -0.09679176722082423
56 -0.52492122434079 0.12433356445959272 0.15698861965209054
57 -0.5887062022871776 -0.08962887121266162 0.06777233398386774
58 -0.5969597122888433 -0.10956340642526402 0.2414208136847614
59 -0.554788495712388 0.0975212633777175 0.044284026635468765
60 -0.5413190628882959 0.1273114235752641 -0.18430449393150544
61 -0.5463696409136342 0.06577602756928438 0.03298350496266141
62 -0.5238200787428495 0.006578194891050753 0.11604182378331641
63 -0.5395186650502524 -0.0490473734147878 0.20876290588187185
64 -0.5135903343664631 0.04061383348215197 0.28439552931391376
65 -0.6116265071105543 -0.040523319092456635 -0.009508113593605039
66 -0.4710714632380418 -0.04241953208953046 -0.08956153667887673
67 -0.4657089431290325 -0.014709705435360492 0.09248181975821448
68 -0.5659219459337117 0.003346250450295782 -0.2749002664376216
69 -0.30925187012795374 -0.11351986150043947 -0.32246041773759454
70 -0.5497550951219042 0.1006980799772484 0.21987966405366752
71 -0.47032072067466685 -0.06657304341729739 -0.025252929807400466
72 -0.541238791292677 0.01448653281713332 0.12104939617307146
73 -0.640301110163405 -0.1802958359672017 0.1039569474498978
74 -0.5762913832321322 0.01774252472509515 0.036127405132516756
75 -0.5009819632588537 0.08503875555719438 -0.12411175592521134
76 -0.4627466585263884 0.06815927502485963 0.3460100255514049
77 -0.47409558313637 0.2493114178907818 -0.02382505462763228
78 -0.5461360750014798 -0.2561234574594503 0.14182998196318344
79 -0.47362407511005733 0.1486293943248338 0.2059383580981271
80 -0.5452146106368703 -0.09315490410504736 -0.3832104312317465
81 -0.5831105746111571 -0.009212557457709183 0.17622332031435733
82 -0.5697099495407636 -0.0576029033636611 0.15199521561425663
83 -0.544246915866058 0.014478079455319056 0.3512800301217052
84 -0.5217898619470588 0.002486780311572228 0.07561894911462089
85 -0.5308229325202786 0.027310827641196616 0.270615765781887
86 -0.5055972126472179 0.12031317100696015 0.020942937267365912
87 -0.5405038485188012 0.0023658810618833633 0.19246727344717152
88 -0.5337959365016343 0.07326003304914021 0.1115288283641032
89 -0.5036879189246708 0.02264620619480045 -0.013535853235504559
90 -0.5632769329847896 -0.012318222189420174 0.1395841563778647
91 -0.5221749076858209 -0.020012406148522573 -0.14016530152641166
92 -0.5232008412786959 0.07320295790150437 0.038898516392321794
93 -0.4928817561742994 0.17328191083043704 0.3762026072871917
94 -0.5575183871387697 0.12771899986438703 -0.10192587431759818
95 -0.5354834373751355 -0.02507445726267573 0.1340649393368532
96 -0.5059545712675553 0.07439889567081548 0.10070214785190817
97 -0.4968149438364442 0.037388179667939204 0.35874990357509884
98 -0.4782201134617426 0.2076946352543995 0.09247815149032235
99 -0.4956854339318782 -0.18172735294631082 0.0753767610816726
100 -0.5691699647365344 0.14739836453813893 0.09172435198292012
101 -0.5636883046999118 -0.17188610145806404 0.344272810640714
102 -0.47645801083472267 0.02950988087380628 0.1992824046332922
103 -0.5307722067666312 0.14230140735405541 -0.009481414401960141
104 -0.2737977205809782 0.0017293345234671235 -0.16384915977385486
105 -0.5386965994952245 0.13949502230908595 0.17138536322650233
106 -0.5092129494228037 -0.15584956138293213 -0.156860716425791
107 -0.4967368745503623 -0.07352783147653083 0.09349307011390945
108 -0.5443278601593444 -0.048102205310802296 -0.24632451314214943
109 -0.49989645928164506 0.10894326241998398 0.13759560639256693
110 -0.4271407753122693 0.15933373791315292 0.16181378331682075
111 -0.5714150998763813 -0.011888854439943032 0.08489666559026994
112 -0.3164104087932661 -0.09607090405349498 -0.09326815830893236
113 -0.4988924646464666 0.15294616901088726 -0.2006937999748271
114 -0.5053563865612476 -0.11682368268322284 0.2755664137762463
115 -0.5161667788441081 -0.06887590190685121 -0.0030107934925139444
116 -0.4925793775059071 0.006734572510250393 0.17899067330988566
117 -0.4902212217421311 -0.00021366016552020506 0.24272184566511618
118 -0.5337678922292964 0.050911267213239395 0.1641928886855857
119 -0.5505436272802636 0.08786358356288781 0.2936242155885655
120 -0.5836001753436372 0.002349854778841854 -0.12266593017467295
121 -0.5508770889356941 -0.1280962978813383 -0.09017602116242493
122 -0.486022442667792 -0.004826307112916709 0.24486323465305984
123 -0.4524251882853008 -0.020626981630311046 0.17784475941394087
124 -0.5569983364110891 0.13391439756824153 -0.2897058568267829
125 -0.5066955204819013 0.1242467527959616 0.3265745505117293
126 -0.4827205345506499 0.0736882376937085 0.23169903825958776
127 -0.54994601622597 0.013036087704633713 0.1819765673403179
128 -0.5282675813370288 -0.038346014020703326 -0.0030523828993587747
129 -0.5401093227240711 0.0934835253331163 0.33623516316490754
130 -0.5140358186955467 -0.05405684217604486 0.2503259562454711
131 -0.5078458397830857 -0.11183468192677005 -0.1336219553498473
132 -0.5160043824647446 0.005739748851497002 0.03244004777320817
133 -0.5658107527624496 0.13407725927178019 0.09156289566815286
134 -0.25813796522241805 0.044305818685767696 -0.10541633537473648
135 -0.5071795404167522 0.059276994062965674 -0.30988751748707566
136 -0.40220152237257617 0.03792508964254595 0.15367257963180878
137 -0.5081898284089869 0.008501830131858177 0.004257710589456585
138 -0.563020926782606 0.06818846889245697 0.3122856749627457
139 -0.24181685399948125 -0.14032747868566128 -0.23985475937845913
140 -0.26374731674093227 -0.11735872446671161 -0.22167997176503923
141 -0.4630024635211438 0.046932364653960806 0.2641468816448255
142 -0.5148064321317831 0.10484536947628899 0.07865566192666895
143 -0.4786688951603637 0.07808868307611169 0.013298203233013638
144 -0.4826649137873456 0.08223498615373076 0.16163153704941216
145 -0.4945080805614364 0.07504684816653925 -0.14624058091344422
146 -0.6422109979796277 -0.049472453716044494 0.48420254808639757
147 -0.5200556429285237 0.1445464537050877 0.1847562954887326
148 -0.45220495263683674 -0.1440410430935282 0.06098498989319422
149 -0.50062386616803 -0.07960777619096662 -0.05034298154261185
150 -0.21598985518937158 0.07436672475837933 -0.12689461086067758
151 -0.558681742810074 0.00835219981228255 0.2056664393161731
152 -0.5082296573601196 0.019387684834065916 -0.1069816092552035
153 -0.5269036793137126 -0.016460601407942525 0.24980594899748879
154 -0.22696847737979756 -0.07792293902470426 -0.1107584931071791
155 -0.561781784870455 0.15414600740757292 0.18683639601618743
156 -0.5020170213013557 -0.07410855269613155 0.10748215525395903
157 -0.5516497247706228 0.1703231010181357 -0.09824438417809847
158 -0.5807459828076672 0.05190670176092462 0.18606138087868082
159 -0.5746141345608181 -0.10717881157030026 0.12538914081271912
160 -0.5440491184744091 0.000993884121140626 -0.005684975869678487
161 -0.5232500262595466 -0.16812539003059965 0.3830906290675455
162 -0.5751555693968022 0.023213840842124252 -0.22566551799232037
163 -0.48872710787224877 0.19143281683024413 -0.27895442156089045
164 -0.5150853690055636 0.010886227178589182 0.053397215537583934
165 -0.4945386075616833 0.2058488103491428 0.2216656186068535
166 -0.4519510626388758 -0.03429739945199225 0.10533496805119955
167 -0.4909184357855195 -0.024076837894377277 0.03685328876299798
168 -0.524761094249106 0.16285235024729575 -0.24212286048782097
169 -0.5975789156511038 0.05246655989832003 0.2933946196949326
170 -0.46699971766234527 0.0070029027537784625 0.10990508419784163
171 -0.506609506343545 -0.019468829831660463 -0.03974612130669527
172 -0.6009569269809084 0.06674612990252657 -0.04484816779791286
173 -0.6180664837259052 -0.05725561472182306 0.282956288900689
174 -0.4999933910562257 0.07296538261866752 -0.07183720008391437
175 -0.5029989846225587 0.021788030216471823 -0.08942337055380653
176 -0.5221089371590046 0.013798617442296967 0.2064015247066641
177 -0.4746279528492492 0.0743608004825186 0.1531666906456688
178 -0.31518373599263644 -0.05171082987854767 -0.4028612221348862
179 -0.633701434119848 0.10061130020166584 0.2700522201384657
180 -0.4104415700799686 -0.05710758666927937 0.04433976422734377
181 -0.5071668963588463 0.14392234401364276 0.23933247662521168
182 -0.2857015023485319 -0.043793694463340395 -0.38546242264237396
183 -0.5118494849921269 -0.07422851081981685 -0.248356297744367
184 -0.45918404713521466 -0.014688406370848771 0.21135649344444438
185 -0.553199545073603 -0.03567913326666057 -0.058635132960077774
186 -0.6235731616305147 0.11527416970797463 0.01828259963231086
187 -0.46258365360176174 0.07215851548264983 0.05719199699431737
188 -0.4957244525132007 -0.08591763089466083 0.251031402103368
189 -0.5015363515541342 0.09833975293338684 0.288653972484549
190 -0.5212513506664346 -0.05142813427775658 0.23872210902280855
191 -0.45408220623483475 -0.09833261386623508 -0.058511130579514466
192 -0.34757787905648674 -0.023933300850908334 -0.4010379658688747
193 -0.5217030797030746 0.0941114295256306 0.018130598809158814
194 -0.4647994547983536 -0.04317120257423736 0.057758432040700455
195 -0.546525566661042 0.11651203102255789 -0.13998449370225752
196 -0.4848135684379734 0.18952704222559374 0.1819993501526082
197 -0.4478401912074619 -0.07990180026973141 0.10188365255229126
198 -0.511495696535903 0.04917276161526499 -0.009131172227153414
199 -0.5027472826363795 0.058774591595552005 0.4134537962471535
0 -0.38195393990717 0.3852291379261232 -0.092607837822827
1 -0.4240656546602784 -0.0719021490488996 -0.225166884757895
2 -0.4122282551877159 -0.2530525142366118 -0.36512877428207446
3 -0.44476060116735117 -0.3689081698861958 -0.09257640993111492
4 -0.395310380866695 0.16468100331491814 0.049132637587785626
5 -0.41258580999605193 0.36227420175568614 -0.18658354195135807
6 -0.4128157212596898 0.4257843792276382 0.03246122256161538
7 -0.4798289529185035 -0.3327282821061526 -0.012503185434217393
8 -0.5285426560884737 -0.3351757820368939 0.24263718300340803
9 -0.4237417588289769 -0.1463404649487061 -0.37349000404808885
10 -0.35316815709755855 0.22532907147406994 -0.1301492720895263
11 -0.4156993692313276 -0.19101950783941055 -0.24485969236869354
12 -0.4361683334385049 -0.40115495080452857 -0.30063065616216367
13 -0.3683601364199248 0.21995253553846064 -0.14545061250893918
14 -0.37416158323358684 0.26806652901918354 -0.1801039174381036
15 -0.4020214060212655 0.142945551285617 -0.23741191276609172
16 -0.389509646982184 0.4089377231227673 -0.13362703247089275
17 -0.47509367978609063 -0.22102051279928378 0.0009340279271394898
18 -0.4074795045288623 -0.24429892910190099 -0.1461961657801191
19 -0.44624868239337856 0.24670354368070443 -0.17284295583945644
20 -0.47063318479248295 -0.07204924844685817 -0.03346165027980085
21 -0.3936762259335796 0.1254462557434767 0.1788119393790978
22 -0.4158365157294477 0.1546178897218017 0.06274476724746356
23 -0.3569647175098088 0.2757058248330922 0.19162129193849883
24 -0.3662218308528725 -0.3576733393794677 -0.24950206831019275
25 -0.390354604933125 -0.34998230336719355 -0.30362103046423317
26 -0.34014596446362333 0.18400264559674018 -0.2062962708999493
27 -0.43158324039827084 -0.3545300221153583 -0.11232741394817575
28 -0.4181907277313659 -0.30159358926120744 -0.06278077591937367
29 -0.40969738568984393 0.26439338743631224 0.31067759243397486
30 -0.3856187062686094 -0.2874093723570859 -0.08447805871145454
31 -0.34728693764226565 0.19376088096091174 0.02257746469565854
32 -0.31400516304284437 0.3026609467523839 0.029116017457220332
33 -0.4489363218448488 -0.29740755924274437 -0.15511765644502085
34 -0.4444217217274788 -0.2571147247495251 -0.10659926082692381
35 -0.4247956884464188 -0.3416048821666669 -0.13066146750055935
36 -0.44388018066745855 0.12163082338107689 -0.3113560180961532
37 -0.4329306939035769 0.2837243972976963 -0.0522173909543909
38 -0.49916240765182524 -0.3878591506883086 -0.05071242652117751
39 -0.4303600579109962 -0.1381854733459318 0.04072613492503004
40 -0.3638700182751339 0.33054349556745044 0.0909692862751226
41 -0.42143777122906995 -0.2190048220855624 -0.2977326236450316
42 -0.4024273645084265 0.3833655092944966 0.17313773514404884
43 -0.46209167205992246 -0.14634908637020316 -0.42194605059567203
44 -0.4257135332518773 0.2403185321805445 -0.1389958547596262
45 -0.32921561004985356 -0.2970167344329311 -0.14816346859119944
46 -0.3200868366959729 0.3635764076065176 0.10800494449103865
47 -0.37706582785757764 -0.1893682869893269 -0.09394076073668746
48 -0.3758673441416967 -0.3005204619081146 -0.030050475490243967
49 -0.4173391599649085 0.25511530050234743 0.09936516516236114
50 -0.378947716026374 -0.1704377903377479 -0.01036399341422076
51 -0.4967529317929631 -0.2130747331819019 0.09192373955778717
52 -0.3962529111707279 -0.2544866431290701 -0.29657231813227314
53 -0.4628858631014983 -0.21720372824640663 -0.061465807017169694
54 -0.48380152558743617 -0.13255242908819928 0.017952651350144816
55 -0.4092860669899001 -0.31298341016782055 -0.05633144752830233
56 -0.4538153143016401 0.28433189273241627 -0.10595740739564422
57 -0.3057212315337361 0.2829575611801326 -0.17912983523877973
58 -0.35304791836468485 0.18771222566530305 0.1543723953724363
59 -0.31939472512930783 0.1609467011478699 -0.006980034917806001
60 -0.4304573585818797 0.16158835056557738 -0.0838023380184416
61 -0.3335883383211708 0.26792510349223814 -0.1342570360447083
62 -0.41313592242769753 -0.16168122631474646 -0.07736301781192353
63 -0.33895377576043206 0.14761087957616795 0.026444166343968536
64 -0.4085056497382135 0.15516883617395233 -0.24881311395048972
65 -0.41518364022568033 -0.1808111831490288 -0.23395155679418567
66 -0.3374337366129598 0.3887162987153288 -0.04271300669380235
67 -0.3770675566400536 -0.20864995147688856 -0.13336228756382146
68 -0.37899895756645535 0.2980513882447723 -0.23367555283784247
69 -0.4654106230975874 -0.401988891376464 0.0012280188745102437
70 -0.35610750584001066 -0.18144489304924907 -0.21087279860704364
71 -0.4014560095610186 0.169424427566324 -0.20147553223429865
72 -0.3481343450045003 0.2180828320350351 -0.009610583186150547
73 -0.46374510071862257 -0.11725089261615518 -0.2261141568124601
74 -0.3805997939153072 -0.2381750465342994 -0.26424610114412034
75 -0.42334243979299874 -0.2596259377334115 -0.013686482350553695
76 -0.42479121409798926 -0.4565714470759219 -0.05967972044398247
77 -0.3446327180128929 0.21687352638501187 -0.13484508348136878
78 -0.3552681729052014 0.19729744055596038 -0.04070150140446225
79 -0.40627725442073837 0.2277761397697013 -0.02193969100255419
80 -0.3992578426101799 -0.2761284323598117 0.053829196361386035
81 -0.39212278056588956 -0.252610716838903 -0.2205269390923792
82 -0.4091027085270665 0.1619079866674905 0.006131102648691694
83 -0.4010151876924717 0.3846738693779721 -0.20638030346254016
84 -0.328908233241195 0.163632066516483 -0.13749513632279983
85 -0.32881284254077636 0.2732440611393715 -0.28675282867157825
86 -0.4160971032764037 -0.27998584776378843 -0.1659908355250743
87 -0.46395409479867017 -0.2420500344395435 -0.09780086960765277
88 -0.356482914912494 -0.23260271774673585 -0.22898900616880072
89 -0.36422774597770663 -0.32652932974650895 -0.01720054882641633
90 -0.4426950241263529 0.3531167265862723 -0.14409490296231448
91 -0.4365263288124044 -0.22721143191628676 -0.27052955119280797
92 -0.4789382920132918 -0.35200492254216365 -0.1241263631960693
93 -0.4418449696413936 -0.2373031412777765 0.19951406959012175
94 -0.42413912516482294 -0.3915253760106575 -0.19376497848973467
95 -0.40791732165907024 -0.2608279339470263 -0.2565695203352051
96 -0.43009884340001026 -0.3249578774006332 -0.13122194288090547
97 -0.4069522348700757 -0.42071421663323294 -0.1309881320567913
98 -0.3404717850922963 0.2266137515673649 0.14337724998661366
99 -0.3143517419772196 0.16149102942843868 0.0378297880023178
100 -0.34882975664734656 0.2530997065883011 -0.21348061569021587
101 -0.4961876059945354 -0.43690945778736656 0.07411645791123068
102 -0.33984124174590113 0.17119619219964669 -0.138992545182901
103 -0.3922936325140022 -0.28442064329409 0.016643661298755958
104 -0.40127812888399733 -0.317961285778018 -0.02191495634428762
105 -0.33653491557612697 0.16530445091956034 -0.20846792885602075
106 -0.4986021509136847 -0.4466305625583476 -0.25403925382385845
107 -0.4168586612020167 -0.26866377164131156 -0.10111114133895793
108 -0.3614787664509354 0.25643507103107105 -0.17000886002475712
109 -0.4062629369993843 0.24758705312213058 -0.05475112914282917
110 -0.3904455556432903 0.2159176444092639 -0.057203977700593094
111 -0.3749322110147969 0.13971603888610576 0.24780254365397447
112 -0.352171106663316 -0.17554168534666068 0.029382634169222127
113 -0.43485077121356985 -0.36882835652990265 0.007718292355282386
114 -0.349771673422491 -0.25457507371713756 -0.10095852948639969
115 -0.4450720481203256 -0.3162411000252304 -0.15919798787247497
116 -0.45797387269993045 -0.32463215656872735 -0.13707711638574172
117 -0.3701488441911333 0.2692590289192483 -0.2030621734821309
118 -0.38103100189144334 -0.09316695357487952 -0.1428123548800151
119 -0.3671203367560012 -0.10654173977478369 -0.21373722056818958
120 -0.43352565438120144 -0.30211848774747085 0.14693687650393358
121 -0.4166888952978496 -0.3237857136773638 -0.059766642252513665
122 -0.44483042358666575 0.26529781840536154 -0.3683600610958807
123 -0.3599687558957983 0.19432295200369884 0.036518162677886434
124 -0.3864815065793596 0.2055044606536733 -0.096366099279082
125 -0.412900643599486 -0.25392376683979984 -0.0625749036816711
126 -0.42861716502009556 -0.3317512985131677 -0.16080327611615877
127 -0.438912914846033 -0.32332747513698223 -0.08708868621046449
128 -0.4109942388885078 0.23647224063751024 0.057134623434820606
129 -0.44479900991572124 -0.3993359029710913 -0.24874989174412898
130 -0.4689195835477822 -0.07631195372204042 -0.02359644296457691
131 -0.4190596767237256 0.16832622684471074 -0.009944001732795985
132 -0.3680182417595407 0.2674384933806085 0.016790406595550807
133 -0.3717824965129107 0.36896798616692594 0.0719847294275818
134 -0.4400443481425512 -0.2947979954869645 -0.05306143991035528
135 -0.42955728760745715 0.30311635983258906 -0.07177942977622259
136 -0.4868790747062396 -0.09247448142869968 -0.012659226938672696
137 -0.4229768359094348 -0.3805479589467299 0.0044295697498165625
138 -0.38876485377430425 0.377732220622856 0.09824884738536607
139 -0.44592417595995354 -0.23425439570254708 0.2083319232551028
140 -0.389962849688624 -0.2572002268153095 -0.017031405243824075
141 -0.37443222594176445 0.30585109960484663 0.1861821972893554
142 -0.4202837644574046 -0.3170332496293836 -0.059603085351359796
143 -0.4132383604736835 0.3708765642682405 -0.30233373786693446
144 -0.45051998009388367 0.2567619616056264 -0.1045519137953441
145 -0.3812770395984495 0.31877778588714206 0.15169113209291224
146 -0.3981719148354986 -0.2014400093463451 0.33832362409181427
147 -0.35404890281931384 -0.20836451541824977 0.17365217149346468
148 -0.36869574514560727 0.27689209858425307 -0.17836995965178593
149 -0.3869998138301472 0.15978891007020163 0.05498257231397242
150 -0.42480616316989317 -0.29594001416363347 -0.24416815854830626
151 -0.355831195786043 0.16587779543677456 -0.09090001942906852
152 -0.2959570416089336 0.18122653592180338 0.058640221073789585
153 -0.47237888000242845 -0.23440539804978036 0.028425040442558946
154 -0.43154787307787634 -0.3169994007309768 -0.1783474844133952
155 -0.40423659993097466 0.2310184604883321 -0.3116066361722899
156 -0.4338978297337444 -0.24759138434931427 -0.02783526055097663
157 -0.41760924405570005 -0.24504892156465355 -0.2981295389285873
158 -0.35561829672565076 0.22458764806583123 0.16757438977262196
159 -0.44209642403142574 -0.22130598849427935 -0.353898413469634
160 -0.4284612522155181 0.30704667851615797 -0.02655406320878011
161 -0.3375087342051429 -0.16358045155752932 -0.18293094997088166
162 -0.38197632208586196 -0.2764914829948872 -0.0800578863792845
163 -0.4277751009126993 -0.2565944126946497 0.1254758120973833
164 -0.5046448156358243 0.21406892616218617 0.039846241871018484
165 -0.44045673585633566 -0.4241121777013643 -0.11692590290239538
166 -0.41120825645044773 0.23323556192372494 0.07722986687966596
167 -0.380680950979077 0.2787263787885109 -0.2339346028435707
168 -0.39367841409333476 0.1138296644787871 0.0736087853047881
169 -0.3679341400955956 -0.10995256609451856 -0.4258482747124403
170 -0.4215479933305288 -0.3614263586199661 -0.4142609934731408
171 -0.36850824524106335 0.21653140511041394 0.011927339611473787
172 -0.38897568123334336 -0.24324652794207619 0.07351146808617136
173 -0.39989943832300434 0.3877634464829341 -0.2236279857502555
174 -0.38851811881795334 -0.2804583632175554 0.008136743085530801
175 -0.4253513732199356 0.2092742562869454 -0.20953832979756465
176 -0.4101889146445763 -0.24826951193469074 -0.23211565489476974
177 -0.34104322796006686 0.3193518865872366 0.0062788723505381935
178 -0.46340700947420477 -0.2692257813424425 -0.2299962108228106
179 -0.3748579599325348 0.3798588709736806 -0.13725924619443944
180 -0.35673640407305157 0.2721507309591906 0.06411095351258154
181 -0.45364099728577395 0.31143260769228726 0.13994414098699426
182 -0.3902374268186137 -0.42838735446193077 0.12234866616752177
183 -0.37455682007857755 -0.21582990039694455 0.07096836379517589
184 -0.46872259319925574 0.15047639071624952 -0.21819725089924927
185 -0.45390048619315887 -0.2371763545459909 -0.0751548665302266
186 -0.38112593042851656 -0.30592716041675966 -0.24257504923836537
187 -0.4243459974469137 -0.38879205638171593 -0.22823620075693762
188 -0.38560087052087555 -0.3646287527594384 0.150036090586791
189 -0.33197474742085037 0.3798020197681217 -0.09249203105100687
190 -0.3611929996846799 0.2116425019977167 -0.04505899115017879
191 -0.40341976018256237 -0.3342163529561183 -0.14984758158872316
192 -0.37089071204974794 -0.24297032113314831 -0.22734985515637066
193 -0.530138899550266 -0.15368337744379054 -0.2500927495366832
194 -0.40421301265799187 0.3974817499086538 -0.07572027773770157
195 -0.3873402207742314 0.2511041380761332 0.026780780594999092
196 -0.4355010664056325 -0.19121201960503081 -0.19956178547394882
197 -0.49314212364249355 -0.1319010832367243 -0.16768425202452208
198 -0.3922481834218207 -0.198476977381052 0.03571782515835151
199 -0.39460236432508355 -0.2141881493415886 -0.12306693766041923
