200 3
0 0.03755563826323564 -0.005448831153856226 -0.04231315676440584
1 0.03629421972734044 -0.037671844344096 0.024898664714553417
2 0.03577811009857946 -0.034733038210754595 0.03532232360247613
3 0.03948460293273416 -0.005494787955247028 -0.02844703259153259
4 0.03852998713624366 0.02034322181083373 0.015141277105719886
5 0.038043986293749416 0.027923042504658307 0.03357721927967959
6 0.03551840549567069 0.03933113894087912 0.029791582274411962
7 0.03499082536539018 -0.027494489376656488 0.030394858806766196
8 0.037056913990992965 -0.0071595042979564 -0.028336741984292053
9 0.03603718576524252 -0.02708506649353078 0.02837034796813871
10 0.03629485334238438 0.023743684034956112 0.023061161819683023
11 0.03525548900799217 -0.038912345357798396 0.02566862896691395
12 0.03525569551020914 -0.03386316928164012 0.02056276457421568
13 0.03654968569761396 0.0311383949992558 0.030240779023561006
14 0.03804394484948899 0.03476703655213025 0.03359401899285286
15 0.03654973588843764 0.03082211414542822 0.028652139525603124
16 0.0347277702690445 -0.0007597281947496078 -0.036441315373004865
17 0.03780159707157064 0.0027420198575271214 -0.02815546946124706
18 0.03629784268883736 0.005026129984877866 -0.042666471587262784
19 0.0385298724524816 0.03333649991665716 0.02171182952553266
20 0.03971950204523261 -0.01009458556529927 -0.03682508180931698
21 0.03804469377504043 0.02931531727927656 0.021276678915469402
22 0.03680319104957285 0.025169048291070573 0.024798492788135958
23 0.04109893878916523 0.003511349214283395 -0.03313651296466153
24 0.03629733073598935 -0.006173168053632067 -0.03551820340328717
25 0.033912419327153026 -0.022595047327852207 0.025922116718210958
26 0.03655011861905807 0.030543567360788757 0.017070418834706554
27 0.03755605574407118 0.0004254137402946531 -0.050025438040807814
28 0.03829010936572039 -0.0026784467461444315 -0.03009390744468592
29 0.03680340031064922 0.026628134429124362 0.024633081079569165
30 0.03629792570022936 0.004402969320609847 -0.046083068840826406
31 0.03577943115621961 0.03110481414307586 0.020607676326564992
32 0.03705470905155132 0.02509958342965457 0.02392476389793851
33 0.036548939047275145 -0.03899066036636702 0.030944157726401134
34 0.0344561370420452 -0.02808529045628999 0.022382796069028543
35 0.03755192780147622 -0.03329509323965127 0.031019301958534636
36 0.038290207854737655 -0.008374864414973024 -0.034051827775499505
37 0.036038172197349026 0.02782252107238943 0.021374097211941005
38 0.03780196774244774 -0.000254789357777137 -0.03588904455205965
39 0.03877260005581086 -0.0022338997333200567 -0.034821832950893354
40 0.036803076578166186 0.0351702385360397 0.029650456142053336
41 0.03755553770935513 0.0013807311707694303 -0.03848969262751342
42 0.03828765181346054 0.02875205025460658 0.028047810386788524
43 0.037303838580176565 -0.02281012779282497 0.03319745449626412
44 0.037799461527360786 0.024356744224932506 0.023143247364215448
45 0.03680590599696491 -0.0006899958153208997 -0.03982089652587634
46 0.03924885701119929 -0.005424703840183249 -0.034394107334687875
47 0.03948519469233481 -0.0059155659978025535 -0.04304154919010315
48 0.03877304902188958 -0.0015012387446786612 -0.04553723369476821
49 0.03730450874374407 0.02804370258473415 0.02777807652896291
50 0.03705414830126224 -0.026921942406518365 0.027791300276823375
51 0.0365490950861381 -0.028995912217532026 0.03181755508425169
52 0.03680221287724295 -0.04424056973602312 0.030571426467097217
53 0.03335951274233648 -0.02501050651377928 0.036942704336063066
54 0.03755542581687195 -0.006805650269794757 -0.03832596775156358
55 0.03472442917217883 -0.03510763502514945 0.026134303011253773
56 0.035518948537847796 0.03730729003789022 0.0208043378521265
57 0.03779934273720577 0.03714627364565584 0.028718877684575855
58 0.0362946687867688 0.02870677721502351 0.027523505690814656
59 0.03730716312126792 -0.012654961722265226 -0.037022080193072196
60 0.03829028484904193 -0.008730293811651822 -0.03433712961261098
61 0.03924624459285962 0.020930747507276477 0.025958495825574916
62 0.034990412665456716 -0.033658587937920044 0.03872138310887594
63 0.03604052723741104 -0.004731177106223441 -0.03715851072820526
64 0.03445626265279793 0.04002322319705845 0.032332761624886484
65 0.039248999637149624 0.004231400837418469 -0.036282648744521126
66 0.038529849728059666 0.03563620593454886 0.022524122250756454
67 0.03551800322854467 -0.03294100717382931 0.02703551491270236
68 0.03391312214282465 0.03928369532823051 0.026579425478687378
69 0.037303866626923886 -0.03161463601685782 0.030312185048315208
70 0.03577859423920454 -0.0330387686607131 0.026978934805476477
71 0.038044236391466126 0.027218315840644138 0.027926841971859247
72 0.036549760275367105 0.03316093092645526 0.030375263000545192
73 0.03499074556792308 -0.03168920504896403 0.030428789865705425
74 0.034455479135117484 -0.03241151510674512 0.036953019306876646
75 0.03730379377046451 -0.03572109331545162 0.02907617396011682
76 0.03680250258687017 -0.03729209327011541 0.02766708917813145
77 0.03804456714564837 0.031492062245793914 0.02068328670029005
78 0.03780205534246788 -0.006392366426099678 -0.039628939817898896
79 0.03804414374373778 0.03160492492108001 0.02974985177179201
80 0.03577824597167339 -0.03645620092449188 0.03290848020095682
81 0.039011780333006264 -0.00585317889876049 -0.04114334911316791
82 0.035781957268776324 -0.008397962314914962 -0.04005791561261797
83 0.03755317018288665 0.035166518059751364 0.01901570765820257
84 0.04018462693465134 -0.0028184169406191193 -0.03752770821936838
85 0.037555477443234224 -0.0031441798402376 -0.038889407092352196
86 0.03603724874145143 -0.02646831069049212 0.02962095034972614
87 0.03680564992402831 -0.004724473163314601 -0.034562364486039644
88 0.035517861326176264 -0.0281192424618997 0.030583373779445342
89 0.03755588305509829 -0.00018521784535730046 -0.044687561757242825
90 0.03654990403418469 0.025229892610523247 0.023062074903796453
91 0.03499073277595919 -0.03358981979103795 0.030199235891316224
92 0.03852947600923309 -0.02665698931029063 0.018673149811360087
93 0.03901159410584695 0.002833226340549908 -0.034729718537530915
94 0.03654902412609655 -0.034892656759217 0.030840064334705236
95 0.03755561294695987 -0.003677488077361489 -0.03981221906037947
96 0.037555050057530556 -0.0020551412134984376 -0.02951836388899821
97 0.03730751264440497 0.0006705748392999742 -0.04155977951894552
98 0.03852957256748861 0.0362678552431502 0.027462458382927987
99 0.036803469063831855 0.031213143433657494 0.019999025122767716
100 0.037799701506313524 0.03675165310413917 0.02160205233174339
101 0.03804707780311926 -0.005624956637926806 -0.039180099886159114
102 0.0349941993621736 -0.004164749133870261 -0.034861509814160495
103 0.03804679985601073 -0.008249937356918098 -0.03376182774629771
104 0.03629422960745756 -0.031159868164828276 0.024463389882812166
105 0.034724943776569206 0.023227000603611714 0.027207995267240645
106 0.038772041531570024 -0.0010970764410310606 -0.021786760982773892
107 0.03779849352406875 -0.032411188658624523 0.03296441262676321
108 0.03779948272407927 0.03431943713834938 0.02271007892843388
109 0.03680315796307033 0.022543589546694248 0.02493762117872581
110 0.03418619707401543 0.03543632239190295 0.01862814167555643
111 0.037305174735582466 0.028592079393992706 0.014050019694115783
112 0.03730410670374904 -0.02659164790712248 0.02682294937771843
113 0.03654926641619388 -0.03342254958853533 0.025265486295922932
114 0.0370572065511262 -0.006473763558417335 -0.03450324417528962
115 0.03391202430379747 -0.034226144273141614 0.032511202343546625
116 0.038769431677887094 -0.03126902457665212 0.02781175165144016
117 0.03755280047932642 0.025320222780656768 0.025823763229282065
118 0.033637213930392686 -0.026920525946718267 0.02874848738870282
119 0.04064432990116364 0.002574659826316362 -0.03242602473241639
120 0.03525593264707274 -0.030515645606945092 0.018945068893900432
121 0.036293699062604025 -0.04184456880751 0.03294294843509717
122 0.0387723627738447 -0.003610585434994945 -0.02970655354727188
123 0.03995010476526358 0.02582951901148527 0.027051781232524864
124 0.03472500719638148 0.03595142783206358 0.027110061330259807
125 0.03604051477503566 0.0010402619900043103 -0.03724389086398539
126 0.03499085342420003 -0.021210960935883337 0.02977059065462095
127 0.03730412665302134 -0.026410549781172715 0.024082983446240654
128 0.03680296915610569 0.028163888735020334 0.030955718623221013
129 0.03877241370495726 0.006753815879886529 -0.030269426726280396
130 0.03829059139997319 0.0017059774966308617 -0.03938650628753009
131 0.03472543744053762 0.036780847662320426 0.017678419633821375
132 0.03730473540174332 0.036429539040130895 0.024517494704155346
133 0.03804671788071864 -0.011042712100953762 -0.032719286055059034
134 0.03472431032218452 -0.03485601163360665 0.0339767686700807
135 0.03705717319277138 -0.004736417172582592 -0.033157167457529384
136 0.03971929515346591 -0.0005037421696473508 -0.02979573011827911
137 0.035255431658903866 -0.041908860753895806 0.026022285243968872
138 0.038772572939836436 0.00039640287799985963 -0.03305845850171171
139 0.03900839826213979 -0.020181577507681753 0.025112227968063137
140 0.0370539841056564 -0.03189062192312322 0.027875927309446696
141 0.03852983093312641 0.02929258074476592 0.02176289344074512
142 0.03804655144550076 -0.004699707451740877 -0.028271482429323272
143 0.03804733439423329 -0.0009422240045053761 -0.04427537291540265
144 0.03577950235407379 0.03324393095957015 0.020128237544287657
145 0.03779972197953477 0.03881516556570654 0.02035495793949902
146 0.03578156036716135 -0.00016691008783251008 -0.031409069287579
147 0.03804746847796953 -0.0029481278386691333 -0.048601376027040614
148 0.03828808593488444 0.03469780524117585 0.02126598213978492
149 0.03705462980494046 0.03314259953412366 0.028349802282708853
150 0.03499040856182743 -0.035269335226715666 0.03890564910034071
151 0.034992213876960235 0.03608393959514236 0.014057423476113082
152 0.03924620469855402 0.02411504063277756 0.02919052228123227
153 0.03604074744380755 -0.0009520146552517725 -0.03910580101817491
154 0.0336373832888424 -0.026477718439695954 0.02712981328390491
155 0.03629452006991571 0.023881088758823114 0.02858190278772562
156 0.034993997414857474 -0.0030661190996276013 -0.03166853388574105
157 0.03445540113077653 -0.025480043539556886 0.03897394709271919
158 0.03705492301771376 0.035836533866677886 0.023064226584250502
159 0.03755205976867664 -0.03528959600412716 0.030287545077532996
160 0.03901162295723743 -0.001284792393857929 -0.03864728611092512
161 0.03901175835985867 -0.003140176778459466 -0.04103272131027701
162 0.03995276762794041 0.0012972928360999512 -0.03499392887281279
163 0.03552140473505689 0.0018827517018499586 -0.039219781437696194
164 0.03577935200106935 0.03767992212298146 0.02370205292857463
165 0.03577830034052355 -0.03902696587301592 0.03100872425341072
166 0.038772700091318654 -0.001944010422070274 -0.03866680135339995
167 0.036549805873636425 0.03626963971578773 0.027264286532379736
168 0.036802879339431153 0.02996983885434887 0.0313409623829055
169 0.036805400736252165 -0.009430764528552203 -0.030792263376196262
170 0.03604060597343902 -0.005126082840969269 -0.0356528066667712
171 0.04041266005432845 0.030169826338175706 0.023779841380145335
172 0.037555865130267804 -0.003943911164495289 -0.044870224618405216
173 0.034991452189153546 0.027821269965133937 0.029416489803124047
174 0.03829061319845808 -0.004129128779895585 -0.04126462080778986
175 0.03629490136183619 0.03578183805908283 0.02606144088092638
176 0.03780187449292082 -0.007334287138106788 -0.0358106807241235
177 0.03804711249617521 0.0032225868024615767 -0.03883090359987067
178 0.03924569379404948 -0.028246991222979818 0.029357281696495503
179 0.03730433239897305 0.0292728389618682 0.0311460783587947
180 0.03829044165366755 0.0028362345806536276 -0.03540372897413176
181 0.036550134189512515 0.029869271705343835 0.021055197226774555
182 0.03551771245671528 -0.03599110356589794 0.03401214349609342
183 0.03499090585630353 -0.028293778105931155 0.028625642231798837
184 0.035518167557252935 0.0410045036182485 0.037306414133121475
185 0.03780200266684169 0.000578309300769721 -0.03571939258361164
186 0.03418525568329121 -0.03277372562129971 0.024803598636008926
187 0.03877282726413055 -0.0031761031860474856 -0.041182103255610336
188 0.03877259950483334 0.0065080480240922705 -0.0322299583643984
189 0.03603790680427167 0.03784389686606973 0.0279723697206637
190 0.0380443503211387 0.03628988839813326 0.027323230484397953
191 0.0408693160809379 -0.030612421873328296 0.022908626965106295
192 0.034991094327836855 -0.03247795979800263 0.023003000087322898
193 0.0352586928457754 0.0032483347482683937 -0.03599184604570792
194 0.038772246606625926 -0.002799505738576208 -0.029099065273344264
195 0.03730774199220235 0.005765597619489295 -0.04526241490840072
196 0.03603734518641138 -0.028797860193670425 0.02698723678505454
197 0.034990622322734234 -0.03259414743695075 0.03270634588908004
198 0.03680251803418681 -0.03750695175295909 0.025770763463046794
199 0.039246080145083226 -0.023646182004490816 0.019583304096041688
0 0.04739692203614327 0.022585306966973407 -0.005008926408029778
1 0.03308041567240484 -0.033891507818458136 0.02400946509967568
2 0.0347241380718142 -0.03820699947680205 0.03242579756586997
3 0.046004512143744555 0.021332915210068346 -0.008614771158051841
4 0.04414985253773914 0.025090212442655975 -0.015581871726001234
5 0.04580262221173496 0.02129683166501059 -0.020238579322023005
6 0.04660648877563527 0.019031077468125268 -0.011044463057881555
7 0.03472408327655506 -0.03778647755086527 0.033450228272062
8 0.04518972421688787 0.023710308642813798 -0.012339900770072704
9 0.036802239056573434 -0.029127753445235938 0.03500310481208274
10 0.046407084585511835 0.02211205182155902 -0.018418266929527406
11 0.03577913307166112 -0.03056395608839991 0.015156879232205336
12 0.03577851938488297 -0.019977808693861888 0.028656944064251098
13 0.04720081410342844 0.023178557607855532 -0.013345587292675154
14 0.04559891984235415 0.02019245852737816 -0.012670988482253566
15 0.047787625020767235 0.02583531871898844 -0.01295543511955219
16 0.046606185905371814 0.023734540873475558 -0.004534182524897085
17 0.0455990211565299 0.022332096305728313 -0.014525917774292046
18 0.04351379577824942 0.022566304466424734 -0.011044562006240304
19 0.046004387206255666 0.019887292816639514 -0.008347721426627713
20 0.045395019902195397 0.022373597479208966 -0.018456510929454124
21 0.046406748717251645 0.028054162984856048 -0.010937891042357425
22 0.04620624952671073 0.021454131968137793 -0.015577709772575615
23 0.044983488751839135 0.023753733744523962 -0.010547230173239509
24 0.045189940557295936 0.02332261586409647 -0.018276498717960072
25 0.037303848499947494 -0.03225826850820977 0.027329195236684527
26 0.04393876930963943 0.01637970095530031 -0.014729795515423201
27 0.044149900130551534 0.023652768692467706 -0.015168701728629429
28 0.04436001088571207 0.02275496944101123 -0.019499892305108308
29 0.04817495081064758 0.023213472216817316 -0.012096151205374288
30 0.04435988322851519 0.02331972829835967 -0.015958575785684555
31 0.04456868363853604 0.031091783046527665 -0.013208509593344
32 0.04539444622523346 0.024372022631820138 -0.004529265324355107
33 0.0362939205919387 -0.03466914939440766 0.03232364115977464
34 0.03499096075322668 -0.0370688971549474 0.026347681179685195
35 0.03499093555777839 -0.036620127553490256 0.02382578288633093
36 0.04456867856392077 0.026755343011769944 -0.014374280666819152
37 0.0466067944613601 0.02533754486114891 -0.01669465962290286
38 0.042432579288512386 0.024877952924230992 -0.0060111770499258355
39 0.045394534877434514 0.016073371192389045 -0.008079132740870435
40 0.046406752069797906 0.02055875187171242 -0.012531179499843916
41 0.04680560912042441 0.023255393861903343 -0.01549772707475859
42 0.045802497496870834 0.024947488287987082 -0.017915705032797043
43 0.03705416305376917 -0.030066174434733868 0.02462249822814463
44 0.04393860989528876 0.023297793965724994 -0.008521440080249725
45 0.04330002975909485 0.028666421962489128 -0.015068888682181569
46 0.045189846227526344 0.019535131788654767 -0.01818490751809491
47 0.04620579756611634 0.023916272417336834 -0.005434645861989131
48 0.04778750209195853 0.02054753795939235 -0.009519228935963577
49 0.04372732742727072 0.023002513532268405 -0.02369680209751115
50 0.03680283820922669 -0.026503148340085554 0.02472499109622459
51 0.035778795933241285 -0.021128779535109905 0.024807992202085263
52 0.03730410880295318 -0.026170854206327924 0.025513427180627952
53 0.03279844127804011 -0.030360608155682978 0.023551359034257466
54 0.043938991771105364 0.024252480740117103 -0.016079860647028456
55 0.03705412654632744 -0.02572328193479587 0.028948043542716448
56 0.044983839450050016 0.021970241319128565 -0.017448342572271014
57 0.044149420498010884 0.02750987839077743 -0.005310071677047438
58 0.04308500319076617 0.03167337417543031 -0.017029605753467122
59 0.046606253897670896 0.02964485661327564 -0.005920782444159859
60 0.04393867129378528 0.023679719924090903 -0.010544814894411472
61 0.04580198104945853 0.0212341648561426 -0.006108365359566599
62 0.036802638979324724 -0.030816154189979496 0.02327977079872174
63 0.04477666529403567 0.023538870772360915 -0.013837983179412946
64 0.04498363520234638 0.023569846924234424 -0.012135851807490446
65 0.044359893307617665 0.029905991756297608 -0.015591095047900641
66 0.04600486935806488 0.027990280723946236 -0.01587350375585201
67 0.03363671652335069 -0.03450599948093455 0.038762024721792306
68 0.04539452775525747 0.021042292366991563 -0.008407744143833598
69 0.039008365409739044 -0.03440559165586354 0.027131441456876557
70 0.035517792640577014 -0.03464683468560102 0.03033041288650899
71 0.044568738002064456 0.020350446867604927 -0.017160090574266273
72 0.04600463177540075 0.029915130084095798 -0.011879139978215445
73 0.034455930391986564 -0.03437098712000064 0.024280380133569923
74 0.03730400692737527 -0.030832672574531 0.0263842390433349
75 0.03472447230625242 -0.03638160364333333 0.025492878995611624
76 0.034184604891674464 -0.0346422873774671 0.03729951469437161
77 0.04700345645423399 0.031192067837546307 -0.009377124490131577
78 0.04415006319629476 0.030787221758906084 -0.018692472351141066
79 0.04393875673963165 0.025445204888920964 -0.012500646639388394
80 0.03876904190028463 -0.03488763657923448 0.03329853662080398
81 0.04759281704854188 0.027140765520153452 -0.012807027616469145
82 0.046805665547389574 0.023090744900350166 -0.01593222190794058
83 0.04539465212626328 0.027056072579556126 -0.008725579093765716
84 0.04518949177721028 0.027867266577913958 -0.007069052050866026
85 0.04372702549310126 0.02295134121811554 -0.01520317695944695
86 0.038769344996803255 -0.03881271104698881 0.027678827432153566
87 0.047981539599711555 0.027939082298795537 -0.009043541710500777
88 0.03730413250262967 -0.02807824558936893 0.026746618618169044
89 0.047592798687291264 0.01968125206711725 -0.011807929378070547
90 0.04518966518152709 0.02197199373024656 -0.012703162672933851
91 0.03900861429590174 -0.02888126671140554 0.02023725062525379
92 0.03363722285220365 -0.02686520838973474 0.029317571954167062
93 0.04477662035806531 0.022934944063005006 -0.012038749710766544
94 0.033360288704597146 -0.029291805787787516 0.01740983014454396
95 0.04518971172546489 0.02665774779838414 -0.01275159325338031
96 0.04539502652011833 0.02002636298744394 -0.018976249245624986
97 0.044983560794320296 0.029665144369057494 -0.009406085645388347
98 0.04456891391178904 0.029854383376282843 -0.016592560892914818
99 0.045189858962391125 0.02896951656502024 -0.015835302147018053
100 0.046805671712183104 0.02701837324784525 -0.015629170191540163
101 0.043938652096915 0.024252950181837943 -0.009110135550624279
102 0.046606484750691436 0.021174909565371353 -0.011406833463905062
103 0.04456865938260196 0.023502935594634955 -0.012249766635551228
104 0.03472452027920666 -0.03322645595057298 0.025958010709405063
105 0.04640662273007204 0.02238587347175891 -0.008485592475221057
106 0.046805524176943544 0.016452972770152032 -0.013231677980015358
107 0.03418520053924566 -0.03237680010785949 0.027417064258514076
108 0.04518933492847662 0.026393244760977118 -0.0035801106864978885
109 0.0468049762046026 0.01727347574548178 -0.002559247776035889
110 0.045599044220047485 0.032444408349614894 -0.012671767988392814
111 0.044568337425510064 0.018224492949336566 -0.007761912507765126
112 0.03279804244003619 -0.031031190421215018 0.030200060254640164
113 0.03629384903689918 -0.03765661772108414 0.0342748862543192
114 0.044983275830266484 0.026601310951522173 -0.004505370944094593
115 0.03551748053886058 -0.04216872480586893 0.034812212233698445
116 0.03900830652742965 -0.021382351742508944 0.02764377749132688
117 0.04700323617922164 0.026174676611143637 -0.004420772386582497
118 0.03705423936506307 -0.026885641034545837 0.024160399899737728
119 0.04620596927907382 0.025959658229883036 -0.008609029972159619
120 0.0349908435776804 -0.03320102204263318 0.031219100988958248
121 0.038043896688271295 -0.029861389342471577 0.023755690639049566
122 0.046206091241038076 0.020400570730643563 -0.011753371400925871
123 0.04580215886131607 0.024551045102601577 -0.008950221977192096
124 0.047200998926742545 0.026480824077191066 -0.01647879296868724
125 0.04498345854197204 0.018054853380434104 -0.010146873448969845
126 0.03308000235135613 -0.030445291476872697 0.033580661124931924
127 0.03418538875443341 -0.03087242118953021 0.023098588404348985
128 0.04660618084220045 0.02384459505125808 -0.00396890853997775
129 0.04498343224688284 0.027283782858550314 -0.006009482369098701
130 0.04477666070221765 0.029309820092696382 -0.012792584980764955
131 0.04414968817773971 0.026678115590718348 -0.010147571460612147
132 0.044359442141849746 0.022670103150952282 -0.007254717702620328
133 0.04477633587661012 0.022759071549829177 -0.009363075458206124
134 0.03852970533074991 -0.026846091266548296 0.014331755163829769
135 0.04559895094418016 0.027457849792488394 -0.011685369905225456
136 0.04435993101115311 0.027432400866550008 -0.018447780106775905
137 0.03551764140562554 -0.03955326544556884 0.032486663201949574
138 0.04372682801318262 0.01951452694499073 -0.011990406145525195
139 0.03603721280125014 -0.031945361555359875 0.026746123375297658
140 0.037303881022630374 -0.031875013442222835 0.027839777303136776
141 0.04435974136111129 0.02791272115499662 -0.01367011998852294
142 0.0473970448499892 0.024715228342334514 -0.008439889419647705
143 0.04817504211792255 0.02172588770140318 -0.0158385147728649
144 0.0449834339401256 0.017888193984412753 -0.008951524615195055
145 0.04539471550710049 0.025848595286763247 -0.009526415076341875
146 0.044568534117877485 0.02413045909100729 -0.010370048701181925
147 0.04559870915488011 0.02865505383767405 -0.006956518435329331
148 0.04559886929308969 0.03088678618804375 -0.009060078703929483
149 0.044568578154124086 0.027970232149804607 -0.01042847667862989
150 0.039008348884772504 -0.022195534706365518 0.028219155934539584
151 0.04393902764150685 0.027875076758335827 -0.016625143806333564
152 0.04456849480580769 0.02284688090230207 -0.012075004575552585
153 0.04559885490931571 0.021632376381814693 -0.01121532882385587
154 0.036549209395168 -0.03702508906588975 0.0277936935167952
155 0.04559899565031409 0.02718680635893077 -0.012162400093510767
156 0.047003658389135276 0.017441095746057178 -0.015821409377236275
157 0.038769409297513435 -0.03582831536052805 0.025053836364132234
158 0.045189643157674236 0.02129681603186857 -0.011367683416517954
159 0.036293734692830745 -0.0358887950836763 0.034139145298093566
160 0.047397396933628655 0.021891804589264246 -0.015702575088419966
161 0.04580237641781619 0.026775947346387607 -0.013948428035195675
162 0.04456865253086488 0.016440354148429023 -0.016189702934962552
163 0.04539507627454143 0.016026690364987016 -0.020286392836047263
164 0.04498360865074005 0.01981725878569257 -0.013725563167440643
165 0.03551835115399852 -0.03455956997195678 0.019977204354010413
166 0.046205797076886476 0.02174650721612945 -0.005473040594607059
167 0.04435948537403999 0.01935847511229992 -0.008650035607476377
168 0.04286834006194476 0.022555311791085695 -0.006970528041019714
169 0.04351380880739893 0.02277248766520149 -0.01140486977709798
170 0.04720062568891443 0.025252022582290656 -0.008718570117324895
171 0.042868351221895785 0.019807943472567556 -0.008553660783446987
172 0.04393835040528916 0.027363399431163022 -0.002981784027289224
173 0.045802132828262315 0.026281065482118577 -0.009234402361019986
174 0.04600475754376376 0.023077017418388916 -0.015090895943775134
175 0.04498400357982558 0.01670614124974105 -0.020436948330066325
176 0.04539494732309355 0.01830426318669796 -0.0178395326034444
177 0.04414958983312377 0.0258975698223385 -0.009003414908667193
178 0.03779889493217868 -0.029034477001093097 0.024249627257161305
179 0.045802502237681265 0.024195292410305606 -0.01754116204778439
180 0.04559899464100034 0.024980627739272707 -0.014184143938764882
181 0.04559877693572438 0.022574002067216884 -0.008503685593796072
182 0.03730378848185745 -0.032844715937894196 0.03105836256837164
183 0.03391241682799534 -0.0375381609224422 0.02316209439172561
184 0.04539503648812303 0.023689304364837852 -0.019120640398341073
185 0.04498359699868949 0.0242269220379851 -0.012681459719607626
186 0.036037167875550176 -0.035128645740292355 0.02958112830639868
187 0.047592509546800256 0.019177905492112016 -0.006997284185610543
188 0.04798153073400879 0.02402887938161203 -0.009242920137512371
189 0.04700369256675908 0.026730890945673193 -0.014629330665162582
190 0.046005028979644445 0.024105189811225006 -0.01996383420260803
191 0.03445613778509377 -0.021754350703965305 0.023755308929709062
192 0.038043869030593154 -0.03193896560108325 0.02379631566420195
193 0.04498364009333471 0.023437133884198276 -0.0122675288727959
194 0.0437266353715705 0.02537759265768544 -0.007177836105157268
195 0.04539479709694881 0.032554206289493445 -0.011277950589866739
196 0.03472431846186098 -0.032138323827194504 0.03195665847653562
197 0.033636899903597965 -0.03112186117066126 0.03560074608813646
198 0.03391239721288239 -0.024336713295728757 0.02939694858773639
199 0.03680243475397487 -0.03771357962328435 0.03000125398266989
0 0.04498341379022692 -0.024444484039712746 -0.018470391517979867
1 0.04199201292509557 -0.027594573224921086 -0.00789967699840348
2 0.0441491659807692 -0.026234471288672925 -0.00824077222837088
3 0.042867733126723304 -0.03617696754967085 -0.007177994012104204
4 0.03804432247939198 0.031078460987265036 0.02711559446717998
5 0.03755302640367278 0.030333124102997256 0.02014561764823702
6 0.03730462766257075 0.028724111223133158 0.027219211304656064
7 0.04518858613554748 -0.02099990243408399 0.0010161047690107985
8 0.04351340624457257 -0.024676536290729332 -0.01369713477020211
9 0.044359485349155174 -0.02956796068199569 -0.017872273247162285
10 0.038287114843011 0.030418559988337805 0.04120975559263063
11 0.04372611550377212 -0.02656158489238288 -0.008094227651535708
12 0.04435920596138421 -0.027144577820490033 -0.011739526578994006
13 0.03629548557485083 0.03580804351975957 0.01143458642621011
14 0.038288366259054234 0.027047794968535776 0.01585678301532516
15 0.03852972943896021 0.028945485454077338 0.022346202193640464
16 0.04700307719859652 -0.023130595510723245 -0.012095105419390961
17 0.04351325508410427 -0.02982821340879175 -0.009517725288426824
18 0.04498315595712764 -0.024358892461874747 -0.01233947543426711
19 0.03680290015744007 0.026177970602618644 0.03026346630621899
20 0.043726094002783045 -0.03171382459698901 -0.007298168012097781
21 0.03852996252360544 0.0371537212224956 0.017895984394520788
22 0.03755278776664335 0.030829267628387443 0.02679574108686518
23 0.044983304498400524 -0.025931671335654348 -0.015680989478672965
24 0.044775816353457246 -0.022834528495065357 -0.005945065280515787
25 0.045598464896767894 -0.02085794960663918 -0.009177668795927395
26 0.03551866228547441 0.022655529529378174 0.02449677545998623
27 0.04539420031070351 -0.031105068979090923 -0.011852059310617103
28 0.04221288978355938 -0.026056659118118063 -0.011561134681565052
29 0.038287566721092306 0.03550047584952719 0.02981911143174761
30 0.046004132701218496 -0.027870109169582474 -0.011579723555007353
31 0.03755276513108938 0.03782079986059098 0.027611504964449033
32 0.0370549326847442 0.026282724977996972 0.019949336671599004
33 0.04199198245167812 -0.02915680194526673 -0.007944302511703222
34 0.044567894163200034 -0.02381008394756788 -0.005492495807133357
35 0.04498317415492984 -0.016673655146552693 -0.010448417395156642
36 0.04435959273249482 -0.02332173853571033 -0.018639810812466958
37 0.038287847805129886 0.03508124699358114 0.024889794334464355
38 0.04518871905388569 -0.025614658599120703 -0.0025287535348768554
39 0.04414908829602188 -0.02988731465773387 -0.009674982540509896
40 0.037054765838487595 0.03703187459656066 0.025937042090276474
41 0.0437261852347172 -0.02973489403016879 -0.010218405129009627
42 0.03779928398536762 0.025563115557123376 0.0264114003396492
43 0.04456805532664139 -0.03572044902493981 -0.012513288374925076
44 0.03877034620286498 0.02777891694252766 0.020418083825859558
45 0.04243254308334172 -0.027396689861555586 -0.015380823720361465
46 0.046205781854335895 -0.024888964973130243 -0.015959925523640586
47 0.04351365860082702 -0.025329346914374544 -0.017804941600614594
48 0.042432753819200524 -0.01782420636323202 -0.016334821851453376
49 0.03705441526440938 0.03429666138431581 0.03460347338526457
50 0.04308377816736032 -0.033243526866995936 -0.003811543150509922
51 0.04600374363397881 -0.02675609705315693 -0.002441396999037894
52 0.042867849219346436 -0.02629822312320082 -0.0072849424725662
53 0.0424319642230467 -0.01754452447409695 -0.0016210646695662973
54 0.0473964271939582 -0.023604007636798086 -0.0058266372546935865
55 0.04414922459328099 -0.028211172288077898 -0.011241214756083941
56 0.03603868582057672 0.037018657717272 0.01191673083756962
57 0.03499199390939327 0.03097953244333317 0.014347672859941787
58 0.036294725439250546 0.031439539141962146 0.028693990232182245
59 0.0458014815110168 -0.031848691809310485 -0.008027504092017485
60 0.04518909092969094 -0.025328705627151483 -0.009966653668342073
61 0.03948231211475419 0.03445173321714746 0.02841015639264929
62 0.04539403376834944 -0.021566587681988773 -0.00711177706789778
63 0.04477601712036952 -0.026258393221470187 -0.009717974173842375
64 0.032514696795380875 0.039530376810145096 0.022656525698141465
65 0.045394157522064875 -0.029848661265390507 -0.009892708030860497
66 0.033360664672944844 0.03747881961966193 0.02494618430408992
67 0.043726231861811085 -0.027096747752512924 -0.009283464820705564
68 0.03418563150012144 0.025749916771893994 0.02736460613574277
69 0.04660591459460757 -0.022150451058286814 -0.008195888384404744
70 0.04477632523618694 -0.02259405898044923 -0.015149246283986314
71 0.037552569465196285 0.026351917380268305 0.030394238256530294
72 0.037304430027713206 0.03336142719052474 0.02802723177998321
73 0.0430846440383861 -0.029815304784249732 -0.019899692606174715
74 0.04329962650148171 -0.021131040892577058 -0.016361526865149256
75 0.043726034506298486 -0.029308120711147533 -0.005943681896249705
76 0.045801440045783924 -0.024577837332200987 -0.006659856955307754
77 0.035518692588864344 0.03068862102586459 0.026236631183654633
78 0.04539407426836672 -0.032288991053228064 -0.009979059808967109
79 0.03472499992746984 0.03071057476177038 0.02634093641761166
80 0.04580180720160931 -0.02960382071364154 -0.014255051654564442
81 0.04739645733072702 -0.03075761094086818 -0.00755359882714429
82 0.04660611647301504 -0.03068583700015289 -0.012919837785237986
83 0.037799639184199325 0.03654639717316924 0.022380881327734373
84 0.0447758816319644 -0.036984526788265706 -0.01081995068190531
85 0.04720009340494336 -0.028933713135439073 -0.007327094207914718
86 0.043084071969923206 -0.031440397617467856 -0.0074547347627355615
87 0.04414939613975662 -0.026022830859821322 -0.015889538223313664
88 0.04456749166120157 -0.027885945903786888 0.00016164115848612583
89 0.0441492239041659 -0.02625242215389675 -0.012300373751130507
90 0.03499175556530751 0.03437522128560745 0.02393584990282235
91 0.046205606147199554 -0.031600663368693424 -0.010245548628540515
92 0.045801328163805784 -0.028492975364393845 -0.001977267348389567
93 0.04372637229915938 -0.019712810653841627 -0.010000450530497668
94 0.0441494890698063 -0.03304900766244176 -0.017338195030632306
95 0.045801377511673916 -0.03568445260314893 -0.0059496505508709755
96 0.045394257009118574 -0.02379260671639861 -0.01039601034453925
97 0.04456815899181482 -0.027621381765249396 -0.012987797604827689
98 0.03629493116008565 0.029871527381630996 0.02524031487952306
99 0.03445640324888179 0.028411294193497954 0.028715722639266254
100 0.03655042029119623 0.0364480441951275 0.015869740385780026
101 0.04700323118671359 -0.02164678403462967 -0.014020543836852077
102 0.04600453773658595 -0.025779806909281073 -0.018629311056814236
103 0.04518885931188716 -0.03614894088439725 -0.007270317888186293
104 0.045394175897418794 -0.033012372545978864 -0.0136044476625319
105 0.036802884162653864 0.029593715226371563 0.03125983173032404
106 0.04539460249912153 -0.029285584442645358 -0.018974768465829128
107 0.04372630776689459 -0.023459054670486743 -0.010208338206457227
108 0.038044785766761444 0.0267958679773475 0.01650156484137401
109 0.03551841642868229 0.029760270832903862 0.028777254035490373
110 0.03877015500667812 0.02759109934848571 0.022015367897215057
111 0.038044432769454385 0.03535442215988817 0.0233569424366077
112 0.04498320695363556 -0.02888614712166823 -0.015391081760577562
113 0.04477631726396037 -0.021711698965594797 -0.01636059518690973
114 0.044776043427172056 -0.02977151553334724 -0.012578430517469001
115 0.04620583758556185 -0.03062691970171646 -0.015530627221125182
116 0.04456779348064331 -0.02818627946913067 -0.00452499940124984
117 0.0362946024316492 0.036235745008391614 0.029931576556744995
118 0.045598337668571555 -0.02829154491258277 -0.008660118414896095
119 0.0468048995099064 -0.02979873738101315 -0.009507942894736655
120 0.04154765982645554 -0.029497779586559764 -0.019988722152508007
121 0.0439381695510089 -0.026489003586720627 -0.010766635330832578
122 0.04477625595673356 -0.016690982730147484 -0.013433392728735909
123 0.03629497288267002 0.031267475410323854 0.020599109896508865
124 0.037055154490290024 0.03638904277267344 0.018924031771217695
125 0.04518922532284166 -0.02288572432451111 -0.012291020939904676
126 0.04817426406183416 -0.022274352299154924 -0.009468979621852617
127 0.045801868424021744 -0.026522211626605518 -0.0135112043843294
128 0.038287597718977565 0.033962001258023435 0.03076036569410764
129 0.043726431136428365 -0.029507998967702825 -0.015883688410153016
130 0.045393888156142516 -0.021785008887364683 -0.0014157685726563101
131 0.0362947881933844 0.03191792637455985 0.02803669406609773
132 0.03730486803753907 0.028502674333888568 0.02023092278887554
133 0.04477583583234389 -0.031347249416240563 -0.007456760966240055
134 0.04351339355357099 -0.02824869519971812 -0.013059296943309992
135 0.046205659810021504 -0.02348231378714463 -0.009800405189359035
136 0.0426507093878663 -0.024205015955537566 -0.008980633837584647
137 0.043513442091187036 -0.025495311644674723 -0.0146385568646324
138 0.043938235267881126 -0.027965013081424413 -0.01018414606694482
139 0.04580143017845136 -0.03460718131169365 -0.0069637213087123985
140 0.047003082534656314 -0.03286336456507738 -0.013001619677400763
141 0.03551839450419541 0.039975734593168104 0.03339707937042557
142 0.044148584593507297 -0.026962126457805772 0.0007895126954256763
143 0.04351318702637301 -0.0356443503844002 -0.00973065221365905
144 0.03472550827144793 0.025780772438473664 0.016544270210299854
145 0.03804462838024911 0.03580979434886014 0.021465691740019905
146 0.04456804029205002 -0.03384966469675001 -0.011391774733876361
147 0.04265071298699526 -0.02450779677304617 -0.009708673212190768
148 0.03877020878062425 0.031613990646377606 0.02310330317976518
149 0.03828763778371574 0.03470966427581417 0.028893283844562686
150 0.04308444188092488 -0.020380144184323504 -0.014101440847366826
151 0.0347250300259439 0.030222951738698246 0.02618622182186353
152 0.03877004839769883 0.023738254443251415 0.02616822767193482
153 0.0458017687898714 -0.029792999237813225 -0.013735916866688022
154 0.043513277056286145 -0.029533038581702895 -0.009644500944974503
155 0.03948236634010454 0.02433244342157454 0.024310372579533484
156 0.043726838973899756 -0.019285184956952063 -0.020318708326640008
157 0.04539429824242817 -0.03147307207165117 -0.014051570749559388
158 0.0380446597056633 0.029829468516005 0.02073863572389811
159 0.04393799983748268 -0.02643049432021856 -0.005200961240593204
160 0.04620573921599661 -0.026532610594014436 -0.012435097707273962
161 0.0449829579052153 -0.02783942565482399 -0.008004118451979255
162 0.04539437556620376 -0.02770499642123655 -0.013406650538162512
163 0.04286769808861046 -0.0326088968700603 -0.006416183120855182
164 0.03499198156237436 0.030608939195795968 0.01844365418606765
165 0.04498270785116726 -0.03612332106632316 -0.005839099589338516
166 0.04435932393439525 -0.03050901875764645 -0.01596418585013125
167 0.03577906050398832 0.034674787217321604 0.030147188186591248
168 0.037054666609862785 0.03892701155458769 0.0295897395813226
169 0.04539439734712265 -0.02341828541065574 -0.013938932961623386
170 0.04580194826676726 -0.02756163897040792 -0.014875338418026506
171 0.03603776840064676 0.0325775529621829 0.028693284925577905
172 0.04518879510772811 -0.025165739910594686 -0.0035423632588555045
173 0.03680325019765603 0.033504777315747594 0.02619949162364222
174 0.04372589912096918 -0.022104450362111113 -0.002833674101939453
175 0.0349918440866931 0.027195835878044562 0.019526234615636295
176 0.04719997657205694 -0.02680714644517441 -0.005429292399566828
177 0.04600368967121882 -0.03398881803267865 -0.0031476841596522684
178 0.04660581875073782 -0.029795558802413562 -0.008710153948836832
179 0.038287732915542196 0.039737394816397174 0.029276974977983344
180 0.04620569981107711 -0.024181639508183233 -0.011261050972573567
181 0.038287733357900304 0.02696898846830076 0.026901463905072635
182 0.046406150251781055 -0.025486603913992382 -0.010538826524948194
183 0.042867809304693014 -0.028786208365436813 -0.00703149648002539
184 0.03779963046774854 0.021980736302227622 0.019844191456130252
185 0.04477562861158334 -0.027698932600665725 -0.003981872666900835
186 0.04243248513995429 -0.029007185539810076 -0.01417578002555977
187 0.04243234258118321 -0.031075831574856484 -0.013147779448414876
188 0.04498284460741736 -0.03172108607945675 -0.008046499259586832
189 0.03655002980826382 0.0357121153467089 0.02196603396992779
190 0.0375528511429604 0.02161678920339185 0.023367722218992328
191 0.04351352157731488 -0.016401049363131942 -0.012792213520520384
192 0.042868282665645685 -0.02527790701263987 -0.01685324891575684
193 0.0445681015021604 -0.021260634962066878 -0.010135618112664295
194 0.0466060611482328 -0.014531291458676687 -0.01016051506683222
195 0.042867987867923535 -0.02528375537830812 -0.01030513593815213
196 0.04265125564625576 -0.022997013286549826 -0.02260406406282485
197 0.04351363662583664 -0.02206250424963451 -0.015081446285165482
198 0.04700314109280615 -0.033528793263530275 -0.015374721135303412
199 0.04456847313364739 -0.028179850514521796 -0.019539866568145003
