200 3
0 -0.40397515003831364 -0.08345420681122742 -0.3417473252523965
1 -0.3828895544210376 -0.45499678517586534 0.2912042984889291
2 -0.38077875009895473 -0.36627412884763494 0.2871941231117728
3 -0.3813786812981582 -0.007519790117261309 -0.3919377336657577
4 -0.32984372364041703 0.35329172787217966 0.42170915239031787
5 -0.37060505617760564 0.37755774118087276 0.3036819476639009
6 -0.4161485514433599 0.25257016038079183 0.4422609863498417
7 -0.40525275531318516 -0.22012702164778802 0.48095439153078484
8 -0.41111964972279025 0.04831929375523975 -0.38294009530898926
9 -0.36304645884325026 -0.31468125774306327 0.31888785388317353
10 -0.37677156018563207 0.33388649875215837 0.17840228506279354
11 -0.3693400802989855 -0.3813985254914902 0.24438078712124628
12 -0.40335753819179143 -0.40746380087852024 0.21717211368149172
13 -0.3498111012776144 0.29569440853064094 0.2649268176750036
14 -0.3347200597250841 0.33398751591721015 0.2560491533332779
15 -0.3647332859203993 0.22161589067311696 0.2528403990813862
16 -0.3843863647566807 0.03640693476574792 -0.3779464215940783
17 -0.47799625778919475 -0.026272452627429662 -0.4680880309182719
18 -0.46378973706761467 0.044788275130844504 -0.3679882784579026
19 -0.34646079391789225 0.2507412042443033 0.2552339085122103
20 -0.4031716960087909 -0.12341837892059641 -0.25060980939034433
21 -0.4179769838066733 0.26913935273493034 0.2922024317435364
22 -0.3667727002975759 0.18596986915723188 0.30529481551008514
23 -0.4397885937282387 0.09868157976865038 -0.2667249124993619
24 -0.34360435613849794 -0.10947656687401132 -0.17129291761919418
25 -0.3269372698330125 -0.3652152501201116 0.2952014969646206
26 -0.365842222809325 0.3770000715087479 0.174044754792937
27 -0.36117170579713453 -0.012955707740706953 -0.29326573605325446
28 -0.4469336885233675 -0.06361648042240656 -0.4098234467999253
29 -0.3365402591984881 0.27893229567377326 0.0861968817861533
30 -0.4253936589220768 0.009040028448538998 -0.3973568773204431
31 -0.4283435299062829 0.22919215193137696 0.27442447504473977
32 -0.4100755091748454 0.25894516494164205 0.27477864077871805
33 -0.3781381724483257 -0.20531560687440914 0.35429525319855365
34 -0.3639882145097627 -0.1989709214517076 0.08022398123499215
35 -0.3484418659079494 -0.2668333973969798 0.283076994912521
36 -0.41088932575646225 0.02167835320041152 -0.35246172193755637
37 -0.3986542421540794 0.30204411108949564 0.36371282478198474
38 -0.41377382380217453 0.004742738363849322 -0.3923689939351906
39 -0.4528162677256004 -0.0023166243096269393 -0.452811807089877
40 -0.39326543973520367 0.2675345047557166 0.15804089101958244
41 -0.3776036899915126 0.009600233337463236 -0.37804240116015386
42 -0.34806167488327133 0.2966186427700309 0.36642040314060415
43 -0.44907107717789546 -0.35500454749196986 0.3160113131565508
44 -0.31874492094033136 0.3534850120042988 0.3422554153440104
45 -0.3641624916462764 0.03352133958119077 -0.4403986983976457
46 -0.3969746186433812 -0.004306096140693469 -0.3415479498099366
47 -0.3908880409950252 -0.07532318986067572 -0.30971302801865586
48 -0.44997669834343174 -0.0005817356682322647 -0.3309001107213596
49 -0.3581119070281242 0.26574066604788243 0.25501930517077537
50 -0.39978113976284413 -0.419494564497759 0.2554837838234339
51 -0.40329772958841204 -0.25928079231477114 0.3133446971398762
52 -0.34671628652963105 -0.33644842818788157 0.3465294399624234
53 -0.29073991621962136 -0.2150416958058303 0.19190315906592123
54 -0.41582472932017556 0.07640384852820498 -0.351945634557499
55 -0.36750213001071536 -0.28116878813881185 0.24304162337221671
56 -0.4252925606510894 0.28113741925520247 0.3752578179292477
57 -0.37585141364522373 0.26188443718854976 0.22682515040428297
58 -0.3940942629625193 0.3314279368526134 0.18950768377895977
59 -0.4070077674744695 -0.04552060458965189 -0.2936135149755553
60 -0.3979520479986339 0.002764667954544584 -0.16762997273155103
61 -0.35292173829435325 0.3533224830312108 0.2282608752026805
62 -0.39549870479922283 -0.40149361382968224 0.2981851255380012
63 -0.42348169733864766 0.016805289070576566 -0.36512646446911434
64 -0.37966170009549677 0.3411338070151011 0.2891736444955582
65 -0.4587432469038116 -0.1315656419290361 -0.44114227029167336
66 -0.38985366118657155 0.1933342777850689 0.29646679871571663
67 -0.31057116218318365 -0.2811225858114361 0.3008849093587936
68 -0.3357156471358908 0.29900955984773464 0.295851647388318
69 -0.4059379613575715 -0.2529588773764878 0.1869396664676386
70 -0.35847267557636153 -0.2936971250393122 0.36407345540260994
71 -0.315072873346932 0.28406104501915097 0.11568970108405797
72 -0.3727077621418488 0.3573459525893002 0.3714504284519742
73 -0.34024532263567353 -0.27090962982349703 0.3424500157273131
74 -0.43791840241519603 -0.31399239788897104 0.23950276505015308
75 -0.3814796181757144 -0.3159188771382058 0.30563852464753266
76 -0.3853784500822447 -0.31987689015636306 0.1702562603983124
77 -0.3945695271102788 0.28943886055841567 0.15257045975371392
78 -0.4424806206553138 0.0765482841508028 -0.3553242116662263
79 -0.38304888788744507 0.19535899882421517 0.24572261521561778
80 -0.40582687987761984 -0.23500926443838377 0.4279119985015153
81 -0.4375565444830472 -0.13262328337291773 -0.39172543287723427
82 -0.43192317580347755 0.03241844263736779 -0.2702721892308099
83 -0.3524482131390721 0.31674313220745426 0.26552151299815063
84 -0.36936723102083496 -0.033491329250322804 -0.3660294835682913
85 -0.5249254318551518 -0.038492539647977275 -0.3631286694369014
86 -0.3695547588982432 -0.2620762026548989 0.3415968830594202
87 -0.44508562335660307 -0.05522489790502852 -0.2630489526488154
88 -0.3648447999650725 -0.40795637279457186 0.36244556382543075
89 -0.43699342132238156 0.08442501834335725 -0.29697758799647483
90 -0.3175963033752005 0.3142010757335149 0.25136439048878606
91 -0.4167546036755211 -0.18667384643456317 0.3156464177506922
92 -0.31539969304411264 -0.25876883905835096 0.23012712787868744
93 -0.3680349224209807 0.01214880970676589 -0.22696789536398396
94 -0.34551567528656524 -0.3563355453571289 0.3796379584823051
95 -0.4312613344547873 -0.04696028347533336 -0.3151652328804573
96 -0.4350776880324619 -0.03140092535082136 -0.33190872702223406
97 -0.41939509936052594 -0.03259309626089208 -0.2839687666225778
98 -0.36363980941594015 0.3198570769254441 0.404073888215023
99 -0.36019866762009417 0.17031448111741215 0.2991385896054663
100 -0.36294508909804496 0.3237850648292785 0.14723851720289652
101 -0.37963476170448374 -0.0369589592195299 -0.3652150969463496
102 -0.4801552234463893 -0.04100825253379435 -0.4924826586086524
103 -0.4579444384814071 -0.07949623152830734 -0.4094562389234635
104 -0.36897177997104164 -0.1384846100110557 0.1414947643521044
105 -0.41595586069478613 0.35103718408845 0.20417444059127615
106 -0.5051213719992478 -0.08418165189071346 -0.3953870285351959
107 -0.36384900971792683 -0.26429571239831456 0.24878450595085624
108 -0.4125842732998025 0.3387280702204775 0.4554263323691204
109 -0.37937329841821393 0.2728748699038802 0.32084197523867203
110 -0.43364066116491723 0.3911173849049125 0.36300154191654505
111 -0.4214386580392193 0.2750819559007874 0.018859137814078494
112 -0.35638717594452146 -0.19516992036999828 0.4015034657865303
113 -0.3612538493242839 -0.3200405017197588 0.3431932183614737
114 -0.39138456227056184 -0.035622842385676416 -0.4507094133480599
115 -0.314755399658604 -0.13747867287522125 0.2890260960782
116 -0.3812366318608917 -0.26787328584211934 0.29295725566195746
117 -0.3852002780865735 0.3452691852327984 0.2857546310571808
118 -0.39351231318095137 -0.3529763281810916 0.3011582256348507
119 -0.36495951619447575 -0.07551473547707445 -0.40976869202230265
120 -0.34788820802382253 -0.34500985578188453 0.36112569402205524
121 -0.35681901554517154 -0.3332878719903654 0.39804534942739855
122 -0.39133973077152745 -0.03532955579486967 -0.424696896907437
123 -0.4124815785760657 0.2509128227470667 0.42818891540093584
124 -0.42368211261193095 0.27137117865015553 0.24023264310318695
125 -0.4047077443015578 0.08002370996691364 -0.35292612739374235
126 -0.33079269550758783 -0.2318701687142811 0.29598785032377134
127 -0.3364393946721068 -0.36578237209248027 0.2241598640120882
128 -0.3987024845808381 0.3972527871018442 0.3646101565122047
129 -0.41027057154851465 -0.10982759395571642 -0.4583588142821947
130 -0.4302443746411488 0.012164999698734904 -0.34325384533715764
131 -0.4471246133945562 0.23532423490522247 0.2785113439844917
132 -0.35516125038883467 0.21967092253548676 0.19017726326445894
133 -0.4107614090276123 -0.002426362779667797 -0.3870105755577455
134 -0.33628087425750075 -0.2462078091891362 0.3085439561891857
135 -0.45360630670220037 -0.07401735880103844 -0.36373793560218953
136 -0.41424647817103033 -0.08451599462612959 -0.33568398610231404
137 -0.41024743486960646 -0.30632340589467244 0.32371259529524177
138 -0.40379357656744164 0.010768097922380005 -0.30910606577060395
139 -0.29058810997867435 -0.3400868886376197 0.2784750171030035
140 -0.3868187814185866 -0.30321143649799215 0.16737248896308324
141 -0.3991995184184851 0.37020662051195796 0.21075179569736638
142 -0.461911193998736 0.037534404954329116 -0.41034579403642146
143 -0.43247050732125286 -0.1135331599027416 -0.28972144330846383
144 -0.3768631278089489 0.3541486382577355 0.24802992885642924
145 -0.3953384586559342 0.25362051508409467 0.46146183512899436
146 -0.4584817418291552 0.02478547732637398 -0.2682644487965701
147 -0.4295488519056166 -0.04462515890150303 -0.3710257610763189
148 -0.3644693101838961 0.3871003627908464 0.30350974665687896
149 -0.37100073754031226 0.41439161753983783 0.273890969031895
150 -0.3941871689018746 -0.2356669684401746 0.35473210821035767
151 -0.4082941563448583 0.35767348915073116 0.45694685821430214
152 -0.4125562968488718 0.34197485773026687 0.2908330491743986
153 -0.44318332179689285 -0.09422368783234712 -0.46806799088973744
154 -0.3841556142161646 -0.2578315533157512 0.1936294422762995
155 -0.39421512401362657 0.2006383345442155 0.2741030916746855
156 -0.4585560728763524 -0.09481539677528562 -0.15701190256397593
157 -0.34346699123503127 -0.3969570517924293 0.2950694301163146
158 -0.3966453491216358 0.2595992455882436 0.32472301703655015
159 -0.3427192481760812 -0.38475621040332453 0.23374285987575358
160 -0.3574836274529994 -0.0003487874316259357 -0.37602789436676154
161 -0.3819056492404656 0.035911330795265636 -0.3844388908216284
162 -0.3778316395850148 -0.036795188749244354 -0.2986911411152059
163 -0.43229834385982113 0.03377572066680383 -0.3491798178281957
164 -0.4192887535730788 0.33444806762862733 0.33699497539229833
165 -0.31660520932033176 -0.2997723527129179 0.2721183439651568
166 -0.5044858434722765 -0.08670998009242707 -0.3759572118376662
167 -0.36969748008977305 0.27111438121846165 0.1356739283119962
168 -0.38239449396531017 0.4135532527070896 0.3138998710420071
169 -0.4363004410415545 -0.023132045853362666 -0.4665464346145262
170 -0.4436962618704325 0.08901751068083867 -0.251542205463603
171 -0.34483966292583995 0.22520328420901325 0.24483869595906832
172 -0.4186330562175779 0.031502082101859764 -0.39669064309559754
173 -0.45592552130942277 0.36707119062208615 0.2612667092529326
174 -0.448052589905204 -0.014080072015795702 -0.35561388998327464
175 -0.34085763979601114 0.2834884438765348 0.26950649217800987
176 -0.35148049987038527 -0.07545104567819297 -0.22795415488318002
177 -0.4397925275833397 0.05239987352891733 -0.33001152682608664
178 -0.3176712321321971 -0.2943694489324986 0.19709963612169668
179 -0.363313712179516 0.3273422888488313 0.24360343981972374
180 -0.3811293136788618 -0.10843185760300908 -0.194122762025607
181 -0.37882672585490945 0.27167339733297535 0.2501859673468511
182 -0.3888314484947105 -0.37651776649966906 0.3508850753646422
183 -0.37775891454971183 -0.3095316074161557 0.29025489338766974
184 -0.35222878415300457 0.4115442249674567 0.41297441396157614
185 -0.4396030835885221 0.03620566402524372 -0.46066373702906455
186 -0.3977791653289021 -0.45284291051986153 0.3479649239056459
187 -0.3756439863150021 -0.032435772862094044 -0.28132947429876015
188 -0.4765791478369968 -0.0046343293842269805 -0.490270016735001
189 -0.33154028854955664 0.2872700170396928 0.19686177367411967
190 -0.3846164651783496 0.2765899848962934 0.2654263524027561
191 -0.3642196954052077 -0.3309206677012763 0.2870380060492033
192 -0.40376892015495947 -0.26155840621991905 0.36576629159578605
193 -0.40363962133177067 -0.04634802483082799 -0.4047702828676638
194 -0.47403015492746114 -0.04360833824644921 -0.3608654963669851
195 -0.41102084985779797 -0.04636186425280264 -0.25762796517109393
196 -0.3203091139810252 -0.330819074528998 0.2859603569436355
197 -0.39019911211906033 -0.2732743836276255 0.3775527762261269
198 -0.33119855148349103 -0.3248766252803925 0.3789552257268252
199 -0.40478644965162985 -0.294301120928383 0.4504911470777511
0 -0.6037910022017178 0.33398522982280465 -0.12297767602166383
1 -0.40965966634747647 -0.34075620498348425 0.21426118517648085
2 -0.3695506437637344 -0.24889899855325093 0.17591107662304062
3 -0.5311986709457291 0.23026167145715312 -0.2961717895434945
4 -0.6339664482998397 0.14154935398473384 -0.03302181659415954
5 -0.5418732833806661 0.24952490738422278 -0.09450999079167431
6 -0.5989709462392281 0.27298956396650376 -0.08264222529830326
7 -0.36484063598718613 -0.31077365760392717 0.20390376835368895
8 -0.535595962586311 0.2247710114372037 -0.19313640749979705
9 -0.3653630690290584 -0.32607358332046904 0.19113191697536874
10 -0.5830512602309683 0.43353685355285043 0.0015804585395771753
11 -0.3504732141711144 -0.1875854378421641 0.29167753703232957
12 -0.4069383965693147 -0.26108407569352576 0.23259906605806074
13 -0.47709997038138807 0.33930559474185007 -0.05931606439987715
14 -0.510816082096159 0.2531635111323765 -0.24108426987752674
15 -0.6376317855047646 0.3259751262939029 -0.30754648946285484
16 -0.5801651482793488 0.2473333731878755 -0.10429915239337921
17 -0.6032189286053123 0.2992287800115466 0.0006843609851979219
18 -0.5320298841248388 0.22979808570992266 -0.09243947660773276
19 -0.4935591724940625 0.1794191419805861 -0.11264938936613365
20 -0.5630861592240614 0.2524151354657002 -0.11363409771961808
21 -0.488541307208366 0.33956029381597574 -0.06690381921262269
22 -0.5533076061851322 0.31079921724601445 -0.2224124568714405
23 -0.5725864741379112 0.23511454652537186 -0.13562601188745982
24 -0.5589427230528419 0.3286632849427012 -0.1133250801233923
25 -0.3944870660504301 -0.282468288077092 0.21943552402346647
26 -0.6466068265020012 0.36022633137623505 -0.15002733884754244
27 -0.5517023976020352 0.19158300887480761 -0.016191979058788147
28 -0.4903650240116339 0.23691593549756232 -0.1528983480783565
29 -0.5500881102500569 0.3061792346861424 -0.2161172475581367
30 -0.5341580208936598 0.21315869052190212 -0.12849065434229323
31 -0.4871294938829701 0.24779841491962065 -0.13476194736159852
32 -0.6051255137627757 0.24301356487006318 -0.15348037130415146
33 -0.3718589233772666 -0.23656289609951947 0.3763486725629851
34 -0.3666410450365099 -0.3138464920191846 0.20524448281664348
35 -0.36001963375778834 -0.29687145177344865 0.4463481752105225
36 -0.5927856592550274 0.24160921087682377 0.004503733477414221
37 -0.5242137505638125 0.26806371721102074 -0.17415523576812256
38 -0.5516106933301024 0.29296149832906165 0.09125114178808891
39 -0.5806332070907403 0.3269677324482223 -0.05039509577058446
40 -0.5097711990138176 0.3113254368554973 -0.08196429052615459
41 -0.5121502146728231 0.2178416063601625 -0.11925769408802654
42 -0.4694873669001952 0.2746986283040556 -0.00974778839012105
43 -0.3254128186696625 -0.37154018056239546 0.21597781491681656
44 -0.6030526338354776 0.25989241225784365 -0.01625637373410595
45 -0.5032334031760628 0.3073742228812468 -0.1704522978893272
46 -0.6186200149763201 0.35741444606797623 -0.130057057015647
47 -0.4723945728280264 0.4424809185648046 0.07940242227983565
48 -0.5387275982961323 0.3467247556036577 -0.22684773046239773
49 -0.5314860296297969 0.38718191231751437 0.15615831982965378
50 -0.35445579088406504 -0.40019739702578105 0.33536798979768423
51 -0.36521628394625255 -0.34142676606259326 0.29469677486691215
52 -0.36854402918844636 -0.190179455870058 0.32067322143012933
53 -0.4136229309015896 -0.27499233325060674 0.4158581480606891
54 -0.5594860538961776 0.33873168476322774 0.026190956548176467
55 -0.30201666842628 -0.3494691554992279 0.2765194039202546
56 -0.5883052996639204 0.2579432948104493 -0.1143933089078299
57 -0.5820405215261321 0.3669850076466279 -0.06657964373208362
58 -0.6204718379912597 0.38198581868804926 -0.0825844828265258
59 -0.584282523632218 0.32602343362364816 -0.06964030381499296
60 -0.5992874461420342 0.36091684878628427 0.04900815051171198
61 -0.6500676880830705 0.27666099067291755 -0.20099106964151664
62 -0.3595221492099063 -0.34572674166578843 0.2268841760002639
63 -0.5618612272878635 0.19200916624455927 -0.08845390992516339
64 -0.5150984324782568 0.3005681152904432 -0.16675980425816267
65 -0.613356430056413 0.27764458752584115 -0.15766082415620125
66 -0.5166347172007574 0.17027841398665336 -0.11318509607533911
67 -0.35914885800154334 -0.36029069133697783 0.31642191919535445
68 -0.6072674419372107 0.33149302235419387 -0.06864366774425361
69 -0.3414037245448466 -0.2853691496719716 0.2445262874330042
70 -0.38842395704673266 -0.3256846142645676 0.27679871824741725
71 -0.5272583387494562 0.18251966704728853 -0.20433602962449085
72 -0.5877906192319289 0.17975501259249008 -0.09068232430637681
73 -0.43696730417095886 -0.3648655374504278 0.1151016655210099
74 -0.4530730893258796 -0.3136986344910925 0.09238758142988503
75 -0.3860942014033453 -0.2490936663649655 0.24861766193320461
76 -0.3391464061823425 -0.3259516416088233 0.2669053786296515
77 -0.5883333216044708 0.40300089097991704 -0.05662017316639598
78 -0.5548994407252229 0.2767786103119002 -0.13995182333296938
79 -0.5355770914096137 0.40039482890256106 -0.09019507261200499
80 -0.412090080614059 -0.22113664425411772 0.2752428983919963
81 -0.6346901245481364 0.32073090323124687 -0.24511780600012872
82 -0.6009166914107515 0.22698192149984114 -0.16022801469728792
83 -0.5601053807415518 0.4012088937518108 -0.21901907776631374
84 -0.517140551687577 0.29686318284656416 -0.03429830506002415
85 -0.5810936488713535 0.22719611115195593 -0.15631275621772597
86 -0.33562145581122305 -0.2279425653568267 0.3070235552898429
87 -0.5504126438578777 0.2870999933963741 -0.07032286785304862
88 -0.3449262485414963 -0.2944380293103215 0.26694656374466774
89 -0.5033631431428747 0.2606925131886134 -0.15229116581136073
90 -0.6106922500066658 0.22442666092336608 -0.2160415172858354
91 -0.39877137994118955 -0.3705479370857572 0.2807320562906913
92 -0.3451257816425185 -0.2521485475302986 0.24777295577875236
93 -0.5767534021121891 0.32017455212647394 -0.11386625690681067
94 -0.4296558326365843 -0.2656855050883119 0.30632757239189506
95 -0.5808213016723035 0.25185536740857817 -0.09472815324768431
96 -0.5972374594862452 0.3435213724192526 0.05298535573292363
97 -0.543313679078055 0.2394823587795237 -0.26017274085174064
98 -0.5461338572358214 0.3897409601688484 -0.08829020019015918
99 -0.5664358746193969 0.11484484589411578 -0.04768093092108957
100 -0.5970369416921659 0.3908129208879722 -0.09184823005747113
101 -0.584464781692806 0.26186084093283174 -0.3246328660749513
102 -0.49503693865878434 0.19207555402625628 -0.15702904235091555
103 -0.5774960207763055 0.24153722614534423 -0.11365563789288582
104 -0.3801455511481956 -0.33269708427072126 0.31456284011709024
105 -0.5660334512706756 0.31914004148095215 -0.06085533950465216
106 -0.5487425124730446 0.13626308215675684 -0.25801270726169057
107 -0.4137794007745575 -0.35344561595623314 0.26571340425318307
108 -0.5475219063014234 0.2735309024051295 -0.1420146629881091
109 -0.5391860679029296 0.29171184698830005 -0.12740810399642324
110 -0.5081233439310961 0.34235144745092505 -0.11270916796421504
111 -0.6300878532334947 0.25173252590205536 -0.14920080937778385
112 -0.37610716208677875 -0.29746424186420317 0.171097033184977
113 -0.37943014780746653 -0.3266217530818095 0.3440437527504456
114 -0.5502538327833207 0.12855233410538064 -0.13522430499186858
115 -0.3664960362714136 -0.35702697382085924 0.26271295726527094
116 -0.3460597498464682 -0.17085822231028766 0.18669840354466552
117 -0.5583743673623471 0.27613183546881026 -0.052309357324974125
118 -0.33414492183132477 -0.1571866002392284 0.22226211513643132
119 -0.5645166616981395 0.23982990927474707 -0.19275749154791838
120 -0.4170929437096842 -0.34129980320391495 0.2752795481441407
121 -0.3683949308547647 -0.3219959268887931 0.303450494688778
122 -0.5241436844449033 0.2859866480824497 -0.11589683430618167
123 -0.5092529042555937 0.23771425922998526 -0.05727093722515859
124 -0.5667739603919008 0.25261590206078555 0.10340114601135089
125 -0.549684934787154 0.376658388017982 0.04084752654885838
126 -0.36899997950416097 -0.34855329761947 0.3410281693067366
127 -0.4110373049857625 -0.2696666242058481 0.4303042136211
128 -0.5884684796177099 0.1855741530436297 -0.14049391691192745
129 -0.5652303403964655 0.3172222829624507 -0.09869811839119963
130 -0.5292309091975296 0.33126467816443145 -0.11895545870065584
131 -0.5338142336736188 0.10240719557659257 -0.22083300325083166
132 -0.5475470922185157 0.29942595150730866 -0.08968178976351485
133 -0.5891371166561363 0.2982213930058894 0.08579206843448069
134 -0.33488154991361907 -0.2153208309325582 0.2058812063553102
135 -0.5420727278736767 0.17116119783472225 -0.014831327371722715
136 -0.4716540301424161 0.2907684135564678 -0.09708514131565063
137 -0.3649044748331169 -0.20971222349036858 0.08950274131839887
138 -0.6458040540829387 0.2851185587668724 -0.14388153846650378
139 -0.33283775329907234 -0.40979337930435367 0.3134211491873018
140 -0.3353962789074258 -0.37242025645365867 0.3220500917027632
141 -0.4579627363759968 0.26912403500535115 0.01346062992816184
142 -0.5182351103272584 0.32144398404342744 0.009532421555191952
143 -0.5425656714346515 0.302698159165566 0.17162379714172793
144 -0.5517527452605869 0.4151106401250394 -0.09650923149748074
145 -0.5276132083557306 0.27890946745528283 0.08201811034528922
146 -0.6650547944618184 0.17420363561953472 -0.07520076030335575
147 -0.5896290957010711 0.2986359815267233 -0.23493538024218302
148 -0.5249015695396106 0.16888356612704852 -0.10457454140195992
149 -0.5865658737164733 0.2839011558727092 -0.0827989645004092
150 -0.33727243591535017 -0.26957889128908463 0.32045022071612755
151 -0.5996457520222769 0.33072037002717086 -0.20603558742941278
152 -0.569504840322391 0.26380329841818195 -0.029117117580968473
153 -0.5375255190023506 0.2581830408714005 -0.159314419032815
154 -0.34132552209413436 -0.35963694466977825 0.33597339365445655
155 -0.5944822677606806 0.38477733637560163 -0.19935127285186416
156 -0.5332240779280083 0.24498655321815813 -0.16628927965011955
157 -0.43596279368579743 -0.15956957678538122 0.16879061521705246
158 -0.5634859343592761 0.30899910471561914 -0.15865373031381347
159 -0.4383195857946063 -0.3131421636690657 0.22183195034431233
160 -0.577844572030808 0.3023652819919873 -0.23094268001587384
161 -0.5474502832830721 0.2278683631070522 -0.11551470239134448
162 -0.6507923348049889 0.2139009956034182 0.011856252648291057
163 -0.5127019011325581 0.3525524459510873 0.013130909286364095
164 -0.5418090129163771 0.30225530854647176 -0.022512612067886
165 -0.4217873966050201 -0.24084225820587404 0.29628450306089915
166 -0.4975429768190765 0.20288815421325895 -0.1509439541702655
167 -0.5235786277152221 0.34906961510826123 -0.21385268506448274
168 -0.5619450974311474 0.3621208241492766 -0.21882971701697573
169 -0.6644273000300353 0.26468560349399894 -0.2381883562225668
170 -0.4791104285676072 0.15252871199082702 -0.10829249067891868
171 -0.5215429830727442 0.24120177164691017 -0.020279168887177648
172 -0.6308508999495703 0.2628046158793986 -0.1433857864763059
173 -0.604017229369853 0.27429028620674684 -0.0320186344864226
174 -0.5025590421151227 0.3106784237153865 -0.1571597573031906
175 -0.5164322126152997 0.21813481902718976 -0.1718576576632173
176 -0.557692634682571 0.2485040136610884 -0.19532654963211443
177 -0.5482557640411269 0.30017048495791726 -0.12836323192108695
178 -0.3919542998219545 -0.35287410653292944 0.2908144548313099
179 -0.6218193104461814 0.268774919372392 -0.05409406417327896
180 -0.4831365928227782 0.2048432812186168 -0.1275585200018812
181 -0.5473406699154888 0.2780233479439009 -0.09593282956288218
182 -0.3448033576661129 -0.35371644148338577 0.39506814364946147
183 -0.31770884905547825 -0.2925991923984138 0.257106699449394
184 -0.5912535963506641 0.2809896215470647 -0.22250323666626343
185 -0.5771748087875966 0.3369537725455727 -0.03352739478653305
186 -0.43248573286676917 -0.29462679044401063 0.38222658844845475
187 -0.5441142579371191 0.27162041702259093 0.05427449948900079
188 -0.5466874738715538 0.17070288062872768 -0.29820042515335005
189 -0.4906135987020721 0.28945614239816486 -0.20762938126233438
190 -0.5799844958384012 0.25992671259828526 -0.09686075300948248
191 -0.2889997774144776 -0.3586511617810169 0.2943168828518189
192 -0.44186010413206916 -0.3866781461101837 0.35601305174575554
193 -0.5684899178103209 0.3113947467620875 0.023151905400594763
194 -0.4745382808793368 0.2232591147599777 -0.27294516411114783
195 -0.5877985532391304 0.24760340439308048 0.024556045969745793
196 -0.3496216109471797 -0.20855094715031328 0.19384161197388644
197 -0.28373468146265335 -0.2093051397378571 0.23473244876760793
198 -0.32530367200740984 -0.22156589753472555 0.24962574788568861
199 -0.30903744946550343 -0.22372543216708946 0.2414251667591946
0 -0.48551450526205714 -0.17342560220089212 -0.06579174903041256
1 -0.5845854951570092 -0.2553707071884976 -0.06713650211072898
2 -0.5127297245160864 -0.29797732883646755 -0.10637247718671886
3 -0.5197090534324863 -0.37064646128756923 -0.08410688367481806
4 -0.3771452455156048 0.1410490368694572 0.2348957499590337
5 -0.4043361059371861 0.32847506133517784 0.2274252333086516
6 -0.3725791499226469 0.4078574014854704 0.2521195787832404
7 -0.5967638668914746 -0.35512394328959 -0.13462619365043368
8 -0.6220482795511922 -0.3280933173869817 -0.09505793764820532
9 -0.5851205849705718 -0.3481810749444057 -0.01517771238015773
10 -0.3597022778612801 0.2794248698261504 0.41594252767938733
11 -0.5525803662347625 -0.26358783114758216 0.009090167708545073
12 -0.568178367119059 -0.3621178681787311 -0.1612138345792117
13 -0.384895475208296 0.3262417527697944 0.23468491794300697
14 -0.3957504478665487 0.3067315887038977 0.2920449051036493
15 -0.40346757761758756 0.17399849278749288 0.23616031635905077
16 -0.5188299261343359 -0.34886637388364083 -0.025025497530706788
17 -0.6100589852389925 -0.32011392154470636 0.0008237626238551739
18 -0.5301808480413207 -0.29212328870981896 -0.08714072934658927
19 -0.4584620056151193 0.3516462274053491 0.23268378735716122
20 -0.5974256326433394 -0.20282192685596506 -0.09898307284052313
21 -0.4061809948447889 0.26738362866481585 0.15827321397102928
22 -0.41143680082559664 0.2669870411455275 0.34190597377146736
23 -0.4923842987631465 -0.2091802313684852 -0.10483490956163712
24 -0.5013816129099469 -0.35111717998071723 -0.07110596083465541
25 -0.5375467856630667 -0.3418696933920137 -0.16433466582159525
26 -0.372234331878188 0.2675160748250983 0.3582846957930012
27 -0.520575814538437 -0.2913179387442091 -0.06429797064414576
28 -0.5397941276431706 -0.3828768855356081 0.028811265317039873
29 -0.39294627248817127 0.24987468853691058 0.0742771547267799
30 -0.5170637292901346 -0.3407276490033905 -0.07334979965775017
31 -0.337577279391737 0.23748524647451988 0.16313184226694136
32 -0.37016048703114696 0.3485478174472644 0.17978888619768668
33 -0.5809116355097307 -0.3934149676206505 -0.041641254356587276
34 -0.5467217167210604 -0.24409205140259949 0.06707673465777657
35 -0.5229064496765674 -0.43109519537168234 0.01662791345698204
36 -0.5314701691924981 -0.35133151577274874 0.07218998210673075
37 -0.42052393448908965 0.33537333102413275 0.33719226629309085
38 -0.5906501415899249 -0.36272681098129844 -0.1014463774153622
39 -0.5773004229874305 -0.26755976617942484 -0.17505283853298337
40 -0.3194067998778261 0.21518834500151054 0.2833369344828419
41 -0.5155183681759334 -0.24443675951352473 -0.08422077510192837
42 -0.3981406149225408 0.39037721126609287 0.15869146378721316
43 -0.5631656278827409 -0.2494193108533558 -0.007626252973288482
44 -0.38500387841293165 0.23951872827775259 0.36730897601051327
45 -0.45188485639028836 -0.23595125498781472 -0.19883847676445635
46 -0.4217503186860661 -0.15599463617040857 0.0035777482536928193
47 -0.5037204335006226 -0.2513517179981328 -0.00880361230988924
48 -0.48758899139232065 -0.3164107808282073 -0.17103849495943083
49 -0.4146302230611072 0.3274091203649418 0.28014988746048103
50 -0.5009317234876691 -0.266575404207576 -0.010526423001178866
51 -0.5894530893776833 -0.22732614419342156 -0.0946283250478848
52 -0.506825290776475 -0.2947792832280998 -0.09657052580470521
53 -0.5754079065437508 -0.286840694549104 -0.01786525013531972
54 -0.6302156797486538 -0.2216803019011531 -0.18630050939424303
55 -0.5583073052896986 -0.26515810863938 -0.22470475032006085
56 -0.419840720362643 0.2559722920472417 0.1858580827480863
57 -0.3269377728976545 0.327977927362894 0.22427523856892628
58 -0.3430641610142059 0.2231064937290259 0.1863694129846537
59 -0.5476677193260001 -0.39768091453526855 -0.14563323642416504
60 -0.5580224433832064 -0.2870271945534503 -0.08371824484341608
61 -0.3362616652642836 0.2505163868065531 0.24602921092677044
62 -0.5483375135573639 -0.21971424764226993 -0.18906105338950077
63 -0.5519188073569236 -0.3163859425407357 -0.07669474020867219
64 -0.40613494390760574 0.16851504743944593 0.2777206789963153
65 -0.5044220932798931 -0.20464106748080207 0.020590962779096746
66 -0.3377403736707153 0.34345789265242965 0.3629213429456648
67 -0.5214517972283412 -0.30627633485109906 0.0487267680107786
68 -0.3834977659741457 0.35988589852826985 0.26848403543446986
69 -0.6147750892595414 -0.40643766506096185 -0.2624361362189368
70 -0.514498032789591 -0.34772720681275193 -0.09054662830419667
71 -0.3845899737717853 0.29026852727292557 0.24422088806905262
72 -0.32604096465113724 0.20891966909254486 0.2539228705304147
73 -0.5820608856727929 -0.27037782407353106 0.000842555236915222
74 -0.5168311736776535 -0.24372138659925327 -0.09298201786705645
75 -0.5117230084550854 -0.33331579705686165 -0.023504870299172875
76 -0.5483716838967783 -0.39760239021871596 -0.259128627808011
77 -0.3564377674734547 0.24080430911724582 0.30370402828646703
78 -0.5872572284685686 -0.2252581334628351 -0.11177715706701333
79 -0.40889102234437713 0.32392930264257375 0.20330767844158368
80 -0.5409983209712883 -0.36796456744611794 -0.10058198267692695
81 -0.47513334724817896 -0.20260207838913363 -0.14324836496978302
82 -0.525907809504761 -0.2610141873023796 -0.1037803601971989
83 -0.41192772426111846 0.42894864151431167 0.3590419601344934
84 -0.49167329439747715 -0.3282261110448624 -0.10231754480421487
85 -0.49809019947096506 -0.323586982733192 0.034774954253541976
86 -0.5786828277923355 -0.24294128894484618 -0.2138046197579948
87 -0.5811436784046462 -0.29417298558838795 -0.1646408840655736
88 -0.5120520432457394 -0.3382824666081182 -0.13575218854330623
89 -0.4873526577814533 -0.2760974980513407 -0.13920327169257643
90 -0.3763205629169451 0.23855487244374848 0.38581765667261286
91 -0.5215713971657119 -0.14694618677528112 -0.051624538851581275
92 -0.5966555993382946 -0.31231022779502504 -0.10348179407376898
93 -0.5500262817196875 -0.21014663620258733 -0.1112218025723254
94 -0.5577102545099544 -0.40836719029806007 -0.07727763504238218
95 -0.539178446657108 -0.31167576945777276 -0.07978762844002482
96 -0.5224176611780176 -0.30859253691482574 0.019275563006284423
97 -0.5334236204066668 -0.45946765643815074 -0.11441915590075988
98 -0.3480068466662529 0.2823653502412911 0.3550980258811334
99 -0.3309029945439611 0.3014349532229674 0.17134989547766696
100 -0.3493367488970503 0.2804694900820482 0.17045607156702827
101 -0.6260725392529951 -0.367551299098255 -0.23548692318413011
102 -0.49773635570052954 -0.38504754777959144 -0.02237982169857585
103 -0.5252246484521012 -0.3639373573549167 -0.1255000691699958
104 -0.5442055175872703 -0.371164240804368 -0.052587294195495245
105 -0.3634929390915073 0.2723387466109001 0.18485069073307492
106 -0.6107378640944782 -0.4183574311361153 0.032770053910104666
107 -0.5061167143377879 -0.287134025328878 0.0232413055983994
108 -0.34197147193630656 0.2304606354393665 0.21240196953060056
109 -0.3996573045245263 0.20291117663104907 0.34847830472057284
110 -0.3922671679146868 0.3005347635123857 0.28535951716996044
111 -0.33941732351152953 0.20541420726447132 0.16883279087699082
112 -0.4350604818036904 -0.26521639282634274 -0.14176420435828124
113 -0.6240231228718829 -0.3948819928846184 -0.18826997090637398
114 -0.4958888521720666 -0.290881764351378 -0.06575751798696576
115 -0.5481453200773606 -0.31528482629894705 -0.009239085070487568
116 -0.5497778028377633 -0.2822589939057922 -0.1883568218668064
117 -0.35881032588609 0.2273905440234728 0.3573441725824545
118 -0.5080102914642328 -0.16933399561249715 -0.04545967969364263
119 -0.5208204018864497 -0.25518566661012737 -0.13372894463363233
120 -0.5761102240347311 -0.38027308041322866 -0.12686848592922018
121 -0.5423489363623759 -0.41910209441049523 -0.056526500652583786
122 -0.5685257123091331 -0.2540682980450385 -0.16723805243283107
123 -0.3683347748276662 0.27509449529607594 0.17083370161517594
124 -0.38446703301570734 0.3029793578051872 0.15212668404363963
125 -0.5132966450059022 -0.28124355594564265 -0.03257209799948303
126 -0.5575648813214185 -0.26599095680364915 -0.1903041419991913
127 -0.5569518750869196 -0.37864499674193886 -0.03589184391755067
128 -0.36133013733622005 0.23264162434502397 0.2193528850117698
129 -0.5338258636104984 -0.3661440688688295 -0.048132006392377934
130 -0.5984218127528066 -0.20015564330397015 -0.10610395959213219
131 -0.4230282061774911 0.2825072522667046 0.3149771348982455
132 -0.34294041410992726 0.2576130778137122 0.34191092281658275
133 -0.6038128201568587 -0.35841853741869917 0.020031360674722627
134 -0.5663445232259072 -0.3715964406997056 -0.16399750827130385
135 -0.5054467451007375 -0.3618727177440601 -0.055411851840121464
136 -0.5712961387230631 -0.1767392746033633 0.0295106016951721
137 -0.5363826029554021 -0.20856500131302205 -0.32935244414550696
138 -0.5771749681158681 -0.2758189327261089 -0.22932314746831872
139 -0.5892644538635408 -0.3616990170355263 -0.08282496086170277
140 -0.5617016866304053 -0.3645594705675719 -0.060555173552054246
141 -0.384174357152125 0.29824212680886336 0.03940543021868162
142 -0.5716994370438321 -0.3127678316621518 -0.2175439654955107
143 -0.545211557657808 -0.26575710497446897 -0.10235202158664423
144 -0.4270077437095679 0.23931081150644826 0.3185415907960674
145 -0.34563389916968806 0.30617074699004665 0.23840393100785512
146 -0.5167447148757288 -0.28365303928210445 -0.25795542861773096
147 -0.45788284151283487 -0.2370208921820799 -0.017642910759228
148 -0.35439080978768067 0.20713732252642184 0.18273204719609967
149 -0.37044220973465847 0.19414594096370152 0.2031793563430098
150 -0.5984059845302017 -0.39038347051888433 -0.14150145055184749
151 -0.3861285380438087 0.2997466503507876 0.2775015223236035
152 -0.2938341829931704 0.2433582774106538 0.21067001102655758
153 -0.6115294936589709 -0.2739717936145279 -0.1988078402054727
154 -0.5974382727391926 -0.4471595686086188 -0.04511269291939217
155 -0.43446648724337 0.3632190626117199 0.36673429863620843
156 -0.5343623024496952 -0.22906418607877024 -0.09323819799515998
157 -0.5352625990306251 -0.3660592211225846 0.11820516788606951
158 -0.37121345450419496 0.27730390816863965 0.117277874834417
159 -0.5523465083219519 -0.2349303580967108 -0.07694409519632646
160 -0.5144246794650642 -0.16469743236181467 -0.03204170005109883
161 -0.5093369216166148 -0.2614807131263635 -0.0832088376581618
162 -0.5020018838512162 -0.32310140299108664 -0.07386043431535308
163 -0.4883012286840117 -0.27585370123455577 -0.11297922063320628
164 -0.47165964067721927 0.2714116672025021 0.21423373746351293
165 -0.49388081279432283 -0.3915278459666547 -0.05840736839024163
166 -0.5747577412604483 -0.3519632596726012 -0.09625463285468938
167 -0.3726003952230487 0.27295015824824204 0.32810108803270843
168 -0.3595547644690047 0.1119703910778333 0.34458095049444265
169 -0.5421808587597322 -0.20915902410094103 -0.12001103262655684
170 -0.5674845405811662 -0.3965579499522066 -0.12092687182756673
171 -0.3599269920983211 0.2832732855897145 0.2735606287207552
172 -0.5625456727873346 -0.31253219201576005 -0.09025731931547587
173 -0.3639121938994479 0.3002852699538519 0.20264998878155627
174 -0.5448075182026385 -0.292224788367002 -0.23795896088119128
175 -0.4420819511634275 0.29418404828360184 0.24920689439493995
176 -0.5680104577907739 -0.31193580551436123 -0.03230678660666943
177 -0.5525675576334552 -0.2833487519455543 -0.018935665129745323
178 -0.6510246672135489 -0.34782354536973265 -0.07182138944561786
179 -0.32723531028429714 0.28564186838722044 0.24446617963108863
180 -0.5355735437060454 -0.3183305512012908 -0.15491863407454312
181 -0.42720509009777485 0.2758088974993137 0.2211883346660009
182 -0.5076556235732109 -0.39724286180168705 -0.168901122076807
183 -0.48046200431285796 -0.29176036460506766 0.008491141827277756
184 -0.44657406604019023 0.24646046330015173 0.15148570177936038
185 -0.5674444504709422 -0.3477145097283614 -0.011090422494104673
186 -0.5421662653320674 -0.4058862364269978 -0.009818501791231362
187 -0.5319082200111919 -0.3254338867240228 -0.11426730225998914
188 -0.5363273117144635 -0.396018138101157 -0.16999216644049514
189 -0.310876835897047 0.3215187117039649 0.2306626743899757
190 -0.38414434846162715 0.2959808534665634 0.260932809714179
191 -0.5676080244059041 -0.428778483250182 0.03377040135067364
192 -0.4676097855227384 -0.27148331225584543 -0.15292419123780027
193 -0.6263189008143454 -0.24843718374485632 -0.026753119467574592
194 -0.552394017888607 -0.26843577451153755 -0.09282113153550328
195 -0.5015393617402587 -0.30532298639447114 -0.12304329664891543
196 -0.5396938602228175 -0.21436054126772572 0.09358694871668226
197 -0.6032077523086996 -0.20706541974360912 -0.06838144738741882
198 -0.5762146746280467 -0.29457612986518944 -0.16490635797408373
199 -0.49544726109742493 -0.20833569407209393 -0.21418579496086787
