200 3
0 -0.008625347796379745 -0.028386138876166978 -0.0010700444432513063
1 -0.00015198141075635843 0.011492207698127036 0.026214130067993884
2 0.012575440635056265 0.009947684049467156 0.02798590633878608
3 -0.0099089879080798 -0.029387979517023287 0.003985102836547785
4 -0.005186613150652695 0.012048387007214388 -0.028864738036705334
5 -0.017676294756023322 0.012462854078517797 -0.02165863667996753
6 0.0029579179388224096 0.015708137333872153 -0.01823013678211227
7 -0.005928877587733895 0.020638999551608722 0.023425398571469885
8 -0.00789067838012189 0.005610586246116659 0.010099946393989853
9 -0.008414956303425963 0.00872277557856772 0.023495435158707084
10 -0.012779566502256645 0.010594106363005971 -0.01789449685600175
11 -0.004556519251598615 0.011757664005460897 0.03996070850153805
12 0.0018592464220714739 0.01628695522245617 0.010721460373580564
13 0.007537790107053771 0.017484554751269192 -0.020510879956165934
14 -0.004250450573726992 0.020745409269836305 -0.02324076615938818
15 -0.005433993808824804 0.008127968734997743 -0.015906081630893666
16 -0.0006237977863163616 -0.033198255966767225 0.008863595295083938
17 -0.00807258693758297 -0.021856131018907345 -0.004094076753140007
18 0.00097145622220806 -0.036961928577299394 0.00754593688641785
19 0.001798649233319568 0.011350493090671019 -0.01751596324629899
20 -0.006713382534117733 -0.03418532882726926 0.0016037584183408752
21 -0.011985809240570279 0.0030979620033284886 -0.020520812789606158
22 0.007400901445540453 0.018268679059103374 -0.011471089429953826
23 -0.009098866071552233 -0.02392067359792128 -9.493855710398895e-05
24 0.0031573810274714807 -0.030197347113823797 -0.004469664493541782
25 0.0014493905295860643 0.031221680675328982 0.010149769761301546
26 -0.012330170556076901 0.019799737558836596 -0.006293311212741796
27 -0.0015177984455080028 -0.0215447823166127 0.009521655605413605
28 0.0031078944575342188 -0.019087101164284838 0.0009531826862361086
29 -0.0032022574226052633 0.02581190121587197 -0.0181936261596548
30 0.008377669820571323 -0.020069371042916978 0.008686899342358669
31 0.019152914606579766 0.007821473535275028 -0.027625599853687108
32 -0.007010135204376013 0.014065496678083919 -0.03388681392270341
33 0.0032704698546788345 0.015416889640493533 0.027553165666448623
34 -0.011764478292223872 0.019242544341465544 0.013661647366709023
35 -0.005122112026699377 0.013638317084349108 0.03404604604104465
36 0.007324106198921057 -0.012662692636936035 0.0022230766991229484
37 0.004870601659727277 0.017055836060326526 -0.02255317375171941
38 0.01373680355153395 -0.02901886517661903 0.007498645766970002
39 -0.0010210038441349628 -0.02420035490181876 0.002072922931387401
40 -0.0037029945795899223 0.016486275318365388 -0.02139504203315875
41 -0.007762031950353702 -0.0286619956093542 -0.003625245596664591
42 0.0071416975077245246 0.007509166785397085 -0.022478169462068702
43 -0.007046979615038706 0.014605321779132097 0.023256713393893153
44 0.0030840299852877943 0.01363833601253029 -0.03172979509874203
45 -0.0012997882591318406 -0.024050974711162625 0.008699207921839387
46 0.003473834787766014 -0.02584682952741013 0.011669303337658135
47 -0.007943900510676494 -0.02581311384819654 0.004925749616383616
48 -0.0005183285786881601 -0.025521683516173507 0.0048113171490968085
49 0.007627332124970521 0.011914550163836607 -0.028303055817307993
50 -0.0044472250797519194 -0.0009107503349931835 0.020103818479924568
51 -0.00029031457890985046 0.012349489660203635 0.02322498233005045
52 0.018685190112779762 0.017937325902374956 0.021585142811101132
53 0.0015494817260860508 0.015433689721922224 0.03811486792861189
54 0.002257865667890345 -0.0250487756347468 0.00388875177183564
55 0.008755542500716612 -0.0016041606004498013 0.012423903189698764
56 -0.009244355193019116 0.010090998605949635 -0.026746813886379568
57 0.007974429027089898 0.02472432492211203 -0.011331942123137088
58 0.004721822775439246 0.014223067828860465 -0.030773567305659555
59 0.007227929515430893 -0.013540509008653188 0.0033668742981905683
60 -0.0018590987199401977 -0.02942667834804928 0.005185186260929111
61 -0.012418151949794114 0.013059028854875337 -0.013159346858838683
62 -0.006310817850968108 0.023659283976831223 0.025270934144019402
63 -0.010410239381443462 -0.02768495218136824 -0.014192615446581578
64 -0.0033432151467681637 0.009290098209911571 -0.03015577154053676
65 0.00862175019802891 -0.023700788166698974 -0.004672866229031939
66 0.0030992629517409736 0.013946020891013752 -0.03175206798857952
67 0.014207597928700945 0.01636736846657756 0.01880492682684387
68 0.0018157460659862026 0.009948936695590053 -0.017709724639343526
69 -0.004603246488819808 0.020326233188569135 0.019085737153652152
70 -0.0009201055471154858 0.017797925127187066 0.030099692385722104
71 -0.00605325269115796 0.013548164524157691 -0.015807494646477613
72 0.00070804964352119 0.0052312288755563645 -0.02833824884269441
73 0.014445375411297527 0.010959404736690905 0.02733892361004727
74 -0.005523568231427679 0.016567822500739397 0.02320064292653716
75 -0.0005393838532900645 0.021530966123551445 0.017746779645139085
76 0.01182813042482466 0.01994427363448012 0.017496874841333672
77 0.011146164129978986 0.016999738507926077 -0.03433195671795304
78 0.009483820928550907 -0.025213903167384116 -0.012610064867434647
79 -0.009597850833068997 0.011916061935239105 -0.021232535268355536
80 0.005757844036587054 0.015081638507296317 0.02774915278884276
81 0.0039144799863608595 -0.019951143982020397 0.008166689033419588
82 0.014573020422982058 -0.015522065556124294 0.0024371951402757507
83 -0.008816744420296993 0.017683579332863273 -0.020408318812741973
84 0.01579235265270959 -0.016519558687481485 0.00422659988211475
85 -0.0067322785460232 -0.01972597391163295 0.005465725453073918
86 -0.015172774733810374 0.021403893210041283 0.02033059542117313
87 0.006594601397029838 -0.03283896239959318 0.00823360631234258
88 -0.009437812425789963 0.014585175462420559 0.011145422186105106
89 -0.01816006035457332 -0.01592259078260019 -0.002039092213898905
90 -0.004238046976731739 0.018218472971865546 -0.011266834265203918
91 -0.002241523788508523 0.019806112613401122 0.029909637254828737
92 -0.009819120651737408 0.010797011068211501 0.025706099261327317
93 -0.006461893337308303 -0.024749304952155562 -0.006676253916178307
94 0.0003347207853684909 0.022106917988758093 0.034268249243468586
95 0.015821805819277807 -0.03015644426529626 0.009494748590166524
96 0.008633843229278813 -0.018609379947716772 0.004294153256482813
97 0.00636303326541645 -0.03117858191803826 -0.007904991854332
98 0.0069292324977666755 0.01589336827891623 -0.0205084978604445
99 -0.01041602958353837 0.01908335015463811 -0.015011801850050077
100 -0.003877985312392931 0.010269097275796729 -0.023504008346533246
101 0.008807792388995468 -0.028474278120979538 -0.010664379028328957
102 0.0010114386279962938 -0.02799627141695428 0.004174358044351542
103 -0.0073574684349875935 -0.02995660863933057 -0.004237917525266421
104 -0.007485558367193211 0.009897202463450841 0.028219770002656033
105 -0.01106244097779592 0.014228066858899636 -0.013623014548383293
106 0.015930831785558847 -0.02268695545341866 -0.0037789710113045887
107 -0.006519673083722061 0.012832347152461695 0.026375530551423707
108 -0.0006911043985130677 0.009050114652135174 -0.029738636968825463
109 -0.00742581153648024 0.026360422066476846 -0.017330357429198827
110 -0.019347057241570043 0.0113510764853859 -0.0351984430947946
111 0.003416654492736315 0.013671818015830365 -0.02625298219664341
112 0.010321891881972092 0.014575028216060881 0.020754786606273008
113 -0.008068108995540092 0.009173752383915091 0.02466199460626703
114 -0.00021115841852116513 -0.023395673780096216 -0.004708990226121675
115 -0.016023065535045206 0.023017830263443284 0.012897333572267952
116 0.013424398331136934 0.014998423341732951 0.028840094890333692
117 0.01007591534888131 0.012309134527877616 -0.03242482395061923
118 -0.02345331108554269 0.01298431545217938 0.0015938318353827668
119 0.012404887103678043 -0.020152521181022363 0.010245486620997848
120 0.00955419949059768 0.014490268433282993 0.018487570493909526
121 0.012592493616774919 0.014933918031290981 0.020554886438803897
122 0.014469033643749477 -0.022510905423373122 -0.0006732376095365811
123 -0.007712029223652189 0.007644583465104455 -0.01925410431137766
124 0.003808915549462038 0.005234290810693577 -0.031413282322351674
125 -0.006400469230487128 -0.032185803064055066 0.002080792297164149
126 -0.01974088311892426 0.010804841238229897 0.024844845434562272
127 0.019387481163019374 0.02785074589558789 0.0197993999968284
128 0.018073457914097174 0.006780198784456692 -0.018499165120930305
129 -0.006764783556731373 -0.024883297265961384 -0.002666229870086823
130 0.003157119607672147 -0.020539945773816022 0.0016624416845565544
131 0.002779150091011174 0.010692294654174577 -0.022310756526176236
132 0.015748738710917635 0.011612504984676301 -0.021237437226784922
133 -0.01067065877039125 -0.02595778513238138 -0.0033437594878160427
134 -0.00993157114078197 0.023279865083023363 0.019245584787355455
135 -0.006182584638297031 -0.022048593353412912 -9.260706653523715e-05
136 0.006730224720029081 -0.01580776580747567 -0.006501301412355
137 -0.005521282210467911 0.0077852405242497605 0.025006611830735076
138 -0.004505674431130861 -0.014656617270868727 0.010893937783804347
139 -0.006677516012522117 0.00878385135814248 0.028661790806235883
140 0.010312353247776254 0.008539876126622936 0.03290108501878835
141 0.0011894849938704766 0.011516078940511463 -0.02847438230550542
142 -0.001602125694578715 -0.0315553681748143 0.008256337045748888
143 0.006796138936423966 -0.01853723362932551 0.00558363961139198
144 0.006874803383036511 0.010345985588669601 -0.017903488841080173
145 0.008931451342712827 0.021984228524580752 -0.006295162055799754
146 0.008561324119846968 -0.01989557267305777 0.007966288125103773
147 -0.0018771254211497716 -0.01914224123302647 0.003843320554721483
148 -0.011711358305282353 0.018617752860389983 -0.02588295483639115
149 0.007637467911769219 0.012468844306238014 -0.020060592833107467
150 0.0034494827237503065 0.02291053476771774 0.024568197208254212
151 -0.001322579562560166 0.01584641294862426 -0.030072453246473473
152 0.010725348507513582 0.01582475907336453 -0.019390923811955153
153 -0.011531149603481165 -0.008813694092648757 -0.007160661820152051
154 0.0001382616075491453 0.006738073779428946 0.023513410518160638
155 -0.01990803431620619 0.014907723610455743 -0.03782319796329736
156 0.004186484877551218 -0.02766151400711088 0.011120220842355928
157 -0.007526746124857896 0.031192213933961654 0.01949827662400378
158 0.005223453144833759 0.02046465970680965 -0.019855104209235933
159 -0.003442002173835536 0.02731840439793028 0.019011197843150536
160 0.008014908214454143 -0.026374788240261154 0.0035443575761792898
161 0.012126724622531407 -0.02905852729248036 -0.005758231922380956
162 0.0030837537653272485 -0.018981669014491408 -0.0038815485388763614
163 0.011333603159024694 -0.028859317469668813 0.012277901600168823
164 -0.009901157024914394 0.01861041041541957 -0.03927656957075917
165 0.00517693254087953 0.013276680431044094 0.01155251833413276
166 0.0037196115490542025 -0.02753565469129321 -0.011845971585317102
167 0.011170447935522923 0.007795335214764686 -0.02666050863982649
168 -0.0010754960178911734 0.01879857387273836 -0.026512909818775673
169 -0.011643707045166068 -0.02663776244621601 0.002681285234622066
170 -0.005965219269487946 -0.02662755091067063 0.007795084536294429
171 0.006638317702021633 0.017906254422297433 -0.0296767277893705
172 -0.006162294529580954 -0.018434199429659036 0.0048715135559884905
173 0.002129942448642466 0.0121546220514471 -0.015745838575969485
174 0.012844561837394616 -0.02310788683599434 0.00965085776837648
175 -0.0009752399964984963 0.00302250555054089 -0.02353663075035948
176 -0.007863474742356241 -0.027269826569725472 0.0007220180838497566
177 0.003956023100287687 -0.01837484954503526 0.00886554139071706
178 0.0024715791811053683 0.007428368635029527 0.02956613190785351
179 0.01685540015385116 0.016412462346484084 -0.027707991778846724
180 -0.009023605822668535 -0.021228439594967508 0.0047820263770243406
181 -0.007900585699118546 0.008924516078234178 -0.025270363764523962
182 -0.0011945125745320348 0.010252217148171969 0.013812630045694253
183 -0.004413399735466268 0.011139561284700627 0.018310208350581544
184 -0.0011504468103620338 0.00424936350734784 -0.030041013919156263
185 -0.008868527892396255 -0.02484565634022469 -0.008431751624231792
186 -0.007792036554176266 0.01249503666493901 0.015126284990277558
187 0.01708670314478208 -0.03591771003078915 0.007045762643658141
188 0.009885264087162778 -0.0384032718660175 0.004615384971020165
189 -0.014364851486566604 0.015385756129081723 -0.020627793478528875
190 0.013409952749428584 0.017044424815121008 -0.022611613590337844
191 0.014525004287458315 0.017745121061018478 0.02541916494960845
192 -0.014801781575702881 0.01764844900448984 0.025896652796677536
193 0.010382473528166875 -0.023551384594875546 0.0003511374268742747
194 -0.001481988672357104 -0.025677983660484176 0.004569193071762935
195 0.0014564356934061683 -0.020342472666938866 0.006891510061674147
196 -0.0018800763298430223 0.01229484388407075 0.035502062369962145
197 -0.00852099450925782 0.012792570600272649 0.01798668384041463
198 -0.019718144693027316 0.014334178807620838 0.024152801054088385
199 0.016374868423468678 0.013662952733399108 0.029200756878276696
0 -0.009032514296038303 -0.015595614108567121 -0.00011240518210066386
1 0.0034284772218180805 0.01797850293117201 0.02180932707583373
2 0.007654810571709095 0.005527303112230868 0.021379198017541318
3 -0.008619516886416129 -0.00646703304158068 -0.006966185145069851
4 -0.0018853646481369474 -0.014536495283527615 -0.019412703853505242
5 -0.005881094979059129 -0.003769842189062053 -0.0186932442713052
6 0.003507621538728436 -0.003276797906101074 -0.02115568183938521
7 -0.010262618928841838 0.014757197215173462 0.028575761067637463
8 -0.0014443283384435873 -0.002784378624619211 -0.01611511897588742
9 -0.005270352379552392 0.012953131875748071 0.017136802716862916
10 -0.01681290073794886 -0.001591177245986293 -0.006250042995705793
11 0.0022272795290141506 0.013042777810628289 0.026203439402828516
12 -0.0018915244990363946 0.012974129655996723 0.016507165315717956
13 0.002876831843446649 -0.008227868284996553 -0.01596750852085215
14 -0.002065622653261538 -0.007560039337323528 -0.015370156448162593
15 -0.012481265261855515 0.0030657971466664935 -0.016033871388875118
16 -0.002316214503997535 -0.00729992914568877 -0.011729074062006363
17 -0.002787144204564329 -0.002185113576435388 -0.022014115743176656
18 0.008762964994379164 -0.014180346375312514 -0.01172639652943311
19 -0.003972201127544418 -0.0058278893110783325 -0.016908778889444892
20 -0.0014365983955184694 -0.006005603249611816 -0.018567364086240927
21 -0.013950560873599971 -0.007346764104060285 -0.011983276860706313
22 0.0025662763256018295 -0.0044344950107217534 -0.013782499055265858
23 -0.010478564403760396 0.001173285184775448 -0.011655294645356353
24 0.004434990283045403 -0.013674648071116749 -0.008977590487051434
25 -0.007821000474768053 0.013792629924730987 0.03037623615379539
26 -0.003938980194697121 -0.014314529342521826 -0.010995695326597606
27 -0.006009170060664792 -0.005905072801147604 -0.004403273755708405
28 0.004108055116932539 0.0008429562000025204 -0.016710613917305637
29 -0.007761215640541497 0.008075661352871175 -0.0229368554459565
30 0.00727554943692621 -0.012020080392393905 -0.014127653406880781
31 -0.003547457379329322 -0.007095008281588131 -0.006197954554591559
32 0.0010690165371249026 0.00915550257988889 -0.0034244379070377806
33 -0.0038089076451601096 0.0082298013112462 0.02874225355873679
34 -0.003222847795440721 0.02077231896743406 0.015591640854270436
35 0.0005176912125046083 0.02537673769734776 0.01560123715379809
36 0.0012162551944799732 -0.00395397866627073 -0.013165414097980437
37 -0.0019527997475275779 0.004637839540532249 -0.015969987555253126
38 0.00897758421065463 -0.004184550284638475 -0.022427119603311414
39 0.006522843604618869 -0.001396178474373011 -0.0020757973422287548
40 0.00786071742098213 -0.017593949401706825 -0.01538075993515841
41 0.003828729268100437 -0.012252814915372154 -0.004453917749153684
42 0.0037439918967426197 -0.010217139703078613 -0.021717628358592547
43 -0.012331960821856312 0.014414255759885124 0.02660645632993275
44 0.002052180777785663 -0.0006758515853604458 -0.02459050423193329
45 -0.0016573983545298682 -0.012037610025627934 -0.02216312988728858
46 0.0012106826235086972 -0.0035003050984799416 -0.008847112656275791
47 0.0038064229702141975 -0.014866184114511655 -0.016376356590304605
48 -0.005777070323610263 0.005195483575731578 -0.011131453568777027
49 0.012355984879560092 -0.0074313453987821035 -0.017181237313713196
50 -0.01632517780726892 0.012434353268459564 0.02896878829871575
51 -0.005615585609731374 -0.0008010661517723512 0.02274204489995838
52 0.0031963915515113017 0.01793806167260696 0.025053733292403124
53 -0.0026087241419395432 0.007963830004482995 0.02690899258687794
54 -0.009093273518943804 -0.006424581452190811 -0.016702741134493722
55 0.007688328017065607 0.016039842272851004 0.017510514082780586
56 0.005171579998521442 0.003537629255079326 -0.01651266775942247
57 0.0018560751630848638 -0.00307837580607892 -0.006158143792109258
58 0.005015632720837421 -0.001645667695142336 -0.023126838164575586
59 -0.00014794953638599256 -0.0017712615391450581 -0.006943971094474487
60 -0.0001682760608884351 -0.009469685057956367 -0.008492794686011447
61 -0.003657655732404584 -0.0024372987329406987 -0.00823246516815545
62 -0.0027409755151956636 0.0074879803025528005 0.030642820245752808
63 -0.008128160295265321 -0.017664076152135444 -0.01230702875768189
64 0.0110451010201215 -0.0068864644100869385 -0.014913839114068989
65 0.001602955171657157 -0.0032458705855153355 -0.006679370820079376
66 -0.0032157277416180433 -0.005387757250901445 -0.019814411727116912
67 -0.00011908649135249083 0.011951187391883396 0.03257854203034209
68 0.0027146973978264197 -0.0030261139525402103 -0.013010521237529042
69 -0.005692544130218756 0.011761598539730161 0.03153859281791249
70 0.007233442898531658 0.02007759988737138 0.021732344195397803
71 0.00619079667166659 -0.0035011857983365466 -0.01597004341172175
72 0.0038220670073873097 -0.009955928986204673 -0.01820692680783939
73 -0.002410662547062556 0.021901766013629077 0.022735762751865993
74 0.0032528101767556224 0.014868538096096263 0.017622356151635113
75 0.0035561464439434684 0.01519157493890727 0.028545513984167388
76 0.002853803890191256 0.02444753974074529 0.021031795998487444
77 -0.0002291238267784039 -0.01138359201325392 -0.018458715853898397
78 0.014929997197499746 -0.0022791222552515783 -0.005875371937072233
79 -0.0012646013088400496 -0.014420171093234395 -0.012912960586385518
80 -0.004357341579882015 0.02069917585249656 0.02221428740133566
81 0.009309121802823547 -0.003347832818936629 -0.013249483801689641
82 0.0056650183413469585 -0.0165639323398755 -0.011795985561529089
83 -0.0021632913096163234 -0.00897036775000054 -0.0059495155232425
84 0.014224530652894099 -0.007874249890292881 -0.015068442506546074
85 -0.010382373748261599 -0.009361836298071205 -0.016670515858818638
86 -0.011946266774292155 0.029147947270111975 0.022873201430251205
87 0.004088300943853096 -0.006339516457559341 0.004300129452712721
88 0.0052077792489768696 0.017266202123384852 0.018791614529540583
89 -0.008640417954800972 -0.005238199954256471 -0.015970445805119943
90 -0.004794018794135671 -0.007075853400424367 -0.027941772501674605
91 0.00025383922629492427 0.022869348118984598 0.029318167069447565
92 -0.0010111545365470657 0.0163325878715793 0.02605041386073511
93 -0.008349284025282115 -0.0148678591501554 -0.018461285020068455
94 0.0030219436490992353 0.012486667826981851 0.027367778586340513
95 0.008622218372309587 -0.0049305084359742984 -0.013855504991482985
96 0.002173760194278035 -0.0034410134816656238 -0.00465750305677844
97 0.004292863962547425 -0.005327320096168001 -0.015111777169969535
98 0.004673566853338182 -0.004056165687109203 -0.016337433095884563
99 -0.0067168660875108616 -0.007301152315926852 -0.008006917594580228
100 -2.9214946096423923e-05 -0.004762096194952811 -0.01917762849210823
101 -0.0014010547580924036 -0.010624877028428417 -0.021190527211231713
102 -0.007552625169764337 -0.007490986583011797 -0.0024690027637255876
103 0.004935475392192801 -0.0045995779072110915 -0.02398382205677075
104 0.004995817690414805 0.018635951093825143 0.03013388207184002
105 -0.010536119590874402 -0.0015923988281420637 -0.020126122050003553
106 0.011906357242055132 -0.0070068566825222806 -0.013898925628021272
107 -0.01377790172482636 0.010963032704301951 0.0126117281356432
108 -0.008111415869551206 -0.007874384128358905 -0.015321870517256211
109 0.005460305104554249 -0.014816027996904155 -0.020475083265575122
110 -0.012253040234497067 0.00627469338508372 -0.017879007555124185
111 0.004748191636656643 -0.015405779434834116 -0.010244358003496642
112 0.008761745282420498 0.015269258951286002 0.033462824351355676
113 -0.007165614158048998 0.01012537908635227 0.027298207592163504
114 -0.003982306013038513 -0.0043095654538453584 -0.006202682345647073
115 0.001102869301955453 0.013857159033662539 0.027484466187218164
116 -0.00036939803734765964 0.021126608620899538 0.03292474783310676
117 0.0085235796025172 -0.004004816718325151 -0.020043772969027693
118 -0.008627275316005573 0.007148030818186102 0.032755871137050335
119 -0.007172002884762609 -0.006602308395519757 -0.01404206700992968
120 0.01009601686900228 0.02378698100052717 0.020641496866980635
121 0.011502901034722388 0.02352418969759794 0.028560108594646284
122 0.012391276961497943 -0.0032168463234037367 -0.01048044564005514
123 -0.0077129361982739494 -0.00814304559535978 -0.014083601017785441
124 -0.01156888466619685 -0.005248366484761475 -0.016263421965455063
125 -0.009304363633665373 -0.017236632607151386 -0.016430719975935086
126 -0.013226403856657784 0.012505810031328245 0.01299154579243738
127 0.005807880093429571 0.017806013621791836 0.03085530904642255
128 0.002001381715269368 -0.0007634494207724787 -0.022748593025652693
129 0.003930782534087379 -0.017082685213939852 -0.014745899452501068
130 0.0015700450114880683 -0.0034360099506384745 -0.011807311669662122
131 -0.0018365790238072562 -0.014404087971507096 -0.015774407990863146
132 0.0040562900163767235 0.0005995410232616377 -0.007790156063640287
133 0.00021653928118235688 -0.01595201999837162 -0.010757394273748028
134 -0.008432623232306681 0.02949327743341361 0.03344670069058238
135 -0.012080716239244019 -0.001871203100327741 -0.014036204178547385
136 0.006429417814634748 -0.004966410737209201 -0.019296994713296645
137 0.0018381545475886956 0.013837504067970047 0.02488081533411521
138 -0.00896335732652323 -0.005011177004522652 -0.012474739231944707
139 -0.013797138382820602 0.014183374901413703 0.01814587517756202
140 0.00838967294025146 0.005372175493196836 0.030977921221254645
141 0.0016041059932700094 -0.008766834402627446 -0.014785075467686495
142 0.001614460472357757 -0.009101986519676114 -0.011856423220034886
143 0.010891039206076585 -0.022432183757671018 -0.011163718175756924
144 -0.0021059277789757525 -0.011198858672275339 -0.020525120729991297
145 -0.0006001504637370971 -0.009401621089304781 -0.017844442763606784
146 0.005226939334473983 -0.011678388960356709 -0.016821728865247857
147 0.0038322313732551162 -0.01762072217012759 -0.02297227630560153
148 -0.008459910871133063 0.0040335617866669865 -0.013640125075352352
149 0.004255971417015635 0.0016873681545539199 -0.018733431419491964
150 0.002850188327497803 0.015492247255146585 0.03156360694086137
151 0.010209050025794596 -0.009823035413742007 -0.019843574150988474
152 0.002064543485319398 -0.014760643638253263 -0.025460205290157696
153 -0.003440326765411339 -0.0034691016323674453 -0.010147539594845836
154 -0.005894157192473827 0.014366614207000503 0.0344756810432602
155 -0.0037007003570297403 -0.003789934872902412 -0.011982444424003619
156 -0.005771294899304714 -0.003720164988492765 -0.014182130410715688
157 -0.0013096414267668027 0.02776143586288972 0.03186067094077724
158 0.013741119766252849 0.001258875319900002 -0.025997051203462587
159 0.0003039604436620609 0.00564383681002369 0.027450713815635
160 0.0032216535451664863 -0.00773558245037953 -0.009104187200218211
161 0.013267212605762843 -0.003936831407074681 -0.02056383905635823
162 0.0014606770824263384 -0.003545704305242141 -0.013104998753788635
163 0.001998786945159481 -0.010494977700305073 -0.007807502178576967
164 -0.0017348528694289163 -0.013074716837901026 -0.01565432081540452
165 -0.007135634353178286 0.01511565663535878 0.018320047563959663
166 0.0064652846688447625 -0.018609375294257893 -0.012371459065480355
167 0.011041837767521906 -0.01113947749187871 -0.01979042115423852
168 -0.008549724990353318 -0.008338750894855751 -0.009986247439265558
169 -0.003396742769829042 -0.004872193856804263 -0.01762756599537759
170 -0.0020425819510619635 -0.01994913561526336 -0.013333709905854953
171 -0.00023823818300584831 -0.007993809088499351 -0.012354566052062851
172 -0.0018552904131329366 -0.00932918065977801 -0.01344360792513279
173 0.011423612328734345 0.004913066518912143 -0.01891513238719173
174 0.004480346824273132 -0.0015062864253012516 -0.013152134040751915
175 0.0015738414397580142 -0.009719110186910528 -0.020790878744279172
176 -0.006850841981312715 -0.008480757361940566 -0.014995625398160836
177 0.00549697794980818 -0.007239907670399198 -0.009933461752937547
178 0.013382190185094935 0.021565052086768084 0.031802112272344744
179 0.009206643942046233 -0.009392565061374904 -0.012593715894778174
180 -0.013647567307740693 -0.012955017842595354 -0.01120981998424103
181 -0.0028918063033787807 -0.01114664179804941 -0.023835513479938564
182 0.009454693218936487 0.02373106477708971 0.027760554803220157
183 -0.0002788266604086681 0.012835170248415594 0.02578719748331429
184 0.008055841777120355 -0.004710758381548198 -0.0210954309115802
185 -0.009688977127492254 -0.00919116971390397 -0.016238268156549652
186 0.0017472090409894683 0.015409204953827468 0.031852005848392186
187 -0.005795378846621315 -0.010708072594662957 -0.012494025485838146
188 0.007289786376284534 -0.015611697397531793 -0.010741572357816762
189 -0.007303712047668026 -0.00661816678418399 -0.012314135951364533
190 0.003451734086313954 -0.009447100568395032 -0.01394560580105015
191 0.006760835330138992 0.010905280450013606 0.015592383460435066
192 -0.0020608877541375553 0.010533392015859646 0.016877806630394454
193 -0.001065593069882645 -0.014395318967340559 -0.010616775236859742
194 -0.004784507692344793 -0.014865360337753472 -0.007508987085639603
195 -0.0012262954970490153 0.002683802720312496 -0.01597268284123321
196 0.004308031577449321 0.005763726950447251 0.02240434843597977
197 -0.008610674793552403 0.0026261253960048973 0.025397634813539113
198 -0.0009328865183305113 0.013836098595410753 0.0031286816829578373
199 0.006067762746585062 0.016893149604298607 0.0478034508123443
0 0.003572951475510941 -0.013095453709769458 0.014159582611799254
1 0.004601694561612874 -0.0073925591827713535 0.025936742927361006
2 0.0060574463947479645 -0.004971056877479292 0.020730441843567274
3 -0.01285458835042376 -0.01419225581239339 0.007338373015259467
4 -0.005424108448618754 0.015798223247051206 -0.02756599507450433
5 -0.00459915341640714 0.006327184962994711 -0.025390108623065233
6 0.004321101705117146 0.011481128248346212 -0.03662531592285999
7 -0.006390877083711173 0.008092068612843423 0.02112038178479933
8 -0.008452566502337597 -0.007634849962034987 0.014743424878749092
9 0.0024247950319491104 -0.0011012243630534324 0.021753696916321875
10 -0.009433494082267735 0.01708462574550335 -0.03026515917259945
11 0.0009470568413475263 -0.003439056078297892 0.010507682143050548
12 0.0007389148638386423 -0.0030372637364988533 0.01782546672964272
13 0.006431737441458668 0.027994094609311605 -0.024117747765223803
14 -0.0076931210807396275 0.016286052444535543 -0.021534575460861675
15 -0.0020585957932409416 0.019540281219927277 -0.023988229840019297
16 -0.010206525666857369 -0.0007547537230618157 0.010931153145874657
17 -0.004834785089434607 -0.003564451702137053 0.010202550893451127
18 0.0038087205222715123 -0.014236580639565538 0.006660693639765889
19 -0.0072153817778720895 0.0106629064326593 -0.03907962845179329
20 -0.0020281249706679758 -0.01136923905585499 0.023215630840372314
21 0.010448452027112275 0.009252872580489136 -0.023474394438426575
22 0.01679340309682112 0.008691094024614342 -0.02649151217797642
23 -0.01157123693671211 0.003061447910089582 0.006804812798841893
24 0.002406079082487231 -0.010896128382330603 0.03217677408650455
25 -0.0049600933897327795 -0.0013635323859167298 0.01035145348547014
26 -0.0022225080609876643 0.008062549496941903 -0.013385573089018128
27 0.0017495713553753248 -0.005770114112022134 0.024295620060098368
28 0.0031060148528625244 -0.00449357478500801 0.020056575219662753
29 -0.006698762657669111 0.01490686513634247 -0.02458226009526461
30 0.00407257031313113 -0.005538072828727668 0.01104198593237429
31 0.011273075911738872 0.01563053028523481 -0.021769781904993547
32 -0.0008996688740692434 0.01476772080948948 -0.015413362869869732
33 0.0013134308039290496 -0.004010317260492079 0.013641239939928149
34 -0.0048393392584300116 -0.0085905677584815 0.014295241528900951
35 -0.005034111295332815 -0.001640992595413726 0.02099763717623092
36 0.0012648764707991998 -0.01809840293034798 0.014236931466606428
37 -0.005631914728357072 0.010094653001988592 -0.015270657502588686
38 0.006362028707482384 -0.007944727855287721 0.011018254525742042
39 0.00010337301140445412 -0.007562732156922235 0.008920245776532722
40 0.004759577148233846 0.020175328471671597 -0.025819224608391353
41 0.0006167059695573861 -0.008614289348426798 0.008196519836416435
42 -0.002810839236963781 0.011302394141077643 -0.026244731306042254
43 0.008041787582473633 -0.006007777914204475 0.020757601320127966
44 0.005520657903452329 0.02138863927733199 -0.01861915667840988
45 -0.005388013584994529 -0.008593141616975691 0.020868553196293174
46 0.004134532691568372 -0.011992429529589684 0.014077323060735935
47 -0.007185904561943696 -0.028643762576147563 0.011576981683868984
48 0.00218097118265757 0.0024535826767988836 0.02003206790786543
49 0.010562817899669383 0.015115449507766086 -0.03431680233200129
50 0.006657983139212412 -0.009838031554761827 0.023163267755021658
51 -0.0010343792312110939 0.0035710851955777813 0.01744552346514819
52 0.0007050707326270861 -0.004298109715657632 0.016827289349084146
53 -0.014950310291045654 0.000986470712340988 0.021369136551107615
54 -0.0077409326743175105 -0.010371071899422456 0.014577601572485891
55 0.008534856671672128 -0.003338299909463445 0.016602007959561932
56 -0.004178616233665302 0.012663748051191241 -0.020446687574845072
57 0.00040550585428310304 0.020025731047042063 -0.023205954024682354
58 -0.007693580913844386 0.015663192481465284 -0.026933405688122414
59 0.0072540920033666995 0.00020997896142435288 0.024896664800110685
60 -0.0035335659048338266 -0.011267772792386443 0.01656156423617618
61 -0.005103156663480421 0.015820706985822025 -0.02128093571438687
62 -0.002196832556070241 -0.002438971449225162 0.025961054972047135
63 -0.003275132049989561 -0.013252936897671277 0.013821078207118313
64 0.002398874940655115 0.023769675437452894 -0.02817582674382904
65 0.007204468295487529 -0.010594733792322487 0.019253978415171288
66 -8.010404106220418e-05 0.021114191538677336 -0.029399512593678123
67 0.00960913733152409 0.0004833259432968223 0.014892851526516898
68 0.015535850961921206 0.01040615446996453 -0.02442573737044252
69 0.007757454658379831 -0.006979770615421009 0.019165232141443597
70 -0.003227882722960481 -0.005822387553573345 0.013495344372807513
71 -0.001089463791042678 0.011056975530550527 -0.019626455905472275
72 0.0007699522798715538 -0.001666976277879522 -0.022980479337278995
73 0.0038901642903591757 -0.012148648505202128 0.01992298383472363
74 0.007517445049485386 -0.003344491232753821 0.013621603922079242
75 -0.0007615483329323266 -0.004445658669657321 0.024492795954416592
76 0.008548749748170326 -0.005514748975213507 0.01846146807334271
77 -0.01724788477549902 0.010186319984903637 -0.03198365380495857
78 0.0010969183346558747 -0.0033791343859131823 0.01619092218594028
79 0.007682989657185252 0.009418309287816914 -0.021269316909877677
80 -0.002675265379291815 -0.011051334726222523 0.010158078358638932
81 0.009051452359511228 -0.005463965736647043 0.012837528307838554
82 0.011570206234144953 -0.007885794300532323 0.021537380451984424
83 -0.006802682584714059 0.010625009720376138 -0.01710164351024554
84 0.009220520333289295 -0.008241288113760348 0.010355957595439072
85 -0.005371939568403539 -0.016737373391016927 0.01386068393808701
86 -0.010736007319380736 -0.0025138493560028646 0.016895772760185807
87 0.00412150431373165 -0.006177169110004849 0.009428940727477388
88 -0.008230235470518911 -0.0044781753490935675 0.015138017535612412
89 -0.01853438553608905 -0.0017796203178440037 0.006761125461329053
90 -0.0016319619462047859 0.00438846173047033 -0.007370311637204877
91 0.0065245849433129485 0.0017699983564824356 0.012004466812763182
92 0.006509390997904801 -0.009200171552129113 0.017019080500866923
93 -0.006554263588309288 -0.007785271442993499 0.018947132551265053
94 0.0012206945247079503 -0.011805069318571296 0.014527744967206824
95 -0.001562118080136829 -0.01875175033053797 0.016776116365344384
96 0.010985900779320136 -0.007843719174374715 0.019732080144160738
97 0.0005024588841154518 -0.013548911105363867 0.018393423599896937
98 0.007074021942831181 0.01715880808980954 -0.02952602905585796
99 -0.006433472041316807 0.015067562962698552 -0.020042472644934646
100 0.0035909269634530915 0.004021126972391294 -0.025016527486116144
101 0.0008187006054221589 -0.014287870491257723 0.010646047790942054
102 0.002917448370310693 -0.012261412867526009 0.0072866377972938415
103 -0.011371193411422186 -0.011495690977924924 0.017269523979904333
104 0.0034920965608138464 -0.0026904389764724687 0.01932794470495204
105 -0.006222422069724412 0.012880412251737063 -0.028668775870307722
106 0.016022242832661265 0.0007159272276025253 0.02026826982931932
107 -0.010156230520692006 -0.008491867150905885 0.013302723527398183
108 -0.01676810428686836 0.01461709734126027 -0.02106237317542952
109 -0.0071256237248368375 0.006884390534517167 -0.02515333082162962
110 -0.005894074662187748 0.009335625843517638 -0.03470170212529186
111 0.005374522978803739 0.007859691541197367 -0.016791466032735305
112 0.00045807726719628017 -0.004958452937823626 0.013582203800183268
113 -0.0058612841563511 -0.011211026954770123 0.025743979956915963
114 -0.012005664587934749 -0.01070100779196518 0.013904886023027613
115 -0.009720840227556593 0.007894880664257739 0.01627772625399814
116 0.007158312092522413 -0.0032386199070907618 0.015199147208831573
117 0.003608280041847031 0.016202741023020484 -0.02847344681078287
118 -0.008459028387301254 -0.005485457556250441 0.027044450307839203
119 -0.0017838673951919518 0.0019407193729331224 0.021741245194194007
120 0.0010469661749087922 -0.011883695103621278 0.014530009065091297
121 0.012084613222278287 0.0020408717566708506 0.005568110982813908
122 -0.00039263404706903204 -0.00566189178744473 0.013975811247250995
123 -0.005193960960584408 0.013514085735811572 -0.015393356750966251
124 -0.0008729493918305242 0.010319029103263367 -0.04160667850710133
125 -0.00369839395269303 -0.011635193778553876 0.013713536946827674
126 -0.00635648324944961 -0.011736756190966008 0.018506220946017678
127 0.00588297401849304 0.0009426397029963229 0.011950962957665331
128 0.016870378688033774 0.011440446592642449 -0.010788554008095391
129 -0.01253335281484061 -0.006003509802861726 0.019986138121268513
130 -0.0017456999297130252 -0.02023865729982398 0.001559976841902162
131 0.0006275396342638744 0.012324258628960885 -0.029284332165318734
132 0.005729945644994808 0.023968593040577794 -0.025022941108094936
133 0.0011133833171576707 -0.011807430745075717 0.003576874799647911
134 1.7442804842518478e-05 0.011415011571739353 0.03231650953606466
135 -0.008012889956372879 -0.007858789848684544 0.017635562037675384
136 -0.008237622372460781 -0.003859416610484327 0.024454357765701012
137 0.0015985179344515715 -0.003131069795481896 0.015155508146161019
138 0.004050437868348623 -0.00512745122830717 0.013438944506810921
139 -0.004721787780350581 -0.003290278172756317 0.009335382725560892
140 0.0016761369899803077 -0.010259564498343197 0.011380165525985336
141 -0.013344857037988708 0.014018616752875003 -0.029036238474936575
142 0.003790187961729555 -0.008424927503423121 0.01704147434096524
143 0.0038640344328291706 -0.012438705563750027 0.01743278081177809
144 0.0003262880757636706 0.009943350181055636 -0.027801912396141437
145 -0.007335433981008414 0.004457151496140052 -0.02359117211366167
146 0.006173293908107322 -0.012956262812183747 0.018960604421083622
147 -0.0057737313856524395 -0.005625172025901862 0.01840230831608994
148 0.0036926326196776993 0.018710343081471778 -0.026233600253237295
149 -0.004454798125605199 0.0205648387609475 -0.01333131353345237
150 0.001388806745498742 0.007796536104599849 0.012935954574156208
151 -0.0007606740482181407 0.014985681157659383 -0.02438384115231064
152 0.022590069529873122 0.014555196510893455 -0.025159868417936625
153 -0.009403010925862258 -0.010231727254904788 0.013200012545575134
154 0.0007816419332663024 -0.0016069146742685933 0.017811489816427425
155 -0.007884672798741763 0.0021072366902538595 -0.03129321173427593
156 0.007944506485224122 -0.005941079589539114 0.01487791513858778
157 -0.003355335707354329 -0.003101852818601966 0.012938265616295894
158 0.00972216670926325 0.021271723992823934 -0.031233852837949994
159 -0.0026297188746272956 -0.016127537694504545 0.02098881693548227
160 0.003446311467523243 -0.010078902395055794 0.014558542488765872
161 0.0012535925990291158 -0.018853684180149433 0.017027195776338898
162 -0.003561171405364467 -0.005821738730487712 0.017430420717522665
163 0.008873718676183487 -0.002660910084264681 0.017104068455809914
164 0.0022138868099951248 0.015198984791997053 -0.017737702254087412
165 0.004061428540794893 -0.015068649557117831 0.018294895081598712
166 0.0009706022594565267 -0.01209367601120541 0.019784217126683955
167 0.016705972518075582 0.013626685005691707 -0.022237231313538233
168 -0.0007366631493595094 0.024414702392187335 -0.02181498578200554
169 -0.006326016476141998 -0.01525235765737272 0.01380339987923201
170 0.007945610658830532 -0.004802815184896142 0.016707766824237406
171 0.013365102484693171 0.016249898692138425 -0.032097695734665976
172 -0.0009702846414086155 -0.00991301741189781 0.01178839541047885
173 0.01834302052404005 0.024681142598547666 -0.029644815578009756
174 0.013117751822414925 0.005520795968860813 0.02321455460594742
175 -0.0019711729820794024 0.01040516003893962 -0.02456925405658615
176 -0.00155398057419006 -0.0067607506039271265 0.010161220816783296
177 -0.0009387121800293989 -0.017738848533118877 0.005611375080076193
178 0.004622739420502044 -0.002031151654572183 0.01603900534781827
179 0.012931630610583889 0.01571376541652418 -0.015663405633283688
180 -0.013795114382686852 -0.012679886089477552 0.0141346847734512
181 0.0039853428263857855 0.014720893380858286 -0.02962087196906496
182 0.006996013359229704 -0.006473346423165091 0.019477547397086695
183 -0.0030074758051410744 -0.007989049679785011 0.006264912622283743
184 0.007380874839666929 0.01573053656063583 -0.023789680662947427
185 -0.012946322023955459 -0.005726590885539458 0.008427231142912037
186 -0.00016805474342897544 -0.013458401425463905 0.009607894372099725
187 -0.005083018147430979 -0.009717453452534039 0.027168836073805946
188 -0.006950181590829083 -0.010053435793267243 0.014105228493222224
189 -0.004380868795929138 0.010942944160513019 -0.039597862132336806
190 0.0007413637943888551 0.013430083511957333 -0.01769527752889643
191 0.011323000055005084 0.002061692719124042 0.0194749708622629
192 -0.008981418028814983 -0.009659262470663642 0.024911857777401646
193 0.004372554501693979 -0.012210591311185154 0.01353324805369556
194 -0.007090953098133561 -0.0027783299944800083 0.013096637159898242
195 -0.008607973378529008 -0.007432718849815216 0.0007804015356320942
196 0.007710686421215019 -0.009430315834669944 0.016366441022583056
197 -0.0038790009405656675 -0.008466983315492692 0.010822698804082723
198 -0.005788987754776931 -0.00553307297700352 0.014994374418711369
199 0.004374452998668593 -0.007399554062126661 0.017968814102077596
