200 3
0 -0.4469577600516902 0.34382164975163226 0.04088533680251609
1 -0.23824139935982905 0.02200092556315963 -0.29826884117605523
2 -0.464921956553283 -0.3370162838355838 0.2627446094310807
3 -0.4864693842487307 -0.2540655413730836 0.051880776838525204
4 -0.45790331713719884 0.3519179246368749 -0.08867278153228038
5 -0.46662953673992213 0.40426677062476307 -0.22186888293004348
6 -0.4477518589469052 0.2898847725068011 0.13181322823604308
7 -0.4529856078215055 -0.43540362737330374 0.137768745127929
8 -0.4922535504939725 -0.4414693642694288 0.204241544380342
9 -0.5014661370145005 -0.19068994215437282 0.12860529723759878
10 -0.5258836124704096 0.3982477942822254 -0.08066051058676144
11 -0.28130365438753585 -0.029920772109758607 -0.6685422414506853
12 -0.4368329357749006 -0.3441191478282334 -0.01187333104878009
13 -0.4645821698308404 0.2648813445822092 0.0062014452676776854
14 -0.4304983853545152 0.3491174256356378 -0.008680960818974232
15 -0.41822780863901243 0.39535848913574023 0.05808394391636905
16 -0.3801027112877354 0.4195307331651506 -0.09789598236273649
17 -0.44537271611533963 -0.40680114876380913 0.0014829907764234097
18 -0.4368221989016998 -0.3346063091343086 0.18326021037245693
19 -0.433880110984431 0.34483821062801945 -0.23904051522194877
20 -0.4511889883815177 -0.31289062377302207 0.11399738994307268
21 -0.4212607304583793 0.40462405540146407 0.10026100614828189
22 -0.4296397304425457 0.31322560038175606 -0.09614273345134573
23 -0.5043545884450683 0.41309330560146695 -0.13753678499913252
24 -0.42626386944055816 -0.2026026522973951 -0.0063696948984308275
25 -0.3638334691348451 -0.2508230981368581 0.04290477477854976
26 -0.4394735629959668 0.36997626271343015 -0.055201178143681244
27 -0.4356000459985222 -0.36038402941573294 0.08849014135563305
28 -0.4420304683800702 -0.3362285159209548 0.2235258714544136
29 -0.4058065635938167 0.3480293853482038 -0.029297559695243256
30 -0.4868420455534529 -0.4189287987803474 0.10140548606050004
31 -0.41772963947822084 0.2675337947027141 -0.15732815857288313
32 -0.3707593708954174 0.3386242902029261 -0.008265855797906951
33 -0.3000319840760215 0.03347624019198069 -0.4488089276472194
34 -0.22957563723719976 -0.14538876993772967 -0.39219839134508944
35 -0.37847410205390086 -0.34016277176140725 0.09635514334233433
36 -0.39973897828240895 0.3393376555662794 -0.09571625714206648
37 -0.5088659936057398 0.3170398253755657 -0.002658200877554021
38 -0.42515900217354846 -0.3451451173055568 0.2160719674612683
39 -0.5136825423079466 -0.30381012672041235 0.21314027970629423
40 -0.40657409446462345 0.37525769170716344 -0.07593505295042727
41 -0.3721194584603024 -0.20660942311106695 0.11501277695813852
42 -0.3748537991858828 0.3588315366713653 -0.06213475635323586
43 -0.2871027440169706 -0.13727152105736923 -0.18998635066732134
44 -0.35563905236276966 0.3497409128017969 -0.05311212567939316
45 -0.4535311245389997 -0.3048511067108673 0.2486478546875745
46 -0.37050331819516696 0.30651386582202717 0.020130933988014868
47 -0.40614387632633653 -0.22285369803438881 0.13668450023265946
48 -0.3827831716134798 -0.38621045882132266 0.015362795679049981
49 -0.4145916003081578 0.44371272917021287 -0.0053972534141965445
50 -0.24015627256362065 -0.11763277662969103 -0.5028732848490777
51 -0.3962468791025165 -0.19624973639616877 -0.019064716930004087
52 -0.24672878861290054 -0.04177888138488796 -0.5136360954021301
53 -0.38558268354708775 -0.3093163306355055 0.1282048191647909
54 -0.4338450643855941 -0.356743256370925 0.09386947243660253
55 -0.2510741404836802 -0.08790579202364442 -0.4919374472650166
56 -0.3989617974009602 0.3382295186522123 -0.051215475691620105
57 -0.4367828397863755 0.4044320971070495 -0.04399894984715893
58 -0.44692723870967954 0.32343879094874306 -0.11044591676089428
59 -0.459144170695582 0.38811988918042994 -0.10304086226323537
60 -0.4630414296954637 0.33360356091695664 0.05204505795148129
61 -0.42198551740556495 0.1986995839701567 -0.0535435645972769
62 -0.3886002201757143 -0.32409579094026814 0.18077617870378707
63 -0.38792512018998593 0.3558097906814421 -0.19874685757110075
64 -0.4750836060978681 0.36923635194531357 -0.13579326480514944
65 -0.45305345759472715 -0.28406366541626377 0.21087568113447738
66 -0.4726203151292659 0.3689494986490156 -0.24414190738454042
67 -0.41190414662421787 -0.3097376619032414 -0.01874296792639967
68 -0.415684296216911 0.37772730531721654 -0.019945836112430747
69 -0.23585649600997588 -0.034893776796558584 -0.4209450362693181
70 -0.44523864851496864 -0.3203437000408126 0.1943242755815793
71 -0.4856666230902535 0.3897807056824029 -0.12909921162904583
72 -0.4040706341863567 0.20643739950703296 -0.1111199113230243
73 -0.441905696589193 -0.43641547243300866 0.22597799088710108
74 -0.402830204574176 -0.26112062475549663 0.015568786756064483
75 -0.4236535656250269 -0.24423506169762907 0.1510159417189574
76 -0.3968657551391392 -0.28240289403798263 0.23256058591040968
77 -0.49051714855323786 0.4641416111373364 0.1498853190258073
78 -0.4613106357070999 0.3965490319147413 0.043998966128129154
79 -0.4735269291139014 0.4437350162902958 -0.06401608501710787
80 -0.3806151392337658 -0.30482916484575745 0.1598784854805343
81 -0.4559336346584493 -0.3781272608075864 0.2553131159650273
82 -0.3723190588596555 0.38767770942224605 -0.07865237719637723
83 -0.40846336153369317 0.22489640708757058 -0.07030952353185223
84 -0.4237094340191098 0.33361157532627983 -0.08977188527969535
85 -0.4386986802819137 0.48487340190947437 -0.018996488187301017
86 -0.4840033372360349 -0.3913419455912432 0.13490372739977732
87 -0.4832273706324513 -0.371612124111566 0.007625850623236352
88 -0.44394678023875506 -0.2967603280003223 0.254893802082053
89 -0.46523219595977566 -0.32233918631728753 0.1327903063440569
90 -0.3779729060414243 0.32880339942122966 -0.030072012091515464
91 -0.4218824383205334 -0.3743473029260724 0.10976917409024088
92 -0.49079303959058335 -0.38209414293093835 0.19429756137080503
93 -0.4577430666335832 -0.3222311127221358 0.1578994164668321
94 -0.43763503849511853 -0.23825915431796466 0.17883053656970546
95 -0.41689508448297896 -0.2626645497603705 0.11803003397448737
96 -0.4263386558421122 -0.41480942668661447 0.1882452399877398
97 -0.4178344571764109 -0.28248361269919964 0.1726327079242342
98 -0.4261265048176508 0.42901979186909667 0.011800166004504481
99 -0.4539582914896018 0.38216296911539904 -0.17705621556978926
100 -0.488697151663395 0.43299244731132913 0.027185507400764333
101 -0.4532404242300154 -0.17640290959465033 0.22467136419448913
102 -0.4502978429031424 0.3391479388587687 -0.003822051876689736
103 -0.4210235076729776 -0.28533984862549183 0.28414044456189974
104 -0.24587595846072868 -0.0758491507523428 -0.35191897969129055
105 -0.41943993820186987 0.454169361714648 0.008340073651988827
106 -0.4339107877209369 -0.3596737586536996 -0.1038241927616538
107 -0.42490803572149416 -0.2830892698815177 0.16142137074487506
108 -0.501201185922507 0.5376618484825657 -0.024995084796000232
109 -0.4550467660879876 0.3060850490411376 0.008462979884725226
110 -0.5217741575283175 0.46819685637067676 -0.08647208639557616
111 -0.44766236820427247 0.34404062232679716 -0.009693002490378981
112 -0.2923034908048844 -0.029919547362342626 -0.5579330567611865
113 -0.3750623321164134 -0.2722394951629854 -0.03714720336331205
114 -0.4137677450509191 -0.436870424014071 0.12324547786786563
115 -0.40143291826607946 -0.265818769702621 0.23561467995551813
116 -0.43087525298012685 -0.3717214095351945 0.11657255624959041
117 -0.5204453618224002 0.3644213127419557 0.09961881357612548
118 -0.5137149170735112 -0.31737658187276596 0.02195734486928045
119 -0.4171815957915462 -0.3721814405122157 0.12593798634583014
120 -0.42638648597112955 -0.32298049073863255 0.16280537269358095
121 -0.4775851716056732 -0.3600551499913051 0.1753009407446983
122 -0.486239872969045 0.42051662700813985 -0.20811836080274032
123 -0.3797115659514488 0.32207269975107833 0.02440760138517611
124 -0.4411053626713362 0.45506386503431 0.0006642475403455684
125 -0.4244614886228352 -0.3423074390671058 0.11536853793940305
126 -0.4303418024476994 -0.36233787465245243 0.16048034585379034
127 -0.4492746535455541 -0.35188471620065653 0.09425361750591486
128 -0.45640004893893127 0.4042059161077541 0.11658736024733499
129 -0.43454623013275445 -0.3475428517426857 0.08265437989437589
130 -0.3982920842176823 -0.22284062573229113 0.179810335452193
131 -0.45272081736412756 0.4782199992522363 -0.18494025180748486
132 -0.48308786089143585 0.2899290793867611 -0.0012617614222746312
133 -0.47978073778198305 0.4589457197420669 0.03417589510029555
134 -0.33266649006685384 -0.15688715669573333 -0.5509842803365123
135 -0.445172358840691 0.3622999726325726 -0.15748930213435783
136 -0.3985587815658194 -0.3391016952475859 0.23945749657107257
137 -0.4926092192855421 -0.25180882121752235 -0.09393126400283132
138 -0.4146388142043298 0.4424147749189103 -0.03939366868166484
139 -0.19810301436293834 -0.09555028689957785 -0.2747336671647813
140 -0.2323855791160891 -0.12772410749742413 -0.36424893858689766
141 -0.4140222387993386 0.37762462143546216 -0.005907729415413328
142 -0.4190664747947648 -0.34181214029924334 0.17204610314613134
143 -0.4515819389049131 0.4550462105829029 0.060414789303366176
144 -0.4543882482731972 0.341144630719071 -0.010971984794989493
145 -0.40916053968537885 0.41151073896812684 -0.09321642067712137
146 -0.4018380747289973 -0.3421334844565452 0.2643350202160048
147 -0.4443495484368633 -0.3453998630175823 0.07553034178281694
148 -0.4022841529952345 0.35006808283086893 -0.08339558912648826
149 -0.3938116118561752 0.343355136150597 0.05246258310589465
150 -0.25363985561529506 -0.06665970672190329 -0.41398486858691036
151 -0.40155490722524645 0.3273686866338104 -0.1739227995785795
152 -0.40216307508483207 0.40715437878148025 -0.04251966786879282
153 -0.45914295361824986 -0.3960073391587462 -0.0794937703636511
154 -0.24818705354197398 -0.027846282242016164 -0.5262524790726044
155 -0.4271077380362341 0.3473571974255267 -0.1445429266516316
156 -0.37103501133183636 -0.22903528183242225 0.21107030196586107
157 -0.423574541986598 -0.30291489434295327 0.3340472593976976
158 -0.417148427840896 0.447837674469512 -0.02760247575876616
159 -0.4097425631042179 -0.34851483250807563 0.13271706093924107
160 -0.4018494945326214 0.3237780979793029 -0.05238496926629798
161 -0.5141422237750577 -0.41866059961352886 0.04488191642940437
162 -0.4210194472206099 -0.18271915152709997 0.056064533882961086
163 -0.43913583372256065 -0.33642641956418395 0.08893149110722574
164 -0.38397352669562657 0.2632601567424228 -0.06652798722767388
165 -0.47516819845095737 -0.2600645965908174 0.15505510099729228
166 -0.4387845364313228 0.3007290790519951 -0.09959460868399403
167 -0.4609047650814946 0.2979810044786701 -0.031516329971371694
168 -0.3932949640958328 0.37375782963395804 -0.27921029813805487
169 -0.459048771748237 -0.32026741316178603 0.1927080313684643
170 -0.3616302449765279 -0.2224135997078261 0.24028813068516744
171 -0.4114603318232718 0.3621730750149384 -0.024654373023082946
172 -0.4332573640065827 -0.2548589552472584 0.15710742722984816
173 -0.4388243924343796 0.3703777057566452 -0.1296920080103279
174 -0.4791744370841165 -0.2442185124678035 0.118809465547036
175 -0.39877538451130273 0.24772624623565298 -0.20971403952505538
176 -0.40498458618626104 -0.1530238855514831 0.24981651313292497
177 -0.4031584937288926 0.33840802596194447 -0.06998676301790274
178 -0.22330005036162365 -0.020418973928748804 -0.2795597664771027
179 -0.443196638221033 0.37512543948730315 -0.04453936500267145
180 -0.4503589546940123 0.3463328976501433 -0.15968699374646755
181 -0.39038915787869427 0.36741279844149644 -0.03559760507527815
182 -0.29377028281293516 0.03169442218542057 -0.4487516568328008
183 -0.44370551316623413 -0.2639691347460168 0.10368082432572309
184 -0.42288593839454586 0.3436917123898907 0.1149067735546957
185 -0.393121582186392 -0.33203310080432163 0.2756674835005729
186 -0.4752925185046852 -0.31124412460862927 0.10235377993617562
187 -0.45517249506375285 -0.31391662053977926 -0.01724413438444138
188 -0.35838359288619015 -0.37833059926991636 0.13384467682345239
189 -0.4270992139271359 0.39642585748868997 0.08790423810993539
190 -0.38148174694873693 0.30754359779171725 -0.28945632863949045
191 -0.4472157661588026 -0.2410524843801444 0.24457221975775054
192 -0.300166266897718 -0.0731233983517251 -0.4096490363797037
193 -0.4534831981970942 -0.266203797576987 0.14332106559898183
194 -0.394252353779021 0.34194423360360526 -0.4351791466270218
195 -0.45985881717738575 0.330865473749357 -0.15132540253546056
196 -0.4047016013362357 -0.3922002682597925 0.1795822981915342
197 -0.4199319549996889 -0.41306128248150603 0.09761534191909119
198 -0.44592541804279573 -0.36729164985356433 0.233329789152726
199 -0.4272994388327741 -0.27565097058623367 0.06697292146426696
0 -0.6191311330922938 0.18302607912853205 0.029600632539193785
1 -0.28901820724968386 -0.021307295928148732 -0.3964912821284694
2 -0.5374289455069413 -0.0658878693036275 0.05731052466817159
3 -0.5774654600068214 0.049780985641533076 0.1865179152384996
4 -0.5971540839361662 0.10073727075063398 0.17570597657133696
5 -0.6139677297406675 -0.075904173032043 0.08969295551342699
6 -0.5657549317083792 0.050579759616668045 0.09677194486864528
7 -0.6222630587943146 0.16104130775643705 -0.06822256506215671
8 -0.6645513219844128 -0.05229162461546903 0.3718276995880417
9 -0.5464836106772699 0.011539068504486327 0.23630756853739088
10 -0.5941413977285269 -0.034977242307399355 0.060284646389438694
11 -0.27064420051920535 -0.12644676676061992 -0.45461529232326414
12 -0.5689251695836913 -0.020302361068003812 0.06172987398380115
13 -0.6281287310863616 -0.04101366577164722 -0.01126470097739698
14 -0.5599478119906297 -0.16517623795503264 0.21768917225682047
15 -0.6466983834122039 0.005752824881712642 0.21570221562428146
16 -0.6335586922863233 0.1407131742259756 0.2666912403114036
17 -0.6415037898163188 0.06532885919939933 0.13306509975411115
18 -0.5862542538230523 0.13324940172617403 0.0077611316679333285
19 -0.535506861301647 -0.005566431369318477 0.1597616986950736
20 -0.6201609852032676 0.035331018357195924 -0.020868181031394636
21 -0.5885900037855097 -0.04661997032883381 0.14866854648651823
22 -0.5797651966087263 0.020221721472961352 0.06864012177654955
23 -0.6318859129081327 -0.044607379093520735 0.24064653146723938
24 -0.6581837539448018 0.0694368530557762 0.16846523083348566
25 -0.6224933837481061 0.013997995465599497 0.021835577102304004
26 -0.5806901172382998 0.09063537730847589 0.10312030207974457
27 -0.5692398454780956 0.07973610130277316 0.1718613737465009
28 -0.5866536603508803 0.07778154054042288 0.22027773094224226
29 -0.6229929911367555 0.10584829698355094 0.307561082941306
30 -0.6666235420914544 0.07824201556619992 0.29631050407819726
31 -0.5775870330029693 0.039942535644290976 0.050186946054041864
32 -0.6509083454325683 0.09052311467366524 0.24797924999991947
33 -0.2848728376770048 -0.08391620556472247 -0.4207106792835999
34 -0.2527577161533051 -0.017059917668418446 -0.5561518731418428
35 -0.6180471479602507 0.06183968671815022 0.32109483585084875
36 -0.6641860508961089 0.03715984066646052 0.011053724576099103
37 -0.5382690245386172 0.0418546085802494 0.07009150018547489
38 -0.5260902566628853 0.0910499928855445 0.011627357434054514
39 -0.631066945180368 0.12364130315343273 0.16518610573382583
40 -0.675746085142096 -0.10119143819849366 0.14618028532716146
41 -0.6280571296607783 0.045293839627109755 0.02443980680490799
42 -0.5678029812662286 0.08260799724018186 0.012794009736300672
43 -0.25429246538445094 -0.10393374270723518 -0.38296418109824926
44 -0.5683583729761894 -0.06476086153800811 0.08145898886302642
45 -0.6449627644113103 -0.025003687011673235 0.1988258241471627
46 -0.5879499157016389 0.040907097928403406 0.189316127452045
47 -0.636853451456437 -0.028880710788554326 0.028117327855106816
48 -0.6411321065253497 0.14914589713662962 0.21354046802374652
49 -0.6478404202844724 0.02153950236156115 0.06085702312648442
50 -0.2283407304510243 -0.09173353186524832 -0.5619327563330807
51 -0.6211198981142367 0.09278689692079349 0.12937776379618246
52 -0.23148482488018798 -0.06013847398572912 -0.2900905848067858
53 -0.5774522768700464 0.06119490259947575 0.20362265867185372
54 -0.5853637807430148 -0.09365764417623161 0.1831275691176614
55 -0.2896359937507315 -0.04669481641910359 -0.33735887464056813
56 -0.6355868967892528 0.011432428609647789 0.1675260434676818
57 -0.7044142771966536 -0.03042828783158893 0.21712442275812818
58 -0.6356719948205883 -0.11547769548272022 0.1756215745317962
59 -0.5886943936634442 -0.036653405574696936 0.1672264889053904
60 -0.6510732068486254 0.032401416096521175 0.13002586312164044
61 -0.5234295430802697 0.024398397213960806 -0.05715713215102797
62 -0.5929466608753101 0.0140615010237519 0.2618229713278676
63 -0.6259722746089665 0.12049432681499266 -0.11734087157740566
64 -0.5607466604451498 0.13453473605809269 0.09556582438338959
65 -0.6081441502043066 -0.02939885618124284 -0.030876670526021555
66 -0.6256866249355706 0.037113438039658546 0.2066091453029639
67 -0.6181259890703181 0.048562398024681715 0.27494773094040925
68 -0.6583213113991083 0.06650635132480157 0.16310545226460843
69 -0.29959762340162904 0.031227349275706695 -0.3830696766779079
70 -0.5849152358717431 0.07390527542958027 0.10087748080836169
71 -0.6656224273906489 0.0034326869539603824 0.14021113229135235
72 -0.6650471787027723 0.0930176278751823 -0.10921000461467825
73 -0.6011612089330041 0.1514726109317724 -0.028142194029291693
74 -0.56484942798173 0.11759839267573997 0.02132538653990702
75 -0.6310656750818462 -0.11142493706558503 0.15813024998312655
76 -0.6335163609942461 -0.08813436505481265 0.17386241905050082
77 -0.5934805138010569 0.013499719527311708 0.07336434527753477
78 -0.5835939424585298 0.14357450962619742 0.19361843932248396
79 -0.6041003543332972 0.034861654508214796 0.23455544918581006
80 -0.6144530271636093 0.08435015182190052 0.17541785825048578
81 -0.6211617207178837 -0.005063888038943664 -0.04850979645548457
82 -0.6963145802430948 0.07207626407961805 0.13043362170165188
83 -0.5425376164612028 -0.04579449095515079 0.07832751320021145
84 -0.6614500981643842 0.0016647258524362335 0.20367319740246556
85 -0.6849432177669209 0.016015309900806556 0.1703281825695166
86 -0.6684212101215457 0.13784573641462675 0.12383089656709563
87 -0.6131432864158194 0.01916394683993304 0.10646704840177065
88 -0.6481225739729359 -0.0009323634707266488 0.07890092159591648
89 -0.6106206538015018 -0.0663669000203223 0.13797452326982923
90 -0.6522031192543397 -0.02766086977375969 0.1398038890213072
91 -0.6109853357931305 0.08152494001984868 0.1339691619269628
92 -0.6468744734218657 0.022031871362712122 0.0326689393208037
93 -0.6234476344114998 0.11301915267239884 0.16703942478653494
94 -0.6080305847264895 0.021137321065945694 0.1856520814276755
95 -0.6835949349711197 0.10533976882129918 0.06539727366157838
96 -0.6234499608593361 0.011343866133398724 0.22916517465872663
97 -0.4661811517825718 -0.03992373792866149 0.1382759556552684
98 -0.5973442374030675 0.03712191521245331 0.08772071686232989
99 -0.6327964661194541 -0.03626697967200525 0.1799105663815644
100 -0.5624370540088585 0.04960191403896945 -0.054418153218149634
101 -0.5809008199506224 0.021675902993890446 0.08904180761176897
102 -0.6018157079096317 0.0731055268590657 0.2622741220012511
103 -0.5707246546931993 0.007651537239329103 0.029550806468861743
104 -0.26445334501728723 -0.07080575848877282 -0.35557949389045745
105 -0.6166170042323914 0.011406479746409933 0.13347898767561353
106 -0.6593212709287426 0.06568426815804727 0.08181442410041408
107 -0.650540320984609 0.05164834712811787 0.09023787949267763
108 -0.6243405872358754 -0.008666048516364542 0.09099587266703425
109 -0.6427338029086529 0.11353038433928639 0.21313663532486482
110 -0.655889903851441 0.042225396322071444 0.3275032449280569
111 -0.5319974410450278 0.02279706269972073 0.19304130530782806
112 -0.27317488576561605 -0.15762588416625165 -0.37769819243820674
113 -0.6718790508539295 0.1179148278918969 0.1498089765670573
114 -0.6558615015180969 -0.006723571824333683 0.155701582804057
115 -0.6266162643913047 0.15799251010519294 0.19969877337939604
116 -0.5792172204567044 0.03695317288762824 0.08030669013638407
117 -0.5951543137631771 0.0671876532802281 0.22022260869733362
118 -0.6329347904713561 0.03646571353164409 0.22932538163189253
119 -0.6242392023517319 -0.013765978717278705 -0.04902775727198757
120 -0.6552758236993886 0.02470753197694819 0.3192076335201921
121 -0.663885647317291 0.11146177598515089 0.19612626685914572
122 -0.6388727427795389 0.2417818500601793 0.11098726574179496
123 -0.5790560353140771 -0.09233693038373471 0.058179461262481774
124 -0.6664800313830868 0.08672842680019244 0.11534581566838337
125 -0.6050412303770032 0.0328140310376645 0.12549676694765383
126 -0.6991320134662711 0.09851015984000584 0.06291825493689429
127 -0.5957953357704439 0.06498394093447213 -0.027282642465424303
128 -0.542659596039267 0.04800101530392234 0.18468683959516102
129 -0.6864415225112906 -0.007807483287071966 0.06924411924376528
130 -0.5790963374420588 0.04775299866744906 -0.10559286029293515
131 -0.5759858446278441 0.12030352544815082 0.18918607146762162
132 -0.6002565887342675 -0.03940049537542558 0.20845235053622432
133 -0.5689642106181318 -0.013363965009618993 -0.05386191659938738
134 -0.3097721151422911 0.014328822069191439 -0.2852747419244473
135 -0.6687819464667948 -0.08509760426966324 0.2797554163970404
136 -0.5759928528183466 7.88192152386828e-05 0.13762879344333645
137 -0.599437986129178 0.06273937100726112 0.2766268015493373
138 -0.6120817358168809 0.11104675631111496 0.06522652075832158
139 -0.2809338759058723 -0.046036604674671015 -0.29683773424377796
140 -0.27608580424026813 -0.10874566528468425 -0.2621587073182167
141 -0.619860464241852 0.07858946560011733 0.17210696636087602
142 -0.6487475963019398 -0.1063611557754536 0.1705033314543222
143 -0.6104292731386668 0.02104253817960377 0.2719405370472698
144 -0.6739900195298683 0.10692326656366873 0.14312530481143534
145 -0.6130990911809844 0.14375117877950286 0.07222026176180626
146 -0.6063325443810416 0.042643953982173424 0.09416418217424316
147 -0.5386880580873568 0.11624077711145872 -0.15724345938515552
148 -0.6222992245273046 0.043641918919125715 0.14421645497597083
149 -0.6197122849960073 -0.013756085724236993 0.22365085324211417
150 -0.2705353070613354 -0.085648662199526 -0.5502305695601593
151 -0.618354372020744 -0.1003588863361245 0.12468146058837809
152 -0.6310022353940669 -0.0401888941135381 0.06089837416926203
153 -0.5854941197158025 0.17143356889156608 0.20168220225600358
154 -0.3256916200186064 0.03164304197525273 -0.4277874811539354
155 -0.6861461375791571 0.05717330309557972 0.027263860909125057
156 -0.5650410766682354 0.010162408565488843 0.04080610189816316
157 -0.5904558452727653 0.053640473926939894 0.1973033816101266
158 -0.6189417061411978 0.10636334218758667 0.23849393448792391
159 -0.6078470944764008 -0.01942504020095964 -0.08457420541299764
160 -0.6721553182498805 0.10144498497552865 0.006481561268524518
161 -0.5455678492457021 0.0031926681222264855 0.1746751825982634
162 -0.6320997385243582 0.08450314374345107 0.031585776690922183
163 -0.6907610488497032 0.1317936540589085 0.06767245513668063
164 -0.5876923587570826 -0.03249435675777291 -0.04666010500237138
165 -0.6294727346749823 0.04328431847239893 0.15491572404120216
166 -0.6353270939323835 0.04978507871815868 0.11695940329818745
167 -0.6204978804303697 0.027975722478786658 0.1449634999962529
168 -0.6451008960565627 0.014770805295009673 0.07379031244099052
169 -0.5752375918196075 0.12360645910650174 0.11872782196220494
170 -0.6819006680778192 0.11476755381837543 0.09966489890348304
171 -0.6752643656192843 -0.04175110805876572 0.15675590431919473
172 -0.5335455005011824 0.0689745054462478 0.13349994301092902
173 -0.6056954652542054 0.03321659138039932 0.36368030761564574
174 -0.6395356948228361 0.019342341376927363 0.19971393227899462
175 -0.5610751556295491 0.06143016146079172 0.26991089791879336
176 -0.6376362749845154 -0.10279122541139528 0.2214119091133881
177 -0.6027640431521941 0.10804731625155227 0.029014204934799677
178 -0.2738494994920111 -0.10725388830529407 -0.5523536708290128
179 -0.5580586142500679 0.04557085146049682 0.1214791339291736
180 -0.6819457660315448 0.046048683343286836 0.18065653088273173
181 -0.6193431044941838 -0.008376739015993765 0.21093399289007733
182 -0.2574053628280847 0.028986917462581276 -0.4395084951992641
183 -0.7134419105282032 0.0842150899426865 0.13034904948856602
184 -0.6219913425555841 -0.009565234874915356 0.3070962305893461
185 -0.5611714298369145 -0.0015459177909709593 0.02933279900383892
186 -0.5602162549861689 -0.018454997482835925 0.25742178509560754
187 -0.6497360417626359 0.16677146039663931 0.07791732449553698
188 -0.6184265765644836 0.14097288334251223 0.05356478441217856
189 -0.5983632723614201 -0.00016780914860000922 0.0077186545455651175
190 -0.5671195152649499 -0.03944110766842605 0.009712575268708083
191 -0.6339984625528798 0.057992070086833 0.07897910256346664
192 -0.22837185798732093 -0.03531239917854278 -0.4433495845753671
193 -0.5184239356755241 -0.08668674399980483 0.14547176912777282
194 -0.6389429326269657 -0.047531844324815685 0.16218231953441326
195 -0.595512260806212 0.02896673660979312 -0.023008562110173044
196 -0.6151696446575076 0.1464147577018041 0.03377377229740908
197 -0.621548374361256 0.008277798169170871 -0.0370205729437614
198 -0.5777685436176894 0.07099231050504166 0.19382197524782221
199 -0.5741416408452883 0.10584501288276174 0.10058758958838566
0 -0.4077557318548104 0.2556581868197986 -0.11469211326263364
1 -0.42646851359946075 -0.4089495930344818 -0.4112743152911919
2 -0.4917166521471516 -0.242780579700542 -0.18022340757367175
3 -0.45249282882654773 -0.38814844814340477 -0.06480663704973118
4 -0.3769989677346068 0.32999272017310743 0.041692119153181266
5 -0.45113784236390886 0.2526955146003297 -0.08329033360175084
6 -0.395833130008545 0.3239815842989472 0.032875362458976085
7 -0.5504174318636468 -0.4912162362258646 -0.14369287727214056
8 -0.4738323523385097 -0.4980598459127068 -0.15796172081682675
9 -0.4707924670917205 -0.32884146787266333 -0.3392660506144279
10 -0.4145744874668586 0.31508132098368874 -0.16412060438289577
11 -0.4929268944340766 -0.367129747333721 -0.13190349300879775
12 -0.4288359773224312 -0.3752144569696222 -0.21317583279133356
13 -0.42048291554925293 0.3787271495507946 -0.25370000312688334
14 -0.4245694983285294 0.2984325175166616 -0.17484965484060047
15 -0.4161730521547865 0.2737068256126747 -0.06855902290858862
16 -0.3931883197185311 0.325606751424279 -0.014913736397127411
17 -0.4423367237119659 -0.289077088719222 -0.3748616039887292
18 -0.46203105997329497 -0.3949200070024338 -0.17899936275778178
19 -0.3530542459230038 0.22412752669195818 -0.15589061252654465
20 -0.47134198892700874 -0.32380013896919196 -0.19841856557507884
21 -0.43633598514029087 0.24875529459118056 -0.1332491607929689
22 -0.3754033014067332 0.40072455059518886 -0.18627693425513625
23 -0.45797846126108344 0.36546804952492734 -0.0991663609144649
24 -0.42003373847319914 -0.37478194653235863 -0.19126893622497362
25 -0.4884695198704149 -0.2791497759808382 -0.1050351472194372
26 -0.45574102014298273 0.41702821984048405 -0.2733435655217976
27 -0.41010891436325253 -0.3739719245067459 -0.021607397412894684
28 -0.4819245050845567 -0.33294743030602447 -0.23281703082767852
29 -0.38752206392586414 0.352105611741121 -0.07927537643408418
30 -0.46512231202654014 -0.3821912361666297 -0.2319572627548673
31 -0.38788981400126765 0.37020812206918235 -0.24691984188914895
32 -0.4298828428133083 0.44419925517309206 -0.007426763597784458
33 -0.4672686574166529 -0.30548707378209805 -0.16925515725279555
34 -0.48468701147432997 -0.28417792277014964 -0.06334900149616793
35 -0.4293787454673103 -0.36312521092319877 -0.3576605976782011
36 -0.4076892111966777 0.2983815356590744 -0.08789927078798584
37 -0.3717343515548339 0.3307946871735167 0.033754036024848284
38 -0.4473219248753663 -0.35915108245328087 -0.1356702242076842
39 -0.47509187816655957 -0.41475537334117446 -0.05753652452018035
40 -0.46763251140410916 0.3345679837281342 0.05423380800553475
41 -0.4171946862083823 -0.3660787407647236 -0.1594202221357828
42 -0.4322976971023544 0.34271980267996766 -0.18899360030006765
43 -0.4599761412577436 -0.3598274665920342 -0.21295504913481436
44 -0.48608245034191855 0.2591110277065922 0.12667970512126292
45 -0.47485106244790687 -0.4234261137486781 -0.1855859201702069
46 -0.4013962054871476 0.2563241890137617 -0.08002982849080155
47 -0.407592125792357 -0.27845874803839393 -0.30277102951482265
48 -0.4505502450642982 -0.38769408315968734 -0.0007616965705174042
49 -0.37796230520511903 0.378425551448921 -0.11145887357697049
50 -0.3839989182111946 -0.323385395972619 -0.3264989565414986
51 -0.42390583687741107 -0.3448478559525931 0.012457926611103056
52 -0.41494068241595333 -0.24198668657200062 -0.1854395062809768
53 -0.43232783096177124 -0.27115943454399793 -0.38304551484084387
54 -0.44081454746434884 -0.2987944189345854 -0.2473528658623762
55 -0.5488469931158323 -0.40969134434307647 -0.16854767394067668
56 -0.40688462872824 0.3543632542421396 -0.029116373535106915
57 -0.32293726089699926 0.2069375215337054 -0.05311693062671807
58 -0.43649527223742246 0.45655541347124345 -0.08594115264463317
59 -0.3707434682892858 0.33981851096796417 -0.0009610537447807592
60 -0.4493435807989793 0.23883554873818558 -0.11381867363785013
61 -0.4262840360225562 0.39548014013495103 -0.01834036590529895
62 -0.4240181893362806 -0.3942882120455685 -0.07740322520874926
63 -0.3604033516560305 0.3499927775028315 0.03755951187673267
64 -0.46815246735455973 0.3931877682227872 0.10044351586591006
65 -0.3783161469773274 -0.35598988753522615 -0.07986012970373745
66 -0.38883494909714605 0.3932938559521572 -0.13059023158356653
67 -0.43974484451866525 -0.4926471908935398 -0.0589231203253419
68 -0.3874058048062581 0.3515194021058111 -0.23240755426063717
69 -0.4439514912032567 -0.43454129925531276 -0.37332417636277876
70 -0.4828308951587541 -0.4334639378193864 -0.22389305786716396
71 -0.40094912412741746 0.32212027262520077 -0.34445159650035645
72 -0.39876854360953407 0.3536911460814567 -0.07216657284142793
73 -0.4954930235217317 -0.38956238863899323 -0.30388502953613106
74 -0.4577617764632761 -0.365447263676559 -0.23470528311774916
75 -0.49727244633559775 -0.3181772959067471 -0.4549401068810476
76 -0.4821349443049195 -0.338847914756 -0.3897920690145764
77 -0.4063857025573412 0.3946278333977058 -0.2304841249190491
78 -0.39194790783558603 0.24880934615664158 -0.2594379305246671
79 -0.5041746577889098 0.27558319275351445 -0.16106436397168938
80 -0.3805132360642872 -0.3441258911369397 0.005060521831146224
81 -0.4139515957860087 -0.3868225846298558 -0.10141257230939356
82 -0.41636517161322867 0.2605781047260357 -0.11708624937218416
83 -0.5075764475695673 0.37553114428830614 -0.3408642976754964
84 -0.4110841034438278 0.36601826239606533 -0.15766457190054342
85 -0.40092092876985463 0.31308404922390753 -0.16395870892511952
86 -0.42535882639755723 -0.4695410735256953 -0.11369045705088147
87 -0.5203166277590557 -0.35757265400379945 -0.2183463519552743
88 -0.39334862327282466 -0.31206778322479817 -0.36426875775773515
89 -0.45652938824109973 -0.3532749606452834 -0.10461082860994489
90 -0.38907807344392503 0.41541558579189647 0.0037518954902329735
91 -0.508428609271714 -0.4353205586118231 -0.36268103332727825
92 -0.5166736370466953 -0.3792102780473751 -0.23349350772903008
93 -0.5023402410611821 -0.3515868360016121 -0.26044766343532005
94 -0.4644582037702198 -0.35196056193278497 0.01877977593439207
95 -0.51989121992745 -0.4009497836792957 -0.16996446713506314
96 -0.43846574712605396 -0.46007489482646186 -0.08884259062001436
97 -0.43625011978206046 -0.41151433322359754 0.035855879281328114
98 -0.44984802275085245 0.3623604046318929 -0.07844712978893689
99 -0.36258141512052816 0.38952936409805294 -0.08800255929706322
100 -0.34834031803712695 0.2513974663244016 -0.13299247802287978
101 -0.43368285141215557 -0.26998611641061293 -0.15228450401166105
102 -0.42263466081748596 0.4084139787941642 -0.20227437915772759
103 -0.4909824061717178 -0.48290161886324673 -0.1720984091368031
104 -0.4310259004821421 -0.46907147248139014 -0.037987393444080586
105 -0.4377034438103811 0.45670068313671175 -0.14636892672216195
106 -0.4134434449664432 -0.3821262715626188 -0.27780406715066536
107 -0.5061347548730755 -0.36253835572203147 -0.017501199745966874
108 -0.44987253156907775 0.3777180798916342 -0.08043373251462718
109 -0.37858845082521736 0.36126787058237014 -0.15464663804699066
110 -0.35210290487985096 0.33600051095756706 -0.025552471458216958
111 -0.4150641398159646 0.3957394339215334 -0.02163473716893393
112 -0.4497123631997952 -0.366994954126261 -0.12206590826592127
113 -0.39309817418102666 -0.29922967711073734 -0.42384354306912847
114 -0.4653797025169984 -0.4297075681807836 -0.10108409320701858
115 -0.5112729357613472 -0.3779686729411989 -0.13011590521405836
116 -0.489189024548742 -0.36113409205573105 -0.08860738180265162
117 -0.37710637650916956 0.33394716269603814 -0.011168512920701914
118 -0.4220607566760327 -0.26308766757635277 -0.08160966748786279
119 -0.45663726741084415 -0.5074681577856491 -0.12663837433117284
120 -0.49573892754273924 -0.4378960552463658 -0.15778393662288012
121 -0.48670322121195647 -0.37591719055082395 -0.13640266067506365
122 -0.36565312260168675 0.26557551892367814 0.04098764983412405
123 -0.45223748329767044 0.4127810578252459 -0.1734217932458347
124 -0.35655191458128893 0.25916144600406305 -0.05105349540208562
125 -0.47020885832669135 -0.41555922832257913 -0.1804149886181115
126 -0.4232666581323332 -0.3912212440212584 -0.09520591105976352
127 -0.37624795333053385 -0.31055238474224967 -0.1999767634044853
128 -0.41969904449706713 0.3079465404850334 -0.028402889910199094
129 -0.4408431990446692 -0.3581612918435499 -0.18519625543716112
130 -0.4234497383903086 -0.33359579535399403 -0.2756321577359611
131 -0.40177224858437044 0.40704204271667205 0.04850147874056711
132 -0.4479975697516353 0.3838621556468302 -0.15652659617968548
133 -0.3880887517840931 0.19356928914209712 0.08279712101681865
134 -0.4735061535264527 -0.3195349780313497 -0.18981818620210808
135 -0.4813170345076793 0.33785370290781724 -0.23927171828040322
136 -0.39400638499641444 -0.28197020224979474 -0.2537718870571995
137 -0.39331941349047955 -0.3497170735073615 -0.14993535322213236
138 -0.411798312142722 0.3660017724479904 0.005023609334267528
139 -0.5025162092900327 -0.3168053838345757 -0.06254312262205303
140 -0.43307436497221513 -0.4122363333618677 -0.10032958308078094
141 -0.43364987825364326 0.27164178641099146 -0.34238229563113654
142 -0.5158743119647912 -0.3472077508468747 -0.08499362050259025
143 -0.37089980799962446 0.25425014095582466 -0.12098948589164737
144 -0.4795122329384602 0.38684236175673775 -0.16641576065572802
145 -0.42956138815076955 0.3330084953204509 0.0211034617204389
146 -0.5116730481451381 -0.26133287411744605 -0.3161288875701515
147 -0.49397719203166013 -0.2950948514687937 -0.3742933476315043
148 -0.4798300595259189 0.4513812739196647 -0.11029988856583475
149 -0.45207622893533905 0.3890144683075659 -0.14343426402512105
150 -0.4649366499821894 -0.21362856894458623 -0.17469058540851956
151 -0.47540236851683826 0.40555593431202447 -0.17800003811160758
152 -0.4383368447277708 0.33275255594843417 -0.010786641910905942
153 -0.47082808707180696 -0.3257175940975051 -0.41886677901048625
154 -0.406993137538317 -0.428371438593752 -0.18229386288642616
155 -0.4333126839898065 0.3724165092958858 -0.02457318527734535
156 -0.45151862668565323 -0.39866862974630074 -0.1440964719200575
157 -0.4594721455070384 -0.3547104041301514 -0.2697531553043031
158 -0.3991377781991461 0.3484966428362339 -0.09049120590994163
159 -0.36016092659441756 -0.3970640408143891 -0.2824802885724059
160 -0.45267956083800326 0.4080895707450009 -0.033572919820904636
161 -0.37175729023423565 -0.27963172540554365 -0.12071116054236522
162 -0.45834388551216004 -0.3936510178695676 -0.10456263069924594
163 -0.410272442821057 -0.4214427815608316 0.05691891118751922
164 -0.36909126901343514 0.2877251582553066 -0.02073895373666571
165 -0.4168493373073666 -0.35943941552730685 -0.1674323259640614
166 -0.4494855461149126 0.36110939844765705 -0.07860631521083432
167 -0.38466100044994406 0.4063163395650884 -0.08028478905258093
168 -0.4250922402418902 0.4697192614471661 -0.11700405211768712
169 -0.4239851748660269 -0.3596903742969802 -0.24227844304780868
170 -0.44154029346398044 -0.3241340175742404 -0.12096362869512163
171 -0.391312365119379 0.40873909072460635 -0.07093096318200173
172 -0.40932893036363566 -0.3379187154351608 -0.3523957394360715
173 -0.3498357901297957 0.25434470214312016 -0.10121928887919912
174 -0.42091687194612526 -0.38222805417613537 -0.17222873923936566
175 -0.3723125131264341 0.2138958339044357 0.05524365037905477
176 -0.41976566383910335 -0.4194417686718032 -0.2770145218244234
177 -0.3960801504927172 0.35823104473636747 -0.13052535638525575
178 -0.5280818377844078 -0.31176973711221756 -0.12080753442249978
179 -0.36428222183315834 0.2902286405896908 -0.06098812827880915
180 -0.42098187133654524 0.34257317438878104 -0.09137613637454944
181 -0.4854762711586769 0.38818704382617886 -0.17784361037448732
182 -0.46227750195133993 -0.38884979048663815 -0.1533597755519475
183 -0.43760552315164675 -0.37963634479771935 -0.4251600205879957
184 -0.3958436346199891 0.23503293773627418 -0.0757101811946712
185 -0.4576460413597532 -0.3762062741053544 -0.0034133041859959697
186 -0.465020168839702 -0.2903939866228379 -0.19800503401389716
187 -0.5495277528456557 -0.2921261651875047 -0.2148655000127648
188 -0.3802062715328212 -0.38666209219921843 0.04967388945792037
189 -0.5139083959771994 0.4039314974498797 -0.15630488436287093
190 -0.3499517286268008 0.3474061429310524 -0.017386339970548
191 -0.3931405430696438 -0.2650874826249195 -0.011661036159175242
192 -0.47488937789754093 -0.34557066691687444 -0.3258581113720834
193 -0.48733803068606363 -0.33872399636516526 -0.06054493272080281
194 -0.3622801587750603 0.28716672428644424 -0.24866838600764948
195 -0.4038779701159563 0.3328651455686075 0.0792126496269534
196 -0.4303201398577097 -0.31924131279233314 -0.17480147716384356
197 -0.5018034635874 -0.2859624839002388 -0.178640709192725
198 -0.4460916874006426 -0.30696220934200386 -0.25444141131032244
199 -0.4713043913545443 -0.456525989328034 -0.16111163965614567
