200 3
0 -0.0036441213991162263 -0.0034899454647455207 0.028541046093242713
1 -0.0044859297181696 0.022587462576159706 -0.0010068778853218052
2 0.006217797669602287 -0.016957921977537413 -0.02620159669930181
3 -0.0004478330463928287 -0.001477078528686171 -0.02139670122488331
4 -0.0029858646780717424 0.008233928270767523 0.028319327287891986
5 -0.0014813757943713361 0.012507986011339591 0.029573570117232387
6 0.005270367302475418 -0.002746470000546647 0.022306163503064136
7 -0.0030834651530718266 -0.01506278552574825 -0.03620242884842819
8 0.004387314253479838 -0.01416621719879383 -0.03467748892725077
9 -0.01200782340045813 -0.007975697999612941 -0.015773451805063607
10 -0.004523749138719859 0.006031960497117635 0.02996925015347543
11 0.011258077766570222 0.05280091512286139 -0.010898068449715657
12 -0.008757409069593065 -0.005540246246368962 -0.03103105853570528
13 0.0020737223772790275 -0.005663275329322513 0.02128825285533533
14 0.0024407229592230927 0.003209613293038552 0.02836173486590777
15 -0.0022781839801374847 -0.0034626050265397224 0.03479228953332994
16 -0.0039715068567299505 0.007773145730266476 0.03741121910692638
17 0.00748246911324028 -0.0024768248421929468 -0.034905321680272085
18 0.0048763040792463375 -0.014852056067031546 -0.027076930506560397
19 0.0033964538469279278 0.011748663384409035 0.027639458870858537
20 -0.009053838280087559 -0.011686346065668112 -0.026963941159197206
21 -0.008662371466432717 -0.009607508215388062 0.034274511299005925
22 0.0040884414733635445 0.0036297088054471262 0.025246033931076738
23 0.006226950588489016 0.009458154685445079 0.03070967796838544
24 -0.009007431656725198 -0.0006548788375347701 -0.018745273514455207
25 -0.009529159350749744 -0.005471504874116368 -0.022860745824499668
26 -0.0039193808517655245 0.006316368458469293 0.029901738853111627
27 0.004771875168329054 -0.009544557463041815 -0.03091732611620607
28 -0.005485078002656782 -0.01693336169211665 -0.026187756543760956
29 -0.005463570674731723 0.004437549696867967 0.03070938631047708
30 0.00705139628131575 -0.008036574847191492 -0.0337565296972859
31 0.0042345574086523575 0.008558336173336609 0.020324812434142712
32 -0.0048615786130788985 -1.0446019231141745e-06 0.03112959740398208
33 -0.013454515511018755 0.03487521437536251 -0.0024460458207295754
34 0.011982719477158557 0.03321055891222248 -0.022213345877239582
35 -0.00496454167379588 -0.009074651412150903 -0.031501246968758834
36 -0.005345743974574241 0.007640559223822351 0.02899760461246726
37 -0.004852517033011632 -0.0008456408260913185 0.023187603328564108
38 0.0008233772158598718 -0.015658358595794043 -0.027945535627747455
39 -0.005122609137241205 -0.015440445354869735 -0.02341789236080642
40 0.0063301899917503485 0.0005632318711836781 0.0309295757939244
41 -0.008359338426798188 -0.012998209105982105 -0.01952247007034873
42 0.002103832685960528 0.00327453883406598 0.03048727733105297
43 -0.01599177514819826 0.016920707860795622 -0.017796903208440476
44 0.006887818620980424 0.0051775522766555745 0.0313760403115306
45 -0.007662397768066202 -0.018557697911356252 -0.022920182755074445
46 -0.010407214568822806 0.0008445531875743394 0.027752958023615916
47 -0.001979624547168466 -0.01227338592735209 -0.01880516351015528
48 -0.004698765490534315 -0.003818970658612461 -0.03582605499429209
49 -0.0065665318773682965 0.0036823540296440933 0.03866123152681953
50 0.0010781910434679506 0.04170139029810513 -0.02125182894478054
51 0.0065453386767032745 -0.003076183082630919 -0.01882282849525712
52 0.008887566806504293 0.04358510458379637 -0.012543739140651052
53 0.010680100809180068 -0.014152672535262114 -0.027017958847161825
54 0.0014737940710436645 -0.008207167995203301 -0.03106180981126054
55 0.002976493489626489 0.04135057476670398 -0.01682180954359419
56 0.00574021665658829 0.0029765436910908997 0.02856260538750699
57 -0.0046223064993163206 0.0019510233977595593 0.03344736663583167
58 0.008730782881872736 0.005800314508198774 0.025119994626127004
59 0.004840915393707353 3.137407539059722e-05 0.030598623845978938
60 -0.005549170019331532 -0.00507581990004969 0.02605339582233433
61 -0.004668476309765843 0.0015923986968612858 0.016343215732557523
62 -0.008187698553857887 -0.02008552131569326 -0.028930657794999023
63 0.0013474052960036793 0.013051186215113388 0.030590162848394775
64 0.012939127905011519 0.007822183028785398 0.02827484725461117
65 -0.007168930759788653 -0.016901588186236077 -0.022896099725233286
66 0.003143589437399008 0.012315306199122656 0.026975513350042536
67 0.00812439456156936 -0.0009014921273239052 -0.028882353703659235
68 0.003387176096070796 0.0009654654553824284 0.0312954703698347
69 -0.0014917163320797427 0.034167676625377286 -0.010178069071048679
70 -0.011917198674728124 -0.014780613267250768 -0.025870546162158694
71 -0.003912026502642552 0.005964491415171538 0.02938710375305234
72 -0.0008467728230569099 0.002858547694693436 0.018606590770200514
73 0.010366525038997817 -0.014029872326279755 -0.036646025562854054
74 -0.0027585351503836703 -0.0029883253060470063 -0.02378597938783028
75 -0.00045000014884166717 -0.00903457830884897 -0.020491464557872242
76 0.003666031226998389 -0.013273292611796276 -0.023907122099666736
77 0.003246041589273433 -0.006337771644452469 0.036903818131658994
78 -0.0006139152315726964 0.0018445862725485138 0.032035534235838346
79 0.005316418315972862 0.0057524393126635555 0.03468129133264884
80 -0.002480261830512552 -0.015171510603339967 -0.026751525066754177
81 -0.0011360109535038937 -0.01582631270441347 -0.029238413523977193
82 0.0018396523677381158 0.005284915514585598 0.03338332453500628
83 -0.003784173562326594 0.0027881509028141356 0.018771672122679578
84 -0.017540600425199462 0.004748421767101331 0.026223351237747314
85 -0.0033956887543984474 0.004391631920576768 0.03985150497805727
86 0.000675727839209557 -0.013545976747653114 -0.03141795847957716
87 0.0006416362515898125 -0.0016870642151543811 -0.02934323764273288
88 0.0024478896698484527 -0.018608238419031 -0.023054795281624137
89 -0.00480409887886602 -0.0059292560055262365 -0.026465800548134785
90 0.010385681076345119 0.002030411060666412 0.030424027916406415
91 0.004526049082688163 -0.01300226491432121 -0.032956030385302953
92 -0.0037058645903041143 -0.01344736703829279 -0.029348202206537034
93 -0.002413160598799471 -0.012199897929441813 -0.026350268151710567
94 0.002812656139648567 -0.012607220680663417 -0.018979916097862284
95 0.009933994126296197 -0.009685042357537442 -0.024096421093778575
96 0.009045618678564876 -0.015038948985688715 -0.035862999573298394
97 -0.0015839341638462672 -0.01552290672708858 -0.024190121908930717
98 0.01294017948714627 0.002406076756152507 0.0356185755461582
99 -0.01568760028824548 0.008972688789154509 0.03054323286296773
100 0.0027074424620030235 0.0018095513078397636 0.03404061141634035
101 0.006270657724011225 -0.014105137378786426 -0.013957199097977113
102 -0.003367663815515509 -0.0002501386705192066 0.02869292211273422
103 0.007906030422446107 -0.01985014880951476 -0.023555314110640643
104 0.004930343289264685 0.027819329197922557 -0.014259572194969511
105 0.0011556404041208786 0.0008764583190675815 0.03985230428603816
106 -0.00515074611327529 0.0001889704299161514 -0.03473002574925738
107 0.006316553755275511 -0.008407622166802887 -0.0246798143206805
108 -0.005965153528750753 0.002602509575682791 0.04140470438046943
109 -0.005852622025078469 -0.006452109530578433 0.025273716317958876
110 -0.007814974417725435 0.004261639586793892 0.03433588939044136
111 0.0004471441750045317 3.091154171385932e-05 0.027676867335669292
112 -0.017490954485094135 0.03794229842528493 -0.011024654918941848
113 0.018826666638155867 4.6104962185811865e-05 -0.025044558394849502
114 0.004382650211896981 -0.012174360096698478 -0.037563766145646826
115 0.005520560651455925 -0.014625797775620605 -0.021833396611292855
116 -0.012794743577723935 -0.009132198986694522 -0.03083600157386358
117 -0.008022439932941022 -0.0028884899015411344 0.0283771232468253
118 -0.002495813178186047 -0.005129248103339919 -0.02450425926230961
119 0.005447598787650262 -0.01394225828328495 -0.03212854520696542
120 0.013714083484543324 -0.012685995916590302 -0.02659944038888705
121 -0.0008926628941228094 -0.014784180140696615 -0.028439754937600037
122 -0.0038892673041052497 0.015799075905986476 0.030525116485549952
123 -0.006877266691729056 -0.0036046830270325776 0.028639108097585044
124 0.0014454649266930422 -9.269386928590587e-05 0.03740563469107478
125 -5.404568904411426e-05 -0.010401970569103556 -0.030113063712257887
126 0.00020489346197065036 -0.012679349966263423 -0.03142242439216511
127 -0.0007719295764159508 -0.006964889428494614 -0.027990159202049027
128 -0.0026339502945983634 -0.0013742894028440332 0.03441455368662719
129 -0.0013869215860025678 -0.011203864339963836 -0.02980535755297814
130 0.0038330927642513876 -0.012991463480731182 -0.019981655255844426
131 0.002157501724750846 0.010831443383312638 0.03701104585945071
132 0.003200625055078128 -0.00018477104569958498 0.023817842850455816
133 -0.0043987589471007685 -0.002846548772489188 0.03656367200350994
134 -0.006602945069924222 0.0370142659107979 -0.021278896236916464
135 0.00023921428847319126 0.008643746386361065 0.02755640409981031
136 -0.005114900197759981 -0.019509600868920556 -0.027937320653365245
137 -0.005011529403574619 -0.0016554745603316722 -0.021026107720325107
138 0.01197295039721484 0.00673909815256488 0.03674140717914724
139 -0.0003180689730286415 0.023495321896253862 -0.015490792613905464
140 0.011203670185296485 0.03247281898323978 -0.01988529082142701
141 -0.012496901204724048 0.0017130123169274009 0.03339304198362748
142 -0.009079373869060513 -0.011882091555129239 -0.028460827885768585
143 -0.00033379222859759514 -0.0035987551424618083 0.0378209348138139
144 -0.005320954779192498 -0.0034300926256985026 0.028543419636324764
145 -0.0035887887279556444 0.00627500349202929 0.03327846457411865
146 0.002447285912076852 -0.021175416026324008 -0.028396029471669002
147 -0.001522528006884221 -0.0073786560835705575 -0.027520677146067447
148 0.0016755674447576849 0.007475431265261586 0.029714712483633013
149 -0.0010290074453210493 -0.001295540444381807 0.030265549489201557
150 0.017718793948356404 0.03647397213642492 -0.013302450224596307
151 0.011913995656328405 0.01206040673987953 0.026782172261789354
152 -0.005423589819882717 0.003033571275462542 0.03554559097952496
153 0.015105279972517455 0.0014513513432791482 -0.03383624467126972
154 0.010040937133958691 0.0378739297499469 -0.009636087328340662
155 -0.0034290466746754425 0.008579343385424376 0.02721738601413358
156 0.005549483489654731 -0.016415032756881325 -0.019308854279334806
157 0.003083562628331163 -0.02208439760717694 -0.024913006630952295
158 -0.004745677295905167 0.0025347454387740975 0.03985434778537649
159 0.00829500131471353 -0.013936328633036583 -0.0291632785224619
160 -0.0026159291722621103 0.003147318533284325 0.027052975299978542
161 0.0024915618697283967 -0.007876832577748238 -0.034015732714514385
162 0.0008209446749821298 -0.008225573734787963 -0.015508169064531726
163 -0.005615432303602168 -0.00836301647255553 -0.028110594321170235
164 0.003778416588038589 0.006861562807884452 0.023743790573317627
165 -0.010605022745427517 -0.011130674760451459 -0.021617417463027658
166 0.0011039795176300687 0.005257981901008379 0.02365072888973138
167 0.00935854336761388 0.0022134878901697986 0.02363674354944835
168 -0.008415320183380745 0.014983724069428748 0.0301561078279887
169 0.0007861560916166462 -0.014317056653151911 -0.025549439730032923
170 0.007673288908832114 -0.01887606529099887 -0.02021608078193293
171 -0.0009267552874130947 0.0065530078638812005 0.02913267988159022
172 -0.0036966735439952353 -0.014662473117075699 -0.020523143912738327
173 -0.0013557811973340297 0.008572766038418401 0.027973499118194634
174 0.010572810011197701 -0.008732927982492464 -0.021114415147583547
175 -0.010414477933653948 0.01001302863951847 0.020215497137717878
176 -0.006641973763823403 -0.017169348170926697 -0.012145771408820671
177 0.007491934613157808 0.0037055790874601837 0.028172691568417674
178 0.009084758334794954 0.028971487691244385 -0.009470401231787377
179 0.008078801412299982 -0.0005143988294883848 0.031993609372023994
180 0.005041883414818045 0.011457265469560766 0.02715207327248008
181 0.0034556123285253634 0.0011415402255445873 0.03174808482925377
182 -0.013492017102333942 0.029253534790278216 -0.001691901713698013
183 -0.004650610406643621 -0.009696715317658712 -0.02136764394546535
184 0.003970315990884606 -0.01025434200593768 0.030582686041574464
185 -0.0031970458532616154 -0.022537574348836062 -0.02888744326930058
186 -0.0007755925336695169 -0.00833971036913516 -0.026304708603722388
187 -0.010235588161606801 0.001695371497324766 -0.0259370429013665
188 -0.0035453611975216 -0.012430202588902456 -0.03392535834511765
189 -0.0031993724388762615 5.51365245080428e-05 0.032120236394341466
190 0.006559945239225963 0.015347954631292966 0.023787616299928302
191 0.0016500703314138096 -0.015981010179245102 -0.019949533192845734
192 0.00550575340005271 0.02867635081679193 -0.012831197043185937
193 -0.0036668925266060727 -0.00837569352382531 -0.02203566886192458
194 0.006160963049492457 0.026856070950214736 0.02600621502217341
195 0.0004561572916268065 0.007901750129446895 0.025323626883159145
196 -0.0069077243582472934 -0.016614048384763717 -0.034789430656355716
197 -0.0023180323646240925 -0.00975951037482429 -0.03667712287417806
198 1.8794945527700335e-05 -0.016753792374961773 -0.03003931138802461
199 -0.010661275328898087 -0.007526628883233681 -0.023282230424418356
0 -0.004849885137193845 -0.0013570284610526285 0.010635218147374129
1 -0.00497309217231813 0.02876934759089217 -0.008617106825422702
2 -0.005365392786023982 -0.004513882789156268 -0.004674009843207608
3 -0.004171442616472815 -0.011724506228053079 0.004097846308384501
4 -0.008081327242103267 -0.00349084405281539 0.006102826665836031
5 -0.012884190316390487 -0.0026715139118897585 -0.004577316458815928
6 -0.0015013849641847031 -0.005151522676784016 0.0030749171439009154
7 0.002045104645002075 0.003067462523720768 0.006061612907128991
8 0.005566738274832124 -0.01411236827548873 -0.0025583870739856324
9 -0.0034016749732473373 -0.009610891979436174 2.7848304850267014e-06
10 0.004438242942047865 -0.0012423241905504812 -0.002384489167694334
11 0.0038536363277647118 0.03544160870165139 -0.018855257018897446
12 0.0033179462122515657 0.0017651457246767952 -0.0022248247578738334
13 -0.0005447473341704048 0.0031912781092118276 -0.004289295111931546
14 0.0036285039395740903 -0.011017182731874343 -0.009894497057306557
15 -0.001982197348156328 -0.012039675008228772 0.001265816393030722
16 -0.0021983313061622323 -0.011441367640187595 0.009500151800850676
17 -0.006344567064321014 -0.005444191619677697 0.0031777114472759382
18 -0.0012619693485382139 -0.002528648224417604 0.006554863056526965
19 -0.0039690153353188415 -0.006526695454790208 -0.0008267734047514505
20 0.0028336929502296923 -0.0007283897199232073 -2.9956086224351697e-05
21 0.002289701954028365 -0.0035946014138309966 -0.0029056240466670477
22 -0.0014197255813586107 -0.0033164468421677078 0.0009864047171766477
23 0.0012602084047323367 -0.009715200185321706 -0.001298547664419225
24 0.0013074771323289582 -0.005138330038821084 0.0032740154072760097
25 -0.008919044177233437 -0.002995999922243517 -0.0001959389587587318
26 0.0047622511462639475 -0.002861869249971477 0.0064330250804751216
27 0.00898432101182478 -0.01063345543598418 0.005372143431453806
28 0.0004734082589147662 -0.008582522111442857 0.0046292271794882295
29 0.003134848676703479 -0.011763921525505162 0.007754854268720121
30 0.005033267746100897 -0.009668963084755618 0.004174735002584376
31 -0.0052689521502557735 0.001500368098728451 0.002771222277606164
32 -0.006278148333354716 -0.01185010530586209 0.006673839013989213
33 -0.004891047674005597 0.03380433197233634 -0.014131253189595731
34 -0.00043071104422419057 0.035538947681937216 -0.009505457454224646
35 -0.0009744181828051416 -0.01190311446612058 0.0048513019442249505
36 -0.005390292598860036 0.00021839402060896268 0.0014833759998636661
37 -0.002770273446547969 -0.0026828044878632763 0.002531218604359023
38 0.005988908981476249 -0.0005099687083384222 0.004078683343768139
39 0.00011125898158801523 -0.00924224824023509 0.008290428353181854
40 0.00768048104210764 -0.005657734552315649 -0.005626649156707429
41 -0.00948150912298236 -0.002176509937753663 0.0030059951923530823
42 -0.005257034300834292 0.0012834711297422668 0.005239377886035013
43 -0.0167556318944561 0.0315240393187774 -0.01727084277887061
44 0.005017992641720488 -0.002454478447946118 -0.003953413037437355
45 -0.0032177299606001852 -0.007747534923301248 -0.0019900920366145783
46 -0.012443574444024316 -0.009387875315188627 0.00371100769420922
47 0.012307094255617428 -0.0011688026268000286 -0.003042113092381102
48 -0.005002458962504036 -0.008805248093837061 0.009532916466288774
49 -0.0022114110409437726 -0.0010523742987899702 -0.0002604674780298383
50 -0.0016800461512924483 0.04588857936897059 -0.01658954799050741
51 0.004714621546820327 -0.006602632904805221 0.004425382855275092
52 0.003109191826838914 0.02287481790722956 -0.011534982344735899
53 0.003248534555369234 -0.005834127586106673 0.00369845742994665
54 0.0009934880179781128 -0.006466848493828323 -0.005650281141049443
55 0.015744492782339303 0.02320892087535234 -0.009215520779148258
56 0.005057525197069132 -0.0070004509983543056 0.001349947048131836
57 -0.001971422186099976 -0.009114939487524988 -0.001102478667630441
58 -0.0038033255641866893 -0.004796835799769545 -0.006838634299814225
59 0.004546585717755285 -0.009128136916975792 -0.0012802268632553931
60 -0.00031228445687647016 -0.0036281540530990614 0.0016957288068462362
61 -0.010857164522606579 0.005670788910884411 -0.0008575055895128844
62 -0.0011008756123082747 -0.012909346912833339 0.001141928034002912
63 0.006761247521778233 0.005541646699030178 0.005930565971631996
64 0.009183520217751706 -0.003984706579482192 0.008417002740287102
65 -0.005445066034749105 -0.002624954869257151 -0.0028940914008376215
66 0.005261336655139469 -0.009959633054471707 0.003471390939849897
67 0.006261470249874036 -0.010634277275038538 0.0030399254089969047
68 0.005519033037625069 -0.00574471100814339 0.004687217628282933
69 -0.003693585246839999 0.028137334359190996 -0.0033666791493189158
70 -0.01578653229477378 -0.005346568018357339 0.004413763411708772
71 -0.004260274272202158 -0.003240667004122663 0.0004337574219125187
72 0.00424703507621093 0.0033482062361742584 0.0033066272084441156
73 0.0012759370869708103 0.001848584958013471 0.006662482678099796
74 -0.008582402366461864 -8.70211165549771e-05 0.005584193917000428
75 -0.010745171223841943 -0.009755029374639214 -0.0063298927508442515
76 -0.00046245179938089395 -0.004544639492125729 -0.005345007343001418
77 -0.0064429834406276336 -0.0018605219897386254 0.0012825963746460473
78 -0.0007451302828921664 -0.0062311254610758786 0.010052896617588444
79 0.008852286724183533 -0.012568638774951991 0.0036227513342496076
80 -0.0089795131693775 -0.006719641516178765 0.005199488574574702
81 -0.012375823746705573 0.0015335128205884452 -0.002577246828887436
82 -0.002101227142027238 -0.004648298065512984 0.0036162503095016757
83 -0.0013843319964509625 -0.004374940532262284 -0.00428658147353287
84 -0.006680882906421409 -0.00800177281165539 0.0005486723455266074
85 -0.0010595203103251523 -0.004901843262370434 0.0007053160593870345
86 -0.005058658247880175 -0.0056692901680813895 0.0071969783985489505
87 -0.002829457379765289 -0.0041313713882517485 0.0006945185725990635
88 -0.004238164847531098 -0.004905243479282128 -0.0015019298223790667
89 0.009258934988065497 -0.006228536973698427 -0.00472499567468973
90 0.002869100929259724 -0.005145376267449523 -0.0017344402823844252
91 0.0010389799903820877 -0.004498942609311458 0.004683479857854063
92 -0.006160118854915311 0.001904783848660203 -0.0004892695136813688
93 0.004693167412900144 -0.010164911214993688 0.006962172617160561
94 0.008252091728862501 -0.00705036030906743 0.0010823479925531065
95 0.008824457626081368 -0.003923055918242359 0.004973704785331344
96 0.006662490541733651 -0.010923093548178726 0.0008654021137468465
97 0.0007390620243154689 -0.00753941997341865 -0.003319260678881636
98 -8.301458124593958e-05 -0.0032435908766486575 0.001308084838493151
99 -0.010256492096342412 -0.006743519006393004 -0.0024937274195660636
100 0.012204376378410473 0.002250217509805117 0.0015923781877528048
101 0.0017272668086988213 -0.003166988815655948 0.0009799644269652338
102 -0.0012357914473330595 -0.012287155298174122 0.00652084143643375
103 0.010359819747890256 -0.00350049587951827 -0.0010513651156808107
104 0.015770486766420844 0.030380663663713905 -0.01303984264612161
105 0.006477993755382154 -0.007149051453696175 0.0013696194553152463
106 -0.005642133111053736 0.0005594160108999408 0.002027635156188326
107 0.0039038262546948824 -0.004204590438976065 0.0024194284789980022
108 -0.0017595966317692068 0.000265701199779287 -0.0015912811738660881
109 -0.00528275843220917 -0.005250016851050477 0.007107706907279937
110 -0.0012179227547840996 -0.012652067398832395 0.0034397316774666536
111 -0.003018103107495219 -0.007621627983554098 0.0015092563649877072
112 -0.006216431045881515 0.02993486554397312 -0.019436525292484824
113 0.004581403091613076 -0.007015846409506896 0.006209422192873133
114 -0.0021999094269704554 -0.005388746901949397 -0.0012197667214542962
115 0.004335811427777558 -0.009334626873471648 0.009151504009546382
116 -0.0028183322241594685 -0.004458674017775964 0.0009899125312442525
117 -0.0040764053468235265 -0.011642515024699908 0.00561127946767595
118 0.0025154874211095286 -0.009366219507571397 0.00210483750317534
119 0.009012218100470454 0.005503887770093922 -0.00418139344515088
120 0.006965614942907955 -0.013777704902523252 0.0019708487256918927
121 0.0007487336277915814 -0.0056156491821571786 0.006460520122447404
122 -0.003334303023102239 -0.002046344643253508 0.013640028818638766
123 -0.003745257423302603 -0.0024092174271802156 -0.005932788979216265
124 -0.0014080621450804978 -0.004972989513659771 0.005940931049258816
125 0.0007229614099302072 -0.004240812403983659 0.0010887795172679765
126 0.0014454968421126271 -0.0018959206746640839 0.003576395742055115
127 -0.0001558665279742695 0.0015071652148329424 0.0011033927000237559
128 0.0013195320949811401 -0.006219234728033845 0.004152935203027272
129 -0.002182241048556576 -0.005023244620716839 -0.0010854225594581907
130 0.010669827441502189 0.008120059032788337 0.0006050406562211827
131 -0.012099469600218248 -0.004804632669737387 0.00814415602655541
132 0.004082617859436123 -0.009703811528460487 -0.001254866485131803
133 0.0015433021993051695 0.003363191505253115 -0.0022886368359161663
134 0.0012219041128263969 0.020530424898535973 -0.003824996374821088
135 -0.0001320832677400574 -0.009383669860794391 -0.003219208287175139
136 0.005328491867511574 -0.009721493028475942 2.607146841450414e-05
137 -7.160984569959394e-06 -0.009159387588034614 0.004002437287857
138 0.0036545534147040953 -0.0030543382696428395 0.00643460404719777
139 -0.009095417748416407 0.02169742593582641 -0.008945905320873887
140 0.009625937854617017 0.022368829018646022 -0.01527003659262502
141 -0.00405515684607588 -0.004191132502164203 0.00404316993614276
142 -0.002847632916996634 -0.010227280818930554 -0.0065740337899099985
143 0.0015233588523290882 -0.012386782698444555 0.0030521569839880025
144 -0.003580912395698084 -0.004992021822566829 0.005832440975770126
145 0.001680976457894912 -0.004641131060282776 0.008772408235457177
146 0.0010814833420885878 -0.004149363582387718 0.0017999525495914978
147 -0.0014993530622096143 0.009894514077934468 0.00395202320736044
148 0.007325870064021564 -0.005255809497246296 0.0017245754003352431
149 0.0007349595184654271 -0.009429997379423492 -0.0004675950043951105
150 0.012702732830004143 0.03774297340332586 -0.01678027508438082
151 0.008305102188439259 -0.005887360867117792 -0.004974480626858492
152 -0.0024584003973301544 -0.005830261929110151 -0.0020085472533316884
153 -0.0008966462793137536 -0.006547421692838562 0.010622560108956701
154 9.481305629956832e-05 0.029460388814754296 -0.0048269390380302965
155 0.002124561028080702 -0.00118619500205586 0.002561773999245495
156 -0.0013783084771158347 -0.004995979094289296 0.00022945828548773944
157 0.003286123843528249 -0.010937536415387958 0.003283755513689507
158 0.0035855788870929276 -0.008314587540462787 0.006852928720751925
159 0.00210453835012462 0.005547550787587178 -0.0038786968455002124
160 0.0049190490468718345 0.00269665707330834 0.004043041977337375
161 0.0034542110601305243 -0.009288658580472224 -0.0004938798149331097
162 -0.004860858794381438 -0.002086142525540194 0.0039779580854118965
163 -0.0011298435182114028 -0.003924220055608413 0.006441405176969797
164 -0.0008704328322734533 0.0004862509119347644 -0.002511480126735584
165 -0.004057124464492204 -0.00651945321837186 0.0018411130028873277
166 0.004204405147676921 -0.005111736011579594 0.003218345320005374
167 0.010113337695307728 -0.0059284841754922305 0.0015738222418482384
168 -0.0017811350340851198 -0.001961672383600052 0.0009161760725015095
169 -0.0010915756966893599 -0.0026649184840668045 0.00725704757229511
170 0.00046659221272579016 -0.000566046904303702 0.005140285912102888
171 -0.010683124222224324 -0.008339663777987037 -0.0013643470669700009
172 -0.0051170897338757015 -0.008835546234568802 0.003766553063425465
173 0.0024260942537213913 -0.014022415864658367 0.0026624810926280246
174 0.0026414138299424364 -0.007516418950980923 0.002290167325190516
175 -0.0012072572017125874 -0.011706225451931153 0.00449593159712363
176 -0.00385794071252904 -0.006162738238109776 -0.006663857112567749
177 0.008832731528138696 -0.0013303075725007163 0.005761391521222736
178 0.004114001316906528 0.04151099217062226 -0.018415835977504062
179 0.004259352187468937 -0.004707736962775539 0.004023602880459831
180 -0.0049025660873026275 -0.008113105433768678 0.003413597733000151
181 0.0018324257238477235 -0.009059124028941367 0.0007512409954622129
182 -0.00916702104798632 0.03383939463499315 -0.0048522386267952355
183 -0.005181195007862259 -0.004279722920911142 0.004032979167624587
184 0.002570143328266699 -0.011171153220428963 0.0007582808698526067
185 -0.006025704517197232 -0.003411766598730978 -0.0007108099201734164
186 -0.004685732409679705 -0.011292961681870821 -0.0005099055692531634
187 -0.004202149779461428 -0.00478951390470985 0.008899701562498724
188 -0.004619714651200504 -0.0031823685837579843 0.007823195149757885
189 -0.0012805518704512898 -0.0017303658506255155 -0.00024030104482379577
190 -0.0024300911911176656 0.001551597218613844 -0.0023771494395092574
191 7.143923425045884e-06 -0.0027419153389514825 0.0018409880894993472
192 -0.003357108698141511 0.033804425520025605 -0.01095542885515606
193 -0.001909925443519138 -0.002501839197862725 -0.00587519548443715
194 0.0009998633471908283 -0.007140639804086843 -0.0025581143449526916
195 -0.0018829797966131365 -0.00034791541192237844 0.0014028585115360426
196 -0.0019898499876274643 -0.0014078213021482405 0.007063582597923973
197 0.010517017357153324 0.0011421068897652827 -0.00109051429557884
198 0.008091115016814976 -0.0055353788524474465 0.0026533395013519437
199 -7.337534890304587e-05 -0.00546485378885817 0.005756220177321386
0 -0.003066161917337079 0.0032038747212376688 0.02439462271755089
1 -0.0025221720045478443 0.016480288491644207 -0.034193238768254114
2 -0.005639761071937546 0.0049944958625909655 -0.01755629559701547
3 -0.004607996713277808 -0.007547918480610025 -0.029093384722640257
4 -0.010573918648361089 -0.0011181880732279948 0.03285155356773075
5 0.006267261889173415 0.00320119785598973 0.0224459605038924
6 -0.006003094632472148 -0.0029161084974400862 0.030399607052109832
7 0.006299720144419742 -0.000934469216336116 -0.03546489338507597
8 0.0011951074137332637 -0.002814474496900282 -0.03659279890306562
9 0.005094126996051371 0.0074511451953008165 -0.024681573048007516
10 0.005625424169148905 0.005256721370221824 0.028053216872363423
11 0.0024780305980559095 0.002465761395487126 -0.027869256930534374
12 -0.004132832782972835 0.007406891519626019 -0.030806896875393404
13 0.008421716634406794 0.010105762967993032 0.03318081435262918
14 0.001633699682959358 0.0062664954010679865 0.026280298282187666
15 -0.0026596544597395737 0.0005737110927967123 0.024622284551803444
16 -0.011472446286716752 0.0009626261484961506 0.030523991152225295
17 -0.00733500337606767 0.00507351720028653 -0.022866596998064564
18 -0.0008322998340170272 0.00022463973448442337 -0.030565247622007217
19 0.00984982795104691 0.0031512997211704964 0.023340515610303793
20 -0.0017524851348907182 -0.0008495233529234383 -0.02440561840184325
21 -0.002199265743120002 0.0016817371624576298 0.02313354918874983
22 0.006520873856201127 0.007120167416987056 0.0370192357137186
23 0.0040429629230334385 0.0036590539121587403 0.031209875143719465
24 -0.0002017406663482671 0.0004710690044609535 -0.03170494170294765
25 -0.0053947815156274725 -0.00295515235416963 -0.021259081745291453
26 0.0007584434149407026 0.010003771495865694 0.03332639823796256
27 0.009310509928242616 -0.004780330185382348 -0.029140588130523632
28 -0.006561106872323745 0.001863160793359464 -0.024810283297378274
29 -0.0011021851435943659 0.003769342916755949 0.03235262154728001
30 0.008839389623764196 0.0034642329839067523 -0.02971549481390598
31 0.0013820347130913937 0.015951070429287742 0.033048662680937244
32 -0.00627903425981461 0.003106401585133898 0.040526025156469685
33 -0.014615770506668166 0.0024033618619895003 -0.022094359311371894
34 -0.005956060308913182 0.0006035960419842612 -0.019816703641814003
35 0.004998092519210523 0.011144627371787931 -0.0308209311041283
36 -0.013152746618744604 0.0030143661952312176 0.028155695031257783
37 0.00017369692713163631 -0.0035668570762111777 0.03211490165655
38 0.004863716417124318 -0.002563155288441192 -0.026155097656581052
39 -0.0007229532154738073 -0.005947590305015495 -0.030256877773041355
40 0.004105520233993784 -0.005799979606195542 0.02934566915614416
41 -0.015696537118076823 -0.0005972055315128233 -0.029060706753721948
42 -0.004468423821072199 0.008436307996023733 0.029095451078533015
43 -0.006362516162202875 0.007523900365581079 -0.028307720133287348
44 0.0037338838117399187 -0.00296181707849801 0.022733882202119363
45 -0.003924944799409802 0.0005508366403999473 -0.031607108792922584
46 -0.011407354478006004 0.0004095008463737525 0.02350759307845389
47 -0.0018381829925944206 0.007236490830761454 -0.023564312284675152
48 -0.0016671242888360652 -0.0025620500251114266 -0.030771283514636354
49 -0.00682720815923258 0.00486464946194597 0.036017507450313194
50 -0.00955605132333371 0.011555337296872581 -0.028793827063427188
51 0.004591258815590714 -0.00497076579255765 -0.02717653564212067
52 0.0037796955747291597 0.0077691890755018644 -0.021211206720340922
53 0.001711227837820406 0.009316975329749615 -0.0224997612536434
54 0.007948897431987772 0.0031016797357809912 -0.0249372138812333
55 0.0016959011470355362 0.001977695235126198 -0.029485737256301617
56 -0.0005860869340020766 0.0008374584704186009 0.03236223659982755
57 -0.0019851013939377465 0.002532783176790494 0.021755568707708006
58 -0.004859133339281511 0.002861886912838299 0.03854398413524164
59 0.0029988219435826483 -0.0016197986118448061 0.0351695733188202
60 -0.00352035410301111 -0.0006509333878405923 0.02056330088781485
61 -0.0006685948041951911 0.002486364541442996 0.03457170354479094
62 -0.0007829301251063639 -0.004323802861899012 -0.032105873550423485
63 0.000783086959854639 -0.00026284264917014744 0.03484150521158281
64 0.006552143668857716 -0.006516330610684593 0.03444485999472877
65 -0.009495162525816364 -0.0056071086171980075 -0.030556411324982793
66 0.003508409346569076 0.0053527234739713415 0.03633536776175943
67 0.002471709334131572 -0.0049329758373462505 -0.03829552671135765
68 0.005042897188910669 0.007379899673332709 0.030597682746222703
69 -0.009570615645016302 0.0134920360445355 -0.03568080124304405
70 -0.012414541639642562 0.0005449721372178459 -0.032490881487334804
71 -0.00941498832405279 0.017343558155357472 0.028058596437733875
72 0.009320212065733385 -0.0004561526686383717 0.032881857533241146
73 -0.002985039023687165 0.005940790089941583 -0.031824834149595124
74 -0.008873218980619074 0.0033396374949557312 -0.027258493195306377
75 -0.0062272492780167665 0.013048521584925294 -0.024238109410285764
76 0.003031866011794341 0.00956567823325214 -0.026318337324035504
77 0.005640455749187297 0.008424069351359082 0.035524597636825334
78 -0.0025952516584274634 0.004472342948184385 0.022366143077278702
79 0.012185745376834034 0.0061265073750481945 0.02278080094684696
80 -0.0015114758208832485 -0.0027570660089993523 -0.030112276340151227
81 -0.004544644759278738 -0.006816499865246552 -0.03128378614200706
82 -0.0019509082379775703 0.005171880871850207 0.023700996132342597
83 0.0035280667233419183 0.012366193347399667 0.030171436841146787
84 -0.00611729567457657 0.006179514258240616 0.03374476792727776
85 -0.0004047859727594992 0.005903731592095102 0.02765710139582104
86 -0.011376012085517827 -0.004465749978534564 -0.037519222139210745
87 -0.002383532418609004 0.0018262735490174589 -0.026959739774548803
88 0.0008169726906074814 0.010946904712044628 -0.02692908208011156
89 -0.002066368334408991 -0.0012348020781172524 -0.0277828729829016
90 0.013164323234590006 -0.003492621337028802 0.03826641203735248
91 0.0006951648702529338 0.005407807094581277 -0.031075120599333372
92 0.0012678480511721033 0.003703416849545048 -0.02788331973111661
93 0.0007027883214214461 0.0050955762612555355 -0.02686906115629126
94 0.010554414339938631 -0.010390931394763832 -0.025530646996132687
95 0.00023247525009251202 -0.0018094471962743636 -0.029860096792880847
96 0.004977826854179815 -0.003909504942502688 -0.03725932186354761
97 0.0007199013456843211 -0.007668258236526657 -0.03188821986110113
98 0.001701379584516681 0.0041731295816945235 0.03142421948444639
99 -0.01610073193999023 0.005783500904385024 0.03661355451623229
100 0.015501035564661828 0.004716630889937335 0.02391034900928176
101 0.004286369643413522 -0.0035956339029607626 -0.021949990592277438
102 -0.000779328873785616 0.00771445044761087 0.03627758470387356
103 0.00010558762769036223 -0.002691834750287475 -0.03549340922383191
104 0.014033587183286192 -0.0017320820640294443 -0.03799477219838509
105 -6.475495983494783e-05 0.004478768653423687 0.03993770449605562
106 -0.005085913575384612 0.007515947161266252 -0.03140921546469457
107 0.003829190164591559 -0.006195391834689867 -0.025780835708009545
108 0.0042732027137335205 0.0008835630984880384 0.03226753365255898
109 -0.0017910987228703032 0.006779630055562829 0.03290064861494431
110 0.003188885396195471 -0.0014109210340595146 0.032777733680560105
111 0.0008909505539928331 -0.0020495026002611653 0.03510331143639294
112 -0.012388269682070449 0.0026948045209010674 -0.02848384592827112
113 0.0012869696574287909 0.013602203364395177 -0.027018539291867896
114 0.005831849374322993 -0.003986787427277573 -0.03233041793174807
115 0.008699730656977121 -0.004231800047944434 -0.027609784324090406
116 -0.00036899596618757136 -0.0013190881329902086 -0.02742916433551739
117 -0.004076989924983336 0.0007060544952714395 0.03169128193841707
118 0.0010741211952970718 -0.002179089243755067 -0.02082331061134618
119 0.010217725413754902 -0.0026649347477823958 -0.039845678233861516
120 0.00048154933684771417 -0.005363288424092186 -0.03300936293009536
121 0.0009435581560200833 0.00026878707406825103 -0.028190251279115546
122 -0.00496287754471255 -0.003133974998747919 0.026751249121233826
123 -0.008360643073152603 0.009828515808503073 0.034367657687258496
124 0.0069791254711564395 0.0037485330360278075 0.027402727083082085
125 -0.0038949361103778196 0.00024503285798704866 -0.032807541210598756
126 0.005215092505697152 -0.002672434122129426 -0.031037119402034727
127 -0.0059864840671957145 0.003683994721144202 -0.02677580407466217
128 0.0009371010591838255 0.0017966505267430367 0.028140434401912974
129 0.005000345644435 0.0004199401280423551 -0.03011033566277351
130 0.0013940563074742174 0.00543790203480855 -0.027241541963002054
131 0.008398738892289075 0.0029819123803220132 0.03786996638694258
132 0.008751997232093467 0.0058460711558951505 0.03140188650024128
133 -0.0054588859512119635 -0.007793073015761829 0.018453035930444374
134 -0.00442279606875939 0.0058758853712695125 -0.023366345826090453
135 0.006179406845834266 0.008551127473078275 0.026179913202969873
136 -0.008521447078598518 0.0033614054449495126 -0.024511970122910016
137 -0.004611920583194144 0.0020374110073988413 -0.029941696646221833
138 0.008955002967507494 -0.00013580037284911892 0.03404511243180104
139 -0.002397345597756874 -0.0044147000412319 -0.023342373316589966
140 0.002411053416234543 -0.00020167430278404674 -0.03339370198708865
141 -0.008924069284060351 0.01391553232021879 0.023658340278346873
142 0.005169209122090051 -0.0019625628590154084 -0.02542092898817258
143 0.002866979499028321 0.0029358864835568425 0.02427801036621069
144 0.001790592788151829 0.004093629318333089 0.03342868885137905
145 -0.0006603337382090225 -0.004036393092735057 0.031045231495369467
146 0.008496432592579983 0.008203291586390334 -0.019263810456382646
147 -0.0020832079986994115 0.011509297982449006 -0.022706510515078465
148 0.004199903331265048 0.005187017648406671 0.03589243787002465
149 -0.007442339549499865 0.005153621700249 0.032863789145901566
150 0.009724416121097146 0.00646321628577512 -0.017577342559309157
151 0.0069162731688163365 0.003929400058902768 0.03450748207916761
152 -0.0052161882525813205 0.0010444193037905912 0.029214002942647158
153 0.007258842231047891 0.012282046864639835 -0.026360112897351264
154 0.004631637646571672 0.0034593882187607394 -0.03479698242483477
155 -8.295080968540166e-05 0.004375330083240283 0.03207280652002051
156 0.004260799983818606 -0.002434927405815232 -0.030841787715822588
157 0.003562007341713462 0.0007139019856099021 -0.028814035983584736
158 -0.002379518485682323 0.004491678803335556 0.030878496454065776
159 -0.0015510063472507427 0.006799630392446761 -0.03500726056686197
160 0.004387255873362712 -0.0013134638126724787 0.03560352948042912
161 0.010316993298455555 -0.0031505094650058074 -0.02436917562459083
162 -0.007905992124115135 -0.004822449730718693 -0.030129361910928455
163 -0.002787955433713983 -0.0073565569932202285 -0.034307001805333665
164 -0.001805769661954738 0.001433945782688826 0.026744498816724586
165 -0.012075679323434854 -0.0004568884760942915 -0.028759010499991054
166 0.009146325594120382 -0.0007801093429508806 0.03165548893319566
167 0.00571336811128019 0.003494285050508506 0.03862160583449289
168 -0.0010951290918551487 0.005994232340571337 0.0420047135999535
169 -0.0017895025844890979 0.00952682575914868 -0.030079572657894023
170 0.0018953609752434958 -0.0026622122060814407 -0.024998131882633536
171 -0.009277505314151085 0.004915169684155572 0.03857529012409666
172 -0.010657893059594165 0.007519111580564501 -0.02841385630371097
173 -0.002654306318252612 0.0026077411614477772 0.024570267190352067
174 -0.0025871200986446394 0.002612520191563602 -0.030154960154110236
175 0.009603759221523579 -0.004932114679163088 0.020611553502566073
176 -0.0025212167425744184 0.0056384724685523135 -0.03533591126668865
177 0.006388678828747843 0.004486288849160776 0.032781946039172595
178 0.004880420589742529 0.0013857327118645957 -0.021063427920451412
179 0.006396199245479961 0.005921001634700884 0.028526486830234635
180 0.01524568551461622 0.0027964934498203604 0.029615369387302
181 0.005414835236207102 0.007882757235817375 0.031059220207529332
182 -0.005922180251862072 0.0026712854734057545 -0.031383491545798156
183 0.001695687923502321 0.014763731434856792 -0.030427005792857433
184 -0.0005177093569409714 -0.0020744733747743646 0.022067529263573367
185 0.008003050158629992 -0.00819550790419915 -0.027788531832072798
186 -0.004994237963374171 -0.003057960278977215 -0.02233416117284999
187 -0.007483044467606059 0.001737972232515935 -0.019394339650965573
188 0.0001992028345566034 -0.010860670383976763 -0.03206487562403337
189 0.005010184943644914 0.0053913505665337275 0.03246355093967268
190 0.0006238138777756412 0.0011145673149909677 0.035445033475782636
191 0.005325297173780757 -0.006730890256748404 -0.021404205089812937
192 0.00036643335395146817 0.011580600834916632 -0.027050244366597302
193 0.00199189920041524 -0.005667077975780227 -0.025979565867133222
194 0.007820440289269731 0.01010977247961721 0.026641222404376014
195 -0.0009274986644913835 -0.005326582954537716 0.0320748626928242
196 0.0034767055342332202 -0.0004395578925731891 -0.024791177370354727
197 0.003741989248511518 0.0016208580933838208 -0.021819912058662773
198 0.004427684595043349 0.004681312992635481 -0.02378128501146333
199 -0.012731377381630313 0.0021620967094956103 -0.03590238090903143
