200 3
0 -0.0038200799740471733 0.019810672241121416 0.005868781458250402
1 -0.008928419997129691 -0.015245049090983183 -0.008812941244474723
2 0.0072797128595826766 -0.009509981037335751 -0.039073303550378954
3 -0.005317585470077462 -0.00544265762711785 0.0031404051205352335
4 -0.007932778498555226 -0.006330610535037589 0.009211588298495787
5 -0.0009651141495283094 -0.0001578626979080568 0.01553478600241883
6 0.004859647223474518 0.012576305676351068 0.006821475812375771
7 -0.007985217977475902 -0.011890304870495812 -0.027217740364078202
8 -0.0036585871314751134 0.015300107362227165 0.002309239876913352
9 -0.0011189219474965167 0.004068578228735315 -0.0010466793542773696
10 0.013812920052647996 -0.0007667076076324705 -0.004777096168473341
11 -0.003167771473179209 0.00626448807775018 -0.01692109250176653
12 -0.021593071921527172 -0.010736573787201623 -0.013214632382890112
13 -0.0004162088253745911 -0.008475689324797184 0.0015450053359035362
14 0.003825713277864483 0.004455897923665866 -0.0027397839522982637
15 -0.010030817239702582 -0.0107666803860446 0.012058572776787825
16 0.0029477348587375325 0.007070728807471602 0.007327994785710237
17 0.013262411879286368 0.005583980210841333 -0.005302248618646009
18 0.006475528679072863 0.020911449178190836 0.010959591208324546
19 -0.004582012125639676 0.012029649379189822 0.01176005279776737
20 0.0009423405130957619 0.0011867422110898181 0.012548032808772022
21 0.018006709943019884 0.009507044155342911 0.003227997762335677
22 0.0028336716715299803 -0.012778928489982636 0.007176073086098786
23 -0.010896806168179368 0.002576535575975234 0.0028106421029526485
24 -0.019844772114188808 0.014896662181244497 -0.007734111829412846
25 0.010856522151274299 -0.010936459516678515 -0.003444338167460481
26 0.0035994415907272845 0.007810596224798433 0.014522614869079492
27 -0.0011281711086618459 0.015962115828948548 0.0031516202557888805
28 -0.006824827872914288 0.021127537669773308 -0.004865797776160991
29 0.00026224441163797416 -0.005683611319442333 0.014990797616223198
30 0.0014272914246122037 0.007216642523909481 0.000625316314288221
31 -0.006004798668836891 -0.02331751326819389 0.010877232546988306
32 0.01723625421269827 -5.830738844837813e-05 0.007516347887304351
33 -0.007301999743966343 -0.008090287015944907 -0.012563611856447374
34 -0.004795765164964702 -0.011283577493206527 -0.0197853724970051
35 0.005009873039709324 -0.015201364665841363 -0.011456935129656266
36 0.0008657586497069145 0.018251677145282696 -0.006835037523388585
37 -0.007001693933209666 0.00030659826591057995 0.017528326458476455
38 -0.0039867334489679315 0.016901541870308227 0.0030213441792085773
39 0.018739424176669663 0.011227729105449124 0.012861510472586005
40 0.002256232537058616 -0.02003869852429891 0.001966579273063339
41 0.0048214631937397445 0.028433050951277336 0.01609756567762681
42 0.005381176551470711 -0.008588627418205277 0.0024732238435401163
43 -0.010331742971789189 -0.007396509393995686 -0.006220825371410568
44 -0.004925310539153287 -0.016276323226757747 0.015259773476243235
45 -0.006750735052290652 0.002945947286207659 -0.0019314642505045831
46 -0.0062538093354022935 0.02991873764358119 -0.002054367524318333
47 -0.00911393945403026 0.011297380710072275 0.001079362701835472
48 0.016731405225532296 0.012492469677743326 -0.0016358720433520026
49 0.017615545695922837 -0.0077167127899958315 0.00801412669674477
50 -0.010182669822350054 -0.010139087838670617 -0.006521703937005199
51 -0.006988113066360657 -0.008944447170313369 -0.0011392120655564705
52 -0.010516639616875004 -0.010505841221043755 -0.0259322038722756
53 -0.014613703070152459 -0.009323054957638494 -0.017342542653933132
54 0.014168787777776887 -0.009899748536526245 -0.010324811058399108
55 -0.020470507385891755 -0.015347439147888733 -0.009979341508682786
56 0.024851244542969372 -0.005406079725967516 0.0030318566020609075
57 -0.013992306615850797 -0.030828769517442664 0.012884045668627083
58 -0.005363589048306815 0.005577869923122173 0.013720578478552861
59 0.006550209228709282 0.014936469033057113 0.00990380096050198
60 0.019177511437764024 0.006475987954316119 0.006083251261058012
61 0.008264985028385435 0.002671401824671158 -0.001164184932307976
62 0.006841903344799241 -0.016882126184132346 -0.008687419875179
63 0.011661896991457369 -0.0024977143298857973 -0.011261263125050627
64 -0.00671659648701577 -0.005903580461134443 0.005991803797831499
65 0.016588220975594238 0.00854403955920606 -0.003586986318446797
66 -0.011157198626803732 0.0015036510966370438 0.01725242371233976
67 -0.0070395972627853385 -0.0008206932576337658 -0.018117440052141373
68 0.006282589662241687 -0.005790504356991244 -0.0013958531145889855
69 -0.0057875633167330034 -0.0180736486655758 -0.020376965097743005
70 0.006646875101360736 -0.018541196205529083 -0.000931249945215859
71 0.005315901089734912 -0.0008136318657892827 -0.006172574889029782
72 0.002101421992067566 -0.0016321111984341913 8.013587655841814e-06
73 -0.009608965052883084 -0.00447882857818698 -0.0034527020987320176
74 0.004996176131326642 -0.01446826481327083 -0.01662232964891283
75 -0.00039805098625636526 -0.004996320446606934 -0.016075440300267717
76 0.00980304062446434 -0.0011870262728429573 -0.01450891375376459
77 0.006217485752839702 -0.013909625267530364 0.011257940235342392
78 -0.0015679594818692605 0.037768097823239255 0.0006282778680993285
79 -0.008979405148763095 -0.026885003541350656 0.01511217488134671
80 -0.012360561791513631 -0.00044253819888935217 -0.002419909103343592
81 0.005443619268273497 -0.007968035948435856 -0.0049866212473118
82 0.001489373822970548 0.012118630022569743 0.000463905738274685
83 0.012335991307522665 0.002825210784318414 0.0012346589809408316
84 0.003178610963297787 0.01583181053059665 0.010768586723800232
85 -0.007775024388215188 0.002691682444445141 -0.005887433352677314
86 -0.004736780250145865 0.0038937211708277852 -0.014113370739469444
87 0.01570765896253075 0.01167131904757028 0.008334967808345233
88 -0.009593784329691948 -0.002165676338922713 -0.011553926489260666
89 -0.004629420869500582 0.010289425001616517 0.014747944396680222
90 -0.01016308135553809 -0.0007867119366722084 0.002218846436019565
91 0.00028631834543350887 -0.0005387124382604525 -0.004466270238527616
92 -0.0010674707285861906 0.0002606746320792533 -0.015245414404544952
93 0.003056256022277798 0.01619725428013707 0.0025369230349267307
94 -0.008156387204439527 -0.0029762651443907343 -0.023250165515423374
95 0.010679926530000862 0.002408289339049465 0.00922703637326385
96 -0.013066064846489325 0.005735684818834685 -0.011717628154224932
97 -0.0051371184079461955 0.007092488003450258 0.004295833681462304
98 0.011824963128421365 -0.018905664839774253 0.01909147888512438
99 -0.020192342551754366 -0.010210547094759354 0.02671886973514706
100 -0.007303215684567479 -0.007060944757342702 0.013893761415129949
101 0.011922645407171084 0.0220720290365468 0.02046355788588311
102 0.013737777122507264 0.0057851465540764545 0.0022250043343846303
103 -0.009920781845081467 0.016205645169975216 0.00948920411188155
104 0.002189547114583473 0.0078390250139099 -0.018180233816323367
105 -0.006527909999924558 -0.000484469313441184 0.004707440426567441
106 -0.006989760138781595 0.007482173738162527 -0.0013380517879869472
107 0.0033783619432368513 0.01039988038287612 -0.009456584273834154
108 0.002366430416450495 -0.014357864044664853 0.019585149170785715
109 -0.02188302199556455 0.0017073870663396988 -0.0005584928796255467
110 -0.015587740486603552 -0.010636392238375307 0.0030941967211590427
111 0.002179684258752222 -0.010322059037423486 0.004781183367903875
112 -0.001287470263021069 -0.014555217524813539 -0.03497430224745235
113 0.0029589419088517028 0.002001738342782512 -0.01767434912003142
114 0.015696962279989526 0.011145036967034241 -0.007064710401918407
115 -0.0032630758598898822 -0.003899828835905364 -0.0006661723872469346
116 0.01347105822141649 -0.021659143730102207 0.009176171925853878
117 9.582561109787793e-05 -0.005602677923763857 -0.004352524348685076
118 -0.006227263607058629 0.011200240434522002 -0.0037932006329799636
119 0.013134515564219483 -0.00854226782666885 -0.0029364170369692707
120 0.017528077667126926 -0.02374217946543447 0.008273586664194643
121 -0.0030753014026996955 -0.003967094160902067 -0.0019947257319650052
122 -0.009104604770811044 0.012050981243032506 0.004954454556292965
123 -0.013318271879110555 -0.009605362819614056 0.011083968372309093
124 -0.0073903393391188815 -0.0087210549194136 0.006314303262903442
125 0.007613269653489588 0.009622568373804638 0.01139098552672168
126 0.005500475422616238 -0.00648307664686127 -0.008958274859158996
127 -0.014985811137017122 0.001457309623848907 -0.018873147217058017
128 0.012862912336048124 -0.01253275990454971 0.011507026584342536
129 -0.00133337184083172 0.017493734040879394 -0.000783511619203466
130 0.0043681691115842886 -0.0025579992886017137 -0.007772506787440299
131 -0.009354339553140977 0.013464312306102743 0.003988457177527258
132 0.015969287439247137 -0.016578710063764733 0.01630274497175161
133 0.02147862271168738 0.0024780767742351266 0.002707308117790575
134 -0.0186619222612444 0.005939810995322057 -0.020924281752773242
135 0.016509318351922514 -0.02250542430181998 0.004716805047983874
136 -0.007164540379009186 0.015165302303204523 0.00037676380907364186
137 0.005082259635998787 0.00437246148281807 -0.02050996543849542
138 -0.002231660796096692 0.017022097427591934 -0.002275924855088339
139 0.02729387809589215 0.0023622809626173726 -0.014350124170991935
140 0.002145626902001818 0.005699893382663412 0.006625707372896373
141 -0.02493839931301621 -0.002911590851208291 0.015263952990189594
142 0.0023567066463229674 0.0019495456199717558 0.002287213855383753
143 -0.0028836385499429115 0.009290954476585567 0.003650992273911703
144 0.001804646357067341 -4.5983768037188844e-05 0.008149680581856382
145 6.030894621363112e-05 -0.003812022089841715 -0.0011886158077690397
146 0.022682484944053366 -0.00964612767898047 -0.005111348792195623
147 0.003457722818558935 0.0056187718511071585 0.000336721967648005
148 -0.014001357069519188 0.002917161012588187 0.013200540289963258
149 -0.005814985464549262 -0.013741283801451842 0.011405565808069812
150 0.007727959546705788 0.003695344981886853 -0.008485662528770185
151 -0.021856539812506945 -0.005511835875154851 0.012147150774112665
152 0.007836569493260802 -0.003146443972040766 0.012656950986139712
153 -0.006440014777165201 0.015749813208818797 0.013137276376842838
154 -0.00106538291422862 -0.0002252843238604446 0.0033007881110117127
155 -0.0013022850963111121 -0.017883946832957714 -0.007286538997447075
156 -0.007150676344830936 0.010476738447779195 0.0006435234716835308
157 -0.010420664260757564 -0.010813528385331022 -0.012900794854104947
158 -0.006743132616680858 -0.01200875546797063 0.0043594133493825155
159 0.012926086678025334 -0.010641006933777716 -0.004428896037241933
160 -0.000578096542943482 0.001546061080345728 0.007423408949309356
161 0.0020049731082989446 -0.000988522495548115 0.012625641630306255
162 -0.01758002821367345 0.004292823144652028 -0.007152378721853847
163 -0.011722229439669836 0.029937878551614644 0.009120031148849924
164 -0.01163317903585609 -0.004392126773658127 0.012884759151823619
165 0.005597168055352191 0.0009228615622431241 -0.01888929769762991
166 0.009797514510424377 0.01122993393672675 0.010119534978128671
167 0.009512170435833599 0.009949989918911873 0.021932093985422202
168 0.00726383605660761 -0.010401576789407615 0.008750975057005325
169 0.016489865709711837 0.001719337545247836 -0.004031133864169124
170 -0.0007208202994713996 0.009487331433903255 -0.007527555157889207
171 -0.004789855745592819 -0.014144251336333014 -0.0010901302168789193
172 0.003314964408810781 0.003756827291673946 -0.002580636573951002
173 0.005881711435301893 -0.009403498072988153 0.00511681071210833
174 -0.010146235772232712 0.014453044165020607 0.004065773111809376
175 -0.004364034035506916 -0.006901101843583987 0.01185006237599269
176 0.002348699359443464 0.00857934235567287 0.003081367116750486
177 -0.0057185373275089185 0.016258012033135313 -0.0008425904254728903
178 0.01237146007944228 -0.013216959262425651 -0.01415987993576634
179 0.014995624443044621 -0.011723815598442308 0.0026624623072171033
180 -0.017662027214616252 0.007136837321466779 0.014271928415407018
181 -0.0032279820071465662 -0.0025851125011401837 0.018167260215383625
182 -0.014719928030138857 0.003805345189710611 -0.01841571028825617
183 -0.004828998260879163 -0.009573770428250439 -0.005940798085702935
184 -0.0009821456252950694 -0.010970557543568862 0.008791252756771506
185 -0.006894315192433496 0.01126562043341546 0.005942039686725145
186 0.010907147571541279 -0.012448153126862926 -0.02943603839190008
187 0.0011601606170631579 0.017008123769336164 0.015749443278288394
188 0.0025252055758035116 0.009570152798422271 0.0038350249700641326
189 -0.00885898524888237 -0.0037124100205438524 0.0118743852979026
190 -0.017024262558997173 -0.0065644217184279985 0.01666417707819986
191 -0.01736928468978502 -0.002469848110424687 -0.0035649995565634994
192 0.005792577529676608 -0.012375515575812977 -0.016793965146121553
193 0.006719295498527893 0.008081404394675818 0.006944236190090918
194 7.24897116367168e-06 -0.0029250249474600566 0.0020647253235394256
195 -0.017065354566328364 0.018863856011805347 0.003438814284027255
196 0.0024485019951036423 -0.0035563851992452752 -0.00024738469322507436
197 0.015193737709861724 -0.013569361286417024 -0.0023428887903357027
198 -0.011193470676228882 -0.01796367989664311 -0.003035701458890386
199 0.004656600164580813 0.0056663349160593485 -0.03040999032147157
0 -0.011913708232895552 0.005226754552754509 0.0021896400831482605
1 -0.01551139937235705 0.00029976967063791854 -0.012994802067862243
2 0.01464138031732791 -0.003155444152915207 -0.01572967079871307
3 -0.0015436289506567114 0.004727098117162237 -0.011560797707838015
4 0.011712280461290397 0.019429887266446542 0.003315538920607111
5 -0.01066264746897757 0.0038806612467902415 0.005054967176012601
6 0.006951365336985177 0.020033324090403287 0.005376440826859095
7 -0.004345933746916331 -0.014773995345010615 -0.008795713254008963
8 -0.016858619149453934 -0.0018349497336793696 0.013688133095282294
9 -0.003976872651971668 -0.01475848690770369 -0.01218161327415733
10 0.00862734188997833 0.011635816287044926 0.008570686941927749
11 -0.005384648084657688 -0.00877802265579307 -0.004639168319079026
12 0.0038910314453222267 -0.014462213287852278 -0.01000758097316888
13 -0.0007922425987280414 -0.0042872762291102096 0.00662005450426012
14 0.006067120511755099 0.010914501596274405 0.008944526512392074
15 0.002663777062104189 -0.00030516151623549703 0.009205086634444554
16 0.005994470146368193 0.011265299765448836 -0.0008273593501845512
17 0.016738642635242176 0.006123659284009958 0.0060480296839889374
18 -0.005453860783051595 0.01818860878700053 0.005097504730955854
19 -0.007373817056901991 0.005667476953426474 0.00927856083038324
20 -0.00902028194616949 -0.0017826186940204207 0.01110334748860222
21 -0.010875042044759559 -0.0009018897027041816 0.008504652793891523
22 0.013468265307956282 0.0005845866249055073 0.008064000440099847
23 -0.007187476290856296 0.005857499643640157 0.013283015411146001
24 -0.016267467540834343 0.015373155734401178 -3.4607485517916536e-05
25 0.002795422918658849 -0.02063428076577424 -0.020989970252801853
26 -0.0037875011994579696 0.004989627169239487 0.017650207418517846
27 0.0007711579758215761 0.024436323541285054 0.002525092500863954
28 -0.007397890623957147 0.014478227174874403 0.0027840526960405017
29 0.002488596412199517 0.006538899903759863 0.008577624848716325
30 -8.860065555964247e-05 0.00998158807945708 0.003737150204653192
31 -0.004293728227064621 0.003700424334167403 0.005278792461814421
32 -0.004933394761646288 0.017783058948079224 -0.005659662990932526
33 0.009253016000334874 0.001183508331148512 -0.009726168734725815
34 -0.013354662842338182 0.016194708922454976 -0.020830645104912615
35 0.0018421101333519208 -0.008238599915283265 -0.009110111316816182
36 -0.0020613257758419438 -0.0001702115291510875 0.0056672962459823825
37 -0.006703458106810837 0.003711620182759114 0.009344723689207038
38 -0.011996620107923413 -0.0035871391398988386 0.003917468413710261
39 0.0030226571497129068 -0.00857916501827919 0.012403567008654002
40 -0.0029238224893232195 -0.0026005377204461957 0.01210099439127979
41 0.0028589471360179405 0.0109827527206834 -0.006388206998057075
42 -0.0009772964955767904 0.002024647142042861 0.013608615303701548
43 -0.01262504935324376 -0.0030802922363382113 -0.006291173064515827
44 0.004181184993469136 -0.006392757038353944 0.004374154069039293
45 -0.011709381732586142 0.015835250365299623 -0.0037940419938851874
46 0.007401182124292156 0.026136241970227125 0.004092735206153978
47 -0.020667102954754074 0.012737719529447723 0.00027364382436725204
48 0.004258922818238066 0.002002590467140901 0.009792820278166008
49 0.004827520018989159 -0.0017915747001682573 0.012083696965091845
50 -0.01433457006951322 -0.006407989731930998 0.0019282738828537635
51 -0.009294405252441774 -0.021598648854134796 -0.015786121452309232
52 -0.005812450572851943 -0.010914645052695786 -0.010102688228225506
53 -0.00947815950441265 -0.012640598003042548 -0.014757337520107203
54 0.01664222200460312 -0.006576984367776081 -0.0019383625073405922
55 0.005833249922341986 -0.023991609489101118 -0.01827776666787846
56 0.010961830176617171 -0.012351504594872588 0.010412631603310643
57 -0.00992510298390771 -0.010900991950522784 -0.004093663485125337
58 0.007714003791116548 0.002554473387755718 0.011887172980393934
59 -0.007279691669709941 0.004713718492390301 0.013333656411629771
60 0.0060994110852674935 -0.0019188605031767794 -0.0022722291706640226
61 0.007977622588379196 -0.0010884484410458879 0.005687619105910976
62 0.003300229042035986 -0.012895965501460507 -0.021499478541881237
63 0.0036233224166535224 -0.010514843731725683 0.006000912321608317
64 0.009987628075938594 -0.00031389591603284313 0.006467766205336706
65 0.0021254819222910476 0.006160375922325358 0.0037243875775601967
66 0.007761000785347076 0.002689338674899955 0.013462106946760699
67 0.008341820410376816 -0.00969963887414263 -0.01475964775144617
68 -0.002685559346608985 0.00012887413455320296 2.5152059551023596e-05
69 -0.008069973877484565 -0.0069470728454190805 -0.015267713218573953
70 -0.004777929875020825 0.0019630460783552003 -0.012851528504428444
71 0.0018229057589816897 -0.001752672970562412 0.003637585143510872
72 -0.00541120183840571 -0.014592581589219777 0.00972669388416279
73 -0.0014021552759960199 -3.360717042399583e-05 -0.009334370137586406
74 -0.0048819143483726036 -0.0036056424066514894 -0.021089504106108964
75 -0.01568682970713245 -0.0009794614227339495 -0.00796571365011757
76 0.00862480217082888 0.013216209213527862 -0.01576139621754219
77 0.006932800648597394 0.00684890158102245 0.013348621712501271
78 0.005175750237470542 0.011945718459071109 -0.0013624479491403212
79 -0.015691460946596583 0.0016851155686715413 -0.0021410460960360547
80 -0.004181052664571083 0.00945859411377089 -0.00556501566675527
81 -0.0025104197343340275 -0.007987999252077008 0.029563557547137333
82 0.0010600120506968486 -0.004991725747579242 0.008629162327564787
83 0.0026408316427720957 0.0028289441983794985 0.004972729157746631
84 0.006496417176423852 0.014281019793862176 0.008939275211677422
85 0.0026773560268777176 0.00824349771423609 0.00925126856390789
86 -0.006159455118512909 -0.0007207631417728011 -0.022045635891147608
87 0.013435976570202679 0.017139840961641478 0.0025882111214447535
88 -0.011052269234051976 0.00028210703534022746 -0.01635582281581356
89 0.003628954699974927 0.006933847554706052 0.008347318982571704
90 -0.008221218744305508 -0.004373825519773647 -0.005885920610106099
91 -0.002406421859023001 0.0033702386424078606 -0.014436773152496182
92 0.004632503938060115 -0.008883714237540134 -0.006820898499634645
93 0.018363155218080837 -0.004363926795171044 0.003661155185815345
94 -0.0022471096501244276 -0.00962734724928447 -0.009797346209443641
95 0.003371700870691559 -0.0074668350136156605 0.004124840284083955
96 0.006677101314215607 0.0077079126718764684 -0.006286847870780682
97 -0.005224523098124842 0.003329940989499772 0.015062451921230829
98 0.014839703626809794 -0.020813887476003642 0.007808300729417572
99 -0.01998569987759187 -0.017173099447055667 0.020952739205146023
100 -0.004911286330762347 -0.01361838551925064 0.014604196594567659
101 0.008442777553076986 0.0009724236078055559 0.0006093650571388637
102 0.008712673814907698 0.01024266281606485 0.006731343411728688
103 -0.004309339089116876 -0.0035122263899799236 0.008593393203406484
104 0.0007868266970763663 -0.010549190591343238 0.0026843642169063348
105 0.001116873091659143 -0.0062411133753558674 0.013897255738589978
106 0.006009750452276051 0.005807381048226606 0.006985680635475718
107 0.001603807086391209 0.010576551820465699 -0.028958013951259923
108 -0.01591916052983547 -0.010573061488830512 0.010326691989461678
109 -0.010054497058556877 -0.0017753799973100545 0.014562746399888152
110 -0.004807579153352434 -0.007820634217590598 0.013574695044735723
111 0.004904486318093447 0.002708853234774246 0.013905494537148344
112 -0.009060066593734553 -0.002250946381004605 -0.0060251912197895885
113 -0.007454441705558948 -0.0052382887518130595 -0.01492622310352916
114 0.01042496516699537 0.0019407486812051608 0.004458154620178987
115 -0.009946737014338614 -0.004197094898946785 -0.0023543392065027615
116 0.01340238696507999 -0.010614351074331299 -0.009411295686834908
117 0.0008885911746246127 -0.002975370028036918 -0.0002788645746183739
118 -0.005693937320290027 0.006532893239987271 -0.005418475013615108
119 0.006458675562001116 -0.00521596939920712 0.002078385587159292
120 0.016434573166974276 -0.01595584662454551 -0.02408936799258474
121 -0.008950805204465326 -0.013445374680131145 -0.005018811591037963
122 0.0016989717070667511 -0.0008581105743394046 0.007177714948010913
123 -0.004485068030213833 0.0031315023207247224 0.002538412905617439
124 -0.01580170863017681 -0.006897762342823098 0.013132199921586561
125 0.005175304737911543 0.005548065955399736 0.010434426416843712
126 0.006467422450184876 -0.01299242719610811 -0.015215279277343778
127 -0.013871768509626584 -1.0698000570876637e-05 -0.006616422436362665
128 -0.0026513629608539493 0.0011517840248918693 0.008744633832330248
129 0.002687872649345873 0.0042373559374705855 0.017530490985936828
130 -0.0077013055799190905 0.013489173604487033 -0.004484500749743395
131 -0.002576107256026288 0.007311331272057395 0.005990220301702508
132 0.01316674048410349 -0.013103803783144706 0.0019347154678518302
133 0.017424016000195594 0.0037712479081844427 0.00046657846570189896
134 -0.013499584192158715 -0.015250915491831342 -0.010251925256227618
135 0.02488393296447737 -0.004948299146626124 0.004913245587019574
136 0.003179781527108674 0.005675156786696847 0.006702575924465376
137 -0.0019534251477689307 -0.0034570821790706006 -0.00708110745142649
138 0.015074861548810891 0.010111540568546393 0.004371943989146792
139 0.030658668091394836 -0.0014135018001541974 -0.0100466320655941
140 0.02051997454398402 0.020018830086471637 -0.01147924083278458
141 -0.010029318403161541 0.0029093835875339327 0.002171843580485333
142 0.008343790048133286 -0.004637559001287407 0.016483391833412443
143 -0.0004440977387837608 0.01012537874422624 0.0025648190221833466
144 -0.011991160649599548 -0.012203637913409386 0.01701283831666843
145 -0.0010230823389577905 -0.005346613724697872 0.00966029778826017
146 0.011648906364259692 0.006551333369501496 0.016672564762812675
147 -0.0073888164324256555 0.005382152803709829 0.011218701505170072
148 -0.00141647621106928 0.0026989482403214967 0.009607446753847622
149 -0.0025811807556110414 -0.008053377602203482 0.018688667263671493
150 -0.003896228045164995 -0.01608396139246004 -0.018123509260079454
151 -0.0045442294880471135 0.004003435413362809 0.0014225766822536165
152 0.007262923593489803 0.008552204852287127 0.014241019095247012
153 0.0012118114069434062 0.014016264592553083 -0.0028653593939064375
154 -0.00626088602517183 -0.004348097395170192 -0.01451763822808301
155 -0.012435213223864962 0.004162861184689264 0.007121473430482985
156 -0.009795478127407622 0.001389298472030221 0.008819231030097706
157 -0.021345320216291264 -0.0032732257142220004 -0.00012466008226590108
158 -0.01154725289257718 -0.012530154751827782 0.0014199761243728418
159 0.006289326762479917 -0.0024864313081612716 -0.005910077458969834
160 0.01368817398559228 -0.00271066613982825 0.013208895617315811
161 -0.0049263963555975674 0.010844900103940514 -0.0033411399619043373
162 -0.010440830084577288 0.004411810397271541 0.013732837383219235
163 -0.007219167976528912 0.015696064285192296 0.0024157348841049447
164 -0.016066950518101294 -0.011783445055829622 0.0007095229571973671
165 0.007020008483011663 -0.0025943812608023725 -0.02984320398147318
166 0.005244481783608278 0.017255759874764902 -0.000842965111431275
167 0.013721402551538177 -0.0025187528436056393 0.013535357199566833
168 0.0022046855359718134 -0.002852451874323529 0.01416624866688998
169 0.010386806544093491 -0.00023197881748060825 -0.0028621574805200584
170 0.00040806270746475415 0.003642649547771791 -0.002634017500182599
171 0.004547286504718109 -0.0014877061133626857 0.020118340531531505
172 -0.0006694200027440949 -0.006286354853983618 0.006740772227276764
173 0.013202800036414879 0.0007585460913405555 0.010678456325852306
174 -0.008536515370447972 0.0068219306568190405 0.021593801790318536
175 -0.0034248422023346516 -0.01590197596551994 0.011413188994003037
176 -0.00926470168757699 0.004784187544609984 -0.020105304998957525
177 -0.010808714718564219 -0.007659285856345007 0.007534167441923641
178 0.012926778564578884 -0.0230162189046048 -0.01809987476371172
179 0.00018567420656501188 -0.011701362235039772 0.017847840667241138
180 -0.009856901700710616 -0.008140267616358596 0.01068716489880709
181 0.00647835958073033 0.00044013105259305997 0.016635977474262764
182 -0.007267008872309938 0.002637282362578739 -0.024017915928829542
183 0.01092492598771868 0.006003793890175009 -0.013307028450258516
184 0.001739477640522201 -0.015402250757179381 0.002692550329214685
185 0.001569164020981003 -0.0047998601324828125 0.009577099004447497
186 0.00958481160017742 -0.015715698205757245 -0.01833749450556857
187 0.018466034295711094 0.006390296165355275 0.0013653364829821074
188 -0.0024802838456126283 0.009354160282801519 0.00699918523696977
189 0.0016567009698394302 0.00029727965406679477 -0.001747170291198745
190 -0.008731798698288197 -0.005428674694467055 0.008900317141004144
191 0.0020480598013482426 -0.007503587382682156 -0.003965280405475693
192 0.017766142624976007 -0.009685273375672772 -0.008133314285595564
193 0.0034868767756200056 -0.001843688702801165 0.0045120044588539965
194 0.006300164207917593 -0.00305682236863003 0.006984282529930044
195 -0.005158055789808741 0.0241120016769064 0.005738630583466057
196 -0.0031418082078350108 -0.009494655805272468 -0.004162354706230383
197 0.014724232399820264 -0.005526864485437287 0.0014622261799914753
198 -0.004617177203678234 -0.0025264194065772235 -0.018615705555163425
199 -0.003950027174236237 -8.683745672578846e-05 -0.027984730248517387
0 -0.004445607193904147 0.008271704935892632 -0.009989850291362224
1 -0.005201356865547804 -0.0005081107907225282 -0.004040853047703498
2 0.015533960385490292 0.004546103660879649 -0.020725031410961048
3 0.003308134533014734 -0.002424696532854575 -0.012295615166447234
4 0.008803209814266064 -0.007626351060469038 0.00280272667426976
5 -0.01139089512114587 -0.001193735228984397 0.016602447888711194
6 0.007654656019062983 0.014570416072387848 0.0008971179965383269
7 -0.008684780458958187 -0.002495903828166335 -0.009753759227586242
8 -0.0015773991392094497 0.0152175594629088 0.005275541587516169
9 0.004562774226111227 -0.0011091455961678258 -0.003470843642659035
10 -0.01143543374947631 -0.001025106272524088 0.01168880981018397
11 0.013838927190744242 -0.0011897591594478753 -0.012069424104973442
12 -3.0147733122064257e-05 -0.004812606957535839 -0.0014116824932884145
13 0.006858217235489177 -0.012903180136742506 0.013736964640469824
14 0.011518641661946438 -0.004804284528244277 0.007134526028737168
15 -0.015072518485865043 -0.02109876598104571 0.007852201628393583
16 -0.006590933952749464 0.020472456921858437 -0.005421182902525015
17 0.013223705331680227 0.008340388210054867 0.0017904140517009575
18 0.003254957635594985 0.010849992496409125 -0.0012672108010481666
19 -0.003848579024185339 0.0035246949894036164 0.00023984684518339738
20 0.002728014244843608 0.0025757627055345133 0.0031909386020671643
21 -0.005150651469536057 -0.010243649357250455 0.01518633802879353
22 0.0006799617051748488 -0.003877095616379597 0.027618081762991305
23 0.001103939893269873 0.004642953824471458 0.008523265236999276
24 0.001976047326388203 0.004985963740470861 -0.01748554292365588
25 0.011220189579134558 0.002193864341534485 -0.013161773775105676
26 0.0025311893604140307 0.012139566194532249 0.026303749937283627
27 -0.002426459467173581 0.00998844520135174 -0.013715077331749283
28 -0.0017082461687395814 0.006785455570907831 -0.002309475206332536
29 -0.0028451823660357646 -2.7638095353922344e-05 0.017037851493984436
30 0.013771878329605452 0.017782970221144917 -0.004765647414247961
31 0.002504758003601823 0.004258734242662036 0.0013610190989645152
32 0.0039024191018000587 -0.00716027680879458 0.015412833831995116
33 0.0003009999077549204 0.0036586754761236025 -0.017424350288817496
34 -0.004878673161543286 0.00491034813118689 -0.023725269458069215
35 0.0014788346106844423 -0.010547738369462586 -0.005567460232183227
36 0.006723175969390101 0.006331844061143094 -0.01295351783891397
37 0.0021399754230595307 -0.005956886721804685 -0.004132775308637128
38 -0.0036977547306028397 0.0076344855861425545 0.0057108226091784585
39 0.006392220549683331 0.0004410844996612941 -0.00965393396893341
40 6.158518473881568e-05 -0.0012637080968339529 0.006323896700026435
41 0.0006875027323378045 0.0032592182067820996 0.004037578488021002
42 0.010861551849003871 -0.011698432084261766 0.011169550964806846
43 -0.0031949689422693106 -0.011290929299943138 -0.01236213382981674
44 0.007076675167577696 -0.019846487975210825 -0.005793395054779885
45 -0.010793505876538656 0.0015569973799715031 -0.020339033493995844
46 -0.005666119831400234 0.016232795173843156 -0.008710154009503934
47 -0.008042539218299935 0.006915660950703978 -0.02202040620402641
48 -0.004929279982890798 0.0012798606505732418 -0.006410282355281589
49 0.00670199377998687 0.0035305888376166075 -0.0016491877086288395
50 0.004330137164698579 -0.007639701180418401 -0.0192652627000909
51 -0.005075753089624269 -0.0014524468999073115 -0.010366600490239672
52 -0.00873057321945149 0.002370610798810617 -0.028549348569367805
53 -0.008070526447511744 -0.009415868379466757 -0.016239801865469167
54 0.0035513505916960203 0.007850404732588967 -0.006081273319594838
55 -0.008856526192272562 -0.004292890989600895 0.0066953182051881985
56 0.017475722487194867 -0.011839803560462277 0.01824066806485994
57 -0.010234428299087564 -0.012636320140319138 0.006061115199348925
58 0.008472829787326854 -0.0017833490057381877 0.02268349462629779
59 -0.003304240255473389 0.01022723539532739 0.0006083659793429536
60 -0.006101927750499045 -0.0023627132639065344 -0.0014963361840236384
61 0.018657614992965962 0.0017202456462485178 0.007417029244093001
62 -0.004160457427753842 -0.014246153750194057 -0.017517471997250525
63 -0.0009695837767392732 -0.0005291867058127772 -0.008993558855394407
64 -0.013839244598154095 0.0016798904974429513 0.007811210001564622
65 0.0040769967459217335 0.0013800552976865887 -0.01973205415485066
66 -0.004463628008803481 0.0073605755519842025 0.018577923969850862
67 0.005279802020188176 0.0034889290406429144 -0.023198742126480362
68 0.007931982873430103 -0.009219278152356666 0.002022425167415822
69 0.002897013758949688 -0.01580617574312841 -0.010138450963946832
70 -0.0016721572820629655 -0.007076482258288878 0.00398405276167418
71 0.006236212143426786 -0.014969294563758988 0.003396999404747719
72 0.015200217863062231 -0.022335100068871946 0.0040020848955711445
73 -0.008697396131708994 -0.002054133545923287 -0.006255520989675863
74 -0.0007409409359291521 -0.0008820446946767105 -0.01713633262968428
75 -0.0052940713237327325 0.014049548221811946 -0.007452413208543944
76 0.016977789302473456 0.0020235964813365773 -0.003157910908113404
77 0.001035559200487618 -0.010517283023723126 0.02624648252382268
78 -0.00034824475787468764 0.010047247317080121 -0.0035450123467718536
79 -0.012285885685520415 -0.00239725310552176 0.015186867023657694
80 -0.012320431973580813 0.0038774870748256793 -0.00036750556655892885
81 0.006781583607122329 -0.0012786674196400838 -0.0001715349934648669
82 0.0012691951624580495 -0.003164589402496327 0.0044194539629724035
83 0.00452087336317436 0.0009983923992721768 0.0010896311645154939
84 0.020581094023036504 0.004047178047536404 0.006045075368869841
85 0.006388456083958535 0.009280667376668855 -0.0031774668773083665
86 0.0022609015697986935 0.012177585062959295 -0.006103580917239351
87 0.006401275389119873 0.011591763526347248 0.00465757439340516
88 -0.009835997561003076 -0.00286612390809088 -0.02529362204430434
89 0.0042986816506107 0.003137165338528751 0.0054281694071208475
90 -0.0078714288060861 0.007113366581718553 0.006132286520153222
91 -0.005832328236520402 0.01497872278959449 -0.008440845067614118
92 -0.002790739056686837 0.008276106400396804 -0.018399030819645223
93 0.0120526617580098 0.008565203299282537 -0.007454932621899124
94 0.011555736386672082 -0.0010023990235937322 -0.01452832084137741
95 -0.001851732350247489 -0.0004983295874669402 -0.0007437113634168047
96 0.003726815460546695 0.007631521520022833 -0.0005233915122757615
97 0.0013523447284736825 -0.010050789210517708 -0.009006507840704895
98 0.013017913627803954 -0.011889635785202288 0.013184847087876789
99 -0.007587574574276515 -0.0187922550768434 0.015773170099821945
100 0.006203255373669517 -0.00979913727545463 0.01772327870221989
101 0.012180757651630389 -0.00045284441923721525 0.0003909713720013086
102 -0.010261086909225621 -0.007315168558772258 0.0010711812766049829
103 -0.011532123238104257 0.003005622309518681 -0.010502783263838515
104 -0.007459674271221588 0.007431476959735956 -0.014514206094388596
105 -0.013228369782013985 -0.0067221203353141495 0.019298888375515577
106 0.02231693862332388 -0.013211918028646828 -0.004432568019740766
107 -0.009774245909409908 0.013962240823934269 -0.025323096484373878
108 -0.01011483466564913 -0.019834328884405353 0.021415171839867478
109 -0.003466836977412152 0.007376176599484013 0.01011203607827895
110 -0.012810129981619636 -0.006220442030118789 0.0011343232566959002
111 0.006810795115827658 -0.007462274323939831 0.015184987597463881
112 0.003828610767905933 0.008964029151863475 -0.009493013103361397
113 0.0018108910713094265 -0.00041339087664469393 -0.007633359730110437
114 0.008318467794276238 0.0103836459896961 0.001089763180182714
115 0.002234277350436357 0.007773701094598363 0.0059102427656621175
116 0.01305769656889326 -0.0022569150496210416 -0.007004164995802939
117 -0.004385835652027715 -0.011661600268323087 0.007748769353514715
118 -0.010086665834749868 0.0049433642877782305 -0.002733397857005118
119 -0.004736431768295933 -0.007777602270718269 -0.004600284866616707
120 0.005814598912310981 -0.006901957086152474 -0.0024668068149953995
121 -0.004539535867205562 0.016572570833276346 -0.006657884357998398
122 0.004472146168948126 0.01022996434985611 -0.002069983156930917
123 -0.0016369623774465311 -0.006037865831542855 0.017305102778670145
124 -0.008811597970927204 -0.010259425996307206 0.015243649889852919
125 0.0010215766667085804 0.0034864366877537453 -0.0027957067485399473
126 0.009546506079331274 0.011888436276787186 -0.012154822373417438
127 -0.003930263826836561 0.003370067513093945 -0.007326310992185718
128 -0.001230499531250203 -0.012011347401052253 0.017167090959206634
129 -0.010857988028108674 0.014461360688870911 -0.01406784979115015
130 0.007887515999128068 0.00162905355268805 -0.012910488309361208
131 -0.0010958634092007036 -0.006583899746878334 0.010821133800072828
132 0.010187938316020287 0.007304156100479478 0.008146475171257425
133 0.014161941418369003 0.004770182201804123 -0.004161476720785757
134 -0.004574547476339272 0.009970344065394536 -0.005121563184190603
135 0.01438221164489388 0.007190875527333884 -0.004077277218807979
136 0.006931616488076272 0.019306097351168255 -0.0008988882514224406
137 0.003353090632330814 0.003333485363330552 -0.0009331217836930986
138 0.0007640563288195332 0.014457797444621459 -0.016802987035948146
139 0.012114494791146152 -0.009944883366600321 -0.0165962450705925
140 0.012572214017888939 0.010495215632952401 -0.0018798831803400248
141 -0.02359654221228552 0.0002671828165840477 0.02282709485391044
142 0.01055078287703911 0.002076009833773298 0.012883531919389651
143 -0.004976188487961542 0.003619956152394868 -0.012312784428950705
144 -0.01113090285211795 -0.0035172454900343417 0.01150194296707293
145 0.0027117609063278783 0.00663605406174349 0.006495080842168457
146 0.008135307264717742 0.0030717520920468602 0.00016829500853546633
147 0.00250383176726301 0.009075665990365897 -0.0018848045909561108
148 -0.00551751229876888 -0.001034536118772928 0.011931734634080066
149 -0.010971714962859092 -0.021878554998703156 0.011272026113385653
150 -0.002278587545626186 0.0016618467699294863 -0.010908139540786649
151 -0.014618962226392695 -0.017005732668440764 0.016612017890973628
152 0.0005282428637972472 0.009380537277239847 0.005336559702834864
153 -0.004836545381629372 -0.005078744569344838 -0.008301977698767869
154 -0.01061038373163914 0.010715111140593044 -0.017008282872815
155 -0.0008164752138871689 0.012052277996727782 0.00752441260879874
156 -0.005003962165884605 -0.0035754396377904105 -0.01593635237608374
157 -0.00850295437017426 0.006446795182774218 -0.0185192370594313
158 0.005390707146659991 -0.00405724983028348 0.011236449639040646
159 0.002468822743969444 -0.0022802731185501204 -0.015525840670595259
160 0.015492893570735446 -0.008001932730539783 -0.008312154062938237
161 -0.0015984122207406241 0.012349525876635209 -0.00035347528255052704
162 -0.006656781316434948 0.005690911213253578 -0.0006595439122273252
163 -0.008604561736167762 0.01893457633611076 -0.001442145003202694
164 -0.014244419193943314 -0.0023273523939860083 0.012169651267778109
165 0.0018573835963374141 -0.01591240408297051 -0.014467096119265513
166 0.005390173370610658 0.005624792086658087 0.00608593650018685
167 0.0050830791478016085 -0.019107954854362477 0.018377715911978426
168 0.007773587214828813 -0.002723491929366585 -0.00795818954221775
169 0.021828124365137785 0.004971671676187691 -0.012600428463703406
170 -0.0051194931425375696 0.010990389773283288 -0.013520108253204863
171 0.004790030262457776 -0.01959801522802858 0.0017722090333724683
172 -0.0019102790589426038 -0.0033205179379518536 -0.01144816344697503
173 -0.011119621288160034 0.002570873760718878 0.02006936425330457
174 -0.014568214214170566 0.0006138409727089594 0.003987796873779925
175 0.010844221310795068 -0.009036090840288516 0.022946081322474512
176 0.0024622904955550716 0.014356733604211122 -0.021018695904762894
177 -0.013122304118545869 -0.0002993204039224359 0.0077554748047567665
178 0.0027252255858534052 -0.005478742931380662 -0.01375541932371771
179 0.014161306770772417 -0.008047846203510053 0.004534183722221662
180 -0.005125503332427089 -0.00288478970791333 0.0054184170399286385
181 -0.003135931105306567 -0.0027917005608851693 0.0006330654852181872
182 -0.006382963775772341 -0.00717631050463533 -0.017446037409467055
183 0.0007478696977230685 -0.002254869918177544 -0.010963902782628557
184 -0.01800683616141952 -0.010316286192240925 0.023441884648021494
185 -0.0016493785442403264 0.018476757107322772 -0.0035791907040518857
186 -0.00263609082300615 -0.017236368086940623 -0.019297009737793122
187 0.010416737614565949 0.013277794320235362 0.022484645442570755
188 0.010651822674128494 0.0055745900488577416 -0.0011493769180762857
189 0.0058153261563047825 -0.005533345045069225 0.013293943860671883
190 -0.0022651666505753842 -0.008451692512401292 0.007895295984205658
191 -0.013142953315490265 -0.014456097136200316 -0.0014558583137700629
192 -0.003942494139759348 -0.0027551157719320415 -0.007187362363471193
193 0.012811331419155123 -0.0036878872110437397 0.004160364527819167
194 0.0084652599359521 0.011053746376422294 -0.0070892959792979975
195 -0.011281247882537787 0.015821810840798534 -0.0045304370513331044
196 0.0044883645261695705 -0.0037608778024078096 -0.007265038460546904
197 0.010931753953238463 0.0002987764432996684 -0.007182261830187157
198 -0.0024381140681578456 0.013114851435399234 -0.0226814453295561
199 0.00437083820136824 0.011790546630589049 -0.01916696163886747
