200 3
0 0.038180677943275204 -0.026928103590558344 0.01476142473367212
1 0.03297838078528643 0.012314814391071486 0.05352713874627805
2 0.03898078953889787 0.03485888216002642 -0.010980012895394492
3 0.03624782446479922 0.0266125521105629 -0.02172391806754102
4 0.03818039747608428 -0.03302043719969192 0.02511733335380385
5 0.03871647295766079 -0.03920455135297799 -0.011475345836394217
6 0.03763858816303081 -0.022084220803271905 0.009450017741056985
7 0.0400217251542035 0.028507107942733704 -0.006780126021892196
8 0.039243866128479084 0.02718347216955902 -0.014785009448702658
9 0.04027777616436019 0.028838544440185708 -0.010845923405975517
10 0.038181299103988056 -0.03219772072052655 0.004672474684462617
11 0.03359588342488207 -0.0015821164477097577 0.061965132005952266
12 0.03708898236599091 0.022468593020655354 -0.016333500241216582
13 0.03844926040061405 -0.03602018765437128 0.013146360158202083
14 0.04103635252578793 -0.031884291753561986 0.004793379294247385
15 0.03652908175953077 -0.034399079355298526 0.024299805034688014
16 0.03708845801010685 -0.04038783779479948 0.01055924555188426
17 0.03708873511231063 0.021916923019703393 -0.015775623107305306
18 0.03898047347191662 0.029604495075824806 -0.004603846860341514
19 0.03736445047736471 -0.03141486219661919 0.012134438833616876
20 0.036530772278948194 0.025859540143034015 -0.03404478843451913
21 0.03844924943229735 -0.028810486261496553 0.008313702215865271
22 0.03624713727365659 -0.034133965478508235 0.009677723080498985
23 0.03898022761872851 -0.035894882017925026 0.01441678399828153
24 0.03950526591715334 0.027340111571353777 -0.02288573374309428
25 0.035962563525477345 0.022921532829360262 -0.006437448187712585
26 0.038449445233916434 -0.038134471462873396 0.00047959663745887637
27 0.03924334415553509 0.02585757438782452 -0.007786643169871568
28 0.037639483794366754 0.03122956778674189 -0.021879864664228695
29 0.037088409210686644 -0.031151509096194276 0.011064074551497627
30 0.0410360250411636 0.027742493348710498 0.0007197274900335815
31 0.03976402462330767 -0.028800665080594867 -0.0024616085017145923
32 0.038980849733596445 -0.04507539322732619 -0.001520748577507956
33 0.029699110505249492 -0.0029831740973573933 0.018889075743194147
34 0.031052025574469656 0.00012952873244700716 0.042502930291312954
35 0.04227067614754116 0.0263337005934381 -0.015375122032946786
36 0.03791062715357282 -0.031037441004836824 0.012705724897956471
37 0.03871521717375359 -0.036960125312028705 0.026157260894612656
38 0.036810460060762835 0.029414984835172228 -0.01379518019025615
39 0.03871593180058308 0.03377616147140377 -0.0143102158367922
40 0.042513165188239714 -0.034416532657453716 -0.0025610986006915143
41 0.036247626895283484 0.02683679871708103 -0.01664175703671019
42 0.03624798724311737 -0.03427959436332954 -0.011788859961535576
43 0.03359571560903088 0.0007760534123933108 0.06442398924349493
44 0.038980703228303985 -0.030158723584939533 0.0018096354069985162
45 0.04002238797920495 0.024968490698770305 -0.023195645839818906
46 0.036810250130713686 -0.025675442455654483 0.0022771990272727497
47 0.03450430758733525 0.02890275120277762 -0.023589701529444635
48 0.038981211531080334 0.026757599580230412 -0.02589126158956145
49 0.03681029229216653 -0.03288813757898707 0.0008578861905300019
50 0.03297907070696358 0.002496217033379922 0.035126029969180114
51 0.03653011401916309 0.02098159921566242 -0.01328669373973516
52 0.030719001904957046 0.0109055060568759 0.05361844461357096
53 0.03871659257149528 0.023370656347723742 -0.02545833299773746
54 0.04103663684334489 0.031859223023954476 -0.01525264722002443
55 0.028998561208051745 -0.002747298767027959 0.018996340587677116
56 0.03898034176536642 -0.0260167395160829 0.008795444498610965
57 0.03818117615276779 -0.03504631470273614 0.006250603691427682
58 0.03950423113669954 -0.027583943842308903 0.011160336579067322
59 0.040785211972872784 -0.028500906006607624 -0.00370655100008156
60 0.03791106331125809 -0.033258285473582574 -0.0026206328540082898
61 0.037638654607976954 -0.035044526737934775 0.011022758606380053
62 0.03736485916249187 0.03397830739898872 -0.007780839296508082
63 0.03871560860677891 -0.03081122074503274 0.0139575343496545
64 0.03736409969128584 -0.02730362877941123 0.0156296293657567
65 0.03791087638869675 0.010321130793715178 -0.005245822726946891
66 0.03950488473460543 -0.03656728347980906 -0.008952160241053943
67 0.0379112020830541 0.03336833224031399 -0.014145526056125518
68 0.040021882075501405 -0.04180301972986649 0.0012383266637178783
69 0.032030025036048515 0.0021796245267634517 0.0455501687579882
70 0.03763868955686192 0.03349567889146244 -0.0047936358427742125
71 0.0397633814363367 -0.02428087898129031 0.023573035208689204
72 0.03708830409002499 -0.03597750296404017 0.012021121930398827
73 0.04027771873194545 0.03092537329608469 -0.00675509931336448
74 0.03567604982880153 0.026159308362282033 -0.015060048049662647
75 0.037639485346647905 0.03218263927586168 -0.022233952549419424
76 0.03871632444532082 0.025286749042829633 -0.015473143083899916
77 0.04002157275274103 -0.036259938911142944 0.006443294600303398
78 0.040021632550963124 -0.01865586961825907 0.0024364554851913967
79 0.03624741438395782 -0.027882158289235667 0.0010025164526253109
80 0.037088788121360836 0.03428843075445846 -0.013063165764289373
81 0.034800941344135417 0.026050352739965928 -0.024935600486950673
82 0.03736490776503124 -0.02384715661427592 -0.002628499310875722
83 0.036810233607491694 -0.04693107735614439 0.003328301290569391
84 0.040277399032261095 -0.024407763753939514 0.009827143829892922
85 0.03763870096483782 -0.029058759995407725 0.006029836122937682
86 0.03420461219859507 0.02805282864054621 -0.01209740460048174
87 0.03567561659353036 0.03404026348091766 -0.007507294655892239
88 0.03871634287433177 0.026653785101892275 -0.018691181465053937
89 0.03681057473325991 0.033716699495310296 -0.01737492668033858
90 0.040021485155263055 -0.02026382060676521 0.008938419498841844
91 0.039505042324911734 0.03003598437927243 -0.019083716613435303
92 0.040022195477041576 0.030053566705283245 -0.023026424692588997
93 0.036530416130123866 0.029153822844387983 -0.020743966777960827
94 0.03844960698605529 0.02480747133463426 -0.00992847285065418
95 0.032350638003480627 0.02823013776326666 -0.004341322637215905
96 0.03708900203559539 0.027860469223099274 -0.021432617614925726
97 0.040021406375147284 0.023220699468663956 0.000931406965051664
98 0.03976394720905263 -0.02651197605263809 0.00044920480351711507
99 0.040531756545683306 -0.030770791316774314 0.015000603781658326
100 0.03844969745212483 -0.040808912771053564 -0.005477173664055347
101 0.034801025688182864 0.01687039479957711 -0.025128137794556138
102 0.037088782245234965 -0.02878905826080993 -0.0024403312196466047
103 0.03898058405770009 0.02506962132368223 -0.004474564602815815
104 0.032029920899433455 0.0034835951875240587 0.04364581469463236
105 0.03624776981260636 -0.03706227158532976 -0.0033009593542937866
106 0.03763925829578284 0.026835039927235984 -0.017876087025918492
107 0.03871658223160611 0.030378499871052754 -0.02122921328645999
108 0.03924366493171599 -0.040380131376589364 -0.0005272841755527649
109 0.03653018500388006 -0.03565466102569767 -0.006080173605363001
110 0.0356756454977647 -0.02632866097658375 0.0019079050628265832
111 0.03950448334576242 -0.03539246128468232 0.008425320045861887
112 0.030042025382766714 0.007608210061334861 0.06291350518808199
113 0.03950459523616497 0.008257710377244034 -0.0047953061128240505
114 0.03653035358673538 0.023444034888219337 -0.012298370425377417
115 0.03924384985176797 0.025439145344861608 -0.01552375305900904
116 0.04103653863419279 0.02347715481464042 -0.01277827824735166
117 0.042754131841814993 -0.036265143974096366 -0.002182491278242471
118 0.03871535401486658 0.036611762682545845 0.01146111754005404
119 0.03708849075426218 0.023873738819021453 -0.00535913488787743
120 0.03763909892924283 0.031920236383454904 -0.013714792765902184
121 0.03898066091365475 0.027236823909738295 -0.006700341908756657
122 0.03680984538693713 -0.026831252814577846 0.017834728848084173
123 0.03791085822049399 -0.023637079960919214 0.005553708114978503
124 0.03736458757658797 -0.027819978134888845 0.006752990575316128
125 0.03624796548552202 0.018820434066508313 -0.01853659467033913
126 0.04053259703147318 0.03301553342022893 -0.019080918920298406
127 0.037911630035946886 0.03318367484650892 -0.021360630378396743
128 0.038715599856550154 -0.031588597285474446 0.011876123626312246
129 0.03871662800158593 0.024556984461421204 -0.02213454944394417
130 0.03596299561304392 0.022571446319461244 -0.016082624322042712
131 0.03976382235756539 -0.02852374241890787 0.008347308309735872
132 0.037364933138637556 -0.03981565827407837 -0.006749501959608891
133 0.037639072667563944 -0.033870092817356236 -0.0017982574124000633
134 0.02935012675857643 0.01050701345344396 0.041346039455928116
135 0.03950401742101623 -0.041553734570887235 0.01661222777422732
136 0.03871626424447322 0.031775428498802716 -0.012889655339642038
137 0.03763870611430399 0.0222237179416943 6.573263663947967e-05
138 0.03844960122023041 -0.028279703449412455 0.0027133193178363628
139 0.0335962499913683 0.006772101736128062 0.04660676092754729
140 0.029351298108738003 0.009256531345922385 0.012763708351516884
141 0.042026056325232646 -0.03058455674632632 0.013135437501905569
142 0.039504749209793945 0.030049794337472683 -0.013038920796580509
143 0.03763842115571434 -0.027301269149685718 0.016369319878664936
144 0.037638865880031507 -0.02390187877095387 0.0021554511768482076
145 0.03844917536808937 -0.03450673560962592 0.015594729941197798
146 0.0365305924609123 0.03737262146586558 -0.030324150434466648
147 0.035094943717225456 0.034088836015821036 -0.01281992791913392
148 0.03818146488704002 -0.03930796924228475 -0.001289207599968258
149 0.037638761565702054 -0.029542029429266717 0.0019613470175039406
150 0.03390033096187728 0.02383693338746201 0.06280650242379451
151 0.03898018411809522 -0.022813796674658753 0.016779644995095086
152 0.03844937581079497 -0.03354083284151661 0.003925456315461486
153 0.03818143281475949 0.03185373850702447 -0.00897869362761712
154 0.03105232802827536 0.013254567492412066 0.03656500465914357
155 0.03624696219244341 -0.03291327608234155 0.016121142850777852
156 0.038449721840231633 0.02836451369808176 -0.014166223899674582
157 0.03818187470251082 0.026512006714939952 -0.021760373607110268
158 0.03681003564946789 -0.03591916036336313 0.010497224921165909
159 0.03950492557148484 0.02600712306861699 -0.014853661212842392
160 0.036810482689175875 -0.02939462190036371 -0.0017459506406947455
161 0.03624808722474481 0.024959151302593494 -0.02187546948941616
162 0.037088566128433316 0.022403571165048722 -0.004241615916375462
163 0.03763907039718591 0.02537462805849305 -0.012885041170157615
164 0.03791044348471056 -0.032652480747420345 0.018168876361651168
165 0.040278486998420765 0.023535523675851548 -0.02061747687473066
166 0.03950444784049584 -0.03452330233013555 0.00705106605551281
167 0.04053206950327656 -0.024653015007532104 0.005046704574136185
168 0.035962963455805054 -0.0343855609027697 -0.007905188286768812
169 0.040532190372600495 0.026120737494412485 -0.002712658420801698
170 0.0392438659731928 0.028646963999757153 -0.02512603796119804
171 0.035675662863289694 -0.03154657587974927 0.005801752791843647
172 0.04002223745961677 0.025775994909578066 -0.023265449804866684
173 0.0397638322344221 -0.030323050097760096 0.0021505357604432746
174 0.03480076457245521 0.023719246372193227 -0.018028527014364627
175 0.040021455081279626 -0.02456831683739477 0.007287471683272715
176 0.041286809130695365 0.011197397851533949 -0.02287975700029431
177 0.039763844280141285 -0.028452977382287425 0.004988520022287588
178 0.02899764388833607 0.011092827809375976 0.05068058522858025
179 0.03976411465316478 -0.024528015336551384 -0.004590760407257072
180 0.03818047281612652 -0.02685633792951471 0.025493433294249624
181 0.038180863492223396 -0.030055402618220463 0.01164472085564347
182 0.02899724905978934 0.017632735552571766 0.05974527528180999
183 0.038449417355466545 0.031781763839486 -0.008074120830187749
184 0.03818125552949156 -0.02537923353337182 0.0057229047461431325
185 0.039243646372172175 0.0325547982677057 -0.016330425355640426
186 0.03791120700079433 0.030426799786536538 -0.014122049452860583
187 0.036810758524270626 0.023088315766086834 -0.02538039826380643
188 0.03950483760007646 0.03169964135630171 -0.013685663624508976
189 0.03791133378184654 -0.028571856323124298 -0.008883186737540726
190 0.0379107027804559 -0.033693945852594775 0.014323614465251587
191 0.04227001222277559 0.035929220920643073 0.0007745707671831914
192 0.03266457027601285 0.01305968287710594 0.0711082980827102
193 0.036247687874511644 0.022525321076690957 -0.006716332700599198
194 0.03791044194658714 -0.028208108881451928 0.018387329325363883
195 0.039243457495468564 -0.02749995157755227 0.0066854589992921525
196 0.03450443459085461 0.024938131888275712 -0.029681496317953967
197 0.036810779186874795 0.02746079422372509 -0.02043081076480144
198 0.040277993684604815 0.036980604407693275 -0.01399526985778224
199 0.04323260293796386 0.021868116987125482 -0.01531268509317359
0 0.04417395997859877 0.0035158092511375426 -0.028295607809748914
1 0.030719934189541664 0.007997078286814209 0.0250414827798926
2 0.047536858547137226 -0.00922889509466398 -0.016545874291368487
3 0.04622100698101811 -0.00814864903585095 -0.01636521937170195
4 0.04622081976220236 0.005897492940831286 -0.011550995122852873
5 0.045773612639292936 -0.0011499717715794794 -0.006533554624890741
6 0.047319961554885506 -0.00725589758657242 -0.015592887855238522
7 0.048393917031380206 -0.002159060261929132 -0.008472642493441295
8 0.0444058348437199 0.001465560240747706 -0.013522299430899887
9 0.04599756000446449 -0.006102376270384444 -0.003216804572299112
10 0.04775245528019562 -0.011811399621646079 -0.014550749795231792
11 0.032349769693113754 0.007367388599153551 0.02964657134730412
12 0.045548615559726995 -0.00411830692995553 -0.012192257398995503
13 0.04554796458584211 -0.006721536340709159 0.0052434195550975105
14 0.04486662684689064 -0.006290902980070352 -0.016716932782322915
15 0.044637224317793545 -0.021805567301321736 -0.022112284170947568
16 0.04644283710684393 0.0012937459679900614 -0.014158656343242234
17 0.04666365815765222 0.0010417278323846019 -0.015358063299359534
18 0.04599799559309429 -0.0037595538211962357 -0.01901645433913345
19 0.04463672603601602 0.001719495548738168 -0.014978652172395537
20 0.04796714017446761 -0.0003918663272738636 -0.010438163439430343
21 0.044866444298391414 -0.002608185738523038 -0.01569028509515993
22 0.048605815749881945 -0.004431587643833917 -0.007874115281451804
23 0.04532236850289172 -0.006884154719501964 -0.0106265604914882
24 0.044173783255476454 -0.0013889737611706842 -0.01541941861187454
25 0.048394247759602806 -0.011140650715121084 -0.014899973960341687
26 0.04622009443902186 -0.007589110910678407 0.005158527812785458
27 0.045548942719264005 -0.008960684424684928 -0.019098892119085716
28 0.0439402362091565 0.0015007339606917314 -0.009537605425629281
29 0.044173975649532016 0.001507628383276967 -0.019927002086303422
30 0.043469804088357517 -0.011241002431405578 -0.011203263521930703
31 0.04440585648948293 -0.004725832016013579 -0.010475267279584451
32 0.04902715861642903 0.008067306179890573 -0.011471035397767225
33 0.03234871422456014 0.019720323766187448 0.0627512191466623
34 0.03266542288201956 0.002377439357962042 0.048679240525707906
35 0.04944479333147805 0.005199785276128364 -0.018507385564049916
36 0.045094806980515746 -0.007341101478067506 -0.0036074446814151843
37 0.0475365294809024 -0.002066405038647743 -0.006373208635125113
38 0.04644273571571433 0.002330258968437435 -0.017513499133709566
39 0.044866599760058364 -0.005271430908751106 -0.015674545563718913
40 0.04644301395884301 -0.006604669989201946 -0.017935910165265873
41 0.04532245521598419 -0.004524854801242119 -0.015592676687428635
42 0.04440594818438902 -0.014572551426437213 -0.015879001622187267
43 0.030382025666492663 0.008620436908707136 0.06247502018747882
44 0.043469771962360036 -0.004590650345039796 -0.014114193125377617
45 0.0455487696691324 -0.014954490978946603 -0.017242180199815722
46 0.04370593959529644 0.007907714078848745 -0.0210529822944542
47 0.046220880796070216 -0.004000566509557724 -0.012010152039370782
48 0.045997980489293794 -0.0073627103918944775 -0.013009199492469224
49 0.046220571530548905 -0.004376328107220506 -0.0037206491174980724
50 0.027913860273323817 0.012553073126095875 0.049694815770469115
51 0.045321958391359204 0.00045318812882983394 -0.00027832849052409096
52 0.031051699859743466 0.017832140366291264 0.05530597835461396
53 0.04486626259146795 0.000459492161244764 -0.014160258981361681
54 0.048393970322933494 -0.004939782528066298 -0.012905396200189656
55 0.031052646014424957 0.006923976008470162 0.03095674336731468
56 0.046663674059608355 0.0014992063368927085 -0.013983747639177998
57 0.05047399381688424 0.004376450101301765 -0.022737376340330108
58 0.04463702910244519 -0.0051533049551771674 -0.02182960909398755
59 0.045773669274934654 -0.007795240999055268 -0.011489508666807782
60 0.04599805667271624 -0.0016970652906449879 -0.021833632043736218
61 0.04666366722054107 -0.0030227976344432425 -0.01555822512682379
62 0.04370619295893135 0.004403663767104232 -0.026681400575468583
63 0.046442426205985717 0.0002752459244518368 -0.004775930294095885
64 0.04753688276425977 -0.0026277711605814957 -0.015595058853380047
65 0.04666378395252935 -0.007004870493958804 -0.01894104263455381
66 0.04486569048645296 -0.011612312619004438 0.011197674161204891
67 0.04577412961365926 -0.005367246864770487 -0.022228356675410725
68 0.04775224800911561 -0.0010570505660931681 -0.009181119007947304
69 0.03105187628526754 -0.005678341914036646 0.047033757585953975
70 0.04839388135957037 -0.0001941046353151163 -0.012650360019029019
71 0.04394069811024471 0.002554143625286788 -0.027181622219967543
72 0.04622108725046646 8.10247014877557e-05 -0.01878497572468943
73 0.04577397893357917 -0.00995854223320613 -0.02052455372111675
74 0.04839352097476117 -0.004442588858378702 0.00286284007153619
75 0.04509504868818489 0.0003572340876140831 -0.011322105856109554
76 0.045094858438675896 -0.00782437531011446 -0.00749191127683063
77 0.04732003995977031 -0.007555506180584419 -0.015852634001894482
78 0.04753645724881996 -0.005052202297960567 -0.0023370406204275868
79 0.045094889423648886 -0.007897995968416918 -0.00847974656523602
80 0.045548824483931064 -0.007863717664323904 -0.017678946539201743
81 0.046883290896396736 -0.0029886539964305904 -0.00980996407977563
82 0.045773858575069014 -0.0026711516926826158 -0.01334240833701898
83 0.04622071719162899 0.0034548456975554806 -0.008956104788455047
84 0.04796740823680626 -0.0006830524182532603 -0.014078950847660655
85 0.04796743003623904 0.0013519165549705987 -0.018890067282116597
86 0.04532235149173683 0.0011259033197264057 -0.010894339273632219
87 0.0457739601744556 -0.0085149528606735 -0.015108824714828264
88 0.04275446771291824 -0.0019404105155325024 -0.013872036081165455
89 0.04732016269870976 -0.0007775360910483789 -0.019670399471967682
90 0.046883655040346556 -0.0060689018244276865 -0.020271162084973707
91 0.046443091614642114 -0.0004904251108705613 -0.021533575117374082
92 0.0477522002614703 0.0007869331122715642 -0.006826190013752062
93 0.04666312201644584 -0.007625119144565904 -0.0006819942357327673
94 0.04666347603071977 -0.004373462682985336 -0.010605549514839503
95 0.047101732300541974 0.0027682492381306484 0.00011853016077938155
96 0.04881735504257206 -0.006233552907255368 -0.019757567509996028
97 0.0453220437838908 -0.006416424759266253 -0.003871294260799381
98 0.046883069257334556 0.0007928906141846885 -0.0041899002763038755
99 0.0468837870821037 -0.009866398755961424 -0.022435893467520663
100 0.046442657236636535 -0.004694597483648775 -0.00781759784898454
101 0.046221109787515494 -0.002623545848706357 -0.022491065724204774
102 0.04599789447688942 -0.010008660473605623 -0.018468372889795307
103 0.04417313065319211 -0.005423858342435092 0.0037199160878049237
104 0.0323501000523151 0.004515476741464154 0.022198882530379067
105 0.04599807566300683 -0.005889735163077692 -0.019068743218015303
106 0.045548717634715886 -0.0035526583520841667 -0.016167669752631713
107 0.042513826587616294 0.00651542448732676 -0.026970575774740314
108 0.04710173291316502 4.395581635556256e-05 0.00010273551521030495
109 0.04509517835770817 -0.0033937840150895494 -0.01606185551303334
110 0.04839397685147614 -0.0011219335814619219 -0.010300714022622516
111 0.04881715247811965 -0.00892916633959352 -0.014295037484795884
112 0.030720086960727463 -0.0001956934494068998 0.018682858549849753
113 0.04796729054007456 -0.004868987574011396 -0.010249352814989293
114 0.04688352407825738 -0.003586970300875268 -0.01903875760935601
115 0.0450951176508223 -0.0005908698358587197 -0.01962908123484112
116 0.04577394387213057 -0.004188828813824149 -0.01667268058686071
117 0.04509507917840407 -0.0038320463374544576 -0.01305487595532293
118 0.04599768889795787 -0.006159543591711377 -0.005670799804911796
119 0.042754069875500476 -0.0007432675683097492 -0.0002460331202943129
120 0.04599806079502115 -0.0062362820377597486 -0.019477461422266057
121 0.04731954924787864 -6.58301499995277e-05 -0.0008099430970840036
122 0.045548968248758676 0.007279369182902854 -0.023499894070670605
123 0.043232795540466835 -0.002309436246418272 -0.014972320824563998
124 0.04688337892878683 0.0036666775926973284 -0.014964441991751199
125 0.04860603941621318 -0.009560442000412712 -0.01327710371019089
126 0.048817022662746526 -0.008139666649630247 -0.0078919773301756
127 0.048606186151819164 -0.001938505123056495 -0.01673981816386708
128 0.04622054246952954 -0.00533176216603611 -0.006626368869886539
129 0.049859008120471636 -0.002896505193123903 -0.013303587837716534
130 0.04417332955166667 -0.013399331963845762 -0.0021253384011150523
131 0.04599790608576502 -0.0011613941725910398 -0.014108046171108158
132 0.04732023835247094 -0.009377117078275373 -0.01746047074215979
133 0.04688353732784566 -0.01445477731954997 -0.01745882460799627
134 0.029699000923461213 -0.01040807980042324 0.027506505052338127
135 0.04775245768083958 -0.00938190310031422 -0.011234850761385987
136 0.04509544247604447 -0.0004116699726187037 -0.027197889169231788
137 0.044173560533479934 -0.010545417332165666 -0.0026175867458574824
138 0.049652235529597646 -0.009106643818115573 -0.009374854481617437
139 0.028279564693309625 0.010535717923401983 0.055855168173124324
140 0.029698475731229263 0.007280746511600487 0.03867821998928234
141 0.04753653051594581 0.0038930123096572945 -0.008071342150574095
142 0.0475364052638764 0.00027792531568824203 -0.009167782107126302
143 0.04775183634467612 -0.005075643134588613 0.0023606412006907467
144 0.04796699751290733 -0.009927702644704136 -0.007473963601893621
145 0.04554876821620012 0.0008838812473774671 -0.012440168722426195
146 0.04532233387082045 0.0035621623541179535 -0.011206888303004122
147 0.04486657002965881 0.0011974624121733324 -0.018594536114761202
148 0.0434698001354665 -0.006048445419112572 -0.010366151577582475
149 0.04644277635476273 -0.014272190535680174 -0.009294805008536777
150 0.032349232067422684 0.008418023526261852 0.045881570347158805
151 0.04688296318047382 0.003296368698969462 -0.0032818462185920465
152 0.04622082968550827 -0.008344401613982014 -0.014020994566894877
153 0.047320086162338675 -0.00038824594725242185 -0.01985686274511686
154 0.03170794486840461 0.002530126703702452 0.02346464448352293
155 0.04644311309014432 0.0001745639596995061 -0.02405796891323604
156 0.045548761120111136 -0.015240397095744268 -0.01104949846090431
157 0.04644242414848096 0.0004006799367319022 -0.00039219630678185836
158 0.04440568181823407 -0.01370132523944661 -0.010556138993620012
159 0.04394019193720809 -0.006372588819903135 -0.008037976876560717
160 0.04753653953640053 -0.0012619034394009488 -0.008842099546032238
161 0.045774224402556185 0.0025253405755828254 -0.022485942708578528
162 0.04731967409901683 0.002331195820668945 -0.004950420514413283
163 0.043705566941740964 -0.0038641415754082906 -0.008916880456992177
164 0.04599797213928654 0.00012746541376631039 -0.019745889806136105
165 0.04599722348128238 0.002106622479102699 0.005686683980434474
166 0.04509458726091523 -0.0034500692321414966 0.0001299940039870947
167 0.046663327453661425 -0.006442713992984184 -0.006316885715789698
168 0.0457737512031436 -0.004749212700746008 -0.010717825795726067
169 0.04731978797429003 -0.003856298699605907 -0.011055030464166183
170 0.04622052537852771 -0.003225589116930425 -0.007057037572845155
171 0.04554903464611667 8.294438262410071e-05 -0.021472175424512876
172 0.04753667338402609 -0.001018852789052204 -0.014071714644116924
173 0.04753668931695751 -0.009265842098208719 -0.013318527166135146
174 0.048816674012369575 -0.002901662665455162 -0.005449168514958633
175 0.04753612340255501 -0.00726645235969824 0.004607445079705135
176 0.05108119364270656 -0.007539537203295596 -0.014251098466735685
177 0.0479673109184385 -0.010420168976658623 -0.013519102230954066
178 0.02899740074013288 0.009799877100152555 0.05751029996655032
179 0.04440575022312671 -0.004996449020437387 -0.009656231497841507
180 0.045773411419271375 -0.005305574714185159 0.0016564633891574913
181 0.04599795520908419 0.002497725202706216 -0.01849091630105776
182 0.030042493466831334 0.011822548700013646 0.040701001241598325
183 0.0422707273460314 -0.010842135038468249 -0.009615212201186737
184 0.046663895231650265 -0.0007533086767645311 -0.028229847762111734
185 0.046442828586330476 0.0001375374544520231 -0.013548682796490212
186 0.04753644606051747 0.006841861911888155 -0.007102607534802571
187 0.04666353124776127 -0.0005060860248938047 -0.010852526248026398
188 0.04599750060313983 -0.0016227491183805815 -0.001760732303069344
189 0.048181263556870794 0.006623520191874021 -0.018108947763670308
190 0.04599767784191547 -0.009720894801176626 -0.0020203694816454468
191 0.043940675022747504 -0.0048796556642908126 -0.021243945103956056
192 0.03138143022366936 0.0010804898477719846 0.04457540655491959
193 0.04860581492974235 -0.00396030976774412 -0.008391578142573726
194 0.04710215211787099 -0.008759738308533126 -0.008864994945871828
195 0.04622038596617408 -0.003332764035622945 -0.0012783970602399373
196 0.044866645878223595 -0.006953893753241233 -0.021761142715044136
197 0.04370579637327666 0.002562226802773703 -0.014897687821076113
198 0.04688341668372495 -0.007681460241591112 -0.01341432695203246
199 0.04440608045099361 -0.0012126026259196708 -0.024073003574435203
0 0.04027811910425155 -0.022702030721642622 -0.007633663324937673
1 0.040021023861922446 0.031048678048422075 0.012047286146288399
2 0.04128525018080619 0.020635085827927484 0.026087393838509682
3 0.040784711785657374 0.03790336841609328 0.0008254160733974493
4 0.038181247108933516 -0.03569980041615085 0.002959432453481775
5 0.03652997754313922 -0.039267322285909054 -0.0005721460268125935
6 0.03567528061400127 -0.03421277694429078 0.013576037735869746
7 0.04103560676356853 0.023699938607029195 0.020916781281629018
8 0.03924253546404347 0.027569279365922527 0.018446598825926735
9 0.04251217860957949 0.02595854919880109 0.016874517138979882
10 0.037364701345524026 -0.03828493244859294 0.002289296872888132
11 0.039762945205691486 0.02834219054978443 0.022077037326916866
12 0.04002088215291756 0.03006211432856491 0.0169950891068386
13 0.037638829796586816 -0.023871366213786348 0.0038360749505335838
14 0.036247110673227875 -0.034706942645719975 0.01187063678834699
15 0.04202603176406718 -0.02652731062000831 0.01936760304929762
16 0.039243118901736644 -0.03520029273276061 0.013845471436931284
17 0.04027725200529977 0.032078611161226275 0.004863088179745864
18 0.0420256683212564 0.023821015288666487 0.01922292230788764
19 0.03653003321068003 -0.028621382832514787 0.0035575884997194594
20 0.0395036709011062 0.030339176258156172 0.02068574651397291
21 0.03708849961917292 -0.02327993448904386 0.002596152939275007
22 0.03844972504718659 -0.02984723547874245 -0.00472335740475254
23 0.03298045059469763 -0.034305423603497344 0.0011026142990420312
24 0.03791061632431656 0.02661951050139295 0.009444191529763491
25 0.038979707771679445 0.03243885255205016 0.020600176159571864
26 0.03736451452179161 -0.03218469961976436 0.004357025099837701
27 0.03897963922688062 0.032838824526531904 0.019560066724123224
28 0.03763807485593227 0.03563622382166066 0.014047758631050332
29 0.040277279944629714 -0.022156577177367492 0.016124156713791627
30 0.04078452729076782 0.02822038335150672 0.009386986435901459
31 0.03681039179104154 -0.023023364950747142 -0.004663955424447217
32 0.03708884572701285 -0.03339981445057059 -0.0039109693756579356
33 0.04103581670523772 0.029608707441028274 0.012920704530582031
34 0.03950321038450504 0.03253245838106236 0.03251434889992366
35 0.03976341109555337 0.021232720425522968 0.009733109699712082
36 0.040277772070661126 -0.029969030194720536 0.0034047340010582676
37 0.03791135179624758 -0.03464834743972481 -0.008379829438064404
38 0.04178044868782685 0.024458641331627923 0.009228441454805007
39 0.039503757720746296 0.027953774209994165 0.020238792168211943
40 0.03791051882435865 -0.030678715136992316 0.022509535014571706
41 0.038715297267273394 0.036940658313213096 0.010491667893023892
42 0.03708820541872731 -0.028820711224166455 0.014550651636267354
43 0.0420258852615561 0.027152431809531773 0.012074710251222866
44 0.039763911849018396 -0.025085391616706615 9.855539227821163e-05
45 0.0405315537757156 0.032727163512575 0.005689451057838432
46 0.0389807762465814 -0.030379233636491663 -0.004720715049587244
47 0.04078416191145771 0.029844042923084433 0.019146147649524072
48 0.04251234618241163 0.03926045990616484 0.007662240528722041
49 0.04002111504519535 -0.022613694329567398 0.020966058729173218
50 0.042269660078315036 0.027513822333491155 0.016526216006937152
51 0.03924246798013836 0.04030109346171001 0.0245266236777771
52 0.03976368832877898 0.031257017329553105 -0.00167299201522487
53 0.04027757242908008 0.023938088309290288 0.0008371533268563592
54 0.041533972395522305 0.03954324831387458 -0.005696513444751645
55 0.041035850024520926 0.029190452109115056 0.008295494487713332
56 0.038980831663201904 -0.029077456665220477 -0.00331987662814581
57 0.03708837199987889 -0.024210916390724424 0.0006606764547489136
58 0.036247623770099595 -0.024884328813158923 -0.0027303309466686163
59 0.04128609248732865 -0.028871835945038393 0.004147206178627756
60 0.03818107446126386 -0.03833079451649423 0.0009921301600240298
61 0.03844890726370403 -0.020109063613575853 0.01897668747543262
62 0.0407839450610712 0.03009017086669642 0.021628528998088998
63 0.03844917223437492 -0.025017074911244757 0.013909663804253021
64 0.03681016877687888 -0.02914935569520693 0.007135095918172709
65 0.0407843606545205 0.026819663822962192 0.01206715190563037
66 0.03708830049291009 -0.036507140472155544 0.01028983149241475
67 0.039763088218349785 0.038586304176975096 0.01991486471730855
68 0.040277408884181985 -0.026095245314331234 0.015419817780843156
69 0.039243176296032134 0.03400192085935568 0.007549433784566275
70 0.04178010408544641 0.03861675937573171 0.022412506734326515
71 0.03736476057047425 -0.031691581243305546 0.005492716618549052
72 0.039243482527210896 -0.03682292599608683 0.006277074522582283
73 0.03897999740895364 0.0358836010622372 0.00644415942860262
74 0.03976296640211396 0.024577275882927265 0.022421489339509177
75 0.041285225197455595 0.03532762730111366 0.015624200559014175
76 0.03924277212711584 0.02469426883060754 0.0186337079189948
77 0.035386007098249135 -0.02001937316964598 0.005421218802656048
78 0.03818126569765873 -0.032343206371919266 0.0034660416235946265
79 0.0395048052522659 -0.033007901603925506 0.002345637561980595
80 0.04027672706569464 0.03286674531370469 0.01982852959975681
81 0.0434684459280023 0.02315064805173291 0.022860347069598212
82 0.039504391037310044 -0.038742431073847346 0.00974087115100108
83 0.03736456487671375 -0.04012460180221084 0.007017200545639412
84 0.036810312440274606 -0.029290335389109225 0.002095095053747328
85 0.040277618443529284 -0.034611995878579285 0.01049665559057742
86 0.03950383633479593 0.02828655930678771 0.012492398043789254
87 0.03509432963547183 0.02859533279073742 -0.0017745684561642269
88 0.03897993636127316 0.03200927446179125 0.015582361385990437
89 0.04103510624464171 0.028016472693627933 0.029560423696064906
90 0.036247397908328 -0.033194116938763264 0.0029549100429871133
91 0.04053138340996097 0.03325385646816331 0.018770037074114464
92 0.03950333000511427 0.03712193942163045 0.024202814861903642
93 0.04178037315285555 0.02910333748446768 0.01628482821007504
94 0.039504424041133426 0.03744490880457281 -0.004322457756849127
95 0.04103571197377221 0.022242503032129397 0.014984671307574129
96 0.044172157429685895 0.034275459295975357 0.0255819840442171
97 0.042512437264136956 0.014416703492299211 0.0056071435559607976
98 0.03681017962506148 -0.028528276011743712 0.007412113327279185
99 0.03538637852705183 -0.0355501347201753 0.0027020291790776133
100 0.03791094041050964 -0.023124007446634672 -0.0006488323923775519
101 0.03950377768320062 0.03766904261745254 0.016569540631323532
102 0.03871565558296361 -0.024841543056393616 0.012477511152002149
103 0.038979632993565556 0.03711885902778594 0.020851117228965963
104 0.040784097245097586 0.03558379104920588 0.019483017500389593
105 0.04002171573426217 -0.02903239941926271 0.005436490127193965
106 0.042269693073214404 0.0279090379600004 0.013795926581675493
107 0.04299268268727973 0.03496772602701182 0.02799540702731255
108 0.0387159023377241 -0.029572477406225806 0.006943196426736259
109 0.04027751873856764 -0.02172567296501399 0.005178421081145984
110 0.037910662155134556 -0.0306341932824709 0.012505350371807687
111 0.03844951650915435 -0.03654895856561496 0.0038402443603606684
112 0.038180647689871026 0.03322797281327749 0.005179860118008393
113 0.037087547275327315 0.03530186128296744 0.021179545859603913
114 0.04027712611347205 0.03025462028220302 0.010760416336912606
115 0.042512594968183805 0.02815121292328563 0.00187380870476386
116 0.04153377851835574 0.031931928859861805 0.013335529090513294
117 0.038716279346213134 -0.028389727189206522 -0.008776320975977232
118 0.03897952059601583 0.039855330211125556 0.01839722897211813
119 0.04251305061400368 0.03286361868176405 -0.01441845535275795
120 0.038448770019807 0.030046643021081412 0.012473989989147566
121 0.0417807984316599 0.025541122619361017 0.0068667670549925775
122 0.038181283870992115 -0.03327701688417557 0.0012706300692036676
123 0.036247228561813664 -0.027474787415670346 0.006068631713449723
124 0.037910667351577845 -0.028376972050645908 0.009942773651228965
125 0.03950402578014273 0.035625024582458524 0.00572229703414414
126 0.03763875138935818 0.03457778513788256 -0.008702529552065252
127 0.04027649748518287 0.033150513708982234 0.029853389330546404
128 0.03976383107009995 -0.031190614682044062 0.005311166083697661
129 0.04128500013458376 0.03457499359162913 0.024840660146989022
130 0.03950350349759204 0.03582296315866146 0.020255978469792223
131 0.03898011052830731 -0.03578519186907963 0.015848631255775295
132 0.037088735729026254 -0.022348879771806482 -0.000248588998517723
133 0.038980581298356486 -0.02283572717154817 0.007730591583923813
134 0.040784100064888314 0.03336682591401305 0.016186041965649007
135 0.03681043280019238 -0.03547653659400643 -0.0014826890389399944
136 0.0410355563918236 0.03321233368796584 0.02014430776301734
137 0.04103554038139004 0.0398598222455691 0.017839939768234656
138 0.03763891643657931 -0.03311192453791946 -0.0021696498940385503
139 0.041286405957840104 0.02472360889010103 -0.016866277850329972
140 0.04053191588882644 0.030356989860404533 0.004724102884172971
141 0.0365294704692654 -0.03000689073087341 0.014888153206521239
142 0.038979821135595324 0.03388414678017961 0.008737853783828952
143 0.03708861223925227 -0.033874765318820686 -0.0026186730476247563
144 0.03509427449666679 -0.02938036112728174 0.009948662690839558
145 0.0412857701981229 -0.028371348602155476 0.01245500268194767
146 0.03950376192589588 0.030788285950530306 0.013197812986015332
147 0.0387153869969843 0.03307975959233942 0.0067039288735791114
148 0.040277579848495 -0.02743509109777057 0.009192675290901139
149 0.040021386618050894 -0.027418719307429482 0.008655920957005013
150 0.04002078693347681 0.03889911160509764 0.01991591824595345
151 0.040531935864701295 -0.022197656676944368 0.008068588215503308
152 0.03567553904324829 -0.03411083363352967 0.001346404814734971
153 0.03818053211225465 0.03324309545377498 0.01586751983219689
154 0.04202573124897276 0.035031643940231234 0.018691798758246617
155 0.03791074884193587 -0.030098491948446507 0.009390035035053344
156 0.041036087096782387 0.024755874831139463 0.002848412119836895
157 0.040277286140742226 0.022060584010426508 0.003924252752235661
158 0.036247148290996394 -0.03498979349062654 0.007021995799997748
159 0.03818078326418478 0.024503820168706423 0.010639876769141488
160 0.03924300000100993 -0.030309068344280782 0.01873505781369691
161 0.039504305879612324 0.02854319140588509 0.0017590710248757374
162 0.04128507921422278 0.03417397899665217 0.027248712838809492
163 0.03763783737611232 0.0358355616541747 0.02163113907502061
164 0.03924304380002858 -0.023794068761272793 0.017055585549886166
165 0.037637899186296696 0.03433209486916895 0.015598842796586
166 0.038181070118807094 -0.03242663067151725 0.006732519478868002
167 0.036810300982641854 -0.03236040754974289 0.002731882888920427
168 0.03791064284020527 -0.01198857667658448 0.009636347809285791
169 0.040276750254052564 0.03195620981857411 0.019348505633299914
170 0.04202593217629345 0.02827248513892362 0.0059531464889980784
171 0.03736456449484857 -0.02088158748027488 0.003804803615868228
172 0.04027676896346372 0.0410217367308123 0.0250248351188413
173 0.03653021208219307 -0.026806746397894782 -0.003809401995997917
174 0.03871431492375447 0.0372030006416198 0.03920169825079101
175 0.03681012660468623 -0.03368728015405839 0.008677592311333181
176 0.042512782290816994 0.014741071142123927 -0.00019472484722792748
177 0.03871598817034937 -0.028321229296385402 0.0008852956990196502
178 0.03791083799572778 0.02929364514275939 -0.0003353278213838789
179 0.038449671545980446 -0.029760347096871156 -0.0006383414355002386
180 0.03791105475594683 -0.02717886980611743 -0.0030518604716676524
181 0.03791129871870548 -0.019925646483373374 -0.007151293452331025
182 0.03790986795931448 0.029203141438191263 0.026019372956179034
183 0.04275406419379418 0.030272071628943728 -0.00408651141486772
184 0.03736419017652668 -0.016332878656127443 0.013138283337284196
185 0.03763822288688784 0.0322340730978788 0.010785252937614646
186 0.04251245316580301 0.029012323760045026 0.007877188466809579
187 0.03871526955899785 0.026941304929080128 0.013565330292758807
188 0.04103542069332586 0.03474814213724862 0.015200616925174803
189 0.03924337958059542 -0.031947795993335554 0.00410980970592737
190 0.0407848789767645 -0.03488564322833846 0.007080542284055078
191 0.041285729811799655 0.016228244947607422 0.008009519952289093
192 0.03950371056977627 0.029990216061303407 0.018714408556167638
193 0.04178021080887733 0.019156037266683194 0.024325569732920736
194 0.04002161444200823 -0.0280751730852406 0.009019706984398948
195 0.03976432412760005 -0.03452556046521315 -0.00773971564721934
196 0.041780941844957745 0.03997390525854581 -0.006561763574858958
197 0.03818006892773004 0.02386411282314575 0.027030367089426997
198 0.0405312838854958 0.035739381248661606 0.02214426648613753
199 0.04226987048131276 0.03225930940245795 0.012109218141674559
