200 3
0 -0.5495136109711445 0.1268286738372186 0.4102695339652111
1 -0.3284717728281236 0.31163585633330243 -0.34225334241756467
2 -0.3689967524912428 0.3527104016109533 -0.3826581428734117
3 -0.5085709269856235 0.11010015833704373 0.4200082813825731
4 -0.4127368419536026 -0.4155295194819926 -0.3079170469827187
5 -0.37096293061672836 -0.4595608462637033 -0.34412962285418414
6 -0.3788137204113759 -0.37145621391651346 -0.27999704627758354
7 -0.43396358742163316 0.3680499978908141 -0.4324228168382362
8 -0.40763250089474784 0.01945969869065116 0.33609641424564174
9 -0.38335762561324654 0.3420358282786367 -0.2581570268868377
10 -0.41394895664108416 -0.3702048258767976 -0.3020988565776096
11 -0.28193240095179484 0.3096613740327608 -0.4177581789247273
12 -0.33820527531596417 0.2756638591595562 -0.44339444187764143
13 -0.3729586473965512 -0.3670074736711257 -0.2131924023733469
14 -0.34738188229457684 -0.3147282662277825 -0.2631190580599045
15 -0.45588834680399554 -0.39757918435986395 -0.29971245589678236
16 -0.4433006048562529 0.09406513073179344 0.3954663767768177
17 -0.4919006561629848 0.07874913050474557 0.39113554688166574
18 -0.4363396444117939 0.05748215282334781 0.4160379596413016
19 -0.4247031797067938 -0.3944485487970316 -0.36704518010595844
20 -0.41698882783098595 0.08033122000998676 0.4035366280893333
21 -0.43412683634402627 -0.3701454884576347 -0.3248936662120534
22 -0.3973666205397265 -0.3627925144113784 -0.372787937970737
23 -0.445685902695421 0.15440310343937463 0.3258327215290133
24 -0.4302138342266843 0.10231649738217974 0.4477263974455193
25 -0.3696563761375056 0.3348072884856841 -0.38004409274343415
26 -0.4047832538239884 -0.4607595490416556 -0.3294153765412754
27 -0.4225710082584604 0.0749020405055637 0.394905297771398
28 -0.4727180089291009 0.11037558641197895 0.46778211120770036
29 -0.41104852185992 -0.4288833150522672 -0.3810493674737902
30 -0.4336329280507001 0.10026946626380967 0.49512463599761647
31 -0.33083041478284425 -0.3499768386627349 -0.31615221906612534
32 -0.41724361961713974 -0.4203533654824597 -0.3432470240179976
33 -0.29227361723839174 0.3151440711282067 -0.4405191342447058
34 -0.40918163546158215 0.3643274675797354 -0.4933714441591401
35 -0.3803078220382151 0.3754700410702424 -0.386267467156967
36 -0.3908613672856174 0.1045326871015989 0.4385939384100577
37 -0.4547375817841386 -0.44095868944021743 -0.2716300276989335
38 -0.4505404966276642 0.17457099638508095 0.4578991975925108
39 -0.4993354928110617 0.022949556096753462 0.4098198365728901
40 -0.42726264365522215 -0.39032435038031865 -0.24350440638325999
41 -0.47249591614131264 0.02803593904777236 0.3561138982678994
42 -0.3872750419272969 -0.43343080767469366 -0.3135367513189007
43 -0.43557443243481425 0.3052233702617136 -0.3730204466677724
44 -0.393231165346339 -0.34554386154574745 -0.339624409723531
45 -0.5382192959709835 0.07458353512175349 0.37304017347109
46 -0.47937721119042803 0.15507554370198626 0.415522355307873
47 -0.41190248157990716 0.0414094193502294 0.3142944935825951
48 -0.39421563002926835 0.1685249366603938 0.3286097378977668
49 -0.3539237069178051 -0.409031216813752 -0.33418574126824385
50 -0.35007250980973864 0.2910263677150795 -0.27620774326487557
51 -0.35464097688025153 0.2930192798516184 -0.2779880761698107
52 -0.36956643887252694 0.2963971266012193 -0.22242043651380722
53 -0.38459926351134593 0.29855674034744084 -0.40105683280290755
54 -0.3796053947259855 0.16453540765053246 0.22423297027333064
55 -0.3501182888288727 0.3535970043007823 -0.3530899221942797
56 -0.40508121635020566 -0.3038229372371562 -0.2468764767733006
57 -0.3891444809630374 -0.3429952488384136 -0.2665165177850428
58 -0.35569012198368316 -0.4608152601245071 -0.27232782255580196
59 -0.49883764208214176 -0.011895659071730489 0.48956270910546645
60 -0.45082862869438967 0.11902298368681881 0.5098664874984256
61 -0.38571227939271596 -0.3929907406323639 -0.2509998587465974
62 -0.3507111662407068 0.2786584236110226 -0.298734726290567
63 -0.45888566337821624 0.13032421850175901 0.3881983282794207
64 -0.396224143088479 -0.41730702769551337 -0.27576638553648264
65 -0.41291682614669156 0.07607242193692264 0.43634601953758323
66 -0.38063749430692045 -0.335998273313924 -0.26395574173582076
67 -0.3474739915830331 0.3038197754289749 -0.40738013538715384
68 -0.3576689525246103 -0.38648675273822647 -0.26183047325288467
69 -0.3475255160810229 0.37243447527714885 -0.37810463550165724
70 -0.3921592561837661 0.36288271768846575 -0.40750090858293164
71 -0.33665077956438466 -0.3935293379322681 -0.26264913482987035
72 -0.39637283245123234 -0.43811824100600316 -0.3316443687741713
73 -0.4484833792366799 0.37521582941468173 -0.4869953382846493
74 -0.34208483144298596 0.368158937835605 -0.301185082062249
75 -0.3498070964381232 0.2805124154154528 -0.335369817716618
76 -0.37790485955957714 0.3237980921737584 -0.43030396455607134
77 -0.35830775972047246 -0.39905886158277887 -0.23857151713614572
78 -0.47600208269799543 0.1153485910841859 0.43253817611317824
79 -0.39414017890382325 -0.3313682653409965 -0.3910932100709186
80 -0.32794038828197286 0.2700757222026641 -0.251831852123978
81 -0.4129975948778787 0.14464349351417718 0.36486846459845007
82 -0.4975492361691086 0.03977910712757094 0.4436539089921065
83 -0.4304987258520748 -0.3792134237904684 -0.36820469132741745
84 -0.46167725840330015 0.16050247878038326 0.41005291854292414
85 -0.494400121653172 -0.056439556045410594 0.2783420595810077
86 -0.3406815868815745 0.3653440615321537 -0.38984902184912157
87 -0.4450059619130999 -0.010795668797614143 0.41861976618952357
88 -0.42695664345085926 0.21409826321160114 -0.39617204108694026
89 -0.4875336749605156 0.059369263591336874 0.45418796416286944
90 -0.439882624501941 -0.2844002178181118 -0.22767418759242772
91 -0.38775903918449295 0.34355026985613374 -0.29689908422591643
92 -0.3790389907472851 0.27428039284744166 -0.4303334621228061
93 -0.5138861900816605 -0.017167167930107443 0.3923479040146609
94 -0.3505681386962276 0.28151778047609466 -0.41617140641251593
95 -0.4775156962956107 0.1407133378285783 0.3684347971609982
96 -0.5082956293896767 0.054563563166140056 0.4175494689087456
97 -0.49541398136076076 0.11823731110527286 0.3254227348134049
98 -0.3668256726967751 -0.3244915950235797 -0.26881071126629685
99 -0.4300345393633328 -0.3723894765870461 -0.21146073831433765
100 -0.4268479503271742 -0.42178818043094657 -0.43324258193212095
101 -0.45279157826915634 0.10033394256795258 0.4204466181560518
102 -0.3912531847917602 0.06579624358148262 0.2857438794466895
103 -0.3878755405301856 -0.004562973878189169 0.37877899838587736
104 -0.35460354935218447 0.218792799255268 -0.5325962737073856
105 -0.35231735057058094 -0.45827459642969115 -0.39485485271688053
106 -0.4294678508422162 0.20436242857890405 0.433619753947597
107 -0.34725056070449145 0.2664483126355865 -0.29447969738442076
108 -0.3848075384949815 -0.3698227177988028 -0.312864938822916
109 -0.3591224928535868 -0.4478170828574156 -0.3403521315273035
110 -0.4021809765518564 -0.3816847921370539 -0.3561040370303918
111 -0.42863780533367984 -0.3248070563842416 -0.41537324702935685
112 -0.3903822900320735 0.3230312229848246 -0.4029416870592438
113 -0.3794324168038896 0.16942069956806693 -0.3365048174133456
114 -0.4577560671409628 0.028591538904143263 0.40854600926025825
115 -0.37537248795913497 0.26973324264193055 -0.3170918353077176
116 -0.4542232519935769 0.29761699654191215 -0.37124807834915696
117 -0.3715720216802039 -0.42212988848419153 -0.2841287252237322
118 -0.3675904059803231 0.29793329688946557 -0.4165317741117825
119 -0.3876910087848 0.14066921563187182 0.19640467648548005
120 -0.3752711597398455 0.31470382553943443 -0.3768208733712148
121 -0.4123151992062963 0.3072701790341474 -0.42080647276727096
122 -0.3768145614327757 0.006634054361231806 0.394077215490376
123 -0.42082120921216426 -0.37516178177014864 -0.2549504435319586
124 -0.36197097802326317 -0.45877205444425484 -0.35067482145975215
125 -0.4829240587063343 0.07215235828122006 0.45650965200972116
126 -0.38141310707513326 0.3319284497200961 -0.3803198239109247
127 -0.4265452416422127 0.3182085417220704 -0.36633742863959534
128 -0.4041387525376955 -0.49070593168387944 -0.402778903043038
129 -0.4326538520033732 0.20334895218884655 0.23142332839971305
130 -0.4915624447314436 0.035157645469919126 0.40671572122845345
131 -0.45473058686425893 -0.4595468352821086 -0.2516057815165267
132 -0.41269713436567346 -0.4276954402767277 -0.3248386566421346
133 -0.4313528974468849 0.09269465181798378 0.3803826399114297
134 -0.3399289827659918 0.3282365829647054 -0.3853299359657033
135 -0.49217796811021475 0.13703838135397278 0.33363222505476897
136 -0.4415638734283002 0.0939043672603573 0.34499559617601805
137 -0.3466416222121079 0.2674065976831584 -0.3731225461302103
138 -0.44965860932268054 0.020371175297856325 0.44419990399550463
139 -0.42962755551561643 0.27529926117139814 -0.4432584425326086
140 -0.3340349769776301 0.3095730980440478 -0.32161078172366875
141 -0.44905235510795044 -0.3836454218208271 -0.28856475043707813
142 -0.47365347363344235 0.16580568725015857 0.4900687702196613
143 -0.5186776195890526 0.16330959121718142 0.4067288137439065
144 -0.4187851001364348 -0.3737812628384014 -0.1835722861760914
145 -0.41790546057003425 -0.42442643397330676 -0.24225092189956304
146 -0.4145005727950447 0.09786246472256507 0.4308807044575742
147 -0.3977232892650214 0.04748347025005703 0.30817594419111305
148 -0.43208998171679674 -0.28907424822543554 -0.3924310895810102
149 -0.41728305893721 -0.41653696146042035 -0.31889502537545944
150 -0.4249666451275615 0.3696027646540423 -0.22353388610381608
151 -0.40248421796101447 -0.4200212353143899 -0.2992915332168496
152 -0.3982242117382443 -0.40330329488295924 -0.4025927057774895
153 -0.4999835414507872 0.0017004489701575077 0.30112394472092285
154 -0.3559026709739078 0.3017403799235213 -0.3563084164623665
155 -0.4077504901305162 -0.3037410252933521 -0.26271901408971254
156 -0.4097709295861489 0.04984653459415244 0.2000682580873361
157 -0.3600202024766 0.30986878011524527 -0.40996202911213686
158 -0.4126993642754391 -0.41459899818324963 -0.2745092769182848
159 -0.3753400370515837 0.20957989378504444 -0.3988646122254554
160 -0.44394161680040495 0.05377202677545999 0.4084237135371214
161 -0.5115813642967755 0.09917327888152012 0.3505697436553204
162 -0.41237429533278863 0.13084689274023475 0.4005502655199328
163 -0.47876583718691945 0.0704529239825501 0.41110557386401564
164 -0.3763121826993229 -0.4052547295828384 -0.3828642142974629
165 -0.377549586463386 0.34301264135547244 -0.5056675588837461
166 -0.48451331794164354 0.08050734535932681 0.28935974744113546
167 -0.38588280021038696 -0.24305339222704786 -0.3107771229335224
168 -0.3849248149119123 -0.3988455227998398 -0.3108040384494687
169 -0.41884603313744506 0.08370030636920295 0.40200445861815065
170 -0.4572351757872524 0.10007038455888517 0.49656142486162097
171 -0.4415488734556704 -0.40173617483064694 -0.2165173986735849
172 -0.4429513115722513 0.11473919321106824 0.4370132639676724
173 -0.3734890856654552 -0.3991863839129225 -0.35911844514934543
174 -0.46051191516084056 0.07632075922910399 0.38389711790213454
175 -0.4157549019751999 -0.3814947094922146 -0.39946059232548414
176 -0.45820442424518165 0.08305903427394269 0.40136575213401704
177 -0.4952012317383841 -0.03556965123091094 0.3967472142762455
178 -0.3388770894494475 0.38681824298061374 -0.341493396785603
179 -0.32422446111949077 -0.3356318301500547 -0.2517093418383691
180 -0.37729850456702047 0.005808254343261443 0.42182757267763116
181 -0.3815563505495122 -0.4142016318187556 -0.3175594982248114
182 -0.368614383007843 0.33618671930949273 -0.48192077221290863
183 -0.3945555342773682 0.2872635109496086 -0.43610665702448814
184 -0.382023008517808 -0.378498511677033 -0.34636208852027883
185 -0.5151218755854201 0.0758427321942282 0.3592713017318105
186 -0.3040582601274996 0.2798302418355201 -0.4274919450456139
187 -0.5010796581907069 0.031340198333431116 0.3142644978824736
188 -0.4755965812765735 0.11341465924267462 0.3898774469098994
189 -0.3849119391933881 -0.4726705595111267 -0.35987175622957707
190 -0.39813762256365426 -0.388257946395743 -0.33286204160050376
191 -0.36763260900838984 0.3422215138175516 -0.3905786833639274
192 -0.39994087081892393 0.2424221171983532 -0.3905227362032847
193 -0.4745583291279596 0.08790714889163417 0.4339072463633237
194 -0.43224575529899895 0.13009366922690954 0.20767170978777452
195 -0.4499843947907945 0.11500629859590646 0.4063967577849607
196 -0.4151823068964981 0.322094090474177 -0.3762543710830501
197 -0.40508253419934576 0.2887957709931579 -0.3519651607630914
198 -0.413691812989071 0.27339983625584435 -0.32905967696769906
199 -0.38018078886447504 0.3010189659919579 -0.20816120866133356
0 -0.6672578509954995 -0.3386478336160631 0.12747221059342714
1 -0.353557809237845 0.3726103667423166 -0.45015808734729773
2 -0.36916687498123435 0.3257792467202281 -0.40884258885123126
3 -0.5607386092828233 -0.22534078674839664 0.0625228325066636
4 -0.5941421039644028 -0.3645841569945063 0.15023030374913
5 -0.6104179807019364 -0.35487035562088987 0.13147741386368114
6 -0.6574063689000891 -0.2909353243947535 0.05184876070841557
7 -0.34324246043910417 0.25029324193569535 -0.43846578000375735
8 -0.6138203391122271 -0.39682520286198814 0.1910924545934492
9 -0.39344863728150986 0.37960308594150216 -0.3610136006218939
10 -0.6446247873499495 -0.33928081151462564 0.057710076421705364
11 -0.39127907341026624 0.28478560625683674 -0.38561024590439424
12 -0.403854506808215 0.23204138867303664 -0.3826525636003314
13 -0.6517505086532976 -0.38276617799095436 0.08105544117944681
14 -0.6072219930719058 -0.2957378076822296 0.20281384165913538
15 -0.6446557312963531 -0.26153196856402794 -0.018927444550701698
16 -0.584199909331193 -0.2536168844688072 0.14299987948318393
17 -0.6435088457374128 -0.299671487261344 0.12982533328916623
18 -0.6940294996414682 -0.3525091561386197 0.19705317952892468
19 -0.6200184516193529 -0.23320377183518612 0.13351210610202052
20 -0.6480981316768675 -0.279225572707329 0.138015741778197
21 -0.6498393555375162 -0.28705822938294195 0.3017595474460993
22 -0.6551902310561578 -0.3273399966960299 0.23449617880579754
23 -0.6183528845362717 -0.2845881754649532 0.15846450792159023
24 -0.6041280291682476 -0.28812388957832896 0.14697606540542643
25 -0.34116671555272776 0.3080820969998774 -0.4823190905577932
26 -0.5517564399742928 -0.3212445637298276 0.09841372640347672
27 -0.6360611686702172 -0.3687822234451636 0.0991523917179107
28 -0.6801859828736154 -0.3835827494105335 0.24776880781821642
29 -0.6748442298080359 -0.34852302227809323 0.18127680428128498
30 -0.5958179690626033 -0.40139982418105674 0.12070477299788336
31 -0.6038781837975353 -0.2705982954709991 0.12332421517369847
32 -0.679573929155973 -0.35626988139322713 0.16654597633676432
33 -0.3587812993983328 0.27192153257850077 -0.31355937025120867
34 -0.32767064940904944 0.25247943178570453 -0.2473254966803414
35 -0.37042427619111756 0.3420077735709807 -0.35787939301473415
36 -0.6081946973743471 -0.26834020374485185 0.1626775431679907
37 -0.6628790254142609 -0.31513059506842767 0.1474625956329689
38 -0.6543668858755826 -0.31193693489102087 0.14865966856335908
39 -0.6451260917169678 -0.3365730834244021 0.1598539172441587
40 -0.6799592360884809 -0.3162567855888484 0.24370115966919614
41 -0.6581050425265393 -0.29356963195599856 0.20046985989852836
42 -0.5817928299925468 -0.3383187873426027 0.04078439985796913
43 -0.39177710225081025 0.3643944361313288 -0.37529221998576023
44 -0.5966514629376426 -0.2598390658908696 0.22512737932390509
45 -0.64483986326833 -0.20767267951606083 0.29623988361790665
46 -0.6488722844028413 -0.33880421574408637 0.11267218157802662
47 -0.6444490979358364 -0.2626889862768608 0.22549941111593322
48 -0.602038150575256 -0.28452599037060766 0.20409467788629132
49 -0.6568267511812411 -0.3129197707762091 0.13138844094941116
50 -0.38826223509742624 0.3161553095800874 -0.434923406821133
51 -0.3906332900686351 0.227888980330758 -0.41620592249236443
52 -0.3665652534987846 0.39949354437342727 -0.34800669114964333
53 -0.34381649071771875 0.35022150732519763 -0.29021111898806934
54 -0.6667511496305862 -0.2791125040084311 0.13520647260757032
55 -0.35643116420057386 0.2450064320818714 -0.2387024764906664
56 -0.6255003560663316 -0.2931966577675982 0.19349066815829388
57 -0.6030755392184366 -0.3175512982544754 0.12001918662449196
58 -0.5319655361332827 -0.242425429059804 0.23074131507893206
59 -0.7011741020669595 -0.29913063634776565 0.08516524094471052
60 -0.6925259095838173 -0.18745479661948417 0.22699927429052227
61 -0.5844367018788323 -0.34148274443419663 0.09178121987680819
62 -0.3882164122742856 0.3861131614532663 -0.3025589681948467
63 -0.6281981571432493 -0.2370810345078891 -0.010187198829968257
64 -0.6270589147651429 -0.20360364095480038 0.14887399499854656
65 -0.6443008798793183 -0.21833701202824543 0.1777511512959151
66 -0.6188504206072472 -0.39562854632202016 0.1064602312496334
67 -0.3145883461765539 0.36514924332004534 -0.44245541825001183
68 -0.5359066671320968 -0.3531831252793886 0.09037888904031031
69 -0.39496606240004206 0.3431662684791811 -0.42382932030248455
70 -0.32918718550642384 0.25855914627612586 -0.4255806984803779
71 -0.6601640778471182 -0.3277752142977041 0.004059074743859872
72 -0.6679103050469442 -0.3804765455777211 0.16472884168638172
73 -0.32398241107560033 0.2567222204821618 -0.32462232108739214
74 -0.3177303524559801 0.2699218379716936 -0.31900394023708534
75 -0.3701875756997809 0.34503337250423227 -0.3134387680916386
76 -0.4178688146422474 0.2940121870167943 -0.4042199766364498
77 -0.6758373915675369 -0.3604600577294935 0.19282621845534642
78 -0.6346995490230076 -0.42798198715783375 0.14570237766656127
79 -0.661275415719399 -0.3426138920868054 0.11507615982777347
80 -0.30616512972626725 0.3363154357124046 -0.47986769502972015
81 -0.6216226826940273 -0.3378286427037845 0.16139842358398443
82 -0.6423517019366679 -0.27034579643072465 0.2939963033603509
83 -0.6787330976968391 -0.36141177486142184 0.15020681616661952
84 -0.6505989833282297 -0.29774643185580474 0.13234834181925964
85 -0.6598628887925226 -0.3725631876189215 0.22746833037431272
86 -0.36779628895889727 0.3306414279150453 -0.423878708164177
87 -0.6214710749381501 -0.3044233241903919 0.13638481202354996
88 -0.4082226808196909 0.32115273209161344 -0.4742698713464339
89 -0.6184085764478696 -0.3229404953824197 0.18649135406468464
90 -0.6916748978830777 -0.3318007371125997 0.18206825650809896
91 -0.3734998726435049 0.296333364508429 -0.3259872270563009
92 -0.38080438466248884 0.3016551203681055 -0.3152819568668363
93 -0.6308153371380111 -0.2884955111746898 0.017440945595881902
94 -0.3137825637096681 0.38712327407038044 -0.3864206926189277
95 -0.6394992412057915 -0.30560859269167606 0.15584137695708816
96 -0.6176403255499266 -0.26113961655414347 0.13794434044703188
97 -0.6197632776821751 -0.25061739921010723 0.09956592940995776
98 -0.6259231173495712 -0.39340273219974914 0.1859567849541325
99 -0.5735520971106658 -0.28833839429599956 0.12592499889893158
100 -0.6396952781824877 -0.2317129145031938 0.17053569236139993
101 -0.6329609915959202 -0.32459365319761346 0.1613271244587041
102 -0.6501342099218557 -0.4015417153241595 0.16203172647995875
103 -0.6168787172860886 -0.2568781309079277 0.16826136710760467
104 -0.39977717077016267 0.4173662812253106 -0.329961420672131
105 -0.7260882055131475 -0.21390640487824067 0.18228334142434818
106 -0.6560886896441255 -0.302272685536058 0.08350798340968833
107 -0.3799226465821243 0.3278438831864396 -0.32190177131584774
108 -0.629848257828071 -0.35196372342246846 0.16631952234722974
109 -0.6095515424130266 -0.2626648880347807 0.05847173344950538
110 -0.6315791908065713 -0.3655980458717103 0.11437697310755293
111 -0.5734769563618825 -0.27748328565267333 0.08097733359889847
112 -0.40189843840174466 0.3033901318344466 -0.43418801872796314
113 -0.40874157995168364 0.19234657909660025 -0.45956992314105355
114 -0.5710919811067823 -0.33386073103928504 0.17138579314671176
115 -0.3875109334236792 0.3171303875814012 -0.46584983124962137
116 -0.3464183040910065 0.3181194683878894 -0.3854581056978198
117 -0.6619959940616167 -0.31170438616964297 0.1982779976072392
118 -0.3877886812489841 0.32465843640301256 -0.37419395518267634
119 -0.6142391014715892 -0.26691521349703146 0.02829251232682033
120 -0.35930931727910687 0.4224463675108249 -0.4134398362039403
121 -0.3648347473206828 0.20627611252069836 -0.29386247712436026
122 -0.6473070497416408 -0.28072525019105227 0.2915588134966868
123 -0.6071203961000515 -0.3700830013774024 0.2031937066993932
124 -0.6191252875303378 -0.3299454235803383 0.11077469663342535
125 -0.6877228842236706 -0.31815315191319066 0.24541607335695487
126 -0.3605898180198907 0.3775910947578994 -0.41382588978143064
127 -0.3684507030145449 0.2705554460226236 -0.4293149243066365
128 -0.6317145168601971 -0.3211732845449627 0.29076746584447755
129 -0.6872367397985677 -0.24973752730937565 0.17690544189243834
130 -0.6249023265156309 -0.2527964405398427 0.21195837882718235
131 -0.6433577617593361 -0.21047725527409936 0.20740490427114114
132 -0.6234639121152783 -0.32398307655550534 0.19570361514367748
133 -0.6025381132495529 -0.3669012010415719 0.18480827986801016
134 -0.39880613374620255 0.3240670590793318 -0.3023367456141503
135 -0.7001522809900413 -0.30804615269741986 0.31289747846412697
136 -0.6364905204058597 -0.28894031599762005 0.18330931334638842
137 -0.3363165187196495 0.2821230134585091 -0.3928502800809174
138 -0.6693592507080774 -0.3904742621569405 0.12683779334439282
139 -0.352547687351862 0.28622250892992435 -0.4350560680498011
140 -0.3514289869391214 0.3167021595624169 -0.3606160872323373
141 -0.6071069139757989 -0.30765013227992516 0.12598217157092034
142 -0.6476234872211989 -0.20869673268281655 0.20660324763011176
143 -0.6325091023084366 -0.33400640828478173 0.2693860117468135
144 -0.6189107993186801 -0.34287066383923814 0.08892736081893471
145 -0.6310559085793328 -0.2803584437799056 0.20312617419496296
146 -0.615382943701605 -0.35146658205860604 0.03218828786759617
147 -0.6612668167167882 -0.2756572551600274 0.22301213174789256
148 -0.5858320331643151 -0.28995606517446326 0.29920015717011034
149 -0.6630009461548774 -0.34394286181725 0.15311686301804195
150 -0.3930648265201394 0.33911363178532333 -0.38658530240452804
151 -0.6375774667455045 -0.3147462577736144 0.32241411210738424
152 -0.6316832714157693 -0.26888265038999176 0.18715639365552597
153 -0.5898905333183516 -0.26164632204791005 0.02052211003128188
154 -0.41781359555623426 0.27192356109071164 -0.32379602566580384
155 -0.6033997730526495 -0.3858211727681383 0.13955088667367282
156 -0.6656936439602924 -0.2917521300702831 0.14279674943711496
157 -0.34815321091984547 0.24437072696069365 -0.21284309374015042
158 -0.6606971684391756 -0.3389885589179457 0.12371840716183743
159 -0.4155535801561299 0.29384574714698863 -0.4625825608096895
160 -0.6222791008273469 -0.26378159944964363 0.3412105961580272
161 -0.6339975628872964 -0.32107350423879527 0.24708827380546816
162 -0.6091884154389023 -0.27017641002863185 0.09578473089115554
163 -0.6517202822659895 -0.2096537490108824 0.139317364227151
164 -0.6360076704418095 -0.265324228271361 0.17960924158038616
165 -0.33831330853046937 0.30447995498523067 -0.35639229304721354
166 -0.6501534062398571 -0.2877817535733688 0.22560504524191635
167 -0.6474967359976054 -0.3457149395220021 0.20556915507817541
168 -0.6504891374956326 -0.27184457914719773 0.23577956554071586
169 -0.6293410522851748 -0.2582248411578994 0.05089224427564123
170 -0.6854007577154068 -0.20235666821872664 0.136364795714775
171 -0.6117514268547398 -0.32469915631256513 0.18273336233037926
172 -0.6700352978206071 -0.25460042678228223 0.20464668642027675
173 -0.648796965268617 -0.2608589958820806 0.11957073773293872
174 -0.6317643475072766 -0.25306918548177515 0.17937299808085866
175 -0.6832353812135383 -0.32182221559957824 0.1515563191461727
176 -0.6119401803045129 -0.4187583231869227 0.1551731954363456
177 -0.6657618321129961 -0.2897424227070444 0.12809340173304168
178 -0.41162265783425106 0.2657995474627321 -0.33064861127525774
179 -0.6744839956127001 -0.2949158034800598 0.2548201519566687
180 -0.6231501965961375 -0.21664677482676703 0.15356735035410396
181 -0.6438592844717923 -0.28237610739676217 0.09572664062199257
182 -0.32357045957546504 0.31028793228727836 -0.4078252346826611
183 -0.32576408944832513 0.226888369665595 -0.40217088866005496
184 -0.6543103997337342 -0.24326387384351658 0.030207931705310352
185 -0.6431124123450105 -0.33457499283775777 0.16674703720386722
186 -0.3389569046687797 0.2940277612340893 -0.3957760383417972
187 -0.6093353010780618 -0.29217023329748837 0.27578906126336056
188 -0.624145867677218 -0.3572714211087513 0.165167847423819
189 -0.6243845255677022 -0.26536777674158724 0.18621891962984055
190 -0.6215913411305531 -0.300298375193504 0.17436829460033068
191 -0.3351788174166959 0.2830492892243047 -0.4046150211017711
192 -0.3157885068415189 0.2991550002677608 -0.35119043388369126
193 -0.5858281762602696 -0.24753144512693243 0.20407021155052874
194 -0.5959310925769419 -0.3686506725070336 0.2849788410509353
195 -0.656315477200434 -0.28946766093243825 0.2255981016844745
196 -0.37620994076779957 0.29121021697816724 -0.20319969359949686
197 -0.4001026967791724 0.3312000859417317 -0.3475134530305506
198 -0.40378414186593964 0.30823999264203045 -0.38211913756310084
199 -0.41664814827611996 0.34853622436719 -0.38271887466744575
0 -0.619636509987156 0.41045977000085393 0.05015017690017638
1 -0.635260098543508 0.2790825521863814 0.2959107552862691
2 -0.5921371562666318 0.4087218004636691 0.0859199951457068
3 -0.6310830070324556 0.3839024934793029 0.1126428918726314
4 -0.32675968660170046 -0.2598704034907352 -0.3102550481604062
5 -0.35906413544289967 -0.3958089522295011 -0.26130865115638785
6 -0.41316296235515315 -0.3871380737818068 -0.19685073500888917
7 -0.6344730112111404 0.3719428423539608 0.1145424272289244
8 -0.5943801512431585 0.40417553183207633 0.034394645117034085
9 -0.537023435711903 0.3196433760918999 -0.042353338709067795
10 -0.43298110575676174 -0.4706354670626695 -0.24480083124994784
11 -0.6312596664291243 0.27867037407779194 0.07030084620465687
12 -0.6158274712416407 0.36565499095037163 0.1764164258266231
13 -0.4605043698763902 -0.36965154092344943 -0.32280620328198906
14 -0.4101121715373755 -0.39374758582668234 -0.25503441012750044
15 -0.42380349423022934 -0.4661654323716295 -0.35890335707638044
16 -0.5206986235439085 0.4029018280097983 0.09020524677078232
17 -0.5744515928748505 0.38130560943786007 0.06170980860753093
18 -0.6680364040556025 0.38813336626840955 0.022710113043383467
19 -0.39089800057080104 -0.3604999298071467 -0.328984953998679
20 -0.6533724194253969 0.3600873357184798 0.004923590078276961
21 -0.41469490028012435 -0.4270347658594694 -0.2502391198871634
22 -0.3719574128747726 -0.43985282185553987 -0.28325656351265405
23 -0.5971972496590907 0.30495919614230976 0.004220308989648634
24 -0.5862617260020758 0.40340343671597734 -0.05275546180768105
25 -0.6318666463425437 0.31329004950206896 0.0028964932101824157
26 -0.4203592955797492 -0.45413923416286794 -0.26252296284039023
27 -0.6187465007113664 0.3933724124995788 -0.03608093280643946
28 -0.6546848011033607 0.45771483109208644 0.12982344888906625
29 -0.35933209800025395 -0.4261309350435262 -0.2534487535448552
30 -0.5714643274851636 0.4368485418609 0.10880557894639252
31 -0.39315423626268187 -0.40947388991655653 -0.3261900955167864
32 -0.3814937500167251 -0.41162278885120557 -0.3417193294048668
33 -0.6248823404820381 0.46607691544766017 0.054680155916000436
34 -0.6064774645863025 0.4488854059631829 0.06687859362159336
35 -0.5249671316241169 0.33599967121351637 -0.02850845657302181
36 -0.5722268453659688 0.3670592446595681 0.12276986975853994
37 -0.4113331777986971 -0.3714273304381005 -0.3808370077161994
38 -0.5602211535230274 0.38164857653319717 0.1144379855149451
39 -0.6270761304184442 0.2609461663794254 0.04588898095959983
40 -0.3731798981731562 -0.4264204427646535 -0.35361263009368304
41 -0.6123910952542633 0.33235263335527626 0.01678710205126555
42 -0.43235563395564686 -0.36267990713845255 -0.4013647326392543
43 -0.569220291946313 0.4932296809465802 0.08527788064632598
44 -0.43754280297129555 -0.3881483673623289 -0.3138888941687227
45 -0.6141329709147124 0.30742852796367726 0.1422659631435087
46 -0.6465332834681873 0.42505242144933536 0.11688283106275309
47 -0.6035349535277441 0.4356227004624284 -0.01758402959723221
48 -0.5142704106931506 0.35941985149213446 0.0643235371811565
49 -0.4282205332028239 -0.47940912395676755 -0.3068161466464719
50 -0.5836598552206879 0.3333105896350371 0.021953371831905166
51 -0.5571744844219506 0.35204289803828676 0.031976104933658586
52 -0.5920913575167411 0.3910996830296471 0.1681250231832617
53 -0.6118236838068442 0.4277905680747427 -0.044864133213414294
54 -0.5994999920491199 0.40724690293110666 0.11929925389549151
55 -0.6402235484466872 0.29366247271982954 0.1035695583165307
56 -0.38277501701031263 -0.37756429685694776 -0.31691480547959294
57 -0.39815251706866306 -0.46612055881569625 -0.27725305438823894
58 -0.39546739029899214 -0.4213505070648649 -0.2746215409102458
59 -0.6637406775847927 0.5409921789825105 0.038331645883772185
60 -0.5943999883802716 0.3610646237294904 -0.04628612785880727
61 -0.37672345437391735 -0.35821497749296793 -0.3714757362536143
62 -0.6080096191023872 0.37777553952344484 0.05008060448247932
63 -0.5807406154696902 0.36060102063849103 0.08437937338514316
64 -0.4731306589125759 -0.35345416745787833 -0.2921648373303783
65 -0.5661604584267358 0.39030096802722836 0.08901842837747978
66 -0.3741809812728575 -0.40326061637725896 -0.21337698704856847
67 -0.6467461100845661 0.46294670955889045 0.06455137827793207
68 -0.3890245065153199 -0.359333891121185 -0.19534465175831628
69 -0.5738946920798068 0.36513590378200755 0.16089502149136045
70 -0.5859191536208381 0.41910723205070377 0.0016643815618991472
71 -0.4292411967136468 -0.3778659144124234 -0.2890708603222615
72 -0.403409472095265 -0.36000067069210556 -0.23028790210139516
73 -0.6217805310554722 0.42852967287442567 0.0043112534933408666
74 -0.6198715707714412 0.44885908333416547 -0.09752361765927944
75 -0.5775238917725208 0.35575435892902824 0.10554371216303349
76 -0.6002220709006971 0.4453888062280368 0.02843710487688841
77 -0.4574677753502429 -0.33529167849048835 -0.20611564700813087
78 -0.5952642804774625 0.4197836953268945 0.002753599254801054
79 -0.39395985327375255 -0.42988905444938597 -0.1599159618611779
80 -0.5882874115495326 0.4033388832895735 0.10601586507217883
81 -0.6660475794792711 0.435960003638797 0.09759582669012806
82 -0.5783049125051655 0.3912768739939579 0.05442082401507804
83 -0.3777022841281264 -0.35679254158767165 -0.28242417615587706
84 -0.5764853887024044 0.43464446160424575 0.030470179672933792
85 -0.6282600651145588 0.4727880169950358 0.037733513597459155
86 -0.6254500331679137 0.36463749507843873 0.058176990362935
87 -0.662212416246989 0.33286517323934284 0.07962691571787041
88 -0.5958475059308795 0.35458202842620157 0.051309358726915895
89 -0.6276704955857847 0.27625013549477556 0.10060566572303362
90 -0.40398028515454887 -0.3643322738202341 -0.23392116918104833
91 -0.6462087604949659 0.3147364137084365 0.18023469625205965
92 -0.5990532666660965 0.24996826749608037 0.1693066286598019
93 -0.613877355524244 0.37623139365153496 0.03783895644992929
94 -0.5840803164737894 0.4028611619404361 0.09001465746398231
95 -0.606194026551889 0.38999800737038204 -0.002161270785987366
96 -0.6188861027273068 0.33596983941111735 0.06033554630294537
97 -0.6513621504629998 0.30024977744226583 0.029548423382124975
98 -0.43572228756477305 -0.4140816670120302 -0.4224341392973689
99 -0.4169398282077918 -0.3283244830232868 -0.29163192602027566
100 -0.45119670097490133 -0.13297013461001053 -0.28838317434242766
101 -0.5851626122306357 0.3749285614912783 0.04995135492925842
102 -0.6137135571344893 0.4096765873331837 0.10606761277013933
103 -0.6385436625452928 0.46878684213590827 0.09851549276881144
104 -0.602228494540946 0.3621800112287953 0.0200201101904577
105 -0.3588370947945187 -0.43461702873694746 -0.18939069594769165
106 -0.668474729741827 0.5079964564963702 0.1214839862996388
107 -0.6220165573231546 0.3854570188449643 0.08406706843516144
108 -0.4018271089857873 -0.3819763567382673 -0.40466574036813896
109 -0.40261612037844996 -0.3459530550606644 -0.29550324753442453
110 -0.3414405974888532 -0.275687535345159 -0.1838315853081978
111 -0.42079741641731233 -0.46117350298205345 -0.330355797717286
112 -0.61539493355342 0.3990482276217985 0.07566830577081118
113 -0.6334370998439552 0.4592481973445999 0.09401001341446433
114 -0.6434861033781702 0.3557350571306688 -0.013824207157502039
115 -0.6068436192299141 0.4297134369705156 0.228684870181347
116 -0.5956710833767189 0.36847433713754496 0.11492461392024927
117 -0.40198916636221094 -0.41267173117583317 -0.27651733581394955
118 -0.605942907680369 0.39024691094706804 0.07915717986323417
119 -0.6280700495605229 0.4580750548445614 -0.010760458475686779
120 -0.5745075638187414 0.32964855627852946 0.062291131432022875
121 -0.6152275983454367 0.4575056091604755 0.013298991187614077
122 -0.6396723466788116 0.409201248662895 0.10422898618851224
123 -0.35588784061090667 -0.43338028944724927 -0.35125288172901004
124 -0.4079546752690759 -0.3899572083914142 -0.17471667948865668
125 -0.5914434365860686 0.3743402641781423 0.06168353086473529
126 -0.6028391954012764 0.3943719946014282 0.06976377681342266
127 -0.5823111187682622 0.2892023331684664 -0.033687133961154504
128 -0.3913891083959896 -0.437509659570021 -0.2908568676388467
129 -0.5892820612380717 0.439877065200565 -0.0620206544863262
130 -0.6503881161350674 0.34023189442680324 0.07699654730397423
131 -0.402460629993908 -0.49003481647649405 -0.3702901627060928
132 -0.35492923636807433 -0.4541035085117891 -0.2986300878399869
133 -0.5861476456460365 0.4721518322900149 -0.027371405807225312
134 -0.5919406546846042 0.43027611772854174 0.15785409170787315
135 -0.5566015784495093 0.3071284419626951 0.0447811029744758
136 -0.6501093045668791 0.3240276971497777 0.0770550273789776
137 -0.6379101449969173 0.2663633781694804 -0.025158968006275723
138 -0.5874299377887904 0.44991519970223764 0.008300041582575015
139 -0.5940835665985469 0.3770417832452408 0.0930498946881226
140 -0.6136983873681937 0.41341830304583266 -0.01749772602587455
141 -0.34326716391110423 -0.3485101879220489 -0.31756837760651996
142 -0.5945479937296959 0.25105602022981427 -0.0019057526933084048
143 -0.540618395199942 0.2576713298364911 -0.13295207478908264
144 -0.38999761430003754 -0.31448822021853473 -0.1123993656840712
145 -0.4011038957613748 -0.3148003242762198 -0.20284202011485286
146 -0.614704179032974 0.40591361424095695 0.0472029867554337
147 -0.6044024477092995 0.41692417592427455 0.06541078643435398
148 -0.3798436365862809 -0.44312600445654476 -0.34740364711459826
149 -0.4075366550760025 -0.4998379848456792 -0.27398870087880695
150 -0.6571166414593795 0.33881119050816577 0.004684785286082173
151 -0.38615140662429426 -0.3800164966922114 -0.27456770775106143
152 -0.41314734941869363 -0.3273093823730775 -0.24944369404283406
153 -0.6253893636165923 0.2852029644038013 0.04001738060571459
154 -0.5546722093551062 0.45745035116172716 0.03944925444890902
155 -0.4443023652527719 -0.42154359245205764 -0.34162244980433765
156 -0.5491189231422616 0.364519024369069 0.1105787021284994
157 -0.6040909014552789 0.36787739450545104 0.08339724034413172
158 -0.35430715601287577 -0.34618620261396044 -0.3305372657614244
159 -0.5840978661072336 0.38541864360813083 0.14369078991443704
160 -0.6336724282926275 0.35742363068912025 -0.008575420135260187
161 -0.6405671464146777 0.4819968634700552 0.1201183099900613
162 -0.5807483558105248 0.3752255730164978 -0.05510502228019886
163 -0.616179872004249 0.39661502809202814 0.08968096110241566
164 -0.4629986644263282 -0.3881139536889465 -0.30576296288057675
165 -0.6102845355103123 0.36689069216627285 0.06300875605609373
166 -0.6339787751486332 0.4881518986693079 0.04092452701986956
167 -0.35674205026950934 -0.3704952735384464 -0.2828520527239448
168 -0.3463663770481038 -0.36123448077174936 -0.33821482940948067
169 -0.6217346921379614 0.30833457130616926 -0.053912384119621466
170 -0.6223748520250035 0.3151846691682485 0.18699162823723153
171 -0.3371080831139526 -0.30192332082381224 -0.24161391027326623
172 -0.615150879329244 0.29849037908337267 0.06913723401015366
173 -0.4096180060650782 -0.385970347135274 -0.2632669416419866
174 -0.5996984632705366 0.45143825518836594 0.09641956877181691
175 -0.40130769500738683 -0.43549760470556653 -0.3408870172482808
176 -0.5650455662714735 0.37371557939492017 0.01688764350144734
177 -0.5325046848826551 0.37169321362674607 -0.007227818139415053
178 -0.5955030127991326 0.317526112835997 0.03945067885645286
179 -0.3952842019796523 -0.3485879562452675 -0.3040112100005042
180 -0.6208535352175604 0.33414064317433734 0.13085011793023368
181 -0.3534028119105015 -0.3011501847198465 -0.23453759724544154
182 -0.6074047663658011 0.3198597700920338 0.10715577584967234
183 -0.6177394264397035 0.3819794794486391 0.12704639532401196
184 -0.35236915193038537 -0.3520756590638456 -0.3760637558710955
185 -0.5667741734935284 0.3422940985567022 0.11269002258104906
186 -0.5886542894492183 0.37546539331652495 0.08433828267476678
187 -0.5689146691842386 0.3364127649692427 0.04677602857379493
188 -0.5750382443422183 0.31713980658428764 0.1422354589647063
189 -0.43653284635698875 -0.3264855546562246 -0.21024540526859334
190 -0.369109551491262 -0.33067014438760317 -0.24192076866205703
191 -0.5799567895901132 0.37595323086083426 -0.0026232186873360445
192 -0.6120781798455428 0.3602127212372621 0.034637205778280084
193 -0.6002625025933126 0.39543477584139125 0.03522571652566413
194 -0.5781005623281514 0.33754246859513093 0.008066138087711627
195 -0.6132968708941567 0.3732267814069873 -0.05425680227525452
196 -0.578705700714709 0.33514168840181935 0.20311736911461406
197 -0.5883392303085396 0.5283910621261388 0.01715842224879232
198 -0.5909726180821306 0.413455761894088 0.19769075607949094
199 -0.6019614971636787 0.39165706161871466 0.05410714308462157
